0,0,-1.6925,12.545,9.2473,11.714,16.444,4.6079,-1.2347,0,0,-2.8994,20.549,16.156,-17.486,-52.422,5.7857,-1.5503,-0.046974,5.0776,-35.287,-50.165,-32.527,215.99,529.71,-1.0914,0.29244,3.6653,-29.266,205.1,836.51,-6.5783,741.47,1032.4,104.99,-28.133,4.5682,-65.103,523,1090.8,766.42,1042.8,1046.5,121.12,-32.454,12.949,12.204,38.997,560,602.61,327.31,1081,126.06,-33.777,11.175,13.942,13.78,15.195,16.071,10.843,800.08,70.283,-18.832,5.8003,4.0242,3.1641,3.9363,2.6709,3.0478,33.101,0.81611,-0.21867,-1.5542,-1.0783,-0.84782,-1.0547,-0.71566,-0.81665,-8.8693,-0.21867,0.058594
18.727,21.4,13.444,11.081,8.682,18.249,19.488,0.23116,-0.061939,19.319,20.892,20.347,-41.813,-63.939,-62.805,-52.609,0.37345,-0.10007,12.526,18.316,-36.868,333.64,472.19,673.87,641.9,16.857,-4.5167,10.995,-40.331,348.29,930.28,790.05,951.51,1014.9,128.86,-34.529,10.469,-75.175,761.3,647.99,94.985,993.24,937.1,32.147,-8.6138,13.839,-9.0534,156.97,954.68,966.2,1066.2,1030.6,53.579,-14.356,13.365,13.431,11.603,119.15,331.05,303.38,508.8,107.56,-28.821,6.1761,6.9,4.5124,3.7915,1.5804,1.9747,7.9681,2.5571,-0.68518,-1.6549,-1.8488,-1.2091,-1.0159,-0.42346,-0.52912,-2.1351,-0.68518,0.18359
5.2184,8.1907,8.0459,16.944,21.819,12.064,17.094,1.6471,-0.44133,5.6424,6.8362,18.513,-40.569,-19.387,15.991,-57.789,-7.2444,1.9411,7.2426,12.233,-24.534,356.79,290.64,-25.45,664.89,92.658,-24.828,28.845,-47.433,620.97,1027.4,937.43,347.75,992.9,68.869,-18.453,12.289,-14.256,171.28,881.39,927.72,1069.6,621.67,3.1327,-0.83939,5.4746,5.9094,-2.7779,51.328,80.778,477.97,571.67,2.8601,-0.76637,0,0,0,0,-61.142,444.52,608.01,4.5876,-1.2293,0,0,0,0,-1.321,25.664,73.586,1.3378,-0.35846,0,0,0,0,0.35395,-6.8768,-19.717,-0.35846,0.096049
0,0,0,0,-0.89167,7.1733,12.573,5.4013,-1.4473,0,0,0,0,-0.57394,-0.79571,-65.907,-2.5502,0.68332,-2.3142,3.5399,-41.446,-26.263,-3.4893,43.823,681.83,55.362,-14.834,12.207,-22.017,299.45,240.45,-65.146,534.88,1043.2,118.29,-31.696,11.864,-72.637,738.78,142.43,185.95,846.21,1055.7,128.19,-34.349,9.5068,-70.2,742.35,454.06,817.4,190.8,979.57,41.092,-11.01,13.048,10.524,56.875,318.59,109.49,-13.089,486.28,3.5422,-0.94912,6.3766,6.9739,4.298,4.8539,5.7007,5.0732,7.4129,1.3125,-0.35169,-1.7086,-1.8687,-1.1516,-1.3006,-1.5275,-1.3594,-1.9863,-0.35169,0.094236
5.7967,3.8736,14.459,12.037,20.054,19.239,10.564,4.347,-1.1648,8.8975,12.428,-22.914,-35.147,19.8,19.167,19.043,4.505,-1.2071,14.374,-39.356,342.09,435.1,25.381,-52.697,-26.829,0.31788,-0.085176,9.494,-62.353,444.51,897.87,-31.693,582.12,962.84,115.93,-31.064,16.802,-55.25,436.17,987.97,933.11,1042.2,810.49,39.413,-10.561,9.7111,-75.175,710.33,1126.7,801.47,1086.1,608.94,4.7375,-1.2694,8.5987,-34.057,339.77,575.06,38.095,461.16,384.1,3.0859,-0.82685,2.4944,2.3397,3.6003,4.9981,1.6731,2.5449,4.37,1.1056,-0.29624,-0.66836,-0.62692,-0.96469,-1.3392,-0.4483,-0.68189,-1.1709,-0.29624,0.079377
8.7105,10.45,19.716,12.288,14.289,14.633,11.552,7.7167,-2.0677,10.784,13.017,2.3511,-17.23,18.633,-33.085,-72.894,-3.3555,0.8991,12.89,2.2575,146.16,184.98,-106.13,410.23,759.48,89.295,-23.926,13.252,-66.891,692.78,921.44,627.14,1049.1,714.64,15.772,-4.2261,12.611,4.7918,51.503,273.81,231.94,965.94,487.19,4.0216,-1.0776,1.6012,1.8012,9.7385,2.2371,-78.249,727.07,264.96,4.1005,-1.0987,0,0,0,0,-63.725,308.93,30.616,4.9802,-1.3344,0,0,0,0,-0.11635,1.8141,7.7076,2.9213,-0.78276,0,0,0,0,0.031175,-0.48609,-2.0652,-0.78276,0.20974
6.9313,11.384,19.172,12.968,14.152,9.1254,15.402,1.6343,-0.43791,9.8292,20.071,-33.272,-66.312,14.547,-17.451,-54.983,2.27,-0.60823,15.777,-35.968,415.09,685.83,41.665,213.18,554,17.783,-4.7649,16.149,-67.874,822.68,364.65,-96.442,858.31,1036.1,106.26,-28.472,15.049,-30.914,409.65,676.86,645.91,733.36,625.28,7.2606,-1.9455,7.787,6.7513,2.0691,91.547,37.228,176.36,605.95,3.822,-1.0241,0,0,0,0,-59.863,417.42,449.17,3.9881,-1.0686,0,0,0,0,-0.28863,2.1219,4.8672,0.70729,-0.18952,0,0,0,0,0.077339,-0.56855,-1.3042,-0.18952,0.050781
5.2184,8.1907,9.7571,4.1305,-0.89167,7.1733,12.573,5.4013,-1.4473,5.6424,6.8362,13.797,2.3778,-0.57394,-0.79571,-65.907,-2.5502,0.68332,9.4367,13.63,32.704,36.749,-4.2406,45.833,680.88,55.212,-14.794,20.683,-47.182,460.73,326.88,-67.304,478.07,1062,128.53,-34.439,11.097,-71.837,656.84,270.31,64.58,933.26,955.48,40.59,-10.876,9.6877,-32.515,361.32,725.65,881.18,179.17,807.25,6.565,-1.7591,21.58,23.004,-7.5529,279.48,146.58,-47.112,527.49,4.136,-1.1082,9.4986,8.8995,3.0142,3.2488,8.4302,4.6014,4.9237,1.5078,-0.40401,-2.5452,-2.3846,-0.80766,-0.87051,-2.2589,-1.2329,-1.3193,-0.40401,0.10825
18.415,12.826,9.8602,12.685,9.3916,13.072,15.276,2.5816,-0.69174,14.807,11.724,9.8625,17.737,16.793,-22.529,-54.856,2.5956,-0.69548,12.413,20.008,-27.068,12.807,-58.6,246.58,614.02,3.3285,-0.89188,11.032,-26.302,354.95,215.75,351.86,955.14,224.55,3.1479,-0.84347,9.9604,-16.268,269.83,697.62,598.91,899.17,6.5289,6.0219,-1.6136,3.6869,4.6637,4.0953,7.8196,-16.89,252.15,697.24,5.1272,-1.3738,0,0,-1.6902,18.561,-42.764,730.55,479.58,7.8133,-2.0936,0,0,-0.44307,2.4981,-6.5778,69.012,5.6352,1.6962,-0.45451,0,0,0.11872,-0.66935,1.7625,-18.492,-1.5099,-0.45451,0.12178
0,0,-0.23288,7.1263,10.262,8.9736,12.567,2.2091,-0.59192,0,0,-0.51127,7.0911,11.179,3.3672,-59.912,2.2524,-0.60353,-1.2839,-2.2926,-4.198,-5.4144,-13.789,90.293,664,4.2682,-1.1436,7.0991,13.857,16.292,44.723,105.87,971.71,573.48,4.8242,-1.2926,16.936,-48.842,562.47,579.51,912.04,1114,344.89,-5.3512,1.4338,17.402,-52.749,636.61,1034.8,349.06,173.42,866.63,54.716,-14.661,10.693,9.7909,35.949,87.275,-28.421,343.94,1054.1,109.55,-29.353,3.0466,3.672,6.1142,5.5893,2.7012,13.742,107.81,1.9042,-0.51024,-0.81633,-0.9839,-1.6383,-1.4977,-0.72379,-3.6822,-28.888,-0.51024,0.13672
28.532,27.158,9.7318,21.084,10.922,16.037,12.799,3.7159,-0.99566,30.945,27.689,9.3802,-15.808,10.812,1.9359,-32.262,4.3908,-1.1765,14.639,20.432,-2.204,278.71,3.4479,141.63,408.09,1.1685,-0.3131,9.1972,-56.967,628.2,688.01,-93.262,879.04,339.77,5.4149,-1.4509,13.979,-56.514,599.01,734.3,601.78,865.12,424.42,-4.2288,1.1331,4.9127,4.7612,2.1798,266.31,127.31,55.945,907.52,89.496,-23.98,0,0,0,0,-60.956,375.06,966.04,68.656,-18.396,0,0,0,0,-0.73958,22.139,72.146,1.0366,-0.27775,0,0,0,0,0.19817,-5.932,-19.332,-0.27775,0.074424
6.9313,11.384,19.904,4.0157,0.021241,6.7367,18.461,2.8629,-0.76712,9.8292,20.071,-38.603,-21.083,4.885,-29.826,-2.3208,2.9968,-0.80298,13.142,-37.647,468.32,218.79,-38.047,239.98,149.3,-6.2311,1.6696,22.573,-58.26,769.15,338.03,-41.092,854.16,973.45,82.335,-22.062,11.032,-81.713,778.66,129.51,-137.82,737.39,1060.1,118.74,-31.817,7.4249,-35.188,337.02,849.3,742.49,1028.3,1081.3,127.27,-34.102,14.988,18.879,5.1737,324.73,589.76,358.46,823.65,70.781,-18.966,3.7235,3.6704,7.1111,2.3798,3.4385,1.4241,34.752,2.0131,-0.5394,-0.99772,-0.98349,-1.9054,-0.63767,-0.92135,-0.3816,-9.3118,-0.5394,0.14453
0,0,0,0,-2.081,13.026,11.713,1.9592,-0.52497,0,0,0,0,3.5685,-19.104,-69.21,-8.1026,2.1711,-1.0143,-1.1798,-1.8258,1.0938,-33.242,128.84,748.17,90.474,-24.242,7.6379,10.737,-8.4776,33.292,-60.716,821.25,525.94,16.943,-4.5399,12.955,4.328,133.06,567.65,572.74,1002.7,17.421,5.2861,-1.4164,14.505,-60.276,649.47,955.33,885.21,486.33,461.18,1.3734,-0.36799,11.259,-57.124,588.36,740.7,115.04,536.66,386.81,5.908,-1.583,1.6101,0.48161,22.07,18.38,-2.0371,38.315,4.6374,0.75389,-0.202,-0.43143,-0.12905,-5.9137,-4.9249,0.54583,-10.266,-1.2426,-0.202,0.054127
0,0,-0.23288,7.1263,10.789,11.916,19.26,3.1903,-0.85483,0,0,-0.51127,7.0911,16.11,-21.991,-24.781,3.387,-0.90756,-0.94205,-1.2799,-2.082,18.208,-17.924,259.46,270.8,2.1544,-0.57726,8.9938,18.811,-40.981,23.638,-136.84,808.87,455.53,4.5475,-1.2185,13.542,-47.055,497.98,565.2,526.5,891.48,537.41,-1.2069,0.32338,19.406,-4.4794,207.65,822.58,678.88,50.647,996.02,110.03,-29.482,13.365,13.431,23.717,13.455,-53.514,588,560.98,20.861,-5.5897,6.1761,6.9,5.1153,1.6816,-3.4268,40.225,7.3915,2.32,-0.62163,-1.6549,-1.8488,-1.3706,-0.45058,0.91821,-10.778,-1.9806,-0.62163,0.16657
0,0,0,0,-1.2972,9.6432,9.5709,4.7693,-1.2779,0,0,0,0,-0.18469,-1.3086,-63.941,4.4498,-1.1923,-1.726,-2.0846,-13.113,-28.8,-12.785,94.508,645.88,24.693,-6.6165,10.91,12.394,121.95,311.79,-109.11,619.97,960.03,41.352,-11.08,15.71,-57.437,485.09,195.23,192.82,744.43,871.22,2.3855,-0.6392,12.566,-74.99,798.74,269.2,761.6,125.37,672.49,2.9638,-0.79415,18.949,-4.5603,151.63,771.79,236.09,29.187,368.62,5.8017,-1.5546,5.0224,4.308,6.0493,3.9662,6.3965,4.3676,6.9274,1.602,-0.42926,-1.3457,-1.1543,-1.6209,-1.0627,-1.7139,-1.1703,-1.8562,-0.42926,0.11502
0,0,-2.5923,17.826,9.6886,14.318,22.089,5.7688,-1.5458,0,0,-2.2392,17.743,16.207,-55.579,12.211,4.1541,-1.1131,-1.3425,-2.5198,-3.1769,-3.8683,-25.892,535.03,129.45,6.709,-1.7977,6.5828,14.525,-0.26736,158.37,342.28,1081.6,404.41,1.2516,-0.33536,24.895,-50.949,673.39,665.76,353.2,1034.5,635.52,1.7371,-0.46546,2.525,-22.299,174.11,687.07,566.79,49.616,892.8,33.64,-9.0138,0,0,-1.1045,-28.126,263.99,952,423.74,5.0013,-1.3401,0,0,-0.26185,1.1719,17.037,106.24,5.8949,1.6322,-0.43735,0,0,0.070162,-0.31401,-4.5649,-28.467,-1.5795,-0.43735,0.11719
11.778,11.795,13.169,9.9106,14.182,9.9868,10.774,1.9594,-0.52502,12.453,18.678,-17.823,-64.748,12.578,12.608,20.894,2.6485,-0.70967,23.084,-12.997,202.41,668.41,49.737,-14.815,-24.983,3.1978,-0.85685,5.9527,-65.533,624.86,594.54,-35.56,254.4,798.29,1.9748,-0.52916,13.11,-51.83,476.96,789.99,247.5,971.12,908.33,5.2079,-1.3955,2.8069,3.3304,-3.4461,397.79,344.48,947.19,645.13,2.989,-0.80089,0,0,-2.333,15.356,-24.391,388.12,445.16,7.756,-2.0782,0,0,-0.40074,3.2777,3.2576,5.2122,5.6726,0.27204,-0.072892,0,0,0.10738,-0.87825,-0.87287,-1.3966,-1.52,-0.072892,0.019531
4.7204,5.1413,12.56,6.206,-1.2044,12.514,14.484,4.574,-1.2256,2.398,4.3052,15.77,10.782,4.5985,-20.522,-55.182,5.5749,-1.4938,10.36,15.536,-16.097,-10.297,-54.39,279.86,612.91,0.78582,-0.21056,10.295,-20.922,313.81,310.21,-66.752,612.87,1035.8,110.14,-29.512,26.089,-56.375,581.96,85.086,1.2715,957.11,928.71,21.592,-5.7855,16.251,-69.432,723.43,220.29,618.84,904.91,893.3,6.7534,-1.8096,16.296,8.6657,100.47,905.51,601.77,55.482,545.08,5.9496,-1.5942,2.704,3.608,5.6398,1.5871,3.0884,7.7921,3.525,1.2251,-0.32826,-0.72452,-0.96677,-1.5112,-0.42528,-0.82752,-2.0879,-0.94453,-0.32826,0.087956
4.7204,5.1413,10.867,18.751,8.9103,12.105,12.689,1.3667,-0.36622,2.398,4.3052,12.871,31.332,10.828,5.9666,-69.372,-6.0595,1.6236,10.186,16.584,-15.891,48.496,-2.2674,111.48,686.71,55.687,-14.921,10.179,-49.878,407.72,297.26,114.38,352,863.94,117.82,-31.569,13.46,-28.327,304.03,778.89,396.58,-29.572,816.9,124.52,-33.365,2.3179,2.5119,5.7499,3.1756,3.0704,71.057,931.3,17.412,-4.6655,0,0,0,0,-29.578,276.28,709.67,2.485,-0.66586,0,0,0,0,-1.3847,24.471,70.215,0.72864,-0.19524,0,0,0,0,0.37102,-6.5569,-18.814,-0.19524,0.052314
0,0,-0.23288,7.1263,11.061,11.052,15.228,4.1409,-1.1095,0,0,-0.51127,7.0911,16.75,-16.994,-65.935,-4.4589,1.1948,-0.11536,-0.85776,1.413,5.4937,-46.062,268.16,717.62,83.33,-22.328,2.6348,5.4086,10.16,36.932,-30.592,903.09,1044.7,123.73,-33.153,15.19,-58.179,691.3,891.85,737.47,831.64,920.19,16.892,-4.5261,8.5079,-16.866,168.86,327.66,120.57,196.98,632.24,4.0381,-1.082,0,0,0,0,1.4563,86.755,457.93,3.305,-0.88558,0,0,0,0,-0.28899,1.0446,4.1396,0.16322,-0.043735,0,0,0,0,0.077434,-0.2799,-1.1092,-0.043735,0.011719
0,0,-0.77218,6.3131,14.06,17.27,21.468,4.8778,-1.307,0,0,-0.82999,6.7529,14.573,-57.047,-25.944,5.5266,-1.4808,-2.0849,3.8229,-36.806,-63.111,8.2813,569.42,421.15,3.7994,-1.018,15.576,-17.385,254.5,557.76,-47.211,998.27,366.02,1.8637,-0.49937,10.261,-70.234,765.22,662.82,510.63,1041.4,663.47,25.501,-6.833,3.0967,-6.6608,46.232,480.05,242.53,647.92,983.53,69.431,-18.604,0,0,-1.3249,-44.868,351.02,918.44,182.33,5.5649,-1.4911,0,0,-0.55076,6.2834,12.926,25.492,6.2888,2.0732,-0.55551,0,0,0.14758,-1.6836,-3.4635,-6.8306,-1.6851,-0.55551,0.14885
0,0,0,0,-0.49154,2.797,26.549,3.9183,-1.0499,0,0,0,0,0.45759,-7.7681,-56.535,-4.6847,1.2553,-0.75362,4.542,-42.528,-26.336,-11.309,83.438,721.74,83.601,-22.401,9.3172,-22.708,319.91,207.62,-107.01,665.25,1055.3,120.56,-32.304,12.592,-69.131,675.7,449.22,446.52,645.58,1004.4,117.93,-31.599,13.582,6.3586,104.71,912.58,540.82,-74.625,788.17,129.17,-34.611,13.365,13.431,23.416,15.444,14.915,-53.697,494.37,41.139,-11.023,6.1761,6.9,4.7443,3.1071,4.1727,-0.37988,9.3054,0.75779,-0.20305,-1.6549,-1.8488,-1.2712,-0.83255,-1.1181,0.10179,-2.4934,-0.20305,0.054407
4.7204,5.1413,10.524,15.108,11.696,13.214,11.7,5.1577,-1.382,2.398,4.3052,13.608,21.423,15.951,-58.025,-70.658,-4.0021,1.0724,10.317,16.003,-11.667,-29.49,-40.924,545.94,719.46,83.779,-22.449,11.711,-40.193,304.73,940.35,125.36,945.75,1035,118.83,-31.839,17.853,-59.274,716.61,536.8,915.33,476.27,928.58,117.73,-31.545,9.7147,-71.922,692.96,1028.7,980.84,137.84,938.07,117.64,-31.521,20.613,18.202,79.777,598.35,149.49,193.96,1038.1,125.95,-33.749,9.444,8.4337,3.4464,5.8907,4.4929,-6.2949,86.587,14.769,-3.9572,-2.5305,-2.2598,-0.92346,-1.5784,-1.2039,1.6867,-23.201,-3.9572,1.0603
11.778,11.795,12.332,14.398,16.153,8.8469,18.206,3.1838,-0.85309,12.453,18.678,-19.24,-58.406,12.473,14.268,-54.428,-4.9013,1.3133,21.946,-14.615,242.65,569.7,18.272,-62.43,566.01,56.592,-15.164,8.9258,-69.81,610.58,405.36,18.749,722.12,1051.8,105.61,-28.298,11.178,-11.558,165.6,860.64,738.03,700.27,765.12,3.4921,-0.9357,1.293,1.2761,-5.3687,92.942,-33.602,528.01,593.58,7.1792,-1.9236,0,0,0,0,-84.192,794.23,375.79,2.1049,-0.56401,0,0,0,0,-9.7502,90.435,41.816,0.97933,-0.26241,0,0,0,0,2.6126,-24.232,-11.205,-0.26241,0.070312
10.655,6.8665,23.045,6.3346,17.183,10.752,13.666,6.5233,-1.7479,10.629,7.1746,12.4,-11.558,9.7682,-71.481,6.0474,6.5335,-1.7507,18.275,19.128,58.105,153.88,98.107,694.85,97.112,4.3145,-1.1561,3.1836,-67.456,583.38,879.38,236.19,1086.2,522.69,1.462,-0.39175,-0.19467,-88.659,801.87,462.52,-77.895,979.32,383.14,3.1619,-0.84723,5.7812,-37.408,391.19,833.56,857.82,999.84,541.27,-4.6228,1.2387,21.58,23.004,-7.7282,254.04,321.17,-14.523,570.86,86.652,-23.218,9.4986,8.8995,3.2868,2.332,2.5515,1.4725,20.302,13.874,-3.7175,-2.5452,-2.3846,-0.8807,-0.62485,-0.68367,-0.39456,-5.4398,-3.7175,0.99609
28.532,27.158,10.713,9.1016,5.4165,14.679,16.911,5.2353,-1.4028,30.945,27.689,16.339,-58.278,-54.115,-16.192,-64.717,-3.5241,0.94427,14.13,19.762,-42.415,518.59,421,224.02,584.24,58.293,-15.62,8.8066,-60.453,547.26,809.98,748.88,984.52,923.15,71.364,-19.122,21.5,-28.487,357.44,434.86,428.54,1041,151.74,1.5966,-0.4278,1.3547,1.5929,5.1668,5.4262,-33.326,363.24,562.53,7.0557,-1.8906,0,0,0,0,-40.157,326.42,710.98,3.3321,-0.89283,0,0,0,0,-8.8879,59.157,70.315,1.3193,-0.35351,0,0,0,0,2.3815,-15.851,-18.841,-0.35351,0.094722
14.133,12.718,8.7937,8.6537,22.91,14.012,22.949,6.0826,-1.6298,13.438,16.989,-26.977,-15.051,27.672,-60.403,18.378,6.6868,-1.7917,15.742,-15.461,208.89,155.42,-27.636,569.47,82.738,4.3876,-1.1757,5.2302,-71.713,626.79,735.11,308.99,1077.7,579.65,5.9787,-1.602,16.363,-77.762,705.03,110.51,71.544,1084,366.16,3.3235,-0.89053,19.498,-4.1661,187.73,637.64,767.52,984.09,343.29,-7.9285,2.1244,13.365,13.431,22.483,36.834,49.643,23.297,669.41,86.313,-23.127,6.1761,6.9,4.5652,5.1051,3.2009,5.8671,23.975,15.65,-4.1933,-1.6549,-1.8488,-1.2232,-1.3679,-0.85767,-1.5721,-6.4242,-4.1933,1.1236
0,0,-1.8246,9.146,14.471,13.271,16.069,9.1265,-2.4454,0,0,-2.0993,10.967,8.92,-69.315,-55.591,7.1585,-1.9181,-0.28833,-1.1727,-0.50485,-5.5852,81.894,725.85,569.16,17.363,-4.6525,6.8883,9.945,-10.376,19.818,513.13,327.76,790.02,126.09,-33.786,11.121,-56.729,496.54,978.99,559.65,637.89,969.2,70.494,-18.889,9.6595,-82.042,669.59,835.09,144.01,1091.6,412.46,5.4955,-1.4725,21.788,-25.008,331.19,1033.6,925.38,477.39,763.38,4.95,-1.3263,4.2636,4.9546,15.443,127.23,73.304,-2.8761,71.479,1.602,-0.42926,-1.1424,-1.3276,-4.1379,-34.092,-19.642,0.77066,-19.153,-0.42926,0.11502
0,0,-1.2064,11.388,11.865,7.3171,17.413,4.3924,-1.1769,0,0,-1.2305,10.129,8.2889,-72.817,4.9757,4.4827,-1.2011,-0.39765,-0.040868,-6.4862,11.469,37.261,656.14,88.168,4.5556,-1.2207,5.5457,-1.8133,48.119,-36.966,371.47,1097.7,339.9,3.9391,-1.0555,11.016,-66.766,680.63,553.28,42.604,990.28,151.6,3.8478,-1.031,11.314,-78.822,756.2,231.91,76.442,1077.9,264.98,-6.6336,1.7775,14.37,-7.3936,160,863.66,997.6,351.09,711.69,87.19,-23.362,1.9916,2.9646,-2.8555,89.892,74.639,1.8608,20.917,14.853,-3.9799,-0.53366,-0.79435,0.76514,-24.086,-20,-0.49861,-5.6046,-3.9799,1.0664
0,0,0,0,-1.4974,11.663,14.379,5.1661,-1.3842,0,0,0,0,-1.6597,17.002,-54.879,-2.7462,0.73585,-0.84058,4.7758,-43.655,-24.163,4.9597,-56.84,585.45,82.094,-21.997,3.0549,-49.621,381.94,163.53,-86.8,295.58,1056.7,117.56,-31.5,18.923,-69.959,658.16,176.36,438.32,478.73,870.59,119.18,-31.935,4.9189,-4.0252,62.552,444.75,280.23,-29.729,901.23,117.94,-31.601,0,0,-1.4061,11.421,19.832,-38.798,944.13,126.33,-33.85,0,0,-0.11272,1.4758,4.4426,-7.727,88.212,14.345,-3.8437,0,0,0.030203,-0.39543,-1.1904,2.0704,-23.636,-3.8437,1.0299
0,0,0,0,-1.7267,14.597,18.51,3.5617,-0.95436,0,0,0,0,-2.8884,22.045,-53.931,-6.0958,1.6334,-1.0282,4.1272,-38.944,-47.359,-14.021,-65.202,601.49,83.176,-22.287,9.6586,-22.293,235.49,242.66,91.248,822.27,1056.9,125.65,-33.667,13.269,-73.524,694.92,697.37,894.68,246.32,861.56,16.694,-4.4732,2.5412,-3.8664,61.159,220.12,63.185,195.23,603.36,3.6656,-0.98219,0,0,0,0,2.0292,89.16,231.63,2.9523,-0.79106,0,0,0,0,-0.67974,3.3713,4.0909,0.91034,-0.24393,0,0,0,0,0.18214,-0.90335,-1.0962,-0.24393,0.06536
0,0,-0.33114,5.0764,5.0521,21.53,12.424,3.3969,-0.91019,0,0,-0.36201,4.8672,11.43,-33.769,-68.258,-4.4346,1.1882,-0.49698,-0.45811,-1.9196,8.4123,-51.419,450.26,568.21,62.305,-16.694,8.188,9.1716,-4.5576,-18.75,154.39,420.72,523.17,39.18,-10.498,7.9408,-4.5737,165.28,195.39,128.04,1011,183.32,5.3653,-1.4376,18.173,-25.357,354.3,858.41,498.1,303.15,347.77,-2.3159,0.62053,8.2862,8.6638,24.952,15.796,15.792,-61.098,471.97,113.68,-30.46,1.5606,2.4967,2.4204,3.8173,3.8859,1.1069,25.177,17.266,-4.6265,-0.41815,-0.669,-0.64855,-1.0228,-1.0412,-0.29661,-6.7462,-4.6265,1.2397
0,0,0,0,-1.3242,7.5424,19.735,9.9381,-2.6629,0,0,0,0,-0.49161,-0.76666,-62.528,-0.11944,0.032003,-1.2857,4.116,-40.374,-26.581,-14.193,31.702,694.44,84.566,-22.659,8.7342,-21.401,248.59,199.85,-70.991,776.72,1054.5,121.09,-32.445,18.683,-66.691,814.49,297.81,506.7,830,975.9,105.07,-28.155,17.178,-29.085,409.92,901.01,815.38,95.539,792.16,3.2061,-0.85907,13.932,13.197,8.7854,291.93,87.579,35.726,496.01,5.0877,-1.3632,3.6924,2.4465,7.5559,3.6106,4.7303,3.0909,33.664,1.1493,-0.30796,-0.98938,-0.65554,-2.0246,-0.96746,-1.2675,-0.82822,-9.0201,-0.30796,0.082517
0,0,-2.7474,16.058,15.565,15.503,15.599,4.7894,-1.2833,0,0,-1.9185,12.477,18.846,-55.337,-65.367,-4.9058,1.3145,-1.4035,4.0961,-35.094,-65.944,5.3813,620.4,768.16,89.803,-24.063,14.677,-15.564,203,630.49,8.2538,981.5,551.01,16.344,-4.3792,11.621,-70.312,655.99,795.56,524.52,945.1,632.77,0.86153,-0.23085,6.7869,-2.7726,74.954,325.14,314.97,-39.318,964.77,90.555,-24.264,0,0,-1.6902,18.561,-40.312,695.16,548.6,5.1616,-1.3831,0,0,-0.44307,2.4981,-6.8805,70.508,4.0318,1.059,-0.28375,0,0,0.11872,-0.66935,1.8436,-18.893,-1.0803,-0.28375,0.076032
11.539,11.887,11.145,8.6826,20.837,19.735,18.743,2.769,-0.74194,12.122,19.335,-21.304,-36.342,23.204,-14.456,-59.67,-6.9703,1.8677,19.311,-13.21,237.65,373.28,-89.977,237,646.84,90.244,-24.181,7.5692,-59.941,571.94,648.65,518.41,772.22,980.85,41.421,-11.099,10.051,11.484,32.21,135.33,3.1735,719.54,531.7,3.0764,-0.82431,5.1412,5.5357,3.1521,24.338,-31.056,946.37,244.61,4.3174,-1.1568,0,0,-0.55695,11.75,-49.579,820.93,127.65,6.6213,-1.7742,0,0,-0.41761,3.168,-0.45256,40.943,9.8167,1.7147,-0.45946,0,0,0.1119,-0.84887,0.12126,-10.971,-2.6304,-0.45946,0.12311
18.415,12.826,10.514,15.37,22.755,19.832,18.673,5.2093,-1.3958,14.807,11.724,11.144,12.184,24.926,18.343,-53.025,-3.3331,0.8931,12.348,14.004,1.3823,54.079,17.733,81.014,601.98,81.369,-21.803,10.682,13.889,97.346,243.26,425.23,932.98,1010.9,122.55,-32.838,27.71,-37.149,498.23,376.53,823.62,-19.697,742.69,127.71,-34.219,15.812,-66.035,687.93,1093.2,324.5,-64.199,682.42,73.171,-19.606,12.858,2.6428,90.779,297.42,15.052,-51.268,524.13,4.1318,-1.1071,5.0325,5.8476,2.8486,3.3368,3.8514,2.2798,6.4536,1.2183,-0.32644,-1.3485,-1.5669,-0.76329,-0.8941,-1.032,-0.61087,-1.7292,-0.32644,0.08747
0,0,-1.9106,15.058,15.227,4.9235,7.5307,1.3342,-0.35749,0,0,-1.5286,14.458,21.154,-33.354,-35.365,1.6149,-0.43271,-1.6298,-1.5608,-4.7846,3.9686,-8.655,323.75,399.99,5.3694,-1.4387,9.2546,3.6647,39.059,39.981,72.55,1018.6,122.34,3.1559,-0.84562,10.873,-79.642,686.69,314.35,394.81,675.46,151.23,-4.3135,1.1558,2.5271,-21.936,165.98,281.2,65.536,-20.134,592.73,64.075,-17.169,0,0,0,0,-0.97813,-5.3142,146.53,70.333,-18.846,0,0,0,0,-0.59506,3.2629,5.998,1.2368,-0.3314,0,0,0,0,0.15945,-0.87429,-1.6072,-0.3314,0.088797
0,0,-0.16014,4.4956,12.483,12.39,19.583,5.5145,-1.4776,0,0,-0.13849,5.1809,3.3463,-63.582,7.8819,4.3658,-1.1698,-1.6505,3.625,-42.794,-25.115,95.962,601.34,80.542,3.8983,-1.0446,13.811,-17.288,256.12,155.74,450.92,404.78,352.39,6.3983,-1.7144,10.734,-65.664,598.31,215.35,-31.286,974.67,97.198,5.1487,-1.3796,13.839,-8.5289,211.56,239.13,396.19,462.01,473.51,-1.9491,0.52226,13.365,13.431,23.488,15.319,19.949,-19.489,277.32,112.44,-30.127,6.1761,6.9,4.8753,2.4616,3.256,2.3778,21.791,13.874,-3.7175,-1.6549,-1.8488,-1.3063,-0.6596,-0.87246,-0.63714,-5.839,-3.7175,0.99609
15.032,11.957,15.139,13.32,17.921,9.8228,17.913,1.5078,-0.40401,19.676,15.664,9.738,-25.22,16.722,18.323,-56.751,-6.7196,1.8005,27.079,22.408,41.53,332.85,71.699,-61.424,599.34,82.529,-22.114,13.033,-66.709,690.79,538.03,-28.834,714.34,1067.2,129.54,-34.709,32.906,-16.644,406.65,481.91,750.57,516.5,879.51,68.356,-18.316,7.2536,5.3042,17.172,120.79,114.53,-38.697,830.14,35.273,-9.4514,0,0,0,0,3.6417,49.336,706.24,5.4579,-1.4624,0,0,0,0,0.83915,5.7592,58.594,1.5078,-0.40401,0,0,0,0,-0.22485,-1.5432,-15.7,-0.40401,0.10825
0,0,-0.15148,10.882,23.006,12.799,19.583,5.5145,-1.4776,0,0,-0.48,16.229,-10.832,-62.752,7.8819,4.3658,-1.1698,-1.1882,-0.78029,-0.80815,-27.243,206.43,556.17,81.818,4.421,-1.1846,6.9433,4.6666,22.301,-45.738,701.4,385.62,320.17,2.2757,-0.60977,5.5227,0.74239,121.44,-80.934,427.09,751.6,-5.2913,4.9835,-1.3353,15.311,15.357,56.335,305.46,349.79,261.1,346.97,-4.3213,1.1579,19.541,17.783,21.228,18.911,17.626,-32.174,329.36,86.88,-23.279,2.5485,2.2013,5.1395,2.2871,3.2303,1.5497,20.94,14.53,-3.8932,-0.68286,-0.58984,-1.3771,-0.61283,-0.86556,-0.41525,-5.6109,-3.8932,1.0432
19.135,21.216,13.941,13.069,16.435,10.748,9.7151,2.3093,-0.61877,21.079,28.952,-18.045,-70.797,-14.676,-22.456,-66.44,-5.6855,1.5234,7.1718,-25.518,255.6,690.74,232.04,266.67,445.21,48.778,-13.07,19.313,-22.815,379.69,850.92,707.04,878.96,1076.4,125.16,-33.536,8.2862,8.6638,25.438,16.264,-48.936,804.92,802.42,16.363,-4.3844,1.5606,2.4967,1.7227,16.671,-32.532,970.24,404.33,3.0188,-0.80889,0,0,-1.7019,19.403,-15.995,856.85,83.846,9.352,-2.5059,0,0,-0.50396,4.0852,11.409,58.277,6.048,3.581,-0.95952,0,0,0.13504,-1.0946,-3.0569,-15.615,-1.6206,-0.95952,0.2571
11.061,9.8543,8.2316,15.029,11.345,15.295,20.689,14.743,-3.9504,16.105,19.984,-22.394,-67.929,4.6196,24.548,-24.004,14.24,-3.8155,10.337,-23.363,216.01,659.74,88.334,-67.035,296.37,15.537,-4.163,12.112,-73.861,635.94,26.184,-12.043,553.17,998.09,118.96,-31.875,14.28,-32.05,442.47,410.51,547.39,174.68,707.59,120.19,-32.204,1.042,2.0057,8.3768,3.1423,7.3163,-68.493,790.54,109.86,-29.437,0,0,0,0,2.6269,22.996,853.91,4.9729,-1.3325,0,0,0,0,0.097471,2.0303,95.149,0.47509,-0.1273,0,0,0,0,-0.026117,-0.54402,-25.495,-0.1273,0.03411
7.6633,12.218,9.0195,13.704,12.81,5.5028,0,0,0,10.488,15.887,3.193,-69.111,5.8143,5.7229,0,0,0,18.188,9.3151,78.841,658.06,134.26,11.321,-46.716,-1.2118,0.3247,18.534,-57.879,763.65,346.86,-7.3806,-58.06,313.93,23.894,-6.4025,29.147,-39.736,540.22,434.69,173.36,653.42,1013.4,70,-18.757,3.304,5.2229,-1.6318,104.63,123.14,185.74,783.84,3.1528,-0.8448,0,0,0,0,-7.2619,201.26,428.66,5.6575,-1.5159,0,0,0,0,-0.78464,22.994,41.259,1.7769,-0.47613,0,0,0,0,0.21024,-6.1613,-11.055,-0.47613,0.12758
8.2898,7.6653,14.811,11.946,22.863,20.709,8.4339,3.1362,-0.84033,9.9254,14.585,-20.547,-31.201,9.6839,-54.773,-65.014,-6.7906,1.8195,15.411,-19.732,268.25,296.6,72.766,587.6,492.93,82.239,-22.036,20.539,-46.615,440.37,-35.291,625.13,42.667,726.77,109.72,-29.401,19.257,-51.944,550.69,-92.769,648.08,-20.694,547.47,2.7812,-0.74523,12.782,-35.227,292.9,550.15,446.52,147.93,377.17,2.8873,-0.77364,15.772,18.994,0.33958,242.82,45.353,188.45,329.11,5.5422,-1.485,6.2748,5.3224,7.1924,2.6049,6.9359,10.942,28.263,1.0046,-0.26918,-1.6813,-1.4261,-1.9272,-0.69798,-1.8585,-2.9319,-7.573,-0.26918,0.072125
6.4208,6.9882,19.841,9.7821,14.167,11.114,16.051,4.2279,-1.1329,7.5372,14.159,-28.998,-77.076,-22.982,-17.112,-49.34,2.5333,-0.67881,8.4664,-24.807,331.33,748.44,339.27,160.11,400.41,18.065,-4.8405,24.618,-59.856,730.84,1134.1,752.77,881.9,1045.2,119.38,-31.987,12.289,-14.256,211.92,578.96,866.89,753.3,1046.9,119.76,-32.09,5.4746,5.9094,6.8575,6.9498,-25.451,465.24,1083.5,128.87,-34.532,0,0,0,0,-26.451,145.23,791.59,72.635,-19.463,0,0,0,0,-0.16636,1.5295,6.2579,0.94236,-0.2525,0,0,0,0,0.044576,-0.40984,-1.6768,-0.2525,0.067658
18.727,21.4,14.061,12.641,11.098,6.9523,18.206,3.1838,-0.85309,19.319,20.892,15.402,5.1409,9.239,13.511,-54.428,-4.9013,1.3133,11.34,17.446,-33.863,169.62,149.57,-60.565,564.42,54.69,-14.654,13.824,-38.987,487.47,526.28,210.75,779.7,1074.7,123.48,-33.087,6.569,-82.24,698.9,162.03,783.84,487.32,798.65,17.867,-4.7875,14.66,-22.72,321.93,607.14,213.84,205.74,365.98,3.2238,-0.86382,13.172,12.71,16.822,18.456,11.136,148.93,297.02,4.7626,-1.2761,3.7788,2.6662,4.4273,2.9078,5.0927,9.4363,26.456,0.72864,-0.19524,-1.0125,-0.71441,-1.1863,-0.77914,-1.3646,-2.5285,-7.0888,-0.19524,0.052314
20.121,19.477,11.095,11.228,24.739,16.793,13.338,2.4511,-0.65677,19.623,27.661,-24.067,-57.951,29.017,-15.158,-67.845,-6.4262,1.7219,12.4,-38.641,347.29,623.34,2.4148,259.38,726.47,85.462,-22.9,8.7503,-68.849,721.49,569.15,574.44,736.07,997.69,120.17,-32.199,21.595,-41.244,478.96,571.54,864.72,87.317,935.08,127.79,-34.24,3.7586,5.2233,-11.894,504.51,267.51,76.797,952.38,70.032,-18.765,0,0,-1.4061,11.421,19.675,0.90451,787.94,6.2943,-1.6865,0,0,-0.11272,1.4758,5.4155,6.2488,58.038,1.5778,-0.42277,0,0,0.030203,-0.39543,-1.4511,-1.6744,-15.551,-0.42277,0.11328
0,0,-1.0946,6.6212,8.731,18.804,20.138,3.714,-0.99516,0,0,-0.91402,5.0832,19.054,-22.45,-62.188,-5.1654,1.3841,-2.2628,-3.5027,1.9018,11.161,8.876,302.03,518.04,94.52,-25.327,12.201,16.805,-3.7591,-49.534,385.32,149.83,669.85,40.148,-10.758,17.936,-38.439,357.12,-4.1546,338.33,-67.72,586.37,1.4546,-0.38976,13.371,-20.438,246.98,-90.979,386.92,-61.556,580.83,3.5611,-0.95421,12.49,-14.704,179.14,531.63,300.1,-62.084,613.1,5.3746,-1.4401,3.6132,4.7123,-5.6281,85.946,19.918,-3.179,71.248,1.197,-0.32072,-0.96815,-1.2627,1.508,-23.029,-5.3369,0.85181,-19.091,-0.32072,0.085937
4.7204,5.1413,12.504,8.8851,12.159,19.414,22.265,4.9923,-1.3377,2.398,4.3052,14.821,20.601,21.77,-15.849,-59.96,-4.5992,1.2323,7.5025,14.393,-43.971,49.429,-62.381,275.94,637.47,53.315,-14.286,23.996,-35.75,566.57,516.82,585.4,269.26,757.83,126.78,-33.969,7.7905,-1.5221,116.03,350.1,78.362,-73.621,683.49,73.014,-19.564,2.9807,3.5383,2.8114,3.5759,4.2342,3.519,339.6,3.5946,-0.96316,0,0,0,0,2.5538,75.843,247.84,7.801,-2.0903,0,0,0,0,-1.8686,20.039,19.08,1.4573,-0.39047,0,0,0,0,0.50068,-5.3694,-5.1124,-0.39047,0.10463
13.716,12.223,21.225,3.1436,-0.60925,12.768,15.406,2.9124,-0.78039,19.825,21.675,-0.17708,4.3698,-1.5194,14.955,-57.599,-4.646,1.2449,23.612,-6.8124,213.59,7.8014,6.4699,-48.379,623.83,62.048,-16.626,15.3,-67.736,701.18,276.49,-89.132,462.17,1009.5,69.952,-18.744,11.178,-11.558,202.68,572.14,366.17,420.48,786.79,2.3827,-0.63844,1.293,1.2761,-5.2893,81.301,72.245,405.81,481.76,2.9762,-0.79747,0,0,0,0,-85.162,758.85,312.29,3.5482,-0.95073,0,0,0,0,-11.055,87.311,18.754,0.43526,-0.11663,0,0,0,0,2.9623,-23.395,-5.0251,-0.11663,0.03125
8.5527,11.819,15.018,10.155,13.73,14.795,12.689,1.3667,-0.36622,11.12,14.646,7.3741,-57.142,15.079,8.9579,-69.372,-6.0595,1.6236,6.1928,0.8644,93.026,494.14,5.912,53.853,661.34,55.058,-14.753,8.9946,-67.693,701.36,399.47,-83.825,845.34,1057.7,130.67,-35.012,13.979,-56.514,625.55,460.27,803.09,668.13,957.1,43.187,-11.572,4.9127,4.7612,5.5799,220.77,180.92,195.3,632.84,3.6116,-0.96774,0,0,0,0,-7.5087,182.32,330.48,3.9277,-1.0524,0,0,0,0,-1.2764,7.9508,3.3618,1.4825,-0.39724,0,0,0,0,0.34201,-2.1304,-0.90079,-0.39724,0.10644
4.4112,4.8847,29.986,3.7853,-0.49154,2.797,26.549,3.9183,-1.0499,2.4916,8.8712,-9.3732,-19.875,0.45759,-7.7681,-56.535,-4.6847,1.2553,16.757,-14.145,256.78,133.9,-16.052,69.235,720.74,83.513,-22.377,16.995,-70.72,821.16,326.82,-129.04,696,1056.5,122.42,-32.803,17.376,-5.9552,217.7,808.86,605.8,863.15,901.99,16.911,-4.5313,4.6473,5.5579,-2.5789,110.17,58.558,620.6,492.56,1.7972,-0.48155,0,0,-1.3096,21.28,-34.676,959.39,205.88,3.06,-0.81994,0,0,-0.37722,2.6432,-0.80362,111,18.283,1.639,-0.43916,0,0,0.10108,-0.70823,0.21533,-29.743,-4.8988,-0.43916,0.11767
8.5527,11.819,14.354,9.0918,8.0775,9.4856,10.399,2.3505,-0.6298,11.12,14.646,7.6405,-61.156,15.16,-15.749,-70.184,-5.2077,1.3954,4.9502,0.40035,64.937,609.86,-34.234,178.93,679.6,52.147,-13.973,17.914,-59.741,605.18,714.56,4.832,875.52,1055.8,128.88,-34.535,13.347,-52.545,534.4,793.42,952.6,734.91,993.93,69.337,-18.579,3.0525,2.8512,17.853,124.99,156.33,192.24,629.09,1.5138,-0.40563,0,0,0,0,-9.7985,202.91,340.86,3.6151,-0.96865,0,0,0,0,-1.8695,18.198,15.403,0.57999,-0.15541,0,0,0,0,0.50094,-4.8762,-4.1272,-0.15541,0.041642
0,0,0,0,-3.498,17.56,25.852,8.7932,-2.3561,0,0,0,0,-3.0451,17.67,-49.17,-0.52441,0.14052,-0.30597,5.3175,-60.923,-50.062,6.0674,-58.707,597.98,80.884,-21.673,7.2121,-40.835,459.4,364.17,-115.48,490.83,1058.6,127.83,-34.251,22.107,-72.504,787.73,204.75,633.05,642.77,1009.2,69.555,-18.637,9.4369,-35.908,355.73,483.82,254.06,177.1,660.61,3.8792,-1.0394,8.2214,10.638,11.081,19.352,-48.891,444.46,318.4,6.3016,-1.6885,3.2235,2.6972,4.2545,4.7407,1.4453,20.03,20.507,3.1098,-0.83326,-0.86373,-0.72271,-1.14,-1.2703,-0.38727,-5.3669,-5.4948,-0.83326,0.22327
20.718,22.355,11.146,8.007,15.151,8.1437,30.234,14.137,-3.7881,20.569,27.95,-49.757,-13.91,20.873,-39.375,-35.668,12.729,-3.4107,10.978,-44.909,505.99,188.05,-95.838,344.83,407.46,17.82,-4.775,22.742,-19.565,337.98,759.54,631.65,794.97,1061.1,127.33,-34.118,8.2862,8.6638,17.046,55.629,71.239,385.34,997.5,70.09,-18.78,1.5606,2.4967,2.0612,9.7649,-64.645,563.16,782.27,2.1241,-0.56915,0,0,-1.2664,11.885,-56.684,829,495.43,5.2483,-1.4063,0,0,-0.6547,5.5828,2.6768,114.68,43.235,1.1308,-0.303,0,0,0.17543,-1.4959,-0.71726,-30.728,-11.585,-0.303,0.08119
10.985,15.402,16.29,9.9557,8.1215,24.271,16.109,4.0059,-1.0734,12.159,22.377,-44.984,-17.512,10.267,14.632,-64.909,-5.3385,1.4304,16.898,-34.849,465.96,233.31,-17.938,89.875,689.19,61.747,-16.545,10.518,-82.406,774.3,255.78,211.72,951.66,983.9,70.196,-18.809,11.468,-29.537,273.55,889.77,729.94,737.03,900.08,3.5398,-0.94849,3.4638,3.3245,5.4579,3.8685,-1.756,138.78,870.41,4.0959,-1.0975,0,0,0,0,-2.1146,120.8,534.74,2.8417,-0.76142,0,0,0,0,-0.70785,3.8587,33.939,0.18847,-0.050501,0,0,0,0,0.18967,-1.0339,-9.094,-0.050501,0.013532
4.4112,4.8847,29.193,14.232,7.7871,7.8752,20.783,5.5307,-1.4819,2.4916,8.8712,-9.9579,-29.249,14.304,-44.682,-63.133,-4.4799,1.2004,18.428,-12.997,254.64,282.67,-67.034,420.5,721.99,84.427,-22.622,8.4622,-75.204,789.92,373.47,305.04,983.14,1055.7,109.92,-29.452,15.517,-6.8901,165.87,913.83,930.78,836.27,768.67,5.3918,-1.4447,2.4181,3.1884,-1.7415,91.407,-1.8858,506,556.65,3.4583,-0.92666,0,0,0,0,-67.368,483.08,348.3,4.2242,-1.1319,0,0,0,0,-0.99132,24.686,39.461,1.5778,-0.42277,0,0,0,0,0.26562,-6.6147,-10.574,-0.42277,0.11328
27.167,25.192,10.404,14.71,11.374,11.803,15.071,3.2303,-0.86556,25.37,24.206,19.919,-57.831,-10.745,19.498,-40.662,-5.9771,1.6016,14.309,20.789,-31.854,586.58,166.86,-53.444,491.07,84.473,-22.635,6.5439,-2.4622,164.12,1077.6,585.55,-10.744,969.14,104.82,-28.087,9.7631,-64.591,409.4,680.97,178.91,505.14,786.3,25.68,-6.881,6.7962,-37.732,394.73,-71.443,744.01,108.66,703.64,69.971,-18.749,20.77,-14.87,213.75,720.12,308.98,-7.3837,149.67,3.2748,-0.87748,6.5769,9.9607,8.6874,27.186,5.9334,5.0765,9.1633,0.97933,-0.26241,-1.7623,-2.669,-2.3278,-7.2844,-1.5899,-1.3603,-2.4553,-0.26241,0.070312
10.465,8.7834,14.692,1.6111,-1.6126,6.5734,16.498,1.928,-0.5166,7.7088,6.9896,18.299,5.4279,-2.0977,11.372,-55.443,-6.5447,1.7536,9.0052,13.842,-17.59,8.5117,5.5059,-46.459,587.61,55.695,-14.923,8.3128,-62.294,522.92,137.15,-87.05,356.31,862.7,120.48,-32.281,13.206,-72.195,642.73,-44.861,326.71,342.45,723.04,127.72,-34.222,8.0216,-35.037,332.91,533.63,502.45,-39.917,734.72,39.16,-10.493,21.58,23.004,16.232,46.522,28.369,27.733,584.6,2.964,-0.7942,9.4986,8.8995,3.1621,5.2683,4.167,6.1403,58.108,0.37694,-0.101,-2.5452,-2.3846,-0.84728,-1.4116,-1.1166,-1.6453,-15.57,-0.101,0.027063
0,0,-1.9106,15.058,14.949,11.088,14.724,8.8972,-2.384,0,0,-1.5286,14.458,21.365,-43.614,-53.702,10.731,-2.8754,-0.16939,-0.18633,-0.27602,4.5695,-32.176,462.92,556.37,-1.5845,0.42456,3.6534,10.14,-36.652,134.6,183.25,819.09,770.37,114.68,-30.729,9.6572,-36.171,416.25,552.79,1058.1,503.27,835.88,72.056,-19.307,9.4956,-73.673,696.17,328.23,455.56,929.54,519.09,2.7743,-0.74336,18.518,12.784,117.04,455.8,651.41,863.03,191.94,3.8093,-1.0207,5.0005,3.1879,4.8494,-1.0966,120.51,43.557,4.8341,1.4146,-0.37904,-1.3399,-0.8542,-1.2994,0.29383,-32.29,-11.671,-1.2953,-0.37904,0.10156
17.918,13.403,11.155,3.1661,-1.5882,12.102,25.887,10.468,-2.8049,24.092,17.116,14.194,7.1422,-2.419,9.7211,-43.845,9.3586,-2.5076,13.178,6.2971,79.743,13.777,-45.222,38.387,482.8,17.277,-4.6294,18.956,-67.334,743.59,37.345,240.61,577.18,990.93,125.4,-33.601,17.513,-67.342,563.22,544.3,644.3,125.48,734.95,17.971,-4.8152,7.7256,-2.1571,53.014,127.45,27.021,228.39,497.46,3.3623,-0.90092,0,0,0,0,-81.995,482.98,184.97,4.3661,-1.1699,0,0,0,0,-8.6357,41.016,8.2162,0.43526,-0.11663,0,0,0,0,2.3139,-10.99,-2.2015,-0.11663,0.03125
0,0,-0.53856,5.3629,24.63,15.447,19.452,4.5873,-1.2292,0,0,5.0278,-28.045,-47.894,16.351,-1.2267,5.5863,-1.4968,-0.67218,-1.1742,-32.838,237.73,504.23,1.2294,187.57,11.394,-3.053,10.305,9.33,-46.331,579.83,393.17,65.687,819.17,26.906,-7.2095,14.984,15.851,59.016,61.536,702.91,985.99,244.97,-3.5468,0.95036,4.4957,4.7029,-4.2489,82.624,116.35,48.448,798.17,90.206,-24.171,0,0,0,0,-0.89588,-28.817,693.74,71.146,-19.063,0,0,0,0,-2.259,21.214,19.333,0.94236,-0.2525,0,0,0,0,0.60529,-5.6843,-5.1802,-0.2525,0.067658
4.7204,5.1413,12.251,10.808,13.509,10.538,15.071,3.2303,-0.86556,2.398,4.3052,14.682,22.707,13.874,17.876,-40.662,-5.9771,1.6016,9.8659,15.609,-15.951,-29.966,10.335,-54.748,489.21,81.571,-21.857,13.762,-34.882,308.58,957.65,129.19,-25.005,965.49,127.32,-34.116,12.874,-64.551,631.28,427.39,-68.664,663.85,910.07,15.206,-4.0745,19.043,-56.784,615.19,482.28,600.12,969.52,914.59,5.0575,-1.3551,18.906,11.92,50.689,782.35,610.21,125.25,771.27,3.6385,-0.97493,3.3347,2.4865,6.316,4.4648,5.5334,2.2315,3.3061,0.47118,-0.12625,-0.89354,-0.66627,-1.6924,-1.1963,-1.4827,-0.59792,-0.88586,-0.12625,0.033829
0,0,0,0,-1.2972,9.6432,9.5709,4.7693,-1.2779,0,0,0,0,-0.18469,-1.3086,-63.941,4.4498,-1.1923,-1.1602,4.44,-36.141,-73.153,-13.317,92.841,634.24,15.547,-4.1659,10.53,-39.773,278.51,667.5,-100.52,627.47,1045.5,119.82,-32.107,15.22,-61.003,687.69,480.35,190.36,854.11,910.17,106.92,-28.648,8.557,-71.16,617.98,347.85,823.71,317.15,770.58,6.7491,-1.8084,21.514,14.002,69.373,897.35,574.06,191.46,525.17,5.3295,-1.428,5.3534,5.4094,3.732,19.601,20.132,4.9005,6.5171,2.2296,-0.59743,-1.4344,-1.4494,-0.99999,-5.252,-5.3943,-1.3131,-1.7463,-0.59743,0.16008
3.1703,6.1459,19,15.06,14.341,5.791,0,0,0,6.0522,14.121,-14.294,-31.244,14.046,5.3714,0,0,0,21,-10.928,258.99,325.37,3.8467,-65.029,-74.001,-8.9304,2.3929,7.6807,-73.965,723.72,239.98,82.581,529.61,590.03,51.039,-13.676,9.2668,-57.768,485.09,328.82,568.69,13.669,838.44,125.74,-33.693,0.30643,0.12981,15.656,124.63,22.325,70.54,744.29,19.731,-5.2869,0,0,0,0,-56.49,428.43,574.56,4.0959,-1.0975,0,0,0,0,-8.6089,61.291,42.386,1.602,-0.42926,0,0,0,0,2.3067,-16.423,-11.357,-0.42926,0.11502
11.539,11.887,10.306,13.532,7.8303,12.607,7.4851,3.9636,-1.062,12.122,19.335,-15.783,-69.925,-0.9273,19.965,-60.034,-4.0668,1.0897,18.542,-14.08,209.75,600.56,71.518,-36.955,416.57,52.006,-13.935,6.8996,-70.552,668.27,344.2,35.672,675.84,1058.3,106.69,-28.587,18.903,-17.784,257.63,762.3,676.88,792.3,659.57,3.7036,-0.99237,3.7439,4.0894,-7.7756,104.08,3.409,943.13,312.49,7.9434,-2.1284,0,0,-1.3551,17.078,-37.853,941.44,139.71,5.2277,-1.4008,0,0,-0.0088592,1.7246,-3.6052,87.676,20.995,0.85593,-0.22935,0,0,0.0023738,-0.46211,0.96601,-23.493,-5.6256,-0.22935,0.061453
8.7257,7.2176,10.302,13.791,18.812,20.36,20.583,7.8762,-2.1104,7.568,7.535,4.3512,6.6493,18.772,20.58,-52.626,-1.0975,0.29407,9.8698,1.452,78.359,131.64,5.5861,-8.2231,615.79,54.457,-14.592,14.69,-73.094,791.77,654.34,-101.92,704.69,1055.4,119.62,-32.052,20.441,-22.398,442.76,946.05,807.59,1029.1,1072.3,128.02,-34.303,6.8831,8.5239,1.8275,114.01,51.05,645.4,948.13,41.005,-10.987,0,0,-1.4051,14.546,-38.638,648.52,828.72,2.7823,-0.74551,0,0,-0.19238,2.3311,5.8758,6.5147,27.808,1.6322,-0.43735,0,0,0.051547,-0.62462,-1.5744,-1.7456,-7.4512,-0.43735,0.11719
18.415,12.826,10.312,13.388,13.393,10.228,6.7987,1.7046,-0.45675,14.807,11.724,11.103,10.016,14.999,-3.9396,-37.823,3.2288,-0.86515,10.367,18.018,-39.423,119.52,65.224,131.94,422.91,2.5155,-0.67402,17.047,-14.932,234.41,765.01,68.502,838.53,352.56,5.6198,-1.5058,17.838,-45.875,539.51,-10.537,528.67,418.55,359.36,-3.7501,1.0048,9.0264,-46.504,428.79,560.36,405.99,-88.651,821.88,88.831,-23.802,23.891,10.711,83.923,312.08,43.477,700.26,568.85,16.004,-4.2883,2.5142,3.0681,3.475,4.4597,7.8601,5.6059,3.5599,0.28271,-0.075751,-0.67367,-0.82211,-0.93112,-1.195,-2.1061,-1.5021,-0.95387,-0.075751,0.020297
13.079,15.225,11.562,12.614,19.388,12.361,16.186,4.6316,-1.241,11.162,13.591,7.1993,-73.05,-17.711,-20.103,-52.548,5.0406,-1.3506,12.883,19.05,19.164,722.13,273.72,343.68,628.23,2.3894,-0.64025,10.067,-63.798,561.65,184.84,-3.7226,940.39,254.72,9.5849,-2.5683,27.951,-56.126,531.84,603.77,593.76,538.69,322.51,-4.7125,1.2627,4.9008,-3.8024,75.158,309.17,41.544,-59.957,695.18,55.497,-14.87,0,0,0,0,-3.6156,35.129,893.09,106.89,-28.642,0,0,0,0,-1.5235,28.485,70.725,0.93559,-0.25069,0,0,0,0,0.40823,-7.6325,-18.951,-0.25069,0.067172
5.2184,8.1907,9.5073,6.4235,16.132,6.191,22.591,6.8609,-1.8384,5.6424,6.8362,14.152,0.7343,21.217,-23.618,-59.852,-4.1131,1.1021,9.9301,14.733,23.24,164.19,-16.804,189.89,745.46,89.8,-24.062,13.9,-55.158,431.79,435.41,-34.879,977.94,488.44,19.715,-5.2826,6.09,-79.873,672.64,60.669,461.01,683.63,402.49,-7.2514,1.943,9.0074,-76.758,509.29,18.518,780.25,53.522,875.92,95.086,-25.478,10.409,-14.786,226.03,889,326.87,862.63,689.22,40.207,-10.774,3.2126,4.913,-0.80753,110.05,12.494,111.13,18.069,1.0366,-0.27775,-0.86081,-1.3164,0.21638,-29.487,-3.3476,-29.776,-4.8416,-0.27775,0.074424
8.5527,11.819,14.164,14.661,21.965,12.026,24.831,10.152,-2.7201,11.12,14.646,8.5167,-70.327,17.371,18.977,-32.246,0.85662,-0.22953,5.354,0.60806,64.514,660.63,56.48,-38.808,517.98,84.747,-22.708,11.817,-64.73,530.96,1089.9,761.2,-55.361,967.17,120.26,-32.222,19.505,-69.613,722.75,377.93,255.22,584.08,921.35,117.8,-31.566,9.449,-76.112,659.32,343.52,803.25,87.54,509.1,120.44,-32.273,19.208,14.049,57.429,738.5,147.44,-63.289,436.44,109.27,-29.278,6.2733,6.57,4.4822,2.9675,4.4697,5.1825,4.2388,0.48966,-0.1312,-1.6809,-1.7604,-1.201,-0.79514,-1.1976,-1.3886,-1.1358,-0.1312,0.035156
18.727,21.4,14.419,7.4628,14.65,12.61,12.268,4.4398,-1.1896,19.319,20.892,14.682,6.6325,23.533,-19.18,-71.308,-20.543,5.5045,8.6905,14.909,-8.1406,84.423,-25.932,222.08,811.1,243.58,-65.267,26.026,-24.48,317.71,956.39,105.41,970.64,661.12,186.25,-49.905,11.817,-73.311,727.32,82.975,435.49,1036.2,522.12,-8.2344,2.2064,14.258,-73.02,659.2,140.8,878.82,232.08,1045.8,85.344,-22.868,11.314,-29.992,288.76,1026.9,424.56,927.99,560.46,17.723,-4.7488,3.7976,4.3268,-0.8731,112.09,13.863,92.201,4.8917,1.5486,-0.41496,-1.0176,-1.1594,0.23395,-30.035,-3.7147,-24.705,-1.3107,-0.41496,0.11119
4.4112,4.8847,29.755,8.4055,6.4594,12.096,24.597,5.3176,-1.4248,2.4916,8.8712,-9.6098,-16.64,10.884,-15.661,-58.144,-4.2056,1.1269,18.269,-12.921,253.45,175.75,-23.914,186.6,719.09,83.095,-22.265,12.836,-71.457,791.97,614.27,-91.58,791.11,1060.6,126.92,-34.008,16.948,-8.792,230.89,1006.4,700.48,1005.2,1000.9,68.416,-18.332,2.5782,4.7184,-15.312,194.22,269.83,724.57,704.94,4.6099,-1.2352,0,0,-1.0223,17.894,-39.168,943.01,349.01,7.2978,-1.9554,0,0,-0.36522,3.1292,-0.8085,110.1,19.355,1.6322,-0.43735,0,0,0.097862,-0.83847,0.21664,-29.501,-5.1861,-0.43735,0.11719
10.236,7.8655,20.453,11.659,9.3701,10.987,16.245,6.9988,-1.8753,14.453,11.966,10.514,-54.448,10.173,5.3689,-64.36,-2.7216,0.72925,15.139,7.3361,81.691,387.22,-9.7792,60.214,570.58,51.946,-13.919,15.783,-58.389,563.99,815.61,18.324,873.65,1051.2,122.31,-32.773,12.558,-67.245,732.56,757.3,950.74,770.63,929.19,16.116,-4.3183,4.6186,-4.326,75.397,320.56,302.14,215.9,628.76,1.7898,-0.47957,0,0,0,0,-9.7985,202.91,340.86,3.6151,-0.96865,0,0,0,0,-1.8695,18.198,15.403,0.57999,-0.15541,0,0,0,0,0.50094,-4.8762,-4.1272,-0.15541,0.041642
28.532,27.158,10.665,13.762,10.429,20.291,25.852,8.7932,-2.3561,30.945,27.689,16.422,-58.165,3.8783,20.977,-49.17,-0.52441,0.14052,15.01,20.128,-3.7093,489.23,53.646,-18.526,635.67,90.109,-24.145,7.5195,-54.493,393.13,1097.8,808.73,166.21,802.66,39.645,-10.623,21.97,-54.25,597.76,314.5,262.72,699.46,681.49,14.328,-3.8392,12.315,-64.618,528.8,43.497,712.53,81.627,748.2,129.2,-34.62,11.332,-13.626,179.6,533.41,177.34,-58.831,616.2,70.711,-18.947,4.4073,4.1078,5.8116,1.9676,6.4799,3.6628,3.544,0.90644,-0.24288,-1.1809,-1.1007,-1.5572,-0.52721,-1.7363,-0.98144,-0.94961,-0.24288,0.065079
7.4175,5.0433,13.041,9.9016,12.15,13.357,17.424,5.4766,-1.4674,6.2336,10.601,-45.559,-34.781,15.602,-51.564,-64.803,-4.0623,1.0885,17.907,-38.713,546.53,348.92,-90.274,410.2,684.38,53.191,-14.252,19.637,-3.7413,127.06,698.9,667.28,898.87,1052.6,120.09,-32.177,11.175,13.942,14.232,13.893,120.87,103.54,1043.7,121.77,-32.628,5.8003,4.0242,3.1137,4.9666,-37.477,266.19,1056.4,127.48,-34.157,0,0,0,0,-69.806,415.16,974.87,72.136,-19.329,0,0,0,0,-9.6169,62.582,69.215,0.94236,-0.2525,0,0,0,0,2.5768,-16.769,-18.546,-0.2525,0.067658
16.557,18.122,12.299,11.725,9.9868,17.15,13.338,2.4511,-0.65677,13.915,17.018,9.459,10.564,16.111,-14.245,-67.845,-6.4262,1.7219,22.397,14.346,64.347,53.52,-57.614,224.08,728.36,94.192,-25.239,14.241,-70.624,755.36,242.03,174.8,949.14,1006.7,71.703,-19.213,18.969,0.97448,204.83,637.45,839.06,796.5,768.16,3.7405,-1.0023,4.6979,4.6885,-3.0129,107.43,31.599,515.27,559.43,5.895,-1.5796,0,0,0,0,-15.325,239.36,350.67,5.3045,-1.4213,0,0,0,0,-0.98351,23.265,40.541,2.9213,-0.78276,0,0,0,0,0.26353,-6.2339,-10.863,-0.78276,0.20974
18.415,12.826,9.722,18.032,6.2117,19.077,25.852,8.7932,-2.3561,14.807,11.724,8.665,28.152,8.1768,18.504,-49.17,-0.52441,0.14052,12.573,20.368,-18.557,-22.094,21.274,-55.044,599.37,80.77,-21.642,6.7804,-23.746,214.74,767.03,-48.657,473.51,1054.5,129.75,-34.766,14.026,-66.556,782.78,376.19,89.29,992.69,965.79,42.295,-11.333,19.621,-22.513,381.93,815.97,796.33,376.95,767.58,5.3183,-1.425,8.2862,8.6638,24.415,14.584,16.727,173.16,524.11,3.3928,-0.90909,1.5606,2.4967,2.5128,2.6558,3.9447,2.3238,6.4794,0.60915,-0.16322,-0.41815,-0.669,-0.67331,-0.71163,-1.057,-0.62266,-1.7361,-0.16322,0.043735
28.532,27.158,10.868,7.5053,8.2395,11.186,17.335,7.2913,-1.9537,30.945,27.689,15.05,-48.521,10.611,3.1727,-64.671,-2.0401,0.54664,14.591,21.624,-7.1818,349.25,-9.4403,85.64,704.2,86.107,-23.072,12.855,-58.112,541.33,206.22,34.05,873.93,262,20.339,-5.4498,9.7069,-61.537,587.53,-121.85,657.65,724.85,192.83,5.1556,-1.3814,16.649,-47.941,389.91,733.72,334.76,325.56,860.17,3.7236,-0.99774,8.7982,9.9975,22.181,261.46,269.69,788.78,177.67,5.3436,-1.4318,1.9162,2.0607,4.2648,-3.1583,65.03,40.704,5.0708,0.89576,-0.24002,-0.51344,-0.55216,-1.1428,0.84628,-17.425,-10.907,-1.3587,-0.24002,0.064313
0,0,-0.23288,7.1263,10.545,13.398,15.091,8.0555,-2.1585,0,0,-0.51127,7.0911,17.218,-39.796,-50.135,6.8489,-1.8352,-1.3239,-1.2688,-1.6427,7.3835,-58.98,431.04,530.84,17.249,-4.6218,8.5261,15.095,-43.991,122.29,175.81,686.16,297.56,126.73,-33.958,7.9994,-21.673,283.36,610.74,980.97,487.03,600.59,71.849,-19.252,20.548,-71.584,753.43,107.84,245.55,746.01,478.92,3.9409,-1.056,14.505,-9.0026,193.95,474.63,453.3,862.73,201.5,5.8291,-1.5619,3.0359,3.3008,3.0378,18.707,129.53,70.299,4.226,0.54407,-0.14578,-0.81347,-0.88445,-0.81397,-5.0125,-34.708,-18.837,-1.1324,-0.14578,0.039062
0,0,0,0,-1.7876,7.7846,16.138,1.0426,-0.27936,0,0,0,0,-2.22,11.983,-55.318,-6.8132,1.8256,-0.5253,-0.11275,-5.1455,-6.8426,5.7809,-44.123,614.47,71.192,-19.076,5.838,-1.2359,61.411,122.29,-67.888,353.33,731.61,-5.5285,1.4814,14.591,-69.193,642.76,103.53,318.02,632.21,826.01,92.413,-24.762,20.104,-21.317,364.56,804.07,471.66,32.101,837.85,69.961,-18.746,8.2862,8.6638,24.13,18.243,-56.954,461.33,267.99,5.013,-1.3432,1.5606,2.4967,2.6251,2.6341,-4.4228,41.041,4.6438,0.60915,-0.16322,-0.41815,-0.669,-0.70339,-0.70581,1.1851,-10.997,-1.2443,-0.16322,0.043735
2.1109,1.7505,11.59,9.834,6.4202,14.378,14.379,5.1661,-1.3842,1.1537,0.29641,16.416,8.3814,5.4422,19.906,-54.879,-2.7462,0.73585,14.346,18.442,2.846,97.802,23.371,-95.358,584.79,81.741,-21.903,7.8121,-68.537,721.94,237.13,-16.33,577.33,1048.5,128.37,-34.397,9.4639,-35.14,377.03,770.06,653.75,293.54,888.33,69.177,-18.536,2.2919,2.3036,-7.3764,87.226,23.597,0.51356,828.89,5.6968,-1.5265,0,0,0,0,7.4386,22.203,588.42,3.2918,-0.88203,0,0,0,0,0.87186,5.5634,55.879,0.36627,-0.098142,0,0,0,0,-0.23361,-1.4907,-14.973,-0.098142,0.026297
8.31,8.6695,12.835,24.307,7.0048,13.808,11.7,5.1577,-1.382,10.664,9.8783,7.6527,6.1236,11.074,-58.291,-70.658,-4.0021,1.0724,7.5424,17.607,27.845,84.972,-29.435,567,719.65,83.614,-22.404,23.147,-37.364,453.48,715.47,260.02,992.76,1041.7,117.32,-31.435,18.352,-24.874,310.8,962.71,906.35,361.65,1050,121.2,-32.474,2.4181,3.6452,16.169,128.33,68.807,130.51,1066.1,115.82,-31.035,0,0,0,0,-0.74172,-8.2635,892.36,107.47,-28.798,0,0,0,0,-0.68804,-3.6917,69.403,1.1308,-0.303,0,0,0,0,0.18436,0.9892,-18.596,-0.303,0.08119
