-27.713,-4.1615,13.234,-314.02,135.33,23.221,133.6,121.23,493.14,-194.93,103.17,-46.85,-40.426,0,0
6.2787,-13.249,-148.98,156.24,433.86,202.74,-111.98,-521.42,84.529,117.33,-634.33,-88.803,-23.266,0,0
-14.976,0.84775,-192.64,219.64,93.227,138.05,188.08,488.92,-144.89,-96.997,22.662,205.2,-77.886,0,0
-10.392,-15.641,156.32,-50.322,-29.979,73.973,13.327,122.42,39.737,264.21,-295.04,-58.845,-28.165,0,0
-10.947,-8.9085,236.38,-313.51,156.92,-250.65,121.82,-89.481,172.66,58.148,212.24,-261.58,-16.414,0,0
-5.0066,-11.462,139.38,509.56,-230.27,501.29,-118.2,-110.07,62.47,-4.0359,-24.486,-46.603,-9.6716,0,0
-22.464,8.0263,300.27,-75.041,12.196,83.687,336.95,-14.461,-122.81,-105.23,93.577,-196.73,-5.8122,0,0
-5.4494,2.9686,156.29,6.3728,-30.673,-29.917,-159.78,53.324,-73.166,-43.603,-295.22,-97.133,-27.659,0,0
7.7999,4.817,159.35,-145.88,277.42,81.072,375.32,-301.46,-96.184,-142.78,71.628,19.988,-56.351,0,0
12.124,8.8463,236.72,-121.42,49.396,122.54,-243.88,277.84,-108.94,-107.92,167.79,206.78,-111.2,0,0
-11.655,4.6647,44.803,142.68,80.456,4.3705,194.83,361.87,-323.44,-39.743,97.07,123.19,-74.21,0,0
-8.1749,37.387,-133.99,126.74,146.74,66.242,-109.74,58.251,502.74,-99.788,289,-182.8,-43.273,0,0
5.1962,11.475,65.051,130.59,-18.89,-185.81,222.69,-180.53,225.44,10.92,512.1,-247.61,-64.798,0,0
16.021,27.641,-338.84,81.373,41.425,-435.52,227.67,256.25,120.1,-306.89,82.842,-100.02,-47.528,0,0
-6.9282,-12.683,257.75,115.57,257.01,-188.09,152.34,126.63,-43.457,207.67,-13.497,-242.73,-26.931,0,0
-1.7321,-19.203,-25.469,29.225,56.283,86.74,47.296,493.54,-130.23,-371.94,344.8,186.4,-103.34,0,0
-3.5066,19.588,290.47,-265.98,-81.042,86.27,-39.075,402.7,-402.5,2.4575,160.6,-172.21,-13.567,0,0
-22.379,-8.698,290.49,-261.04,46.79,278.62,37.43,-163.86,-36.351,253.88,179.32,-455.16,-20.812,0,0
-35.37,-20.99,15.138,-323.87,250.45,-582.23,75.573,-287.52,-7.529,6.183,-150.27,227.02,-73.777,0,0
6.9282,13.609,362.49,-164.91,-46.939,43.163,100.51,241.81,-504.2,-2.1764,-65.5,-133.67,-3.9689,0,0
3.8971,4.933,70.026,80.825,35.887,-9.0929,-458,918.55,82.71,-164.17,66.271,-159.46,-41.202,0,0
-4.4409e-015,-3.3905,307.21,51.261,115.94,38.718,319.03,230.23,80.925,-361.05,38.351,-93.445,-22.734,0,0
-12.853,-10.51,347.57,-310.79,125.77,-7.6874,172.65,-66.654,112.9,144.77,121.28,42.823,-92.739,0,0
2.5556,4.4097,-49.869,139.13,41.156,-285.3,697.18,103.73,-104.63,138.63,-24.053,335.32,-96.884,0,0
-28.167,-10.419,-10.894,105.75,135.53,85.545,-213.54,-171.11,430.76,105.21,-326.49,38.498,-41.854,0,0
-25.078,-9.6768,-351.65,212.3,132.63,-321.03,-239.18,-395.3,114.72,53.496,-138.27,367.1,-95.647,0,0
-10.292,0.10136,-314.76,217.84,193.31,131.54,-63.986,-375.85,191.23,-452.61,168.17,-25.793,-51.495,0,0
-14.289,12.557,193.18,407.33,-112.64,131.19,-84.252,242.89,-114.39,-88.365,268.93,536.58,-228.32,0,0
-1.7321,-3.2075,8.9478,35.677,42.069,222.95,179.42,-21.87,-167.57,-407.83,250.46,138.97,-158.61,0,0
-12.557,10.1,100.93,-59.201,-34.127,12.04,32.756,-42.245,14.953,-66.458,-13.221,200.5,-78.96,0,0
-11.691,-20.891,92.813,-103.31,-290.52,481.13,-546.11,603.4,-307.01,-65.944,-62.842,-70.757,-6.0359,0,0
6.9282,10.201,-17.002,196.47,-1.6934,50.109,-408.9,-195.12,53.23,-429.99,-5.4808,16.73,-43.967,0,0
0.86603,8.7141,164.93,81.602,-119.2,254.28,82.204,-94.055,312.35,216.08,-262.31,55.623,-44.366,0,0
-9.5263,-27.544,475.43,151.14,173.67,-50.891,-306.5,47.493,-533.39,-65.45,35.424,-3.7451,-55.529,0,0
-3.4853,0.040064,36.692,-23.526,-130.54,449.56,-64.224,-104.55,98.439,-3.4843,111.51,-51.904,-42.975,0,0
1.3047,9.2697,96.134,233.41,-89.912,-161.09,-100.97,-2.7958,139.54,-67.605,-260.41,-129.5,-20.426,0,0
1.7321,8.1585,103.92,-26.307,31.06,261.9,33.831,-50.297,-468.51,49.863,73.263,-6.053,-7.7697,0,0
-5.3291e-015,4.549,20.345,134.05,-280.11,251.48,-179.71,-257.31,195.24,-294.56,-42.463,95.694,-43.863,0,0
-31.658,-9.3732,-62.308,441.82,-140.76,166.25,87.024,637.3,-56.11,-32.627,-6.183,120.21,-52.333,0,0
6.4952,27.209,-72.828,83.475,-54.626,-122.73,103.54,78.419,118.8,-145.7,109.97,56.971,-39.345,0,0
-11.539,-16.87,-456.47,91.71,274.79,-532.73,-38.272,0.93357,-69.554,-60.359,73.473,102.73,-65.041,0,0
-26.145,1.2727,84.025,0.090344,259.02,-187.04,211.03,-423.82,-98.495,-34.519,-66.071,218.53,-76.697,0,0
-2.0646,-0.72756,296.57,-69.981,-166.79,118.35,-72.413,925.33,-133.62,-27.243,-59.817,174.56,-51.193,0,0
-1.2835,4.8505,-85.177,-91.35,-113.03,-225.72,-64.297,-163.12,77.691,253.39,-212.52,38.293,-49.265,0,0
-17.754,27.059,-134.84,126.61,-85.457,118.7,614.68,-60.733,-59.051,-7.3726,185.06,-201.31,-6.7189,0,0
2.3816,-15.45,-77.288,124.23,-241.91,84.546,54.629,-28.551,289.4,-176.9,84.741,71.517,-40.916,0,0
6.0565,29.405,385.95,139.18,471.49,-335.1,162.26,229.12,157.16,-7.9222,-19.223,104.17,-56.997,0,0
10.825,23.348,-360.9,561.14,-117.89,-202.22,129.75,-75.255,-185.99,125.52,-158.39,351.75,-136.61,0,0
-15.451,-14.352,-71.47,-288.19,-28.842,341.73,-285.61,55.486,-41.209,142.42,-28.395,76.285,-30.37,0,0
-26.303,11.983,16.323,158.2,159.7,-11.994,111.92,685.17,-28.196,-113,15.401,204.44,-74.886,0,0
-7.7631,26.668,-17.706,62.288,77.855,-11.151,-18.203,595.45,-359.54,91.828,-33.78,-110.86,-9.0377,0,0
4.4886,-23.865,46.277,179.61,-24.515,178,-27.377,595.5,-187.15,-72.046,-34.581,341.93,-103.87,0,0
-34.61,5.0472,163.64,23.107,19.536,-8.657,256.07,616.07,-282.17,73.229,-33.328,16.707,-25.352,0,0
8.6603,-5.5622,87.775,77.45,10.979,247.87,-36.184,-102.83,150.29,-259.3,22.096,-19.304,-44.863,0,0
-22.928,-5.9716,-416.33,207.58,43.555,108.28,-32.198,-20.804,-12.726,0.99519,109.8,475.24,-130.76,0,0
17.12,16.112,263.5,57.866,155.46,493.28,502.14,-573.53,-3.8173,-48.324,76.058,6.9527,-29.249,0,0
5.3546,-0.7476,-49.203,220.75,70.232,-232.94,322.82,157.51,-124.98,-52.433,15.147,121.52,-50.791,0,0
-19.586,0.87796,190.33,-118.02,31.013,34.243,407.01,-314.97,127.15,-70.129,308.59,-165.01,-52.385,0,0
-6.8857,1.8869,-31.152,-137.23,-83.323,-58.059,-30.945,-48.641,-54.807,-213.47,-71.421,186.17,-68.064,0,0
4.3301,-10.959,68.608,13.863,-38.022,13.859,246.41,-71.373,528.1,-44.063,383.92,133.59,-139.62,0,0
-30.063,-35.714,-186.88,-69.271,104,6.2372,-375.13,596.18,-87.552,44.905,-55.225,25.821,-32.194,0,0
-1.7321,-6.616,-62.983,139.15,-72.77,-277.86,-248.82,827.68,-88.062,-8.205,5.3284,-23.36,-30.78,0,0
-15.018,-6.3696,181.01,-496.23,100.72,180.88,-236.72,-32.046,-233.44,238.23,252.35,-445.58,-19.958,0,0
-6.9282,-12.683,257.75,115.57,409.69,196.44,-113.58,-76.062,-66.358,360.39,-129.61,-380.82,-49.199,0,0
-5.4707,17.874,-213.19,-24.078,245.74,69.957,-159.74,512.02,11.198,-32.818,51.574,188.25,-75.849,0,0
-25.569,-12.386,-544.38,338.54,57.942,-77.613,297.18,-6.5442,-73.872,-79.672,-19.19,199.71,-84.453,0,0
6.0254,-3.2913,91.711,542.33,-84.049,-74.39,388.51,411.1,-232.08,-131.83,172.65,-238.79,-34.499,0,0
16.46,17.938,183.23,253.09,-141.94,266.19,127.75,-54.446,-195.02,309.63,-241.69,-368.32,-22.289,0,0
-7.0075,30.246,472.96,34.592,-78.579,-121.98,-17.983,456.2,-482.93,25.314,-12.095,156.77,-77.38,0,0
11.871,23.895,60.609,282.06,-148.85,-287.91,-132.03,-28.363,50.672,-207.63,223.92,454.11,-201.68,0,0
-16.423,13.608,208.82,168.07,-124.54,35.95,129.09,-91.671,1.3089,248.03,-115.24,-228.75,-22.576,0,0
-25.764,-27.125,271.48,-5.8916,217.52,-296.34,92.683,-74.018,96.756,-154.9,452.65,280.63,-179.27,0,0
2.7566,-13.395,-24.983,148.53,93.736,238.13,-32.086,298.5,-479.94,88.439,33.775,291.12,-104.39,0,0
-1.5425,-7.3657,-448.32,209.5,-67.665,95.251,77.656,279.73,-608.3,73.229,-33.328,16.707,-25.352,0,0
-0.82925,-8.0021,-70.486,122.66,132.03,204.15,289.66,-104.18,61.707,-106.28,453.49,-222.6,-21.151,0,0
11.084,1.3463,52.36,-110.81,78.689,-37.54,-91.945,-20.87,46.75,-145.74,110.24,244.09,-96.603,0,0
11.079,19.123,193.37,117.63,-36.168,23.308,322.94,504.6,-163.65,28.339,-15.363,181.32,-51.583,0,0
6.0679,-3.5736,82.14,-156.12,167.81,-200.73,-19.822,-197,196.07,-565.93,17.862,-190.72,-16.389,0,0
-41.532,-21.28,-216.01,395.33,-246.83,24.822,199.49,2.3225,-183.22,119.15,-132.62,179.01,-90.33,0,0
3.4641,11.208,206.42,-92.537,66.306,126.81,344.73,154.04,158.93,-208.26,-111.22,482.56,-180.38,0,0
-3.0311,11.288,110.56,17.357,-127.56,417.11,247.39,-528.72,319.43,-421.44,59.734,-8.1693,-38.833,0,0
-15.942,27.16,101.97,-161.63,-6.7838,21.958,553.52,-177.36,-116.11,16.52,-59.861,163.75,-49.18,0,0
3.2631,3.4052,285.68,88.129,205.82,130.54,122.11,461.43,-170.98,2.8284,35.957,79.515,-51.905,0,0
