10.857,10.205,12.816,4.7633,0,0,0,0,0,11.344,17.914,-25.046,-6.8612,0,0,0,0,0,18.634,-36.777,335.98,82.24,-1.2226,-1.7753,-1.3571,-0.11795,0.031606,8.6368,-67.286,511.13,497.99,24.921,-37.913,-72.881,-6.9296,1.8568,3.4013,-73.373,516.88,552.27,-62.44,380.49,765.2,71.358,-19.12,12.478,-66.55,468.98,896.88,973.2,790.19,238.24,4.2437,-1.1371,22.165,-41.206,468.43,812.71,346.38,51.46,23.94,4.2779,-1.1462,2.6136,3.5126,10.112,29.169,3.8303,2.2944,6.7894,2.0732,-0.55551,-0.70032,-0.94119,-2.7096,-7.8158,-1.0263,-0.61477,-1.8192,-0.55551,0.14885
6.8541,6.4372,10.619,2.2916,0,0,0,0,0,7.4197,14.258,-36.706,3.304,0,0,0,0,0,18.598,-34.212,404.05,2.8965,0.069678,-0.66726,-1.9168,-0.97075,0.26011,14.468,-59.76,584.97,5.4686,5.9003,-32.375,6.5538,6.0157,-1.6119,17.29,-60.438,592.85,2.8818,-60.799,333.29,86.467,5.6739,-1.5203,25.138,8.6684,338.76,-26.881,-31.588,228.57,13.076,3.1025,-0.8313,11.83,-20.029,345.15,423.35,258.77,492.15,283.22,36.867,-9.8786,1.9467,2.2593,3.7254,3.4906,6.2886,4.2502,9.5397,1.0366,-0.27775,-0.5216,-0.60537,-0.99822,-0.93531,-1.685,-1.1388,-2.5562,-0.27775,0.074424
8.603,15.134,18.416,4.5845,0,0,0,0,0,14.247,18.128,-4.9162,4.8611,0,0,0,0,0,19.1,8.1516,227.26,-4.5473,-0.45225,-1.0151,-1.2226,-0.75159,0.20139,15.712,-60.231,543.37,57.475,7.8208,4.399,-70.126,-4.7362,1.269,12.217,-69.252,472.6,127.21,-78.191,147.15,673.31,70.638,-18.927,11.625,-70.08,474.14,199.7,661.33,726.46,147.96,4.7323,-1.268,14.982,-51.918,418.84,929.69,395.71,29.292,23.94,4.2779,-1.1462,3.8074,4.1229,25.896,39.865,3.9608,2.2584,6.7894,2.0732,-0.55551,-1.0202,-1.1047,-6.9389,-10.682,-1.0613,-0.60515,-1.8192,-0.55551,0.14885
2.8561,7.1354,17.463,3.0342,-0.61105,7.5221,18.388,3.1918,-0.85524,3.5397,13.406,-7.8703,1.451,-0.89096,9.0293,16.08,2.6216,-0.70245,6.2577,-38.899,247.67,12.971,-1.3668,-11.613,89.125,26.026,-6.9736,9.4021,-68.715,474.13,130.94,-12.205,33.556,947.99,69.069,-18.507,21.666,-61.42,467.8,85.384,46.799,839.8,316.41,5.1265,-1.3736,8.3102,-64.479,504.89,286.09,866.92,164.46,6.3028,1.6322,-0.43735,19.292,-63.787,693,944.53,182.41,4.5627,0,0,0,2.0448,-5.5517,62.624,40.792,5.3699,1.4679,0,0,0,-0.5479,1.4876,-16.78,-10.93,-1.4389,-0.39333,0,0,0
16.083,15.131,19.703,6.7107,0,0,0,0,0,19.542,24.095,-17.166,-2.1506,0,0,0,0,0,12.205,-38.266,289.73,54.089,-0.43607,5.9752,-35.84,-9.0743,2.4315,10.802,-73.102,477.18,123.44,13.406,-71.307,252.87,62.149,-16.653,3.007,-81.666,477.42,135.11,-85.587,279.34,742.59,41.861,-11.217,9.3211,-72.647,461.78,121.84,536.36,747.31,81.495,4.6245,-1.2391,14.299,-61.781,532.64,882.53,400.16,50.704,23.94,4.2779,-1.1462,3.2105,-5.5231,62.3,40.259,4.8394,1.7435,6.7894,2.0732,-0.55551,-0.86025,1.4799,-16.693,-10.787,-1.2967,-0.46718,-1.8192,-0.55551,0.14885
13.083,17.186,16.896,1.7184,0,0,0,0,0,14.375,23.962,-24.095,-22.833,0,0,0,0,0,10.149,-42.927,354.19,199.56,0.022612,-0.85958,-1.8297,-0.9432,0.25273,8.8987,-72.702,485.89,127.64,-0.51598,4.9895,13.069,5.7058,-1.5289,16.198,-59.838,406.06,61.58,6.8771,-32.75,-44.025,8.6565,-2.3195,7.5027,-66.548,390.33,11.434,21.949,301.97,656.13,55.459,-14.86,13.825,-66.049,542.41,568.64,418.32,351.27,85.059,5.6695,-1.5191,0.77181,-8.1746,57.766,20.016,3.5,0.722,7.3436,0.65288,-0.17494,-0.20681,2.1904,-15.478,-5.3633,-0.93784,-0.19346,-1.9677,-0.17494,0.046875
11.268,14.381,14.672,7.7601,11.273,16.716,12.479,3.139,-0.8411,12.163,15.404,17.741,10.763,-3.2852,-28.154,13.01,3.2191,-0.86255,16.235,6.9709,70.243,4.3235,138.47,358.29,16.793,0.64354,-0.17244,17.856,-61.217,629.78,248.17,484.86,87.887,-69.439,-3.5346,0.94709,22.194,-56.946,456.64,75.754,523.4,549.42,609.36,121.64,-32.594,6.5257,-73.871,610.62,630.04,691.68,333.64,108.7,1.4135,-0.37876,13.167,3.7987,60.03,-43.053,301.3,4.1787,0,0,0,5.3769,6.3094,1.8261,5.6463,7.6849,0.96084,0,0,0,-1.4407,-1.6906,-0.48931,-1.5129,-2.0592,-0.25746,0,0,0
9.4424,4.7603,35.721,6.291,0,0,0,0,0,11.008,9.6532,12.789,5.0291,0,0,0,0,0,17.11,-13.895,150.37,3.8957,-0.40166,-1.2825,-1.834,-0.42298,0.11334,9.3544,-57.986,332.65,10.793,6.9531,20.418,-48.843,-7.7619,2.0798,23.622,-40.193,302.61,16.755,-77.013,44.365,511.02,120.98,-32.417,16.728,23.005,-42.058,87.001,557.03,590.9,188.57,4.8633,-1.3031,17.529,-53.387,637.08,636.34,180.74,17.841,12.943,1.2823,-0.3436,3.2724,-5.6572,87.401,19.011,3.5102,5.0857,3.2602,0.48966,-0.1312,-0.87685,1.5158,-23.419,-5.094,-0.94056,-1.3627,-0.87358,-0.1312,0.035156
24.001,24.217,12.588,10.084,9.4518,6.9233,7.9176,2.7148,-0.72744,20.089,21.459,6.211,-68.838,4.472,5.8387,7.1019,2.9049,-0.77837,8.7938,8.3419,69.963,570.62,22.138,62.329,22.348,3.2822,-0.87947,11.448,11.381,152.07,528.46,376.36,603,59.502,8.6717,-2.3236,22.183,-26.709,418.33,775.24,655.68,763.52,370.63,29.459,-7.8936,7.5129,5.8197,23.261,-18.664,483.71,330.66,3.1322,1.2514,-0.3353,0,0,-1.5381,-3.3227,176.59,145.64,0,0,0,0,0,-0.5191,1.6336,22.043,14.486,0,0,0,0,0,0.13909,-0.43772,-5.9063,-3.8815,0,0,0
18.701,18.631,22.49,8.1658,0,0,0,0,0,17.962,22.865,-17.056,-15.974,0,0,0,0,0,18.914,-35.006,356.08,151.42,0.035123,-0.30348,-1.0901,-0.40135,0.10754,7.8096,-63.121,345.39,15.169,-1.2702,15.082,-43.821,-5.2436,1.405,1.8297,-74.29,353.39,7.1287,-79.096,11.677,330.34,38.935,-10.433,6.4772,-10.917,62.402,35.087,435.19,425.51,109.19,4.2331,-1.1342,14.177,-52.983,547.77,495.03,148.82,17.304,15.484,3.6184,-0.96955,1.9381,-6.9302,86.05,15.616,7.1863,4.6243,2.6722,1.7954,-0.48108,-0.51931,1.8569,-23.057,-4.1844,-1.9256,-1.2391,-0.716,-0.48108,0.12891
5.7967,3.8736,14.325,13.033,12.198,9.0421,14.218,3.1772,-0.85132,8.8975,12.428,-23.558,-15.882,10.669,17.088,14.508,2.5163,-0.67423,14.317,-38.423,352.88,264.34,19.522,-23.017,20.934,2.4213,-0.64877,7.5674,-68.545,512.97,364.32,-6.7978,746.42,71.122,4.3981,-1.1785,2.9755,-74.064,504.36,273.84,137.52,591.14,-58.804,-3.0459,0.81615,15.832,-57.022,563.99,658.26,797.86,796.76,600.56,69.569,-18.641,8.0293,9.2842,8.9767,-64.178,565.31,309.71,12.566,3.7551,-1.0062,2.7554,2.2767,2.3101,-0.4964,55.701,18.302,2.8576,0.68881,-0.18457,-0.73832,-0.61005,-0.61898,0.13301,-14.925,-4.9041,-0.76568,-0.18457,0.049454
5.7557,6.4004,8.4034,2.8661,0,0,0,0,0,5.7755,7.4495,-5.1821,-21.735,0,0,0,0,0,8.9903,6.2753,150.91,228.65,0,0,0,0,0,11.161,18.158,86.633,233.2,0,0,0,0,0,11.884,11.301,160.64,284.65,1.9254,-7.2274,-7.2236,0.021234,-0.0056897,12.999,12.298,177.7,280.38,42.983,199.73,188.28,10.39,-2.7841,16.241,-21.932,353.39,723.65,230.71,332.09,333.82,28.567,-7.6546,8.8317,-3.214,92.138,40.22,5.1564,5.2873,2.7448,0.99676,-0.26708,-2.3665,0.86119,-24.688,-10.777,-1.3817,-1.4167,-0.73548,-0.26708,0.071564
16.742,20.443,13.819,6.485,-1.234,6.332,10.723,2.0667,-0.55377,18.063,25.127,-8.2047,5.9022,-1.2182,7.3112,15.652,2.4443,-0.65496,10.271,-36.097,259.66,32.942,-0.71148,-2.2499,-15.993,4.7474,-1.2721,12.509,-60.032,555.66,10.366,9.6634,108.19,478.37,2.9271,-0.78431,18.001,-53.178,617.17,-13.577,-38.923,165.84,512.88,-2.6152,0.70075,12.841,-53.504,486.58,832.58,784.48,875.67,808.88,73.1,-19.587,30.031,31.031,18.484,30.764,-76.117,484.07,186.68,5.8898,-1.5782,5.0407,3.8801,5.3988,1.8035,-7.3215,39.765,5.7034,1.7119,-0.45869,-1.3506,-1.0397,-1.4466,-0.48325,1.9618,-10.655,-1.5282,-0.45869,0.12291
10.045,14.908,16.207,13.088,15.077,8.1232,18.627,3.4674,-0.92909,10.968,20.875,-21.609,3.2659,10.717,-26.987,17.714,3.7611,-1.0078,16.255,-32.554,303.66,84.604,39.787,326.75,15.885,3.1341,-0.83977,15.164,-55.668,521.35,358.24,49.435,460.99,9.5367,-17.165,4.5993,11.421,-67.425,498.14,248.25,25.041,31.847,176.63,126.86,-33.993,14.098,-65.109,463.9,87.929,222.68,540.26,444.81,40.779,-10.927,19.698,-63.596,693.01,800.33,535.05,108.16,17.445,7.4126,-1.9862,0.5357,-8.3668,93.077,43.383,4.9862,4.3614,6.6285,2.2851,-0.61229,-0.14354,2.2419,-24.94,-11.624,-1.336,-1.1686,-1.7761,-0.61229,0.16406
5.7967,3.8736,14.271,20.896,13.215,2.3564,0,0,0,8.8975,12.428,-23.415,-26.894,11.838,3.1254,0,0,0,14.317,-38.423,337.35,416.4,19.71,2.2503,-3.0896,-0.71643,0.19197,7.5674,-68.545,489.83,513.39,9.0718,36.028,27.103,3.2188,-0.86248,4.9996,-72.721,513.51,335.2,59.969,355.54,62.874,23.181,-6.2113,9.9908,-64.51,483.08,449.21,556.37,884.91,500.31,40.274,-10.791,22.71,-62.406,642.73,591.25,391.63,101.32,19.655,5.3827,-1.4423,0.6872,-8.4575,58.714,17.192,6.753,2.7175,4.1432,1.4679,-0.39333,-0.18413,2.2662,-15.732,-4.6067,-1.8094,-0.72815,-1.1102,-0.39333,0.10539
11.777,11.571,23.156,26.393,13.14,6.3133,12.56,6.206,-1.6629,9.7752,17.06,-12.419,13.997,-0.15857,-16.988,15.77,10.782,-2.8891,19.958,-15.171,241.93,64.146,116.62,216.54,-24.977,17.172,-4.6012,9.8895,-65.013,612.69,-6.3391,113.49,291.46,444.96,96.913,-25.968,19.715,-48.529,511.38,151.8,685.62,561.87,103.1,4.6389,-1.243,3.0426,2.311,14.392,112.16,268.73,124.89,3.6635,0.48966,-0.1312,0,0,-0.93176,-2.1168,169.44,123.15,0,0,0,0,0,-0.39515,0.82347,22.819,14.754,0,0,0,0,0,0.10588,-0.22065,-6.1143,-3.9533,0,0,0
10.045,14.908,15.201,17.245,15.069,8.1195,9.5032,1.6124,-0.43204,10.968,20.875,-22.765,10.148,17.277,-51.71,11.901,1.4706,-0.39405,17.209,-31.013,308.42,54.378,-19.967,573.3,16.393,2.4588,-0.65885,5.3453,-70.175,468.86,737.78,200.79,505.33,16.798,24.489,-6.5618,2.6499,-74.77,501.33,222.16,484.13,785.42,670.01,72.165,-19.337,23.446,-54.272,588.42,821.61,1003.7,426.64,42.039,2.0159,-0.54016,15.124,-54.666,585.66,525.04,498.86,6.1087,0,0,0,1.8554,2.4353,6.9165,4.6586,34.911,1.3193,0,0,0,-0.49714,-0.65253,-1.8533,-1.2483,-9.3544,-0.35351,0,0,0
12.274,12.842,16.043,2.3947,0,0,0,0,0,12.795,13.33,11.504,-13.146,0,0,0,0,0,9.288,14.652,46.067,140.21,-0.613,-2.9028,-1.3462,-0.39047,0.10463,12.119,19.275,40.728,210.37,-12.664,55.583,-2.7233,-5.7212,1.533,14.981,24.713,98.393,237.2,277.59,155.46,196.83,58.009,-15.543,16.675,-21.822,248.66,71.94,642.35,819.27,393.39,19.36,-5.1876,17.243,-58.078,685,686.21,651.64,107.39,18.123,3.8095,-1.0208,4.7449,-5.1867,93.293,40.5,5.3892,4.8355,3.4781,0.56932,-0.15255,-1.2714,1.3898,-24.998,-10.852,-1.444,-1.2957,-0.93197,-0.15255,0.040875
13.079,15.225,10.542,15.67,8.5272,4.1287,0,0,0,11.162,13.591,7.5466,-66.32,1.6079,3.1225,0,0,0,14.572,19.963,34.134,718.47,71.808,-47.999,-3.3254,-0.41077,0.11007,4.813,-63.875,441.66,355.49,147.41,375.59,35.577,3.3668,-0.90212,25.364,-56.522,612.39,-127.58,504.2,77.113,33.036,6.0683,-1.626,15.585,-33.76,338.09,507.06,796.71,596.63,521.94,57.3,-15.353,17.966,18.344,11.824,214.51,324.05,49.479,20.606,4.1953,-1.1241,3.031,3.1113,6.1099,3.7798,5.0283,6.5249,5.4079,1.8847,-0.50501,-0.81214,-0.83367,-1.6371,-1.0128,-1.3473,-1.7483,-1.449,-0.50501,0.13532
0,0,-0.76294,11.581,11.595,20.138,19.628,2.7482,-0.73637,0,0,-1.0284,10.558,14.661,-55.06,9.9199,3.1027,-0.83135,-2.0224,5.654,-61.881,2.8602,-27.605,587.34,97.513,4.6452,-1.2447,8.3188,-50.441,434.14,93.308,26.981,574.49,60.124,3.1087,-0.83298,11.781,-68.299,458.24,71.501,44.264,193.48,0.73295,-5.5841,1.4963,15.639,-31.993,373.96,324.58,70.134,41.822,136.51,40.686,-10.902,11.837,15.97,11.328,368.83,781.8,708.58,238.29,3.922,-1.0509,3.8977,4.6381,4.4401,-0.73636,113.21,71.412,9.1565,1.3058,-0.34988,-1.0444,-1.2428,-1.1897,0.19731,-30.335,-19.135,-2.4535,-0.34988,0.09375
0,0,-1.8199,16.875,12.032,8.5952,19.366,7.3428,-1.9675,0,0,-2.0103,15.169,3.7135,-54.32,16.876,6.2901,-1.6854,-1.9254,-2.0636,-16.198,-13.43,45.839,530.87,18.991,2.6498,-0.71,10.458,7.6436,126.4,125.32,377.4,740.03,-67.488,-6.2892,1.6852,11.006,4.9365,201.17,196.94,450.39,378.35,704.25,89.512,-23.985,6.4464,-7.888,241.9,669.81,957.86,812.3,280.18,18.137,-4.8597,15.221,-52.425,585.17,555.3,536.06,58.517,14.61,4.3249,-1.1589,2.1776,2.0086,5.7057,3.8997,33.268,3.21,2.9853,1.2222,-0.32749,-0.58349,-0.5382,-1.5288,-1.0449,-8.9143,-0.86012,-0.79992,-0.32749,0.08775
5.3347,6.3884,16.886,6.5938,0,0,0,0,0,7.4567,13.796,-19.967,-3.5545,0,0,0,0,0,17.574,-23.725,253.44,82.157,3.4409,-22.738,-0.91102,-2.0161,0.54021,7.6818,-72.05,463.61,110.83,-26.423,131.7,104.31,19.287,-5.1679,5.9747,-48.869,249.15,-68.768,99.622,964.36,433.49,20.699,-5.5462,8.1633,-31.488,349.22,485.26,609.7,353.63,4.2945,1.602,-0.42926,16.586,-7.747,252.13,41.85,250.59,111.06,0,0,0,2.3341,2.0359,5.4514,3.565,6.9019,1.1308,0,0,0,-0.62541,-0.54553,-1.4607,-0.95523,-1.8494,-0.303,0,0,0
12.274,12.842,13.431,14.644,17.439,10.749,14.218,3.1772,-0.85132,12.795,13.33,10.019,-23.373,20.266,21.42,14.508,2.5163,-0.67423,8.8297,14.968,48.653,315.69,-21.019,35.112,-13.43,-5.1557,1.3815,15.971,18.898,-12.331,549.05,384.38,416.12,288.8,39.585,-10.607,10.735,12.287,-61.852,479.49,477.37,742.16,282.18,5.5852,-1.4965,13.791,20.737,-33.324,830.77,964.62,186.66,5.0635,0.79762,-0.21372,23.005,-42.718,464.52,306.46,362.97,41.984,0,0,0,1.7589,1.7272,2.0876,3.7786,8.9886,2.2617,0,0,0,-0.47131,-0.46281,-0.55936,-1.0125,-2.4085,-0.60601,0,0,0
13.335,15.116,14.645,3.2595,0,0,0,0,0,12.484,19.989,-23.612,-21.095,0,0,0,0,0,15.236,-13.313,222.16,188.32,-0.80265,-0.10178,-1.6217,-0.5032,0.13483,14.851,-59.999,630.22,327.88,13.952,1.8754,7.0661,4.1788,-1.1197,11.356,-66.281,778.02,280.81,-51.898,75.993,164.71,9.9609,-2.669,18.185,-64.251,751.87,636.4,874.05,893.61,689.07,57.927,-15.522,18.074,-59.419,634.89,743,345.54,26.526,20.606,4.1953,-1.1241,5.6677,-0.65631,61.916,42.299,3.2254,4.5623,5.4079,1.8847,-0.50501,-1.5186,0.17586,-16.59,-11.334,-0.86423,-1.2225,-1.449,-0.50501,0.13532
18.437,23.374,31.575,7.0114,0,0,0,0,0,21.146,33.316,-30.307,-15.504,0,0,0,0,0,10.003,-25.689,391.39,169.26,-0.45981,-1.7428,-1.5736,-0.14655,0.039268,6.5673,-69.852,547.51,328.45,13.037,-16.852,-54.378,1.3083,-0.35055,5.3016,-72.166,512.77,337.34,-89.032,162.99,474.79,27.119,-7.2666,8.9864,-71.802,556.1,326.3,547.18,937.66,457.58,42.666,-11.432,16.684,-1.4038,164.88,965.37,700.73,147.35,18.123,3.8095,-1.0208,2.076,2.8549,-6.5155,87.206,16.533,4.9667,3.4781,0.56932,-0.15255,-0.55627,-0.76497,1.7458,-23.367,-4.43,-1.3308,-0.93197,-0.15255,0.040875
5.7967,3.8736,15.224,7.6436,20.637,11.246,7.9176,2.7148,-0.72744,8.8975,12.428,-23.526,-14.469,5.4957,-14.399,7.1019,2.9049,-0.77837,13.908,-39.443,332.86,222.32,111.66,179.31,13.476,2.2692,-0.60803,13.609,-61.186,625.28,255.27,608.84,553.74,-39.949,3.3617,-0.90077,12.856,-65.24,773.96,239.16,807.69,760.93,450.39,25.917,-6.9445,9.934,-71.961,738.84,894.27,984.16,1000.7,752.61,40.394,-10.824,11.605,3.5744,101.33,15.276,631.25,460.18,11.458,3.6489,-0.97772,1.547,1.8662,3.4537,3.8373,20.443,16.528,3.2769,1.197,-0.32072,-0.41453,-0.50006,-0.92541,-1.0282,-5.4776,-4.4287,-0.87804,-0.32072,0.085937
5.6136,6.0718,10.265,8.7841,18.627,3.4674,0,0,0,8.1794,14.034,-51.324,-37.553,17.714,3.7611,0,0,0,8.5844,-44.035,524.3,424.11,16.268,2.7607,-1.6217,-0.5032,0.13483,2.6845,-79.511,770.02,483.18,9.9679,1.6472,7.0661,4.1788,-1.1197,-0.67551,-82.774,778.29,328.89,80.962,125.43,147.55,10.67,-2.8589,10.861,-75.52,738.68,957.54,1031.8,946.55,734.02,27.349,-7.3281,17.799,-25.064,378.52,956.59,284.83,29.974,21.391,6.3565,-1.7032,4.5468,7.0169,10.168,57.588,2.7762,4.1167,3.6614,1.059,-0.28375,-1.2183,-1.8802,-2.7246,-15.431,-0.74388,-1.1031,-0.98106,-0.28375,0.076032
5.7967,3.8736,15.97,3.2048,0,0,0,0,0,8.8975,12.428,-22.409,-21.663,0,0,0,0,0,14.352,-38.616,353.97,219.01,0,0,0,0,0,8.4803,-67.588,514.98,324.67,0,0,0,0,0,13.968,-59.544,543.19,294.62,-8.1973,-0.76015,-1.6197,-0.20103,0.053866,20.459,-67.882,742.17,266.19,191.59,0.73948,-71.879,-5.0214,1.3455,18.214,-49.929,572.14,717.22,661.89,802,735.81,71.093,-19.049,1.4338,2.8069,10.267,27.326,-4.8786,83.849,107.68,1.1308,-0.303,-0.38419,-0.75212,-2.7512,-7.3221,1.3072,-22.467,-28.852,-0.303,0.08119
12.064,10.397,23.952,4.2784,0,0,0,0,0,10.857,17.099,-34.679,-5.3571,0,0,0,0,0,9.3561,-46.032,456.61,101.06,-1.1639,-0.11194,0.34937,0.59564,-0.1596,6.375,-69.881,545.21,330.3,3.7569,-88.847,8.9505,7.7001,-2.0632,3.8914,-74.237,518.96,265.89,39.138,655.17,832.07,58.267,-15.613,11.446,-62.656,477.66,684.35,905.52,428.3,70.087,1.6962,-0.45451,19.344,-48.523,438.06,701.03,149.83,2.7183,0,0,0,4.6826,2.9714,21.869,16.225,7.8016,1.3417,0,0,0,-1.2547,-0.79617,-5.8597,-4.3476,-2.0904,-0.35951,0,0,0
13.083,17.186,16.15,6.1572,20.869,6.626,0,0,0,14.375,23.962,-25.212,-15.639,5.7323,-17.634,0,0,0,11.137,-41.444,330.46,202.75,138.57,151.34,-1.5545,-0.16769,0.044932,2.6411,-83.924,657.68,-36.336,467.36,180.41,-71.11,-6.78,1.8167,12.944,-56.171,459.75,687.55,903.01,603.89,806.33,95.19,-25.506,2.0305,2.296,11.479,271.18,738.13,323.83,331.59,37.904,-10.156,0,0,-7.4291,176.15,443.75,3.9144,0,0,0,0,0,-0.58285,4.7264,5.8265,0.67813,0,0,0,0,0,0.15617,-1.2664,-1.5612,-0.18171,0,0,0
5.7967,3.8736,15.494,7.9928,6.4932,13.994,12.479,3.139,-0.8411,8.8975,12.428,-22.937,-15.684,-6.0301,-30.655,13.01,3.2191,-0.86255,14.121,-38.863,352.89,223.65,132.66,379.74,20.625,2.394,-0.64147,12.057,-60.147,512.45,328.58,181.32,274.3,-47.172,-2.1967,0.5886,22.639,-51.514,507.34,287.6,259.04,668.14,702.08,94.95,-25.442,10.888,-76.256,710.71,275.33,922.77,869.63,101.45,1.8922,-0.50703,15.985,-50.401,492.33,676.45,511.42,116.15,14.282,4.8021,-1.2867,1.9227,2.1904,27.677,43.158,7.4456,4.2271,6.8102,0.92492,-0.24783,-0.51517,-0.58693,-7.4161,-11.564,-1.995,-1.1326,-1.8248,-0.24783,0.066406
6.9313,11.384,19.904,4.0157,0,0,0,0,0,9.8292,20.071,-38.603,-21.083,0,0,0,0,0,15.947,-34.986,467.19,220.39,-0.49811,-1.484,-1.1805,-0.49663,0.13307,8.3556,-72.936,773.98,329.06,6.4868,19.17,-48.233,4.1471,-1.1112,-1.0057,-83.873,775.96,316.77,-55.9,-28.421,429.88,26.489,-7.0976,5.9099,-72.645,779.23,434.39,621.91,923.72,592.08,40.718,-10.91,13.979,-56.514,556.36,1079.6,736.67,227.61,20.674,4.1794,-1.1199,4.9127,4.7612,19.549,124.79,20.823,6.6152,4.7847,1.1678,-0.31291,-1.3163,-1.2758,-5.238,-33.438,-5.5794,-1.7725,-1.2821,-0.31291,0.083844
10.465,8.7834,14.216,6.3991,6.3065,13.006,14.341,5.791,-1.5517,7.7088,6.9896,17.771,11.407,-6.1194,-33.237,14.046,5.3714,-1.4393,7.3765,11.687,-4.4335,-4.3506,133.34,344.06,15.111,4.7378,-1.2695,12.826,-53.466,463.74,299.46,152.43,513.24,6.8966,3.2912,-0.88188,15.134,-65.809,483.17,79.568,563.48,838.55,319.49,32.539,-8.7187,19.824,-59.013,432.77,715.65,524.83,222.18,3.0049,1.3193,-0.35351,16.847,-64.292,642.87,173.62,36.494,18.278,0,0,0,4.6361,-3.8999,41.697,4.7718,7.4129,0.81611,0,0,0,-1.2422,1.045,-11.173,-1.2786,-1.9863,-0.21867,0,0,0
0,0,-0.33114,5.0764,6.7443,7.9982,9.5032,1.6124,-0.43204,0,0,-0.36201,4.8672,12.45,-38.787,11.901,1.4706,-0.39405,-1.4943,4.7042,-61.39,-15.545,-31.742,428.48,-24.088,-4.9276,1.3203,9.65,-43.232,448.75,173.81,-54.671,760.84,336.31,60.541,-16.222,13.438,-75.867,736.65,80.418,312.35,979.02,644.82,70.684,-18.94,15.134,-71.084,753.12,989.33,805.15,623.37,25.58,3.816,-1.0225,14.102,-30.916,365.3,259.72,56.27,145.41,9.6036,2.6258,-0.70359,4.3042,4.6399,3.1135,0.96705,3.3388,2.9619,2.4483,0.89186,-0.23897,-1.1533,-1.2433,-0.83425,-0.25912,-0.89464,-0.79364,-0.65602,-0.23897,0.064032
10.857,10.205,12.816,4.7633,0,0,0,0,0,11.344,17.914,-25.046,-6.8612,0,0,0,0,0,17.589,-38.469,336.12,103.89,-0.72192,-0.82709,-1.5025,-0.28424,0.076162,13.74,-57.848,511.49,305.29,12.005,20.165,-65.862,-7.0588,1.8914,14.25,-68.274,474.48,116.19,-33.957,18.116,450.44,57.333,-15.362,9.6744,-74.382,679.87,248.24,698.96,479.7,150.31,19.39,-5.1955,16.044,-68.839,760.47,551.66,53.777,15.97,12.943,1.2823,-0.3436,3.4617,-5.1248,87.751,18.982,3.6329,5.3684,3.2602,0.48966,-0.1312,-0.92755,1.3732,-23.513,-5.0863,-0.97342,-1.4385,-0.87358,-0.1312,0.035156
9.0698,10.492,16.1,6.7905,-0.68143,8.9037,16.46,6.6061,-1.7701,11.702,17.777,-19.935,-19.675,4.8494,-26.691,7.0379,7.2879,-1.9528,14.48,-17.358,260.09,174.66,-41.117,224.23,95.524,5.1847,-1.3892,6.2198,-80.421,708.62,155.53,-57.775,831.93,165.56,3.5878,-0.96135,0.47565,-89.596,752.29,101.15,-86.274,780.52,28.004,14.554,-3.8997,7.0251,-73.627,595.29,467.41,388.82,982.01,671.31,57.698,-15.46,22.982,10.585,94.61,307.8,79.635,559.96,25.107,3.4881,-0.93462,3.4601,3.5406,4.1274,3.0967,3.6932,4.2216,4.5954,1.6536,-0.44307,-0.92714,-0.94869,-1.1059,-0.82977,-0.98959,-1.1312,-1.2313,-0.44307,0.11872
6.8541,6.4372,10.619,2.2916,0,0,0,0,0,7.4197,14.258,-36.706,3.304,0,0,0,0,0,18.598,-34.212,404.05,2.8965,0,0,0,0,0,14.468,-59.76,584.97,5.4686,0,0,0,0,0,15.977,-61.994,594.42,3.9146,0.44804,-8.0335,-6.9146,-0.81597,0.21864,27.175,17.818,285.47,-70.489,103.9,195.96,198.64,23.011,-6.1659,8.2443,-64.152,600.02,547.77,276.01,328.14,345.34,43.18,-11.57,1.1728,-6.2344,40.067,5.0705,4.1658,4.5495,6.7988,1.197,-0.32072,-0.31424,1.6705,-10.736,-1.3586,-1.1162,-1.219,-1.8217,-0.32072,0.085937
5.3347,6.3884,16.886,6.5938,-0.84261,5.9359,15.516,1.4878,-0.39864,7.4567,13.796,-19.967,-3.5545,-0.95677,7.3448,16.997,1.4325,-0.38384,17.703,-24.229,244.49,89.322,-3.0849,18.558,-14.735,1.8441,-0.49413,8.7957,-63.654,475.89,38.623,13.297,-30.654,429.05,1.7783,-0.47649,9.0958,-80.137,741.34,39.185,-39.912,-49.199,294.02,2.8216,-0.75605,15.592,-26.182,356.09,383.93,650.39,721.21,690.58,4.3976,-1.1783,13.172,12.71,17.446,16.337,7.345,184.55,301.87,5.4318,-1.4555,3.7788,2.6662,4.1024,3.5978,4.1617,3.4281,2.9028,0.70339,-0.18847,-1.0125,-0.71441,-1.0992,-0.96404,-1.1151,-0.91856,-0.77781,-0.18847,0.050501
9.9084,15.18,9.4311,6.2734,15.917,12.82,7.9176,2.7148,-0.72744,8.8833,20.083,-44.965,-3.7063,9.3504,-5.4156,7.1019,2.9049,-0.77837,10.475,-44.094,440.41,92.535,40.936,137.38,13.247,2.2422,-0.6008,12.729,-76.391,733.67,122.76,163.67,532.97,-51.476,-4.0634,1.0888,8.6616,-83.363,773.69,294.07,313.22,808.14,397.79,42.067,-11.272,7.5596,-36.132,346.03,575.63,531.59,475.64,41.447,2.4501,-0.65651,8.2214,10.638,10.505,7.4872,155.25,132.13,0,0,0,3.2235,2.6972,4.5537,2.5944,2.7956,1.9683,0,0,0,-0.86373,-0.72271,-1.2202,-0.69516,-0.74908,-0.5274,0,0,0
4.958,4.158,8.8975,8.4149,10.872,15.881,8.2451,5.6993,-1.5271,6.7302,12.719,-29.646,-0.60357,10.641,20.79,8.8491,4.6332,-1.2415,8.7362,-45.361,325.44,90.38,14.196,-2.5428,15.905,3.6689,-0.98308,12.921,-69.865,508.14,144.84,13.607,417.33,-24.182,4.1827,-1.1208,13.858,-71.387,732.47,23.702,269.26,541.7,371.78,27.13,-7.2695,12.654,-72.04,716.93,695.15,818.99,856.94,367.55,43.631,-11.691,12.858,2.6428,112.24,116.49,588.03,351.35,21.086,2.7086,-0.72578,5.0325,5.8476,2.7616,-20.829,160.9,64.098,3.0778,0.47118,-0.12625,-1.3485,-1.5669,-0.73998,5.5812,-43.113,-17.175,-0.82468,-0.12625,0.033829
18.415,12.826,10.22,10.914,18.318,16.12,19.596,2.0557,-0.55082,14.807,11.724,8.9427,12.245,10.455,-45.142,19.07,2.4371,-0.65301,10.699,17.54,-31.637,42.839,82.81,435.02,-40.086,-3.2439,0.86921,15.75,-1.2383,219.58,740.84,82.575,986.8,580.76,61.399,-16.452,8.4763,20.034,-28.11,946.42,978.36,1033.8,645.84,70.65,-18.931,1.9053,3.7153,-26.363,366.04,835.15,439.91,4.4593,0.16322,-0.043735,0,0,-0.80482,-58.899,492.48,305.81,0,0,0,0,0,-0.067939,-1.3924,24.016,14.504,0,0,0,0,0,0.018204,0.3731,-6.4351,-3.8864,0,0,0
24.001,24.217,12.548,11.202,16.762,11.049,19.596,2.0557,-0.55082,20.089,21.459,5.0322,-58.442,21.561,-48.355,19.07,2.4371,-0.65301,9.77,15.143,33.644,591.86,-24.877,436.11,27.882,5.33,-1.4282,6.5478,-48.2,340.29,902.08,75.69,1020.3,126.61,6.858,-1.8376,3.275,-73.839,421.89,838.76,323.33,892.18,-17.859,0.42704,-0.11443,11.81,-71.364,592.65,1064.7,997.16,1015.8,895.85,95.201,-25.509,17.833,-28.003,360.82,385.8,491.8,610.18,78.551,3.7658,-1.009,6.4151,7.3002,4.1714,5.378,8.5174,26.369,2.0149,0.92101,-0.24678,-1.7189,-1.9561,-1.1177,-1.441,-2.2822,-7.0655,-0.53988,-0.24678,0.066126
5.6136,6.0718,11.231,3.0556,0,0,0,0,0,8.1794,14.034,-50.537,-23.712,0,0,0,0,0,8.5844,-44.035,530.31,220.71,-1.3298,-1.1246,-0.68871,-0.33293,0.089208,2.6845,-79.511,775.13,326.62,19.248,-41.703,-60.292,1.88,-0.50376,-1.4659,-83.747,775.95,315.94,-83.561,303.58,461.62,6.6069,-1.7703,8.151,-79.575,807.68,406.72,818.07,894.56,334.6,6.5429,-1.7532,20.441,-22.398,431.73,1042.1,534.75,78.925,21.086,2.7086,-0.72578,6.8831,8.5239,3.0164,93.811,4.0927,3.9552,3.0778,0.47118,-0.12625,-1.8443,-2.284,-0.80824,-25.136,-1.0966,-1.0598,-0.82468,-0.12625,0.033829
10.172,8.5118,9.0658,3.2709,-0.341,5.0294,16.282,2.4782,-0.66402,8.7703,13.276,-21.645,-7.6053,-0.52846,9.3068,8.514,-6.4509,1.7285,11.275,-37.549,311.85,81.312,-56.486,-89.475,82.89,55.201,-14.791,11.525,-63.223,638.57,241.13,431.06,671.73,1033,107.52,-28.81,14.507,-58.105,476.19,500.35,913.51,832.9,299.85,6.6356,-1.778,18.286,-52.952,531.58,1064.1,1012.2,100.97,4.2752,2.1791,-0.5839,10.037,-74.604,752.41,698.62,235.28,3.1621,0,0,0,3.3483,-7.6864,89.303,21.723,6.4419,1.1425,0,0,0,-0.89717,2.0596,-23.929,-5.8205,-1.7261,-0.30614,0,0,0
11.714,9.6291,12.582,20.145,10.909,4.0477,0,0,0,9.4008,15.545,-13.32,-61.918,4.1173,4.3233,0,0,0,21.78,-7.6446,175.33,635.34,80.378,6.1989,-0.75963,-0.069752,0.01869,5.78,-70.826,535.09,731.04,44.21,5.789,12.517,0.96133,-0.25759,4.0633,-73.345,508.96,583.66,-5.3445,10.012,-43.989,-7.8478,2.1028,13.116,-66.449,523.55,660.34,194.82,169.94,738.67,56.345,-15.098,23.29,-19.531,324.04,799.7,601.28,417.23,321.17,19.33,-5.1796,1.7887,3.4776,10.102,26.858,6.1995,4.7543,6.286,0.97933,-0.26241,-0.47927,-0.93182,-2.7069,-7.1967,-1.6611,-1.2739,-1.6843,-0.26241,0.070312
5.7967,3.8736,15.97,3.2048,0,0,0,0,0,8.8975,12.428,-22.409,-21.663,0,0,0,0,0,14.317,-38.423,354.66,217.74,-0.21121,-1.794,-2.9666,0.82904,-0.22214,7.5674,-68.545,512.5,331.93,10.977,-50.725,48.646,-3.177,0.85128,4.9666,-72.812,519.11,290.7,-21.169,454.96,1031.8,110.77,-29.682,6.0013,-66.922,502.26,541.79,959.39,773.17,254.92,17.907,-4.7981,14.602,-69.31,687.46,965.07,502.27,25.179,23.94,4.2779,-1.1462,5.4929,-4.9122,60.86,18.457,4.0287,1.9612,6.7894,2.0732,-0.55551,-1.4718,1.3162,-16.307,-4.9455,-1.0795,-0.52549,-1.8192,-0.55551,0.14885
0,0,-0.6937,5.1602,8.824,4.1581,18.871,5.1821,-1.3885,0,0,5.3364,-40.174,17.079,-39.991,16.473,4.7155,-1.2635,0,0,-51.487,395.66,-40.328,318.91,20.831,7.3447,-1.968,0,0,-75.132,584.76,-41.013,674.32,-19.547,-3.2538,0.87186,-0.74675,-0.15516,-94.746,549.4,15.912,777.56,309.49,60.702,-16.265,5.4173,-2.2238,96.594,890.78,853.23,986.96,756.43,41.129,-11.021,11.951,-55.58,577.45,655.76,68.86,225.55,15.597,3.1598,-0.84666,5.4923,6.5576,5.0615,3.9083,5.4522,2.8015,5.9293,1.4135,-0.37876,-1.4717,-1.7571,-1.3562,-1.0472,-1.4609,-0.75065,-1.5888,-0.37876,0.10149
0,0,0,0,-2.5823,14.393,23.107,3.0596,-0.81981,0,0,0,0,-2.2461,21.25,-32.042,-6.4046,1.7161,-1.3864,0.22015,-14.373,-11.931,6.2608,-105.8,486.13,92.639,-24.823,12.203,-0.86587,108.5,88.205,-117.85,574.19,831.78,39.655,-10.626,15.773,-56.652,527.79,234.7,645.89,799.96,109.26,6.3216,-1.6939,9.4391,-63.317,460.8,877.73,801.51,67.216,9.2148,0.48966,-0.1312,16.606,-60.919,613.27,815.22,119.29,5.5011,0,0,0,6.5912,-2.7635,63.208,40.461,5.5019,1.4758,0,0,0,-1.7661,0.74049,-16.936,-10.842,-1.4742,-0.39543,0,0,0
6.9313,11.384,19.524,7.2278,23.908,5.1827,0,0,0,9.8292,20.071,-33.188,-61.869,21.912,3.8194,0,0,0,15.65,-34.824,432.2,528.79,8.4144,33.949,-1.2463,-0.074499,0.019962,14.114,-71.874,742.82,254.98,421.69,270.43,-75.567,-6.2606,1.6775,16.112,-61.496,533.27,104.77,479.48,579.86,502.63,57.762,-15.477,14.753,-50.806,428.04,850.38,971.34,493.91,138.56,18.437,-4.9402,17.029,16.35,43.954,-7.5487,325.63,18.235,15.484,3.6184,-0.96955,3.6917,2.8767,6.173,5.1847,6.6011,3.8132,2.6722,1.7954,-0.48108,-0.98918,-0.77082,-1.654,-1.3892,-1.7688,-1.0217,-0.716,-0.48108,0.12891
9.4784,11.268,17.582,5.4163,0,0,0,0,0,8.0948,9.7425,1.1287,-19.943,0,0,0,0,0,21.475,11.006,174.39,215.38,-0.4302,-2.0185,-0.95952,-0.061734,0.016542,7.9673,-68.547,517.71,332.48,9.5361,2.1383,-66.513,-7.6171,2.041,5.5481,-72.134,516.69,331.65,-47.409,135.92,534.14,63.642,-17.053,5.4527,-69.133,491.38,355.47,607.72,961.61,426.32,40.975,-10.979,19.645,-63.633,689.7,1059.5,528.59,103.96,19.586,4.1711,-1.1177,3.3285,-4.5583,83.908,107.65,2.1175,3.756,8.3136,1.4135,-0.37876,-0.89186,1.2214,-22.483,-28.844,-0.56738,-1.0064,-2.2276,-0.37876,0.10149
10.789,11.108,19.137,21.442,12.403,9.4315,4.1679,4.5735,-1.2255,11.342,13.496,14.914,17.57,0.031549,-34.925,6.6924,5.4654,-1.4644,11.303,8.9485,32.828,43.783,96.461,413.78,20.097,6.1988,-1.661,9.9078,4.1285,184.02,306.91,179.97,653.59,20.775,2.957,-0.79231,15.052,24.937,58.608,143.96,128.19,378.51,-67.011,-4.8004,1.2863,11.267,-1.3693,164.91,699.65,654.7,929.42,479.17,41.655,-11.161,9.5427,-71.275,677.29,578.92,429.96,378.51,124.51,6.211,-1.6642,1.7736,-6.2879,41.693,5.5008,7.9268,3.5053,7.8255,2.1219,-0.56855,-0.47524,1.6848,-11.172,-1.4739,-2.124,-0.93924,-2.0968,-0.56855,0.15234
5.7967,3.8736,15.97,3.2048,0,0,0,0,0,8.8975,12.428,-22.409,-21.663,0,0,0,0,0,14.317,-38.423,354.96,196.75,-0.83813,-1.7179,-1.8735,-0.27232,0.072967,7.5674,-68.545,510.98,449.26,10.574,6.9555,-65.588,-6.698,1.7947,4.8873,-72.213,500.11,314.51,-55.587,55.339,493.67,62.369,-16.712,13.047,-68.687,610.74,877.76,847.45,1009.5,749.47,41.794,-11.199,11.667,-33.143,401.48,705.69,420.79,228.48,17.276,6.2331,-1.6702,1.3607,1.2119,6.6614,4.9125,2.082,3.8287,4.6072,0.67813,-0.18171,-0.36459,-0.32474,-1.7849,-1.3163,-0.55788,-1.0259,-1.2345,-0.18171,0.048688
5.3347,6.3884,16.886,6.5938,0,0,0,0,0,7.4567,13.796,-19.967,-3.5545,0,0,0,0,0,18.399,-22.399,252.5,81.507,0,0,0,0,0,5.7771,-78.237,476.35,118.67,0,0,0,0,0,3.6328,-81.459,479.02,113.37,-6.2155,-6.6759,-5.5617,0.69225,-0.18549,6.2213,-74.037,461.57,283.88,186.06,186.64,175.22,5.5122,-1.477,28.003,-57.558,694.89,626.22,589.59,585.92,599.42,58.805,-15.757,5.1369,-3.9205,72.027,4.6049,2.383,2.9841,3.1567,1.0988,-0.29443,-1.3764,1.0505,-19.3,-1.2339,-0.63851,-0.79958,-0.84582,-0.29443,0.078891
5.6136,6.0718,10.265,8.7841,18.627,3.4674,0,0,0,8.1794,14.034,-51.324,-37.553,17.714,3.7611,0,0,0,8.5844,-44.035,524.93,405.96,16.584,2.5827,-1.6217,-0.5032,0.13483,2.6845,-79.511,768.2,562.87,11.754,2.4903,7.0661,4.1788,-1.1197,-1.6593,-83.467,780.54,280.5,-45.938,119.08,147.55,10.67,-2.8589,8.8027,-74.438,722.5,791.41,802.73,981.31,734.02,27.349,-7.3281,9.4666,-62.817,621.98,932.84,464.45,74.827,21.391,6.3565,-1.7032,6.4951,5.7489,5.3946,5.454,5.6442,3.9613,3.6614,1.059,-0.28375,-1.7404,-1.5404,-1.4455,-1.4614,-1.5123,-1.0614,-0.98106,-0.28375,0.076032
5.7557,6.4004,6.7112,13.39,12.45,8.9979,0,0,0,5.7755,7.4495,-7.4617,-24.928,16.699,8.4099,0,0,0,10.154,7.9351,139.17,324.79,16.582,9.3602,-5.1915,-0.86619,0.2321,6.6352,5.191,109.22,857.12,5.8335,-53.192,104.04,14.822,-3.9716,13.922,13.104,88.195,823.05,71.863,791.68,940.19,104.29,-27.946,11.292,-36.57,387.27,1015.9,1009.4,435.44,34.383,5.0531,-1.354,17.832,-52.454,579.25,735.97,176.28,21.526,15.484,3.6184,-0.96955,7.6623,5.9382,19.855,17.869,6.6388,4.8245,2.6722,1.7954,-0.48108,-2.0531,-1.5911,-5.3201,-4.788,-1.7789,-1.2927,-0.716,-0.48108,0.12891
13.067,13.036,15.013,5.2375,0,0,0,0,0,16.359,20.309,-23.588,-20.034,0,0,0,0,0,9.7712,-38.762,341.81,169.91,-0.18317,-2.2097,-1.633,-0.25314,0.067829,5.7553,-70.423,517.33,327.37,6.6033,23.085,-41.406,-6.0219,1.6136,5.0197,-72.933,515.86,315.15,-71.305,13.488,433.88,59.482,-15.938,9.3866,-63.068,490.93,487.73,658.37,850.2,393.66,15.979,-4.2815,12.356,-69.296,685.59,751.26,350.61,82.55,23.141,4.7776,-1.2802,2.6316,-6.9117,57.979,18.372,7.8961,3.0508,5.9869,1.5078,-0.40401,-0.70512,1.852,-15.535,-4.9228,-2.1157,-0.81745,-1.6042,-0.40401,0.10825
0,0,-0.42971,3.8344,16.353,4.9616,0,0,0,0,0,5.6874,-42.011,19.972,5.24,0,0,0,0,0,-54.771,413.49,22.268,3.7832,0,0,0,0,0,-14.595,296.71,8.1803,0.51491,0,0,0,-1.5113,-2.2527,-2.4613,260.54,-3.9819,-0.47187,-60.464,-9.5227,2.5516,10.03,13.088,-34.448,330.4,198.31,168.87,411.96,55.576,-14.892,23.056,-36.878,470.76,708.43,332.51,344.93,253.01,17.331,-4.6437,6.5371,7.3389,25.072,70.269,9.1368,4.3288,5.707,0.47118,-0.12625,-1.7516,-1.9664,-6.7179,-18.829,-2.4482,-1.1599,-1.5292,-0.12625,0.033829
5.7967,3.8736,15.97,3.2048,0,0,0,0,0,8.8975,12.428,-22.409,-21.663,0,0,0,0,0,14.374,-39.356,354.53,219.03,0.026264,-1.3491,-1.0238,-0.29443,0.078891,9.494,-62.353,519.34,323.96,-0.86399,9.8035,15.837,3.1448,-0.84265,16.728,-55.793,516.57,318.7,-16.081,-71.161,12.269,9.652,-2.5863,9.8862,-67.392,720.27,428.97,221.83,563.38,631.32,28.323,-7.5892,14.491,-69.192,755.39,840.26,430.83,103.99,17.704,9.1914,-2.4628,6.8025,-1.8565,91.864,40.699,4.8862,5.6664,4.5158,0.52949,-0.14188,-1.8227,0.49744,-24.615,-10.905,-1.3092,-1.5183,-1.21,-0.14188,0.038016
10.857,10.205,12.816,4.7633,0,0,0,0,0,11.344,17.914,-25.046,-6.8612,0,0,0,0,0,17.326,-36.849,320.39,119.47,-0.52216,-0.45877,-1.2064,-0.65498,0.1755,13.929,-69.765,592.25,187.6,7.6066,8.0944,14.084,4.3611,-1.1685,10.834,-79.74,736.74,94.237,8.6204,60.376,23.101,3.467,-0.92898,7.8564,-63.079,500.62,442.6,-3.3055,481.67,75.173,4.5769,-1.2264,9.6249,12.938,12.808,356.17,448.88,707.8,187.03,4.9578,-1.3284,2.7914,3.8447,4.3893,6.2056,7.1103,30.153,3.3451,2.3559,-0.63126,-0.74796,-1.0302,-1.1761,-1.6628,-1.9052,-8.0794,-0.89632,-0.63126,0.16915
5.6136,6.0718,11.231,3.0556,0,0,0,0,0,8.1794,14.034,-50.537,-23.712,0,0,0,0,0,7.0823,-45.968,549.4,219.8,5.1754,-56.815,-70.278,-0.90183,0.24165,11.51,-65.777,666.19,336.36,-80.171,452.35,592.27,31.982,-8.5695,16.742,-55.912,531.12,240.68,156.49,1026,315.97,2.8214,-0.75598,8.3306,-63.884,479.51,684.72,675.82,492,32.127,4.6126,-1.2359,7.3453,-60.27,420.36,726.71,56.166,17.765,12.943,1.2823,-0.3436,1.887,1.0908,5.7395,2.1377,2.8019,5.3499,3.2602,0.48966,-0.1312,-0.50562,-0.29228,-1.5379,-0.5728,-0.75077,-1.4335,-0.87358,-0.1312,0.035156
12.576,13.866,12.673,6.0082,-1.7319,8.5464,20.529,5.1595,-1.3825,13.057,20.049,-28.846,6.7779,-1.6732,18.106,-16.449,-5.8352,1.5635,15.324,-16.087,255.43,5.0007,3.3005,-106.2,355.76,74.732,-20.024,12.817,-57.701,578.51,14.58,-59.102,398.47,561.33,3.9855,-1.0679,11.157,-66.521,467.85,11.251,353.54,333.15,19.234,4.6639,-1.2497,8.1061,-69.739,474.89,559.41,356.67,18.07,5.744,1.1493,-0.30796,23.023,-57.085,549.24,261.59,22.419,3.1905,0,0,0,0.99914,-7.3393,41.956,3.025,4.2786,0.44593,0,0,0,-0.26772,1.9666,-11.242,-0.81054,-1.1465,-0.11949,0,0,0
18.727,21.4,14.467,11.166,14.622,8.3016,19.366,7.3428,-1.9675,19.319,20.892,14.779,10.726,15.059,-47.008,16.876,6.2901,-1.6854,12.158,11.494,24.441,32.616,4.9401,482.2,19.487,3.1214,-0.83638,13.692,18.531,168.18,351.29,30.471,584.72,16.999,5.1704,-1.3854,19.637,-39.703,389.6,240.47,181.14,520.56,68.286,11.286,-3.0242,10.401,-57.89,573.59,236.97,420.14,413.17,213.96,25.386,-6.8023,18.496,20.793,15.396,-26.342,248.98,39.021,0,0,0,0.14292,-0.17892,3.9056,5.7651,6.6541,0.50034,0,0,0,-0.038296,0.047942,-1.0465,-1.5448,-1.7829,-0.13406,0,0,0
2.665,4.7788,20.307,4.4824,0,0,0,0,0,3.4306,11.263,-28.38,3.3216,0,0,0,0,0,7.8922,-41.175,445.01,13.362,-0.58593,-2.0898,-77.499,-9.8239,2.6323,9.3463,-69.097,636.4,152.94,-27.943,115.5,456.78,56.045,-15.017,17.269,-49.268,485.1,242.52,308.25,810.16,159.96,18.608,-4.9861,19.807,10.565,165.81,733.97,669.31,309.47,6.7696,1.2251,-0.32826,12.188,20.353,2.5993,733.01,43.405,28.94,0,0,0,2.1885,2.5256,4.2447,2.8538,7.1957,1.5778,0,0,0,-0.5864,-0.67673,-1.1374,-0.76467,-1.9281,-0.42277,0,0,0
5.7967,3.8736,15.97,3.2048,0,0,0,0,0,8.8975,12.428,-22.409,-21.663,0,0,0,0,0,14.3,-38.932,353.29,219.1,0,0,0,0,0,11.78,-61.502,496.62,323.09,0,0,0,0,0,11.869,-64.392,703.46,324.89,-1.443,7.2302,-6.1415,-1.947,0.52169,9.9549,-61.677,521.85,270,-41.883,23.18,162.36,20.737,-5.5565,15.177,-67.644,661.02,922.93,492.69,445.25,305.49,19.531,-5.2333,3.7976,-6.0176,82.973,128.72,43.737,4.2827,5.8809,0.48576,-0.13016,-1.0176,1.6124,-22.233,-34.491,-11.719,-1.1475,-1.5758,-0.13016,0.034876
21.366,20.353,9.3111,2.1643,0,0,0,0,0,22.431,26.82,-43.924,-7.1607,0,0,0,0,0,18.908,-42.873,498.28,80.099,-1.0996,-1.7828,-1.975,-0.34214,0.091677,5.8032,-82.961,735.18,127.65,9.1018,-72.517,-41.413,1.5212,-0.40761,0.20202,-89.165,742.09,85.306,10.319,643.37,551.61,34.858,-9.3402,7.3552,-80.302,704.76,528.63,865.06,281.15,75,1.1308,-0.303,6.6861,-62.321,586.58,735.79,179.65,4.8571,0,0,0,3.6854,2.2556,23.452,19.299,6.8081,1.7905,0,0,0,-0.98749,-0.60438,-6.2838,-5.1712,-1.8242,-0.47976,0,0,0
6.9313,11.384,19.137,19.794,14.472,5.0022,0,0,0,9.8292,20.071,-38.876,-26.548,10.518,3.3888,0,0,0,15.709,-36.24,483.57,310.67,23.715,5.5208,-1.9769,-0.33244,0.089078,11.204,-68.907,693.7,326.11,24.184,-40.947,-70.024,-5.48,1.4684,11.854,-14.733,272.34,704.83,-67.228,381.07,473.01,40.578,-10.873,5.957,13.921,-15.274,870.4,644.33,311.9,106.27,0.77237,-0.20696,13.452,11.308,108.59,914.1,179.59,4.3408,0,0,0,7.8779,8.8364,10.968,27.649,5.3579,2.6386,0,0,0,-2.1109,-2.3677,-2.9389,-7.4086,-1.4356,-0.70701,0,0,0
2.665,4.7788,20.307,4.4824,0,0,0,0,0,3.4306,11.263,-28.38,3.3216,0,0,0,0,0,7.8787,-40.628,444.73,14.544,0,0,0,0,0,14.549,-67.09,628.69,119.33,0,0,0,0,0,14.414,-66.433,486.75,119.13,-2.6391,-0.19141,0,0,0,8.3866,-71.239,454.3,71.623,15.029,1.9066,0,0,0,16.076,-65.126,640.1,613.76,100.38,5.4196,0,0,0,3.7321,-5.1891,71.035,4.7068,5.5347,1.5078,0,0,0,-1,1.3904,-19.034,-1.2612,-1.483,-0.40401,0,0,0
19.429,23.043,13.076,7.6674,12.033,1.5669,0,0,0,18.488,20.733,5.9992,-80.051,-14.873,2.5175,0,0,0,10.907,11.481,63.924,724.81,232.22,2.0744,0,0,0,5.8219,4.6246,68.87,1070.9,356.52,3.9248,0,0,0,-0.039517,0.19661,71.745,956.23,105.8,-2.9458,-9.1551,-0.20925,0.05607,1.2016,-52.281,497.43,1012.6,193.29,205.85,93.823,3.6093,-0.96712,21.097,-62.075,742.27,703.08,533.95,320.07,84.175,6.2844,-1.6839,1.1579,-7.3117,90.516,16.77,7.8262,2.1333,6.4184,2.938,-0.78723,-0.31026,1.9592,-24.254,-4.4936,-2.097,-0.57162,-1.7198,-0.78723,0.21094
12.103,10.939,14.63,1.9522,0,0,0,0,0,11.408,17.552,-42.042,-21.885,0,0,0,0,0,13.175,-39.366,539.56,149.22,-1.9361,-1.4563,-1.8599,-0.91927,0.24632,7.3388,-71.902,688.63,432.24,16.38,-62.627,62.827,23.463,-6.2868,13.275,-30.679,364.81,612.73,-94.957,386.91,677.82,41.036,-10.996,5.2057,1.4638,118.75,912.12,663.35,775.62,118.35,4.6789,-1.2537,13.878,9.3198,121.13,1060.7,528.67,50.449,23.94,4.2779,-1.1462,4.1597,4.295,21.419,108.01,6.0279,1.9466,6.7894,2.0732,-0.55551,-1.1146,-1.1508,-5.7393,-28.942,-1.6152,-0.52158,-1.8192,-0.55551,0.14885
7.4677,4.1592,27.222,0.86347,0,0,0,0,0,8.7148,6.0068,10.091,-23.936,0,0,0,0,0,15.825,2.6026,169.28,184.87,0,0,0,0,0,15.854,-62.349,497.06,232.73,0,0,0,0,0,7.4128,-73.853,486.66,122.64,-0.99828,0.99381,2.9361,-0.66223,0.17744,19.264,-57.55,443.97,16.418,-14.311,-0.78993,30.829,4.5031,-1.2066,12.476,-67.788,577.33,775.91,375.82,346.95,396.08,33.371,-8.9416,4.6737,-4.2792,53.928,122.53,22.834,4.117,3.5919,0.92101,-0.24678,-1.2523,1.1466,-14.45,-32.832,-6.1183,-1.1031,-0.96245,-0.24678,0.066126
19.462,16.941,15.929,10.279,16.581,13.156,9.3951,1.7382,-0.46574,16.14,20.957,-27.728,9.0667,5.0408,-54.394,10.614,2.5825,-0.69197,10.164,-22.139,277.21,21.122,149.56,512.34,-57.363,-5.1005,1.3667,13.35,-76.6,736.93,-24.428,462.91,467.15,461.6,39.456,-10.572,19.447,-72.079,760.55,558.63,913.73,687.57,238.81,6.661,-1.7848,3.9476,-21.002,185.83,112.93,657.58,19.421,5.9288,1.6322,-0.43735,0,0,-1.6542,-34.701,472.83,9.1661,0,0,0,0,0,-0.28299,1.1167,33.308,1.979,0,0,0,0,0,0.075826,-0.29923,-8.9249,-0.53026,0,0,0
5.6903,7.8372,8.3259,0.75884,0,0,0,0,0,6.0473,15.468,-28.195,-9.8051,0,0,0,0,0,5.9967,-45.726,356.15,119.4,-1.4476,-1.2392,2.9746,-0.56312,0.15089,13.194,-65.786,606.11,181.66,3.7817,-72.787,-56.296,-7.5342,2.0188,16.21,-49.145,440.67,-46.044,67.062,472.05,844.16,86.8,-23.258,16.209,-62.224,388.1,344.6,937.33,490.27,139.94,17.98,-4.8176,17.557,-53.207,436.32,752.13,108.91,20.303,15.484,3.6184,-0.96955,4.9252,4.3526,23.321,17.456,5.4578,3.2108,2.6722,1.7954,-0.48108,-1.3197,-1.1663,-6.2488,-4.6772,-1.4624,-0.86033,-0.716,-0.48108,0.12891
19.525,14.849,7.7925,2.9452,-2.1863,11.337,17.949,3.444,-0.92281,16.792,20.763,-26.949,-5.4428,-2.7532,16.267,3.2933,-3.8393,1.0287,16.603,-38.721,332.17,81.152,-50.159,-70.682,166.14,61.458,-16.468,22.362,-51.03,516.5,261.22,360.37,556.47,905.71,72.742,-19.491,12.6,-66.684,500.99,139.2,860.06,580.51,56.762,8.8181,-2.3628,8.1963,-65.998,411.71,876.93,821.29,18.07,3.444,1.2144,-0.3254,13.962,-58.002,666.21,449.19,126.69,4.389,0,0,0,4.1959,3.9469,32.134,3.8559,4.4967,1.3058,0,0,0,-1.1243,-1.0576,-8.6102,-1.0332,-1.2049,-0.34988,0,0,0
6.4208,6.9882,20.46,9.2532,17.119,3.9253,0,0,0,7.5372,14.159,-28.612,-65.896,10.259,3.8249,0,0,0,10.205,-23.624,356.92,612.84,54.166,3.9121,0,0,0,13.515,-61.204,667.95,328.84,4.0792,0.65288,0,0,0,16.134,-56.575,526.31,322.26,5.4498,6.6513,-47.7,-1.6308,0.43698,9.1563,-59.762,499.2,261.06,-55.168,41.15,375.59,17.325,-4.6423,10.458,-70.525,626,800.86,754.96,596.84,313.72,16.684,-4.4705,1.1272,-7.4594,54.468,107.47,4.8298,6.9557,3.8384,0.77237,-0.20696,-0.30203,1.9987,-14.595,-28.797,-1.2941,-1.8638,-1.0285,-0.20696,0.055454
0,0,0,0,-0.094275,5.1538,13.125,7.8306,-2.0982,0,0,0,0,-0.18742,13.155,-22.299,-1.1384,0.30505,-0.25478,-0.23804,-2.563,-2.5876,3.9797,-75.028,261.39,63.587,-17.038,1.2463,0.16443,31.887,48.581,-63.961,275.9,743.28,41.445,-11.105,10.751,11.568,187.24,270.25,284.16,747.98,74.11,4.3484,-1.1651,7.7274,-30.033,258.61,526.02,758.08,68.883,2.5074,1.3854,-0.37122,9.6927,-68.815,628.43,762.4,116.8,3.7143,0,0,0,5.0031,-2.7957,57.461,18.344,5.9012,1.8847,0,0,0,-1.3406,0.74911,-15.397,-4.9152,-1.5812,-0.50501,0,0,0
19.494,18.844,12.74,20.887,17.924,3.6804,0,0,0,22.621,26.83,-27.741,-9.757,14.673,-13.122,0,0,0,17.557,-31.719,352.87,240.89,56.76,153.22,4.0055,0.5095,-0.13652,6.607,-73.829,750.02,317.52,177.32,240.2,-42.077,-0.50326,0.13485,5.6137,-71.234,627.77,-64.894,250.24,564.89,807.77,97.824,-26.212,6.1255,-75.013,702.73,499.43,954.16,725.72,179.42,2.9216,-0.78284,14.55,-37.064,407.23,445.45,349.9,54.3,13.494,2.718,-0.72828,2.0656,2.4389,4.7998,5.9507,7.4176,3.5976,4.6134,0.97933,-0.26241,-0.55347,-0.6535,-1.2861,-1.5945,-1.9875,-0.96398,-1.2361,-0.26241,0.070312
18.127,23.279,5.3905,17.756,18.251,8.0122,0,0,0,17.537,27.755,-48.069,-46.251,14.571,-8.4896,0,0,0,12.65,-40.065,485.1,446.6,51.84,101.17,-2.1469,-0.46183,0.12375,11.532,-59.473,609.68,7.0937,178.61,307.35,9.9494,3.8348,-1.0275,7.6095,-62.762,432.03,-36.024,354.61,48.912,64.487,10.14,-2.7171,3.1606,-83.717,504.5,230.67,682.42,625.89,808.03,55.759,-14.941,15.335,-7.5055,151.02,315.28,425.97,51.507,23.049,8.0452,-2.1557,4.0305,5.134,4.4395,5.3793,7.1484,2.0001,4.1485,0.65965,-0.17675,-1.08,-1.3757,-1.1896,-1.4414,-1.9154,-0.53592,-1.1116,-0.17675,0.047361
14.315,11.369,10.648,10.661,14.532,11.227,21.916,5.6772,-1.5212,14.598,12.631,-4.0268,-11.955,11,-26.631,21.264,4.8344,-1.2954,7.9403,4.2629,94.95,148.18,26.18,381.35,18.725,5.8689,-1.5726,2.6939,-1.6204,197.54,317.17,44.956,579.85,11.421,1.2514,-0.3353,-0.68912,-5.9836,189.21,493.04,137.88,542.74,-88.775,-11.366,3.0455,7.0039,-6.0634,239.69,623.85,680.09,912.07,753.07,89.025,-23.854,13.246,-51.961,493.25,394.12,342.09,262.23,134.74,17.783,-4.7649,4.8502,4.1693,4.8678,2.246,6.0212,3.9482,4.0219,1.6866,-0.45193,-1.2996,-1.1172,-1.3043,-0.6018,-1.6134,-1.0579,-1.0777,-0.45193,0.12109
5.7967,3.8736,15.97,3.2048,0,0,0,0,0,8.8975,12.428,-22.409,-21.663,0,0,0,0,0,14.098,-44.548,378.88,219.96,0.04574,-0.53444,-0.88049,-0.21553,0.057752,8.6909,-17.6,307.51,319.38,-1.1902,7.7343,14.596,2.4182,-0.64796,23.645,8.029,234.36,314.94,-5.6776,-62.318,-23,8.2004,-2.1973,16.263,-59.986,546.05,454.05,157.71,651.48,834.05,54.028,-14.477,18.64,-62.034,633.38,719,484.24,320.11,85.313,9.8029,-2.6267,2.5248,-6.1479,57.751,20.995,2.496,1.6412,5.058,3.3925,-0.90901,-0.67653,1.6473,-15.474,-5.6256,-0.66879,-0.43976,-1.3553,-0.90901,0.24357
6.9313,11.384,17.997,17.445,27.014,5.2082,0,0,0,9.8292,20.071,-38.682,-35.155,25.034,6.4544,0,0,0,14.911,-36.003,450.18,465.7,18.017,3.8522,0,0,0,15.161,-64.443,764.11,403.19,10.29,3.3274,0,0,0,13.223,-71.219,811.75,318.27,17.437,3.093,-0.87683,-0.27747,0.074349,13.867,-9.6949,295.77,667.47,15.225,-73.299,-66.113,2.8779,-0.77112,9.8933,12.185,-7.1625,305.53,371.09,459.86,431.37,4.8141,-1.2899,2.9487,2.9553,3.9725,7.9997,-0.11283,105.84,107.57,0.74712,-0.20019,-0.79009,-0.79188,-1.0644,-2.1435,0.030234,-28.359,-28.823,-0.20019,0.053641
18.795,15.114,20.66,6.4456,0,0,0,0,0,15.126,17.275,-13.578,-2.4513,0,0,0,0,0,18.314,-17.696,237.18,72.629,0,0,0,0,0,2.7508,-66.107,325.96,1.6072,0,0,0,0,0,0.51302,-69.136,325.51,3.5094,7.4593,4.4196,7.3902,0.57743,-0.15472,13.172,-56.073,339.04,91.26,48.671,36.617,-0.1769,0.39391,-0.10555,19.013,-67.29,709.7,309.07,451.4,374.75,713.19,92.947,-24.905,1.85,-6.8462,70.441,4.734,3.7126,6.5494,3.9444,1.0881,-0.29157,-0.49572,1.8344,-18.875,-1.2685,-0.9948,-1.7549,-1.0569,-0.29157,0.078125
5.7967,3.8736,15.427,13.598,8.2451,5.6993,0,0,0,8.8975,12.428,-23.332,-8.4749,8.8491,4.6332,0,0,0,13.013,-46.001,381.52,217.55,17.222,1.6821,0.27909,0.8545,-0.22896,15.425,-2.5581,244.88,551.59,26.162,-49.734,12.931,-2.3343,0.62546,19.677,-33.516,401.91,335.64,-105.61,473.38,810.57,93.877,-25.154,16.53,-48.491,487.36,455.51,768.54,412.02,18.87,1.1493,-0.30796,14.225,-69.535,718.51,731.83,220.61,7.1463,0,0,0,4.6923,-5.324,86.127,18.67,8.3344,1.3058,0,0,0,-1.2573,1.4266,-23.078,-5.0026,-2.2332,-0.34988,0,0,0
13.067,13.036,15.013,5.2375,0,0,0,0,0,16.359,20.309,-23.588,-20.034,0,0,0,0,0,9.8948,-39.291,342.24,169.88,-0.23214,-1.6921,-0.29607,-0.33188,0.088927,5.6536,-66.574,517.2,328.19,5.5672,21.742,-62.023,-5.6893,1.5244,10.44,-64.334,518.24,275.38,-65.056,-18.641,500.81,63.216,-16.939,17.74,-61.84,430,388.26,692.44,814.27,423.55,40.031,-10.726,21.278,-61.335,721.23,676.79,338.63,83.215,23.141,4.7776,-1.2802,4.8667,-5.4568,87.166,16.519,4.5424,3.2421,5.9869,1.5078,-0.40401,-1.304,1.4621,-23.356,-4.4262,-1.2171,-0.86872,-1.6042,-0.40401,0.10825
4.2833,5.336,19.56,4.666,0,0,0,0,0,5.2174,12.996,-19.969,-5.5669,0,0,0,0,0,14.329,-42.079,369.67,92.14,0.02389,-0.85299,-1.6479,-0.44907,0.12033,7.5131,-71.006,633.73,39.005,-1.1034,8.039,11.693,2.5251,-0.6766,2.347,-77.499,616.28,-23.448,0.27442,14.046,60.303,4.7674,-1.2774,8.5042,-38.194,379.7,185.53,-53.092,-63.279,46.847,2.5977,-0.69604,15.772,18.994,27.088,69.597,508.47,661.61,425.85,8.3766,-2.2445,6.2748,5.3224,6.5541,6.2708,-2.965,41.478,5.6747,0.52949,-0.14188,-1.6813,-1.4261,-1.7562,-1.6802,0.79446,-11.114,-1.5205,-0.14188,0.038016
5.7967,3.8736,15.97,3.2048,0,0,0,0,0,8.8975,12.428,-22.409,-21.663,0,0,0,0,0,14.317,-38.423,354.37,219.04,0.04574,-0.53444,-0.88049,-0.21553,0.057752,7.5674,-68.545,514.12,323.63,-1.1902,7.7343,14.596,2.4182,-0.64796,3.9453,-73.997,516.14,320.19,-15.774,-70.412,-13.422,7.8386,-2.1004,9.3435,-61.25,476.03,425.1,227.78,635.64,742.52,55.376,-14.838,10.458,-70.525,634.28,836.86,424.88,102.63,19.559,3.5206,-0.94333,1.1272,-7.4594,63.431,42.01,7.781,3.1561,7.4667,1.4146,-0.37904,-0.30203,1.9987,-16.996,-11.257,-2.0849,-0.84567,-2.0007,-0.37904,0.10156
8.0521,8.4658,27.583,5.3052,-2.2883,14.932,7.8284,3.026,-0.81082,6.3396,15.583,-11.813,-2.3215,-2.0297,15.404,9.2497,2.7072,-0.7254,17.405,-42.379,395.78,71.137,-2.3395,8.163,-46.542,6.3229,-1.6942,9.7488,-68.931,510.63,311.53,1.967,76.565,620.12,34.741,-9.3087,4.5525,-73.333,513.71,342.16,-50.21,823.91,318.36,5.3678,-1.4383,8.5177,-65.372,513.88,325.77,505.3,457.57,59.284,2.9385,-0.78736,7.3453,-60.27,427.13,616.47,74.562,20.027,21.934,6.3955,-1.7137,1.887,1.0908,5.4987,5.1839,6.1638,6.4315,4.9237,1.3193,-0.35351,-0.50562,-0.29228,-1.4734,-1.389,-1.6516,-1.7233,-1.3193,-0.35351,0.094722
0,0,-0.76294,11.581,12.116,9.7081,9.5032,1.6124,-0.43204,0,0,-1.0284,10.558,14.435,-51.824,11.901,1.4706,-0.39405,-0.087298,5.8091,-40.879,-12.939,-18.05,485.16,5.5418,1.8804,-0.50384,6.4387,-45.069,338.93,239.41,-60.444,804.73,185.22,19.638,-5.2621,16.44,-60.357,744.72,268.77,435.46,1037.9,497.97,16.718,-4.4795,20.576,-65.331,744.89,922.44,1018.8,626.42,25.052,4.0938,-1.0969,13.656,-8.2416,188.05,291.59,167.95,196.94,9.6036,2.6258,-0.70359,2.5376,3.9456,5.0557,6.9628,6.565,1.6174,2.4483,0.89186,-0.23897,-0.67995,-1.0572,-1.3547,-1.8657,-1.7591,-0.43337,-0.65602,-0.23897,0.064032
5.7967,3.8736,15.202,18.983,14.472,5.0022,0,0,0,8.8975,12.428,-22.682,-27.128,10.518,3.3888,0,0,0,14.317,-38.423,351.55,310.12,24.367,7.2382,0,0,0,7.5674,-68.545,513.85,325.19,3.0913,0.75389,0,0,0,2.751,-74.581,515.57,328.37,7.6913,-5.5272,-11.668,-2.1234,0.56895,16.445,-58.272,509.11,298.09,14.072,182.21,185.29,20.933,-5.6091,14.844,-65.093,667.96,896.8,590.05,413.95,250.81,18.421,-4.9358,6.3694,-2.4793,62.729,40.214,6.6605,4.5137,4.534,0,0,-1.7067,0.66433,-16.808,-10.775,-1.7847,-1.2094,-1.2149,0,0
6.8541,6.4372,10.619,2.2916,0,0,0,0,0,7.4197,14.258,-36.706,3.304,0,0,0,0,0,19.728,-33.18,421.36,3.7722,-0.52517,-0.54096,-0.91597,-0.16092,0.043119,10.798,-67.81,523.76,12.55,10.2,-2.8711,-74.478,-5.5523,1.4877,19.324,-28.666,379.42,314.41,-49.301,124.54,475.08,39.271,-10.523,12.807,11.199,135.38,711.71,416.79,302.88,120.42,3.9173,-1.0496,12.48,18.286,75.909,705.62,149.71,18.826,15.484,3.6184,-0.96955,1.9053,2.0937,24.718,44.428,5.3703,3.1603,2.6722,1.7954,-0.48108,-0.51052,-0.561,-6.6232,-11.904,-1.439,-0.84679,-0.716,-0.48108,0.12891
3.804,3.7629,21.432,11.515,8.2451,5.6993,0,0,0,5.0811,11.006,-23.253,-8.4184,8.8491,4.6332,0,0,0,19.404,-31.517,325.23,153.43,16.527,3.7114,0,0,0,14.042,-0.078573,222.85,537.9,23.436,5.04,0,0,0,9.0401,16.65,72.48,238.98,-22.788,-80.754,-94.253,-24.316,6.5155,27.779,44.207,19.864,225.63,333.73,451.33,689,148.82,-39.876,11.893,-44.325,511.67,728.89,369.95,151.11,153.44,20.388,-5.4629,3.8321,-5.5836,87.114,18.259,5.8129,4.045,7.2853,1.193,-0.31968,-1.0268,1.4961,-23.342,-4.8926,-1.5576,-1.0838,-1.9521,-0.31968,0.085657
18.174,23.171,22.43,8.8794,8.7834,4.7695,0,0,0,16.315,26.607,-14.926,4.2194,16.054,7.4351,0,0,0,16.445,-37.287,287.9,55.826,-13.563,-8.2826,-73.734,-10.063,2.6964,7.7852,-70.55,508.07,243.17,453.77,140.58,648.57,83.938,-22.491,5.5481,-72.134,522.42,207.89,451.05,979.89,437.05,17.612,-4.7192,5.4527,-69.133,456.74,660.33,1053.5,396.31,3.8871,0.43526,-0.11663,19.645,-63.633,728.23,740.19,584.15,146.65,0,0,0,3.3285,-4.5583,92.855,38.329,17.88,13.261,0,0,0,-0.89186,1.2214,-24.88,-10.27,-4.7908,-3.5532,0,0,0
15.454,14.024,6.2103,16.328,12.507,4.4402,0,0,0,11.392,16.957,-27.89,-9.5874,11.757,5.1632,0,0,0,14.208,-40.238,338.45,197.51,23.062,3.3051,-1.4343,-0.63307,0.16963,9.2841,-24.159,288.92,259.76,17.111,8.9174,-72.27,-10.016,2.6837,19.762,14.645,171.2,254.65,-65.404,79.222,648.46,117.17,-31.396,21.426,-48.683,400.46,68.111,522.01,684.15,259.67,41.799,-11.2,16.33,-64.849,616.69,795.78,337.86,27.505,23.94,4.2779,-1.1462,3.1387,-5.8691,93.95,41.123,6.7196,3.0561,6.7894,2.0732,-0.55551,-0.841,1.5726,-25.174,-11.019,-1.8005,-0.81887,-1.8192,-0.55551,0.14885
16.639,16.027,19.482,6.5051,0,0,0,0,0,11.324,16.843,-21.532,-17.323,0,0,0,0,0,12.995,-30.684,328.36,159.17,-1.6079,-2.003,-1.5302,-0.69118,0.1852,3.2983,-69.587,378.42,64.164,16.769,-16.784,-72.842,-6.3684,1.7064,2.3013,-67.6,309.27,-0.8092,-103.21,239.8,683.31,122.14,-32.726,3.9681,-65.575,405.6,136.92,721.21,657.94,188.88,5.6211,-1.5062,13.424,-69.185,731.44,654.56,260.58,32.829,12.943,1.2823,-0.3436,4.5551,-6.182,87.229,18.292,2.9847,6.5312,3.2602,0.48966,-0.1312,-1.2205,1.6565,-23.373,-4.9014,-0.79973,-1.75,-0.87358,-0.1312,0.035156
13.76,15.056,11.079,34.62,22.835,3.3776,0,0,0,13.673,16.001,14.842,41.809,-15.457,-3.4437,0,0,0,16.087,18.367,-11.232,-27.653,249.22,83.406,-62.777,-9.847,2.6385,6.153,-59.115,520.29,-62.184,497.54,255.11,492.7,55.461,-14.861,1.9243,-71.989,581.02,-142.93,584.27,917.32,280.6,18.133,-4.8587,7.37,-70.026,628.64,639.1,971.45,269.82,3.9795,0.87051,-0.23325,12.313,-58.431,589.11,210.33,623.93,108.5,0,0,0,2.989,4.2066,4.3979,-3.6899,41.949,1.2688,0,0,0,-0.80091,-1.1271,-1.1784,0.9887,-11.24,-0.33997,0,0,0
9.826,9.2904,10.996,3.5011,0,0,0,0,0,8.6722,14.5,-11.686,3.6338,0,0,0,0,0,9.9978,-33.771,211.51,4.3359,0.04574,-0.53444,-0.88049,-0.21553,0.057752,10.879,-61.267,446.42,2.3911,-1.1902,7.7343,14.596,2.4182,-0.64796,10.558,-59.079,358.89,8.9964,-34.532,-74.943,7.7348,7.6185,-2.0414,8.239,-61.839,346.45,-81.093,287.04,668.77,648.48,57.373,-15.373,11.78,-64.662,472.07,799.91,510.56,230.97,20.333,3.9836,-1.0674,3.0634,-4.1827,54.219,106.04,3.1933,6.9747,6.3999,3.0468,-0.81639,-0.82083,1.1207,-14.528,-28.415,-0.85565,-1.8689,-1.7149,-0.81639,0.21875
14.827,13.273,17.733,5.4332,0,0,0,0,0,14.562,19.227,-21.516,-19.612,0,0,0,0,0,12.463,-32.499,341.56,230.01,-2.4786,-4.218,-0.91787,-0.40171,0.10764,3.9797,7.4752,97.513,248.69,19.509,78.609,11.869,1.7017,-0.45596,-0.91599,7.134,41.518,217.57,36.943,317.52,-56.648,-1.9753,0.52929,13.379,31.321,17.018,351.03,264.58,664.41,419.64,40.159,-10.761,10.648,-46.629,446.54,595.15,396.23,144.59,18.472,5.9858,-1.6039,4.5338,-5.3306,88.789,16.217,4.0802,4.4183,4.0639,0.61982,-0.16608,-1.2148,1.4283,-23.791,-4.3454,-1.0933,-1.1839,-1.0889,-0.16608,0.044501
14.503,14.791,13.724,11.767,8.2451,5.6993,0,0,0,15.378,16.055,2.5447,-11.351,8.8491,4.6332,0,0,0,10.608,6.5801,154.99,222.58,16.199,3.26,0,0,0,10.751,20.711,52.834,454.25,18.533,4.3203,0,0,0,10.258,9.9913,161.26,323.12,-51.123,-72.986,-84.703,-10.641,2.8511,18.51,15.514,151.98,420.11,460.45,677.65,783.43,85.573,-22.929,13.052,-57.938,567.25,810.09,405.52,332.19,327.24,23.604,-6.3245,4.2165,-5.7164,88.718,17.889,3.556,3.7389,4.0076,0.16322,-0.043735,-1.1298,1.5317,-23.772,-4.7935,-0.95282,-1.0018,-1.0738,-0.043735,0.011719
13.989,13.105,14.452,3.5611,-0.19685,9.278,15.474,2.1477,-0.57547,16.1,19.297,-21.004,-21.667,6.6724,-45.827,11.713,2.4848,-0.6658,9.9231,-16.645,269.59,237.48,-61.997,393.3,75.054,3.3185,-0.8892,16.871,-67.223,716.82,208.62,-49.584,764.97,61.054,5.3851,-1.4429,6.8639,-72.122,775.01,331.2,-88.47,773.36,-20.575,0.73375,-0.19661,21.581,-63.952,799.73,459.91,386.23,949.63,835.84,94.328,-25.275,12.289,-14.256,208.44,606.55,455.19,760.89,33.897,10.566,-2.8313,5.4746,5.9094,5.73,4.4346,2.9351,3.5092,5.9567,1.9587,-0.52482,-1.4669,-1.5834,-1.5353,-1.1882,-0.78646,-0.94028,-1.5961,-0.52482,0.14062
8.2945,11.589,11.741,21.6,13.654,12.867,12.159,2.9687,-0.79545,5.5256,15.492,-21.774,-8.1798,15.67,-22.983,5.1443,3.8616,-1.0347,12.078,-50.655,362.61,206.62,-14.26,227.3,72.167,3.9055,-1.0465,17.968,-14.361,283.07,214.93,-55.089,358.92,57.949,4.634,-1.2417,15.761,14.86,180.5,372.66,-10.177,505.16,73.049,10.166,-2.7239,16.948,-41.957,419.38,482.32,136.04,649.54,279.1,58.836,-15.765,18.927,17.862,15.508,15.163,28.37,300.46,19.603,6.4174,-1.7195,2.032,2.0755,3.1765,6.6524,2.5368,5.3829,3.5572,1.7954,-0.48108,-0.54448,-0.55612,-0.85113,-1.7825,-0.67972,-1.4423,-0.95316,-0.48108,0.12891
4.958,4.158,9.1304,1.2886,0,0,0,0,0,6.7302,12.719,-29.135,-7.6946,0,0,0,0,0,9.9966,-44.718,329.92,81.889,0.28201,-1.314,-1.3031,-0.38999,0.1045,9.7534,-70.26,473.23,120.59,-2.4144,22.43,-26.657,-5.3393,1.4307,8.1994,-67.136,448.41,109.46,-75.502,-53.774,333.67,60.933,-16.327,10.31,-57.192,439.06,78.705,575.68,784.55,651.1,70.755,-18.959,11.353,-67.161,512.6,804.15,426.45,74.922,20.423,4.4301,-1.187,8.5125,0.087871,64.379,43.028,4.1219,2.629,5.3355,0.59848,-0.16036,-2.2809,-0.023545,-17.25,-11.529,-1.1045,-0.70443,-1.4296,-0.16036,0.042969
4.958,4.158,9.1304,1.2886,0,0,0,0,0,6.7302,12.719,-29.135,-7.6946,0,0,0,0,0,10.335,-44.026,329.19,81.966,0,0,0,0,0,3.6008,-80.374,477.36,119.46,0,0,0,0,0,2.4399,-82.794,478.87,120.09,-37.229,-72.725,-86.221,-10.43,2.7947,14.205,-67.434,432.66,201.05,332.68,486.49,693.87,83.782,-22.449,12.829,-66.337,599.19,771.6,360.33,348.41,252.26,19.25,-5.1581,4.9658,-4.278,88.563,18.37,5.8609,6.0381,3.8668,0.6344,-0.16999,-1.3306,1.1463,-23.73,-4.9221,-1.5704,-1.6179,-1.0361,-0.16999,0.045548
9.403,12.815,12.092,10.692,7.7912,0.59952,0,0,0,9.3337,11.997,16.504,-61.689,1.0388,0.7029,0,0,0,6.0445,12.578,-1.8447,528.04,65.611,3.4579,-1.2206,-0.077078,0.020653,1.9501,1.8699,-26.868,222.24,77.31,18.736,-28.981,2.0604,-0.55209,-1.0765,-1.5785,-12.999,110.8,127.48,-17.698,246.92,-5.4689,1.4654,5.8382,16.531,-116.34,439.98,31.044,134.44,733.53,70.623,-18.923,12.953,-37.432,434.85,868.23,175.47,309.44,138.6,6.1037,-1.6355,1.1188,-7.5861,91.59,71.656,2.7867,3.6103,5.1887,2.0675,-0.55398,-0.29979,2.0327,-24.541,-19.2,-0.74669,-0.96738,-1.3903,-0.55398,0.14844
13.067,13.036,15.013,5.2375,0,0,0,0,0,16.359,20.309,-23.588,-20.034,0,0,0,0,0,9.7712,-38.762,341.85,169.5,-1.5104,-2.5591,3.3189,-0.12947,0.034691,5.7553,-70.423,517.56,324.76,16.14,-19.086,-52.077,-4.5767,1.2263,3.9453,-73.997,514.78,329.97,-91.295,237.03,800.09,42.432,-11.37,9.3435,-61.25,482.99,379.62,611.42,692.85,218.46,3.1129,-0.8341,10.458,-70.525,615.13,939.76,334.6,31.284,13.494,2.718,-0.72828,1.1272,-7.4594,63.01,41.988,2.9143,3.0749,4.6134,0.97933,-0.26241,-0.30203,1.9987,-16.884,-11.251,-0.78087,-0.82392,-1.2361,-0.26241,0.070312
24.001,24.217,12.958,12.305,15.086,15.132,8.2451,5.6993,-1.5271,20.089,21.459,0.35274,-32.837,16.237,18.624,8.8491,4.6332,-1.2415,7.7884,7.3198,103.38,331.66,18.958,19.88,15.354,3.6033,-0.96551,20.979,7.6455,233.85,403.28,171.52,528.41,25.689,3.3399,-0.89492,13.672,-59.94,497.79,205.54,437.26,230.25,-82.935,-8.7403,2.3419,21.625,-58.853,636.35,649.25,770.9,759.09,754.41,89.917,-24.093,12.404,-9.2156,180.21,233.27,731.25,217.86,134.74,17.783,-4.7649,6.5822,7.0065,3.3555,-2.4426,42.649,4.1367,4.0219,1.6866,-0.45193,-1.7637,-1.8774,-0.89911,0.6545,-11.428,-1.1084,-1.0777,-0.45193,0.12109
7.4175,5.0433,13.472,4.3663,0,0,0,0,0,6.2336,10.601,-45.052,-22.15,0,0,0,0,0,19.631,-31.409,508.38,220.18,-1.3713,9.0623,-55.13,-8.6993,2.331,11.885,-64.611,515.44,333.66,3.8832,-90.264,401.46,61.384,-16.448,3.9919,-73.256,499.78,286.57,35.509,738.21,596.84,39.735,-10.647,11.012,-65.596,563.97,895.26,976.77,343.67,4.8568,1.3602,-0.36446,27.405,-58.101,731.56,695.5,113.83,5.4037,0,0,0,0.26736,-9.0297,57.674,19.977,3.5503,1.3086,0,0,0,-0.07164,2.4195,-15.454,-5.3528,-0.95129,-0.35065,0,0,0
0,0,-0.46893,7.5449,19.46,25.6,14.472,5.0022,-1.3403,0,0,-1.0143,11.03,-57.287,-23.288,10.518,3.3888,-0.90802,0,0,5.0271,-11.014,701.77,319.39,24.367,7.2382,-1.9395,0,0,0.41355,-63.502,711.23,145.55,3.0913,0.75389,-0.202,-0.41661,-1.1426,14.511,-77.141,896.21,100.6,-76.387,-8.2547,2.2119,9.0713,10.86,-56.061,286.68,620.67,155.38,432.84,38.727,-10.377,12.35,-47.495,508.76,964.66,540.22,239.85,122.95,6.4325,-1.7236,2.7118,2.2716,27.48,40.924,4.9419,7.0449,5.5492,1.1425,-0.30614,-0.72662,-0.60868,-7.3631,-10.965,-1.3242,-1.8877,-1.4869,-0.30614,0.082031
5.7967,3.8736,15.593,9.5254,21.857,16.648,9.295,2.5121,-0.67311,8.8975,12.428,-17.035,-62.441,28.549,-19.051,-0.63217,3.2067,-0.85922,14.179,-44.481,343.19,558.36,-19.88,195.27,95.749,5.109,-1.369,10.915,-13.574,293.29,379.98,-149.74,557.77,77.169,-4.1085,1.1009,9.1405,-2.9739,228.01,514.53,434.71,836.71,545.89,58.404,-15.649,5.2564,-60.501,573.84,424.44,121.01,824.78,166.76,17.628,-4.7234,22.09,17.149,24.443,25.913,57.309,304.2,17.907,5.377,-1.4408,6.5,4.8295,3.3618,5.1734,11.965,29.316,6.9667,1.8847,-0.50501,-1.7417,-1.2941,-0.90079,-1.3862,-3.2061,-7.8552,-1.8667,-0.50501,0.13532
14.503,14.791,13.805,8.7603,14.192,1.8969,0,0,0,15.378,16.055,2.8765,-17.273,19.144,1.5659,0,0,0,9.5111,5.8031,160.51,250.38,-19.907,15.098,4.995,-0.91697,0.2457,15.279,24.99,-32.794,524.07,600.89,40.831,67.297,23.952,-6.4178,13.111,-22.513,249.59,870.23,850,467.5,463.98,39.046,-10.462,3.3469,-21.009,187.37,323.8,518.78,7.3927,6.2771,0.7617,-0.2041,0,0,-7.9696,206.78,381.06,5.366,0,0,0,0,0,-0.97082,23.352,42.196,0.84812,0,0,0,0,0,0.26013,-6.2571,-11.306,-0.22725,0,0,0
0,0,0,0,0.26847,2.8352,22.827,0.6344,-0.16999,0,0,0,0,1.5936,-10.991,13.835,1.0229,-0.27407,-0.9228,-1.3742,-1.1176,-0.23785,-17.805,138.65,94.716,2.3689,-0.63474,8.7517,9.6874,-8.7085,3.3579,-84.703,479.78,139.15,2.3189,-0.62135,12.434,18.732,148.44,-79.56,-162.46,324.72,-30.244,-0.073392,0.019665,13.125,-45.615,555.28,469.95,421.17,890.78,591.5,41.114,-11.017,19.267,10.211,96.369,137.86,116.64,487.52,127.38,6.9836,-1.8713,3.0824,4.0992,3.836,2.1005,3.8704,2.5296,6.136,1.2251,-0.32826,-0.82594,-1.0984,-1.0279,-0.56284,-1.0371,-0.6778,-1.6441,-0.32826,0.087956
13.067,13.036,15.013,5.2375,0,0,0,0,0,16.359,20.309,-23.588,-20.034,0,0,0,0,0,8.9215,-39.707,343.83,171.1,-1.4972,-0.71573,-2.1868,-0.40143,0.10756,9.591,-65.773,508.45,303.92,15.472,-5.4242,-67.224,-6.5729,1.7612,26.154,-62.011,665.26,91.365,-56.643,108.62,709.15,92.749,-24.852,12.989,-73.953,678.12,404.58,857.48,947.63,604.86,39.219,-10.509,17.258,-47.706,469.1,805.78,424.1,72.203,19.655,5.3827,-1.4423,2.3499,1.6406,22.075,19.297,4.1518,3.4024,4.1432,1.4679,-0.39333,-0.62965,-0.4396,-5.915,-5.1707,-1.1125,-0.91167,-1.1102,-0.39333,0.10539
18.393,18.732,15.536,2.5183,-1.6614,12.935,18.202,0.27747,-0.074349,21.673,27.505,-21.111,-17.804,-1.6587,14.349,13.498,-15.41,4.129,13.644,-40.541,346.26,155.59,-2.5658,3.9852,118.68,101.03,-27.071,8.5508,-73.224,482.72,160.39,-0.30796,3.0747,8.9815,24.193,-6.4826,10.789,-68.845,478.69,136.75,-67.23,-76.945,-87.715,-10.709,2.8695,10.517,-58.97,486.34,414.61,457.07,618.25,774.23,86.41,-23.154,16.629,-63.284,607.15,840.3,405.23,345.4,260.08,16.969,-4.5468,2.332,-6.1675,93.493,44.003,3.2475,3.058,5.8679,0.97933,-0.26241,-0.62485,1.6526,-25.051,-11.791,-0.87018,-0.81938,-1.5723,-0.26241,0.070312
3.9962,7.32,9.5634,18.283,9.9869,4.3489,0,0,0,4.6509,8.3113,9.6111,-21.25,6.931,3.4084,0,0,0,21.23,24.492,33.147,324.36,34.449,2.0828,-1.2514,-0.16685,0.044706,1.9451,3.8763,-67.234,621.32,36.256,-35.68,15.943,1.1039,-0.29579,-2.187,-2.3949,-80.275,581.05,-48.182,364.22,68.803,25.889,-6.9371,10.548,18.931,-41.304,328.23,163.44,862.71,427.37,40.793,-10.93,10.746,-43.312,481.9,833.98,327.37,124.11,19.433,5.6555,-1.5154,5.573,-3.4835,90.889,42.327,10.511,2.2913,7.1562,1.197,-0.32072,-1.4933,0.93341,-24.354,-11.342,-2.8163,-0.61395,-1.9175,-0.32072,0.085937
13.067,13.036,15.013,5.2375,0,0,0,0,0,16.359,20.309,-23.588,-20.034,0,0,0,0,0,9.7712,-38.762,341.79,170.09,-0.6347,-2.7503,6.1598,0.3778,-0.10123,5.7553,-70.423,517.21,325.57,15.74,-37.162,-35.694,1.107,-0.29662,2.751,-74.581,520.47,279.14,-74.613,468.81,937.06,94.336,-25.277,16.445,-58.272,472.68,607.69,848.99,775.24,188.04,3.7249,-0.99807,14.844,-65.093,658.41,937.97,283.26,31.273,23.94,4.2779,-1.1462,6.3694,-2.4793,62.575,40.589,4.9229,2.7111,6.7894,2.0732,-0.55551,-1.7067,0.66433,-16.767,-10.876,-1.3191,-0.72645,-1.8192,-0.55551,0.14885
34.253,37.592,9.3417,10.329,10.226,5.6608,0,0,0,31.409,32.876,-3.8517,-11.507,7.1252,4.29,0,0,0,9.6564,-8.8335,198.85,150.47,66.106,14.384,-1.0901,-0.40135,0.10754,15.649,24.085,42.205,352.74,478.65,131.89,-43.821,-5.2436,1.405,13.453,22.261,34.927,249.88,424.5,116.57,330.34,39.402,-10.558,16.082,21.578,118.21,210.74,572.93,507.91,112.03,4.6962,-1.2583,10.908,-45.155,449.94,614.57,200.85,19.618,12.943,1.2823,-0.3436,4.7184,-6.8811,87.163,16.527,3.214,5.6618,3.2602,0.48966,-0.1312,-1.2643,1.8438,-23.355,-4.4284,-0.86119,-1.5171,-0.87358,-0.1312,0.035156
5.7557,6.4004,7.5748,14.587,13.637,10.979,7.9176,2.7148,-0.72744,5.7755,7.4495,-5.7127,-29.613,11.67,7.3517,7.1019,2.9049,-0.77837,10.656,13.853,111.6,305.67,38.507,100.12,13.464,2.1523,-0.5767,5.5095,-27.034,331.34,330.21,189.33,497.95,22.828,4.0446,-1.0837,17.558,-55.094,491.21,170.52,429.57,172.6,-77.055,-7.7477,2.076,8.0201,-76.337,617.91,541.95,776,761.05,754.64,90.821,-24.335,14.504,-9.1834,236.51,271.75,831.31,219.34,134.74,17.783,-4.7649,2.2455,2.8692,3.2597,-3.8419,73.847,4.3251,4.0219,1.6866,-0.45193,-0.60167,-0.7688,-0.87343,1.0294,-19.787,-1.1589,-1.0777,-0.45193,0.12109
13.067,13.036,15.013,5.2375,0,0,0,0,0,16.359,20.309,-23.588,-20.034,0,0,0,0,0,9.7712,-38.762,342.07,168.98,-1.9686,9.1317,-54.416,-8.8757,2.3782,5.7553,-70.423,516.2,333.74,1.9543,-96.051,365.31,60.279,-16.152,4.5435,-73.308,518.38,267.79,32.065,771.21,826.2,72.26,-19.362,8.5441,-63.643,496.1,659.97,999.73,439.6,56.356,5.632,-1.5091,9.2434,-70.873,751.5,810.22,186.08,17.852,15.484,3.6184,-0.96955,5.6955,-3.1437,91.866,45.044,4.5414,3.8452,2.6722,1.7954,-0.48108,-1.5261,0.84235,-24.615,-12.07,-1.2169,-1.0303,-0.716,-0.48108,0.12891
3.9962,7.32,10.466,13.802,2.7463,11.219,17.591,7.1764,-1.9229,4.6509,8.3113,10.771,-26.275,6.1646,-2.055,-9.8733,5.5352,-1.4832,20.081,23.701,31.329,373.7,21.218,64.165,186.57,7.4672,-2.0008,8.439,9.146,-1.3296,334.6,-29.348,393.03,282.33,2.4528,-0.65722,8.5029,10.375,20.014,56.883,-138.64,665.38,502.55,5.6851,-1.5233,13.398,25.843,31.139,408.83,657.37,920.41,152.5,6.4783,-1.7359,10.005,-64.668,584.67,478.56,181.76,318.95,17.907,5.377,-1.4408,4.5144,-2.9856,41.81,4.9101,9.4766,28.271,6.9667,1.8847,-0.50501,-1.2096,0.8,-11.203,-1.3156,-2.5393,-7.5751,-1.8667,-0.50501,0.13532
0,0,-0.46436,4.7777,10.786,14.919,9.7096,1.5164,-0.40631,0,0,0.11411,-16.692,13.162,24.52,11.222,0.83431,-0.22355,-2.2854,-2.1503,-6.7531,182.76,18.757,-10.527,13.955,3.1512,-0.84437,10.09,8.9061,-0.85534,279.38,-6.0673,653.47,-38.51,2.6886,-0.72041,12.049,18.92,43.346,226.84,0.27405,549.34,308.17,4.5624,-1.2225,7.4866,6.8816,156.73,453.35,402.51,441.81,43.847,1.5234,-0.40819,14.099,-45.497,494.77,275.84,73.636,58.839,0,0,0,3.6338,3.4797,5.3733,3.1144,6.1285,1.2435,0,0,0,-0.97366,-0.93238,-1.4398,-0.83449,-1.6421,-0.33321,0,0,0
24.001,24.217,13.14,6.3133,12.56,6.206,0,0,0,20.089,21.459,-0.15857,-16.988,15.77,10.782,0,0,0,9.8985,14.322,85.797,200.62,-13.673,6.7134,-0.63692,-0.71385,0.19128,7.6258,-25.293,339.21,293.28,378.92,205.48,16.036,5.6941,-1.5257,23.979,-56.106,569.6,311.81,590.99,193.83,50.276,7.9405,-2.1276,11.916,-34.088,432.27,325.86,689.35,346.33,489.15,61.752,-16.546,16.767,16.324,13.322,-61.263,578.6,16.554,14.527,3.1873,-0.85405,3.015,2.8848,3.1881,-5.5474,69.796,6.3242,3.2058,1.3602,-0.36446,-0.80786,-0.77299,-0.85425,1.4864,-18.702,-1.6946,-0.859,-0.36446,0.097656
