------------------------------------------------------------------- 
Name: sos 
Number of Terminations: 11 
Number of Bifurcations: 104 
Number of Middle Points:  8 
------------------------------------------------------------------- 
------------------------------------------------------------------- 
Terminations : 
------------------------------------------------------------------- 
X          Y    
193 	  35 
193 	  41 
196 	  49 
176 	  61 
215 	  62 
134 	  63 
120 	  97 
271 	 150 
276 	 155 
245 	 222 
 55 	 227 
------------------------------------------------------------------- 
Bifurcations : 
------------------------------------------------------------------- 
X          Y   
189 	  53 	 
199 	  56 	 
185 	  61 	 
199 	  63 	 
164 	  70 	 
198 	  75 	 
116 	  80 	 
153 	  80 	 
214 	  80 	 
136 	  82 	 
196 	  82 	 
124 	  83 	 
118 	  88 	 
138 	  88 	 
172 	  94 	 
225 	  95 	 
178 	  96 	 
206 	  98 	 
205 	 106 	 
141 	 110 	 
187 	 115 	 
214 	 118 	 
 94 	 119 	 
207 	 127 	 
190 	 129 	 
224 	 130 	 
203 	 132 	 
216 	 133 	 
270 	 133 	 
265 	 137 	 
223 	 138 	 
128 	 141 	 
145 	 141 	 
157 	 144 	 
133 	 150 	 
148 	 151 	 
180 	 151 	 
232 	 151 	 
167 	 153 	 
 88 	 157 	 
176 	 157 	 
126 	 160 	 
221 	 163 	 
121 	 169 	 
126 	 175 	 
211 	 176 	 
 75 	 178 	 
167 	 186 	 
174 	 187 	 
 62 	 188 	 
205 	 190 	 
192 	 191 	 
199 	 191 	 
124 	 194 	 
 64 	 200 	 
 80 	 200 	 
101 	 200 	 
123 	 200 	 
 72 	 201 	 
117 	 201 	 
202 	 206 	 
156 	 208 	 
133 	 210 	 
 83 	 211 	 
 64 	 214 	 
127 	 215 	 
 61 	 220 	 
124 	 221 	 
 85 	 222 	 
169 	 223 	 
147 	 224 	 
 66 	 225 	 
 79 	 227 	 
217 	 230 	 
182 	 234 	 
141 	 238 	 
231 	 238 	 
204 	 239 	 
159 	 242 	 
 92 	 247 	 
107 	 248 	 
 45 	 252 	 
159 	 252 	 
 88 	 254 	 
120 	 259 	 
204 	 259 	 
215 	 260 	 
 64 	 263 	 
113 	 264 	 
162 	 269 	 
209 	 269 	 
247 	 269 	 
136 	 270 	 
216 	 272 	 
 92 	 273 	 
192 	 275 	 
 69 	 278 	 
152 	 278 	 
182 	 279 	 
110 	 280 	 
188 	 280 	 
262 	 282 	 
268 	 284 	 
226 	 288 	 
------------------------------------------------------------------- 
Middle points : 
------------------------------------------------------------------- 
X          Y 
178 	  37 
179 	  79 
 69 	 100 
 78 	 123 
 59 	 168 
 39 	 169 
244 	 176 
279 	 218 
