0,0,-0.8972,7.9263,19.538,17.007,19.006,5.7489,-1.5404,0,0,-1.1351,10.048,21.467,-32.307,17.858,5.8319,-1.5627,-2.1347,-1.439,-1.5492,17.695,-66.878,454.45,48.23,4.199,-1.1251,11.062,14.525,-36.163,-65.374,473.06,1086.5,312.5,4.3185,-1.1572,9.4439,-26.425,367.2,948.33,1043.5,1081.7,423.18,-1.7089,0.4579,22.717,-46.712,563.99,741.63,618.8,1050.4,969.55,95.275,-25.529,14.741,16.239,16.509,20.816,-29.038,747.88,219.03,7.0773,-1.8964,5.5099,5.9363,2.95,8.4185,5.2501,5.903,4.7857,1.6322,-0.43735,-1.4764,-1.5906,-0.79044,-2.2557,-1.4068,-1.5817,-1.2823,-0.43735,0.11719
0,0,-0.37978,6.9593,24.417,10.729,9.5032,1.6124,-0.43204,0,0,-0.39565,9.0198,19.179,-59.726,11.901,1.4706,-0.39405,-1.5178,-1.6859,3.4995,-30.231,103.22,639.69,12.058,3.1041,-0.83173,18.144,24.361,-59.85,205.74,984.43,767.8,21.554,3.7921,-1.0161,12.829,-15.675,254.09,904.66,1025.1,571.74,-39.569,-5.7601,1.5434,21.383,-47.917,527.76,969.75,1063.8,1083.6,656.99,41.959,-11.243,14.741,16.239,6.5955,45.051,612.54,383.73,82.027,6.2099,-1.6639,5.5099,5.9363,3.4016,3.7535,5.045,8.4577,6.3802,1.8847,-0.50501,-1.4764,-1.5906,-0.91146,-1.0058,-1.3518,-2.2662,-1.7096,-0.50501,0.13532
0,0,-2.2722,14.592,12.769,13.015,21.916,5.6772,-1.5212,0,0,-2.3616,21.723,-24.126,-34.896,21.264,4.8344,-1.2954,-1.6698,-1.0573,-1.2203,-38.003,228.56,407.67,16.569,5.7432,-1.5389,9.6266,14.291,-40.759,65.389,841.38,899.45,18.09,3.5166,-0.94228,14.152,-24.205,276.04,1006.3,575.52,913.57,133.07,2.07,-0.55467,11.823,-34.019,428.13,464.39,1019.1,1062.2,705.12,4.0277,-1.0792,16.767,16.324,14.584,-49.488,560.42,413.07,17.276,6.2331,-1.6702,3.015,2.8848,3.6405,2.0657,5.0015,3.6082,4.6072,0.67813,-0.18171,-0.80786,-0.77299,-0.97548,-0.55349,-1.3402,-0.96682,-1.2345,-0.18171,0.048688
0,0,-0.8718,5.2152,15.234,4.7227,0,0,0,0,0,-1.0034,11.792,-44.311,-20.391,0,0,0,-1.6698,-1.0573,2.595,-64.065,472.45,169.11,-1.5767,-0.31807,0.085226,9.6266,14.291,-66.17,232.33,1073.5,275.38,-55.928,0.79794,-0.21381,12.068,-19.785,231.26,911.84,1040,670.76,478.28,19.295,-5.17,18.212,-55.573,621.02,921.58,1064.6,725.1,468.99,20.605,-5.5211,8.0293,9.2842,9.7692,7.157,723.9,49.217,13.944,4.5751,-1.2259,2.7554,2.2767,2.8481,5.3803,5.2793,3.1829,3.9696,1.331,-0.35665,-0.73832,-0.61005,-0.76316,-1.4416,-1.4146,-0.85285,-1.0637,-0.35665,0.095563
11.714,9.6291,14.747,12.69,10.836,6.9779,24.574,7.8165,-2.0944,9.4008,15.545,-12.586,-65.84,-72.409,-77.481,14.849,6.9126,-1.8522,21.595,-14.296,217.14,697.34,697.32,688.61,72.808,2.1109,-0.56562,15.837,-3.7366,190.58,186.34,610.4,927.75,28.013,5.7125,-1.5306,12.211,11.883,52.688,670.09,940.91,682.22,10.519,-5.2585,1.409,1.7265,1.9559,6.2312,240.88,951.44,1008.3,756.09,71.059,-19.04,0,0,3.9351,-51.921,840.7,260.25,23.836,5.5831,-1.496,0,0,-0.45737,-5.724,40.55,5.1798,6.4567,2.8068,-0.75207,0,0,0.12255,1.5337,-10.865,-1.3879,-1.7301,-0.75207,0.20152
0,0,-1.2904,10.241,23.841,7.7473,9.5032,1.6124,-0.43204,0,0,-1.2246,16.52,-29.516,-63.645,11.901,1.4706,-0.39405,-1.8131,-1.5325,5.6347,-70.711,432.78,615.86,13.462,3.2879,-0.88098,16.542,23.716,-69.496,348.14,995.47,889.19,12.723,2.0078,-0.53798,19.542,-13.936,269.9,990.29,1092.8,334.2,-47.587,5.9496,-1.5942,17.07,-56.082,607.2,1001.9,1063.3,1014.5,641.95,7.865,-2.1074,8.0293,9.2842,-0.82076,33.537,569.4,221.86,124.1,4.8592,-1.302,2.7554,2.2767,3.2287,4.7805,4.6173,4.6731,5.4891,1.7225,-0.46155,-0.73832,-0.61005,-0.86513,-1.2809,-1.2372,-1.2521,-1.4708,-0.46155,0.12367
16.84,17.9,16.114,10.547,19.085,12.472,18.627,3.4674,-0.92909,13.329,14.707,8.6226,-64.766,-61.694,-32.949,17.714,3.7611,-1.0078,7.5645,1.5339,88.501,429.61,596.35,405,16.34,2.7763,-0.74391,16.667,-56.704,591.64,894.93,1070.2,552.12,-45.101,4.1768,-1.1192,8.0293,9.2842,14.306,-53.438,836.58,763.57,485.64,25.852,-6.9271,2.7554,2.2767,-2.5439,104.47,1016.2,1039.5,460.49,41.905,-11.228,0,0,4.2123,-7.877,847.47,229.02,21.645,4.5418,-1.217,0,0,-0.50557,2.0159,33.821,3.7246,5.6857,1.3193,-0.35351,0,0,0.13547,-0.54017,-9.0623,-0.99802,-1.5235,-0.35351,0.094722
8.8093,9.6733,14.838,10.122,24.292,5.8872,17.413,4.3924,-1.1769,9.8241,17.28,-34.421,-73.584,-47.433,-75.398,4.9757,4.4827,-1.2011,18.008,-19.256,273.54,567.02,565.46,677.44,90.643,4.6847,-1.2553,21.216,13.365,63.126,287.26,150.68,974.43,404.04,1.2904,-0.34575,15.283,19.1,27.624,550.45,600.89,1008.2,560.89,34.835,-9.334,4.99,4.7344,3.3268,-40.458,338.07,879.48,12.225,2.0117,-0.53902,0,0,-1.8455,-73.416,727.27,465.81,20.36,4.5882,-1.2294,0,0,-0.208,-7.6841,58.202,17.345,5.6029,1.602,-0.42926,0,0,0.055734,2.0589,-15.595,-4.6475,-1.5013,-0.42926,0.11502
0,0,-0.57264,4.6208,26.907,10.209,18.627,3.4674,-0.92909,0,0,-1.0855,13.457,-11.808,-35.688,17.714,3.7611,-1.0078,0.17774,0.10625,2.9082,-70.153,369.55,401.6,16.002,2.6753,-0.71684,3.6847,4.7993,-41.427,242.6,1075.5,611.14,15.607,4.603,-1.2334,21.099,24.559,71.946,281.57,819.18,183.78,15.496,4.8354,-1.2956,8.9509,-67.441,702,843.4,892.33,485.64,73.781,3.0754,-0.82405,8.5987,-34.057,339.93,547.74,895.79,723.93,433.18,31.741,-8.5051,2.4944,2.3397,3.3402,-1.7646,57.582,17.435,6.4838,2.4501,-0.65651,-0.66836,-0.62692,-0.895,0.47281,-15.429,-4.6718,-1.7373,-0.65651,0.17591
0,0,-1.2795,7.8414,15.005,4.6455,0,0,0,0,0,-2.8676,15.386,-44.449,5.9011,0,0,0,-2.2377,-2.7147,5.2422,-22.437,435.99,13.365,-1.3828,-0.22398,0.060016,10.921,18.622,-92.804,480.88,1053.7,53.624,-68.492,-3.4526,0.92511,7.4352,-30.98,303.76,1031.9,1044.3,602.14,480.82,40.282,-10.794,13.128,-11.905,209.02,652.82,913.53,146.46,110.33,1.1308,-0.303,4.4485,5.8054,12.994,131.7,487.9,3.897,0,0,0,1.5284,1.7067,3.3856,6.5028,4.8789,1.0697,0,0,0,-0.40952,-0.45731,-0.90718,-1.7424,-1.3073,-0.28661,0,0,0
5.6136,6.0718,10.872,6.7487,9.6792,9.5106,7.9176,2.7148,-0.72744,8.1794,14.034,-44.957,-72.416,-76.342,-16.331,7.1019,2.9049,-0.77837,7.6429,-51.481,528.43,777.49,775.23,209.53,23.14,3.748,-1.0043,11.94,-16.94,240.88,223.69,714.2,620.43,-33.152,-1.4962,0.40092,10.093,15.722,-31.692,297.71,883.3,1046.4,946.6,95.589,-25.613,20.071,-36.766,365.16,952.09,896.58,514.32,121.89,5.3308,-1.4284,14.675,12.933,4.9358,735.45,754.57,58.04,15.484,3.6184,-0.96955,3.2524,3.7285,5.4035,3.3619,8.8211,4.7186,2.6722,1.7954,-0.48108,-0.87148,-0.99904,-1.4479,-0.90081,-2.3636,-1.2643,-0.716,-0.48108,0.12891
0,0,-0.8718,5.2152,15.234,4.7227,0,0,0,0,0,-1.0034,11.792,-44.311,-20.391,0,0,0,-0.54726,-1.2324,-0.6917,-100.42,473.4,163.9,-1.8469,-0.38782,0.10392,3.7532,13.703,-53.48,583.95,1062.3,415.78,49.122,-6.2871,1.6846,22.588,-37.732,488.34,1070.7,1030,956.29,857.52,70.759,-18.96,8.7733,-35.519,393.25,287.84,964.52,186.29,6.741,1.1308,-0.303,8.2214,10.638,15.507,-35.128,811.49,108.11,0,0,0,3.2235,2.6972,4.2475,5.269,32.642,0.56541,0,0,0,-0.86373,-0.72271,-1.1381,-1.4118,-8.7465,-0.1515,0,0,0
0,0,-2.5823,14.393,23.107,3.0596,0,0,0,0,0,-2.2461,21.25,-32.042,-6.4046,0,0,0,-1.6392,-1.8187,3.3968,-74.5,455.9,83.251,0,0,0,8.3284,10.802,-36.74,191.62,1032.8,118.04,0,0,0,5.1104,0.88904,37.23,835.61,1043,122.76,3.8116,-0.52845,0.1416,19.27,-66.033,652.21,1067.1,1059.7,233.2,26.05,2.7369,-0.73334,13.656,-8.2416,165.87,543.82,942,549.27,398.61,34.587,-9.2675,2.5376,3.9456,6.3662,7.6663,54.909,0.93398,8.1467,1.3058,-0.34988,-0.67995,-1.0572,-1.7058,-2.0542,-14.713,-0.25026,-2.1829,-0.34988,0.09375
0,0,-1.1749,9.8055,8.9217,18.431,13.331,3.2678,-0.87562,0,0,-1.4361,12.622,2.5381,-53.214,12.737,2.7112,-0.72647,-0.0071603,-0.36721,-1.1712,-12.555,48.634,597.63,28.27,6.8048,-1.8233,2.6817,11.494,-33.91,88.557,840.14,1062,142.38,3.5217,-0.94363,8.5896,-44.303,385.2,991.38,317.77,829.79,-26.049,-7.102,1.903,0.66509,-8.4355,89.29,53.745,49.205,897.95,664.9,86.439,-23.161,0,0,-1.8366,11.617,54.126,978.88,432.48,19.844,-5.3171,0,0,-0.6176,4.7614,-2.9796,69.213,4.3406,2.0675,-0.55398,0,0,0.16548,-1.2758,0.79839,-18.546,-1.1631,-0.55398,0.14844
9.6265,9.5181,21.486,3.618,31.057,8.91,18.627,3.4674,-0.92909,7.689,14.048,-37.708,-18.345,-16.065,-36.571,17.714,3.7611,-1.0078,8.7853,-39.005,427.56,340.31,440.55,402.45,12.43,4.027,-1.079,9.1377,8.1023,34.491,169.63,413.11,677.69,178.65,7.9797,-2.1382,10.925,13.165,60.67,400.13,716.59,725.93,592.61,57.313,-15.357,4.1586,4.2435,5.8984,-68.191,510.48,146.96,5.6271,1.298,-0.34779,0,0,-1.2385,-81.58,726.78,125.71,0,0,0,0,0,-0.32052,-8.1308,62.88,15.625,0,0,0,0,0,0.085882,2.1786,-16.849,-4.1868,0,0,0
0,0,-1.008,9.4756,19.166,0.39543,0,0,0,0,0,-0.77584,18.304,-37.425,-8.7076,0,0,0,-0.38465,-0.97981,2.9042,-78.887,419.11,83.27,0,0,0,7.8333,11.822,-39.087,168.74,999.48,121.04,0,0,0,19.131,11.095,61.837,730.22,995.85,123.59,7.8302,0.6262,-0.16779,10.485,-69.01,729.51,548.61,979.56,186.21,47.916,6.9047,-1.8501,20.613,18.202,82.668,531.91,809.44,520.26,305.58,28.563,-7.6535,9.444,8.4337,4.0911,3.7989,33.128,3.605,3.3787,0.70339,-0.18847,-2.5305,-2.2598,-1.0962,-1.0179,-8.8766,-0.96595,-0.90531,-0.18847,0.050501
0,0,-2.7131,15.968,15.355,3.2519,0,0,0,0,0,-2.5313,19.357,-26.57,-19.351,0,0,0,-0.4107,-0.32546,1.3666,-76.748,311.97,137.65,-2.9015,-0.25878,0.069341,2.6648,-7.858,66.085,562.88,833.74,302.15,27.519,4.203,-1.1262,17.659,-27.283,402.41,151.95,555.26,497.28,52.271,8.2612,-2.2136,10.152,9.0974,-30.369,163.7,764.91,784.54,448.51,25.897,-6.9392,0,0,-1.6494,-54.104,501.1,345.36,17.297,4.7686,-1.2777,0,0,-0.10309,1.6582,29.465,40.062,6.1235,1.6962,-0.45451,0,0,0.027624,-0.4443,-7.895,-10.735,-1.6408,-0.45451,0.12178
0,0,0,0,-0.87629,6.5202,8.448,4.5298,-1.2138,0,0,0,0,4.446,-28.958,-16.663,5.9209,-1.5865,0,0,0.11723,-1.8812,-39.297,256.78,261.19,5.9266,-1.588,0,0,-1.823,16.553,-98.33,749.29,151.92,6.0727,-1.6272,-1.3251,3.7079,-30.934,-103.6,513.77,888.93,-64.588,-2.6353,0.70612,10.77,-24.83,289.09,813.75,878.25,1008.1,715.7,70.012,-18.76,11.088,-32.59,336.94,582.09,640.41,682.27,201.78,5.2377,-1.4034,1.9699,2.6811,4.5585,3.4016,3.9459,4.49,2.8398,0.18847,-0.050501,-0.52783,-0.71839,-1.2214,-0.91146,-1.0573,-1.2031,-0.76093,-0.050501,0.013532
0,0,-1.6734,14.407,11.552,6.5649,9.5032,1.6124,-0.43204,0,0,-1.5345,14.438,1.1554,-62.711,11.901,1.4706,-0.39405,-1.4329,-1.3683,2.8222,-30.562,97.279,624.47,10.506,3.2159,-0.86171,8.5753,16.637,-72.726,92.778,74.656,568.97,23.268,5.4332,-1.4558,14.999,-39.68,532.14,723.78,526.76,743.11,30.344,5.2121,-1.3966,3.3144,-5.3435,82.94,71.822,654.5,469.05,16.859,0.35169,-0.094236,0,0,-1.0644,-66.186,520.92,130.2,0,0,0,0,0,-0.25564,1.2818,2.4548,1.0881,0,0,0,0,0,0.0685,-0.34345,-0.65776,-0.29157,0,0,0
0,0,-0.23288,7.1263,10.277,14.683,5.8456,1.1949,-0.32016,0,0,-0.51127,7.0911,15.581,-20.963,-35.732,1.2178,-0.32631,-0.49698,-0.45811,-2.3214,16.435,-79.998,280.34,337.59,3.4425,-0.92242,8.188,9.1716,3.4424,-89.588,385.84,1029.2,610.88,2.3691,-0.63481,9.3719,2.8916,70.305,594.99,231.05,963.53,268.42,2.1416,-0.57384,8.0973,-62.679,582.86,1027.5,697.71,1077.9,313.7,26.517,-7.1051,13.17,17.465,9.2969,120.02,189.69,738.83,378.66,41.484,-11.116,6.4483,5.328,8.7647,6.5363,5.5589,3.6921,3.1457,1.3058,-0.34988,-1.7278,-1.4276,-2.3485,-1.7514,-1.4895,-0.98931,-0.84289,-0.34988,0.09375
0,0,-0.33114,5.0764,5.9365,11.621,19.731,4.2988,-1.1519,0,0,-0.36201,4.8672,11.651,-44.723,-25.883,4.6832,-1.2549,-0.06966,-0.26828,-2.4656,15.231,-58.068,398.55,343.24,5.0507,-1.3533,4.4854,4.2924,19.029,-57.989,400.76,1037.1,601.42,4.9021,-1.3135,8.8285,13.827,-69.422,243.87,378.81,518.89,391.11,4.27,-1.1442,14.695,-57.906,606.45,863.56,245.74,933.31,515.85,3.8454,-1.0304,21.091,11.481,96.129,309.36,278.67,864.41,483.18,4.6392,-1.2431,7.8716,8.5804,4.7243,4.8664,-3.8501,41.068,4.4116,0.36627,-0.098142,-2.1092,-2.2991,-1.2659,-1.3039,1.0316,-11.004,-1.1821,-0.098142,0.026297
0,0,0,0,-0.8027,16.194,22.859,5.3797,-1.4415,0,0,0,0,-0.8218,5.0694,-22.149,4.6163,-1.2369,-0.06966,-0.26828,-1.1641,-2.5499,-2.6727,54.461,392.51,4.7425,-1.2707,4.4854,4.2924,17.166,-15.384,-80.886,852.7,491.01,3.0354,-0.81332,6.9145,11.528,-57.833,249.23,769.37,1006,128.71,-7.5722,2.029,16.745,-46.219,530,474.36,131.17,739.86,858.01,86.667,-23.222,8.0293,9.2842,8.8072,-52.791,386.54,1049.4,495.45,15.824,-4.2399,2.7554,2.2767,2.9888,6.337,-0.091085,95.183,5.2348,0.36627,-0.098142,-0.73832,-0.61005,-0.80084,-1.698,0.024406,-25.504,-1.4027,-0.098142,0.026297
0,0,-1.3643,11.734,22.339,14.213,14.341,5.791,-1.5517,0,0,-1.8288,21.154,-15.851,-33.982,14.046,5.3714,-1.4393,-2.9867,-2.4517,-1.719,-36.902,287.82,343.44,15.355,4.1026,-1.0993,16.299,21.937,-51.242,66.643,980.33,563.17,26.061,8.4245,-2.2573,19.436,-15.302,290,920.37,1084.2,343.73,-23.133,-3.9145,1.0489,23.764,-45.78,563.15,719.07,1029,854.45,835.84,110.28,-29.549,14.741,16.239,19.529,-49.342,754.87,115.96,35.254,19.041,-5.1021,5.5099,5.9363,3.13,4.6291,34.333,4.1232,6.4122,0.28271,-0.075751,-1.4764,-1.5906,-0.83868,-1.2404,-9.1996,-1.1048,-1.7181,-0.075751,0.020297
0,0,-2.2804,10.73,12.878,19.124,11.7,5.1577,-1.382,0,0,-1.5758,7.6742,19.792,-53.42,-70.658,-4.0021,1.0724,-1.5178,-1.6859,-1.2182,0.54533,-84.888,548.03,753.68,92.523,-24.792,18.144,24.361,-33.601,50.737,723.53,1007.1,840.1,43.999,-11.79,14.629,-12.72,244.34,914.41,238.72,664.48,481.14,4.0951,-1.0973,13.27,-72.461,811.86,337.36,6.4834,927.02,398.7,2.7436,-0.73516,7.385,-17.467,254.7,163.36,200.31,931.91,562.16,36.061,-9.6626,1.9852,2.7888,5.9493,1.5564,-0.55008,41.183,3.9782,1.8925,-0.5071,-0.53192,-0.74725,-1.5941,-0.41703,0.14739,-11.035,-1.066,-0.5071,0.13588
15.762,20.768,11.787,18.214,20.115,3.738,0,0,0,11.996,20.727,-39.054,-1.3662,-49.775,3.4807,0,0,0,13.999,-12.449,246.15,115.8,529.31,15.041,0,0,0,5.0594,6.6352,22.256,-18.762,935.79,119.37,0,0,0,9.5993,16.193,-34.677,-2.9847,978.4,113.45,5.8636,-0.65421,0.1753,14.392,-39.662,434.63,932.18,1073.2,283.23,50.152,3.2311,-0.86577,14.117,9.9953,52.811,728,792.46,348.29,196.87,4.1755,-1.1188,9.5133,9.899,1.4867,21.916,17.918,5.5581,4.9976,1.0113,-0.27099,-2.5491,-2.6524,-0.39837,-5.8723,-4.8011,-1.4893,-1.3391,-0.27099,0.072611
0,0,-0.23288,7.1263,10.596,12.767,18.218,5.261,-1.4097,0,0,-0.51127,7.0911,16.833,-42.805,-27.491,4.7164,-1.2638,-1.2343,-1.0923,-3.595,17.4,-81.494,440.82,418.74,4.4187,-1.184,7.499,13.941,-28.025,-87.292,381.99,1073.7,377.84,2.0885,-0.55962,8.9389,-25.678,212,712.28,766.99,797.13,179.63,7.8786,-2.1111,1.3948,-6.504,85.181,127.96,39.182,798.4,705.37,5.9253,-1.5877,0,0,-1.4984,-55.202,384.83,1040.9,369.84,6.1842,-1.6571,0,0,-0.48966,4.6262,0.14957,92.569,4.5585,0.21763,-0.058313,0,0,0.1312,-1.2396,-0.040077,-24.804,-1.2214,-0.058313,0.015625
0,0,-0.84213,9.2755,20.102,5.5989,0,0,0,0,0,-1.1297,15.428,-16.061,-2.8938,0,0,0,-0.67634,-1.1995,-3.1838,-45.219,291.8,90.411,-0.75917,-0.13141,0.035211,6.0685,15.171,-68.542,87.475,677.32,-27.509,-71.542,-23.154,6.2041,11.812,-26.176,383.66,676.07,567.97,487.79,677.92,185.75,-49.773,3.3889,-4.5717,54.486,283.77,881.94,476.43,350.04,64.815,-17.367,0,0,-44.071,320.24,772.16,14.755,15.484,3.6184,-0.96955,0,0,0.27652,8.0226,57.397,3.1855,2.6722,1.7954,-0.48108,0,0,-0.074094,-2.1497,-15.379,-0.85356,-0.716,-0.48108,0.12891
0,0,-3.4691,16.463,11.834,4.7579,0,0,0,0,0,-3.2514,10.831,-25.535,4.8299,0,0,0,-1.5871,-1.9694,5.7796,-7.8213,314.55,4.2402,-1.0166,-0.16036,0.042969,15.749,17.906,-66.172,558.88,405.03,0.22585,-16.529,2.5457,-0.68212,17.08,11.964,114.85,557.16,422.57,113.88,165.46,-1.0038,0.26897,6.6309,-76.078,686.95,854.57,983.33,851.56,874,92.498,-24.785,15.809,-5.9412,157.65,311.51,374.39,24.707,12.566,3.7551,-1.0062,6.5546,6.5046,3.5097,3.2558,6.5481,3.3094,2.8576,0.68881,-0.18457,-1.7563,-1.7429,-0.94041,-0.87238,-1.7546,-0.88675,-0.76568,-0.18457,0.049454
0,0,0.015251,2.5778,16.431,5.2959,0,0,0,0,0,-0.027466,11.907,-18.596,-4.8808,0,0,0,-1.4583,-2.0461,7.8187,-88.241,300.2,87.074,0,0,0,9.9477,12.525,-48.806,388.08,643.24,5.7841,0,0,0,7.8668,-52.706,486.99,87.988,434.51,14.152,-81.34,-9.1759,2.4587,3.2488,3.4073,0.45888,-16.747,541.22,492.71,569.14,69.869,-18.721,0,0,-17.171,59.16,562.78,163.7,54.085,3.8426,-1.0296,0,0,-0.24518,-4.2251,40.858,5.4969,5.7692,1.602,-0.42926,0,0,0.065695,1.1321,-10.948,-1.4729,-1.5459,-0.42926,0.11502
0,0,-1.081,11.611,8.8933,1.5726,0,0,0,0,0,-1.6834,12.445,-23.326,1.7693,0,0,0,-1.1487,-0.79024,3.3335,15.438,206.77,4.0784,0,0,0,6.4939,5.2697,-6.7938,185.08,570.65,4.0555,0,0,0,8.7786,11.693,-72.111,734.03,590.14,3.8955,-7.2387,-2.5636,0.68692,8.4191,15.661,75.801,554.4,628.7,129.79,180.37,61.449,-16.465,15.679,-53.554,595.18,813.37,539.6,526.55,733.7,185.29,-49.649,6.8505,0.91562,71.635,4.6584,3.9947,3.6507,8.8559,2.2617,-0.60601,-1.8356,-0.24534,-19.195,-1.2482,-1.0704,-0.9782,-2.3729,-0.60601,0.16238
19.135,21.216,13.84,8.3348,10.676,2.2588,0,0,0,21.079,28.952,-17.004,-81.746,-12.112,1.9307,0,0,0,7.754,-24.277,266.7,734.54,199.17,-7.5016,-0.91322,-0.40771,0.10924,14.928,-28.056,398.19,172.53,624.07,98.001,9.5276,3.5945,-0.96314,14.243,15.15,9.9129,23.695,114.71,363.37,11.137,5.7402,-1.5381,4.6662,5.1143,5.8867,-26.352,316.03,765.52,170.08,-0.76559,0.20514,0,0,-4.4248,86.07,1048.5,697.74,639.72,94.155,-25.229,0,0,0.31301,-1.933,111.67,16.641,8.4628,2.5444,-0.68176,0,0,-0.08387,0.51794,-29.921,-4.4589,-2.2676,-0.68176,0.18268
0,0,-3.9222,28.068,10.415,3.0157,0,0,0,0,0,-1.9223,13.174,-55.248,2.7194,0,0,0,-1.6868,-1.1839,-28.297,106.18,503.41,1.0522,-1.5766,-0.16399,0.04394,8.5081,3.9298,53.337,722.27,585.29,16.182,-48.964,-0.062945,0.016866,8.0911,-77.674,651.93,754.25,665.23,146.45,456.59,23.362,-6.2599,2.4421,-5.7575,32.875,330.28,722.49,293.37,305.54,15.791,-4.2311,0,0,-8.0093,198.53,572.35,5.2936,0,0,0,0,0,-0.99014,22.556,46.087,0.92492,0,0,0,0,0,0.26531,-6.044,-12.349,-0.24783,0,0,0
28.532,27.158,9.1198,14.291,17.424,5.4766,0,0,0,30.945,27.689,14.355,-49.878,-64.803,-4.0623,0,0,0,14.193,20.214,-23.937,417.42,686.34,53.875,0,0,0,14.484,-56.004,635.93,1009.3,1052.9,106,0,0,0,19.995,-25.555,330.88,479.72,789.13,8.4383,0.94139,-0.50187,0.13448,7.2684,16.024,-106.25,651.39,313.6,14.537,13.568,2.674,-0.71651,15.379,-37.276,368.48,985.51,854.6,544.86,297.84,3.7684,-1.0097,4.0568,-4.9209,53.186,119.34,125.19,18.665,4.2674,1.8712,-0.50138,-1.087,1.3186,-14.251,-31.978,-33.546,-5.0013,-1.1434,-0.50138,0.13434
16.557,18.122,10.553,13.889,8.4837,13.422,20.25,2.8354,-0.75976,13.915,17.018,14.457,-39.497,-64.295,-70.284,-3.7369,3.7512,-1.0051,20.342,6.2675,66.363,393.08,517.97,733.14,186.09,4.4458,-1.1913,22.32,-20.47,389.52,575.46,192.07,866.45,282.19,-4.5712,1.2249,8.2862,8.6638,23.004,45.538,605.19,987.03,891.17,56.17,-15.051,1.5606,2.4967,0.12375,43.525,340.54,925.97,242.53,17.417,-4.667,0,0,-2.42,21.36,13.398,604.1,31.207,6.647,-1.7811,0,0,-0.29966,3.4245,4.589,4.1133,4.7865,0.60915,-0.16322,0,0,0.080294,-0.91759,-1.2296,-1.1022,-1.2825,-0.16322,0.043735
0,0,-1.0544,7.6022,35.252,5.8842,0,0,0,0,0,-1.1584,11.657,-41.966,-1.9912,0,0,0,-0.13346,0.56195,-30.822,14.393,588.98,73.846,-1.367,-0.42515,0.11392,2.1497,-15.093,195.33,503.78,460.37,313.39,13.139,4.6126,-1.2359,7.6219,-14.664,194.73,-54.847,445.02,121.62,-52.664,2.1974,-0.5888,3.2535,2.9879,8.744,-117.78,496.45,432.24,642.11,94.28,-25.262,0,0,-36.267,277.03,642.6,418.89,149.54,4.465,-1.1964,0,0,-9.0988,62.018,45.996,5.7195,4.1771,2.3452,-0.6284,0,0,2.438,-16.618,-12.324,-1.5325,-1.1193,-0.6284,0.16838
0,0,-0.34603,7.0816,8.1451,3.4742,0,0,0,0,0,-0.56359,14.168,-28.173,-20.1,0,0,0,-2.7915,-2.5375,5.0911,-72.211,336.61,203.27,0,0,0,14.701,9.5488,9.714,332.95,583.64,83.103,0,0,0,14.185,-19.84,292.94,64.442,442.79,22.094,-74.895,-21.922,5.8739,0.5433,0.96245,-7.4577,13.289,591.57,484.4,354.46,104.22,-27.926,0,0,-11.33,29.383,616.73,133.83,19.617,5.3985,-1.4465,0,0,-0.68148,-3.9223,41.193,5.6701,5.1741,1.2222,-0.32749,0,0,0.1826,1.051,-11.038,-1.5193,-1.3864,-0.32749,0.08775
0,0,-1.4974,11.663,14.379,5.1661,0,0,0,0,0,-1.6597,17.002,-54.879,-2.7462,0,0,0,-0.16091,-0.07363,6.2388,-77.647,604.21,81.245,-2.1787,-0.17787,0.047661,3.7295,9.3324,-101.32,427.46,891.56,130.87,18.082,2.8936,-0.77533,9.8403,-30.259,411.1,693.53,666.76,165.66,-13.097,5.4394,-1.4575,1.4735,-7.1589,66.339,159.07,742.57,467.63,703.95,36.398,-9.7528,0,0,-1.0304,-64.833,606.87,22.144,16.358,4.8128,-1.2896,0,0,-0.56256,-5.5387,71.636,4.0825,6.7749,1.2329,-0.33035,0,0,0.15074,1.4841,-19.195,-1.0939,-1.8153,-0.33035,0.088517
0,0,-2.9351,18.173,23.315,3.3859,0,0,0,0,0,-1.7438,2.1819,-25.065,4.2162,0,0,0,-2.1259,-1.7942,1.8478,76.176,376.66,5.5614,0,0,0,13.143,13.992,-24.848,308.75,583.09,2.3402,0,0,0,12.029,17.331,-80.401,790.85,592.64,-2.5487,-5.2951,0.61992,-0.16611,17.435,-15.54,291.86,651.37,569.37,124.37,102.82,-3.5933,0.96281,22.816,-57.086,635.5,897.57,892.94,896.85,929.96,144.33,-38.674,2.7808,-4.8664,43.185,2.644,2.3082,6.1813,5.9652,0.97933,-0.26241,-0.7451,1.3039,-11.571,-0.70847,-0.61847,-1.6563,-1.5984,-0.26241,0.070312
18.415,12.826,10.511,10.787,20.147,2.1323,0,0,0,14.807,11.724,16.537,-20.448,-64.62,-21.697,0,0,0,10.053,18.956,-74.634,188.87,713.1,170.57,-0.63692,-0.71385,0.19128,16.461,-27.616,374.51,932.09,1003.7,327.39,16.036,5.6941,-1.5257,17.657,-9.1976,201.74,69.079,670.01,303.02,-26.996,0.75522,-0.20236,6.1694,5.7364,8.8124,-36.307,800.54,1006.8,967.82,94.764,-25.392,0,0,-62.546,492.43,962.99,495.32,232.19,3.7325,-1.0001,0,0,-1.0596,23.22,72.502,7.4555,6.3471,0.92492,-0.24783,0,0,0.28392,-6.2219,-19.427,-1.9977,-1.7007,-0.24783,0.066406
0,0,-0.61689,7.7192,30.393,2.8492,0,0,0,0,0,-1.1063,10.334,-33.555,3.7636,0,0,0,-0.16805,-0.057688,4.2288,-23.1,444.59,5.9171,-2.1787,-0.17787,0.047661,1.8238,3.8523,-53.026,417.86,691.05,15.458,18.082,2.8936,-0.77533,15.945,10.931,112.19,765.31,547.1,-26.309,-37.311,-3.2075,0.85945,15.487,-62.486,625.61,743.22,1000.1,962.75,979.82,93.806,-25.135,21.432,-5.4231,181.25,588.23,672.72,323.09,346.48,41.724,-11.18,8.8458,8.6374,3.001,1.5334,38.207,3.6596,3.4618,1.5078,-0.40401,-2.3702,-2.3144,-0.80411,-0.41086,-10.237,-0.98058,-0.92757,-0.40401,0.10825
0,0,-2.6311,13.855,10.901,3.6677,0,0,0,0,0,-2.2366,18.863,-28.735,-23.368,0,0,0,-1.5091,-1.9754,4.944,-80.733,301.64,229.98,0,0,0,10.523,11.498,-23.696,450.97,930.16,144.81,0,0,0,25.206,-30.524,414.48,180.82,474,117.2,-39.92,-10.51,2.8162,7.2117,6.4253,-0.31456,-27.381,552.18,263.52,342.76,58.966,-15.8,0,0,-15.081,59.306,844.91,459.19,317.54,18.358,-4.9191,0,0,-0.11293,-5.0417,41.631,5.8374,5.1463,0.92492,-0.24783,0,0,0.030258,1.3509,-11.155,-1.5641,-1.3789,-0.24783,0.066406
0,0,-3.498,17.56,25.852,8.7932,0,0,0,0,0,-3.0451,17.67,-49.17,-0.52441,0,0,0,-1.5178,-1.6859,5.2053,-57.406,598.7,80.779,0,0,0,18.144,24.361,-82.073,430.21,1091.9,123.39,0,0,0,14.889,-18.905,295.72,856.25,743.48,54.911,-86.798,-10.253,2.7474,13.581,-13.001,243.05,686.55,1007.5,696.44,490.55,56.698,-15.192,4.4485,5.8054,12.582,-57.061,467.78,157.91,137.59,18.549,-4.9703,1.5284,1.7067,4.098,-3.3506,40.169,6.2023,4.4923,1.3563,-0.36341,-0.40952,-0.45731,-1.098,0.89779,-10.763,-1.6619,-1.2037,-0.36341,0.097376
0,0,-0.63097,9.5015,13.782,14.442,19.366,7.3428,-1.9675,0,0,-1.3503,19.494,-41.925,-50.93,16.876,6.2901,-1.6854,-0.38465,-0.97981,3.795,-73.592,459.22,561.74,19.286,2.8533,-0.76454,7.8333,11.822,-35.931,201.56,881.04,680.78,16.73,4.9716,-1.3321,19.466,5.5866,100.72,882.65,189.38,519.06,-54.19,-3.9466,1.0575,10.321,-32.3,316.83,556.12,790.4,873.39,602.94,68.696,-18.407,8.2214,10.638,12.188,-1.0048,219.2,194.17,12.566,3.7551,-1.0062,3.2235,2.6972,4.3916,1.1963,19.995,16.828,2.8576,0.68881,-0.18457,-0.86373,-0.72271,-1.1767,-0.32055,-5.3575,-4.5089,-0.76568,-0.18457,0.049454
0,0,-2.9351,18.173,23.315,3.3859,0,0,0,0,0,-1.7438,2.1819,-25.065,4.2162,0,0,0,-1.1487,-0.79024,-2.5965,95.736,376.44,5.744,0,0,0,6.4939,5.2697,-8.3219,195.04,584.3,1.553,0,0,0,5.3857,8.7904,-74.697,717.14,590.73,10.731,5.8577,-0.29958,0.080273,29.759,22.856,163,523.61,510.74,-23.208,-43.455,-7.1231,1.9086,24.155,-46.526,539.65,910.95,854.13,790.58,941.63,87.657,-23.488,2.8284,3.546,4.2473,4.7057,7.1418,16.174,126.12,14.029,-3.7591,-0.75787,-0.95015,-1.1381,-1.2609,-1.9136,-4.3337,-33.793,-3.7591,1.0073
0,0,-2.9668,16.661,17.852,6.5222,18.627,3.4674,-0.92909,0,0,-2.256,9.3735,-66.718,-38.753,17.714,3.7611,-1.0078,-2.8534,3.3321,-71.78,23.908,595.15,403.36,11.083,2.3714,-0.63543,21.824,-31.249,404.02,835.16,1079.8,627.36,122.67,16.083,-4.3095,15.124,-54.666,540.38,898.42,934.89,1017.9,957.73,106.63,-28.571,1.8554,2.4353,6.1628,-66.913,511.94,635.47,38.726,3.0504,-0.81736,0,0,-1.8574,-2.6902,206.13,235.78,9.6036,2.6258,-0.70359,0,0,-1.0363,6.167,3.0702,3.645,2.4483,0.89186,-0.23897,0,0,0.27768,-1.6524,-0.82265,-0.97667,-0.65602,-0.23897,0.064032
0,0,-0.70295,9.9117,9.8104,6.5433,0,0,0,0,0,-0.56285,3.3906,-56.556,6.7902,0,0,0,-1.5178,-1.6859,-4.3282,86.353,562.93,5.2822,0,0,0,18.144,24.361,-98.204,517.63,764.55,5.5843,0,0,0,15.101,-17.842,361.74,387.53,555.69,-76.606,-14.14,0.8404,-0.22519,8.0541,-37.481,340.17,591.93,966.66,545.67,219.33,7.0126,-1.879,8.2214,10.638,12.692,-5.6127,279.88,249.61,444.55,58.706,-15.73,3.2235,2.6972,4.5029,2.9912,7.0086,4.9645,5.7778,2.0131,-0.5394,-0.86373,-0.72271,-1.2066,-0.80149,-1.8779,-1.3302,-1.5482,-0.5394,0.14453
20.121,19.477,12.097,12.324,15.749,3.9488,0,0,0,19.623,27.661,-22.119,-73.497,-27.171,5.2653,0,0,0,13.324,-39.329,361.36,820.15,408.93,-0.80097,-0.91322,-0.40771,0.10924,2.2943,-60.69,480.21,270.11,725.56,111.91,9.5276,3.5945,-0.96314,14.486,16.606,20.281,6.8499,194.75,402.01,-13.677,3.8222,-1.0242,2.1637,3.533,3.4204,-19.396,486.14,961.49,339,26.682,-7.1494,0,0,-5.1465,98.608,1056.3,573.96,344.76,41.32,-11.072,0,0,0.50329,-2.0689,95.451,7.5935,4.8875,1.7371,-0.46546,0,0,-0.13486,0.55436,-25.576,-2.0347,-1.3096,-0.46546,0.12472
0,0,-0.30093,1.3496,18.398,1.5987,0,0,0,0,0,0.06508,-3.0853,-57.444,1.2508,0,0,0,-2.3161,-0.63168,-28.429,74.962,638.6,2.566,-0.95952,-0.061734,0.016542,14.225,0.39798,81.667,925.79,615.29,1.2177,-66.513,-7.6171,2.041,24.734,-55.381,669.53,954.5,661.85,227.08,537.08,63.913,-17.125,7.1661,0.80028,39.968,428.41,719.95,322.19,331.88,38.943,-10.435,0,0,-5.0456,176.07,560.2,1.3531,0,0,0,0,0,0.60646,7.2987,35.593,1.5447,0,0,0,0,0,-0.1625,-1.9557,-9.537,-0.41391,0,0,0
0,0,-1.3643,11.734,23.015,9.9795,19.366,7.3428,-1.9675,0,0,-1.8288,21.154,-11.359,-56.341,16.876,6.2901,-1.6854,-1.5178,-1.6859,3.285,-58.428,256.63,539.46,19.489,3.4368,-0.92088,18.144,24.361,-58.508,214.4,991.72,882.09,13.991,1.6347,-0.43802,14.276,-18.879,298.31,915.57,817.94,491,11.986,3.8491,-1.0314,10.433,-36.318,369.51,85.66,450.18,335.42,212.5,23.519,-6.3018,14.437,15.2,14.623,13.653,829.97,707.87,491.63,41.301,-11.067,1.6875,1.7703,3.705,7.893,57.535,5.5573,5.7854,2.0675,-0.55398,-0.45215,-0.47434,-0.99275,-2.1149,-15.416,-1.4891,-1.5502,-0.55398,0.14844
0,0,-1.3487,10.85,14.646,4.6007,0,0,0,0,0,-2.6766,15.913,-59.573,-19.951,0,0,0,-1.6288,-1.7035,3.2688,-42.695,562.71,218.85,-1.1017,-0.52977,0.14195,5.7922,14.016,-110.52,505.76,990.98,330.23,15.433,3.9377,-1.0551,20.208,-36.07,466.43,973.88,812.43,341.83,-18.054,-1.0194,0.27313,5.217,-3.3309,118.5,182.92,680.1,889.26,810.05,92.091,-24.676,0,0,-1.5035,-62.467,432.41,136.87,12.566,3.7551,-1.0062,0,0,-0.14655,2.3905,5.374,3.2365,2.8576,0.68881,-0.18457,0,0,0.039268,-0.64053,-1.44,-0.86722,-0.76568,-0.18457,0.049454
11.539,11.887,11.021,11.142,17.717,2.2695,0,0,0,12.122,19.335,-15.949,-72.39,-23.222,1.9753,0,0,0,17.544,-14.481,198.05,789.56,335.19,5.027,0,0,0,17.108,-52.907,534.87,386.16,791.75,6.3109,0,0,0,12.982,13.391,25.349,-61.749,719.43,-71.82,-68.066,-0.94061,0.25204,2.9414,2.6156,-30.293,258.05,998.49,517,482.39,24.137,-6.4675,0,0,-75.23,625.58,592.77,329.62,356.64,43.829,-11.744,0,0,-0.25927,2.7864,5.6741,4.4757,8.789,1.74,-0.46623,0,0,0.069471,-0.74661,-1.5204,-1.1993,-2.355,-0.46623,0.12492
0,0,-0.60961,9.2756,22.676,7.6463,0,0,0,0,0,-0.90565,13.271,13,-1.3694,0,0,0,-0.20469,-0.25402,-4.1485,-15.685,108.19,56.761,-1.9652,-0.23583,0.063191,5.6257,7.5946,13.6,26.667,522.5,27.368,20.249,1.7365,-0.46529,15.585,1.0577,76.571,487.89,249.02,20.91,83.133,27.177,-7.282,15.139,-7.4511,266.95,38.259,685.56,545.72,506.87,74.439,-19.946,17.56,17.843,-28.741,335.02,219.1,11.192,18.036,4.9034,-1.3139,1.5497,2.6109,4.0766,3.1431,6.0927,3.5981,2.8099,2.0732,-0.55551,-0.41524,-0.69959,-1.0923,-0.8422,-1.6325,-0.96411,-0.75291,-0.55551,0.14885
18.415,12.826,10.99,14.08,13.197,4.3876,0,0,0,14.807,11.724,11.646,11.124,-73.751,-5.9161,0,0,0,12.188,19.761,-41.849,107.02,722.48,119.01,-1.367,-0.42515,0.11392,9.9074,-29.292,308.2,525.43,594.01,242.36,13.139,4.6126,-1.2359,19.719,-4.8494,162.58,-54.124,464.7,96.608,-43.512,9.5716,-2.5647,3.4901,4.5061,10.908,-101.93,581.64,423.8,600.88,60.598,-16.237,0,0,-55.617,348.4,920.62,498.69,112.39,6.1147,-1.6384,0,0,-8.9043,59.879,43.646,6.4057,5.9371,1.5078,-0.40401,0,0,2.3859,-16.044,-11.695,-1.7164,-1.5909,-0.40401,0.10825
0,0,-0.53511,6.7253,21.27,2.7636,0,0,0,0,0,-1.5199,8.3907,-15.183,2.2462,0,0,0,-1.1353,-1.3617,8.4168,-12.394,285.97,3.4046,0,0,0,6.6061,7.842,-47.673,361.63,370.47,3.6653,0,0,0,5.165,-1.2797,127.22,366.41,201.66,-77.131,-28.233,-0.9653,0.25865,13.065,-70.371,640.47,287.03,794.89,589.88,237.73,24.034,-6.4399,18.064,-6.6964,153.47,321.02,497.46,5.5502,166.57,40.933,-10.968,2.3108,2.9434,7.6857,1.2769,33.035,3.6151,4.9117,0.65288,-0.17494,-0.61919,-0.78869,-2.0594,-0.34214,-8.8518,-0.96867,-1.3161,-0.17494,0.046875
0,0,-2.5823,14.393,23.107,3.0596,0,0,0,0,0,-2.2461,21.25,-32.042,-6.4046,0,0,0,-1.5334,-3.1045,3.1,-101.89,499.16,83.279,0,0,0,14.132,13.309,20.652,422.31,740.87,117.47,0,0,0,15.898,-20.058,274.21,26.959,480.68,112.79,-63.039,-8.2865,2.2204,2.6097,3.1281,-9.5967,16.704,587.03,252.39,370.99,39.92,-10.697,0,0,-24.982,92.477,681.6,228.29,123.96,4.3078,-1.1543,0,0,-0.70995,-4.185,42.826,3.2881,4.6538,1.5078,-0.40401,0,0,0.19023,1.1214,-11.475,-0.88105,-1.247,-0.40401,0.10825
16.38,16.922,13.567,7.3045,6.8209,6.6991,7.9176,2.7148,-0.72744,14.226,23.191,-40.591,-71.281,-76.068,-19.119,7.1019,2.9049,-0.77837,10.94,-47.88,542.55,597.14,509.06,179.25,14.074,2.4639,-0.66021,12.761,-10.842,218.66,495.49,802.52,560.94,-60.138,-4.8026,1.2869,4.4485,5.8054,-47.987,514.74,878.39,811.16,527.07,63.231,-16.943,1.5284,1.7067,-20.232,185.7,873.1,726.18,568.18,43.168,-11.567,0,0,-2.3405,-78.528,766.19,155.81,13.49,5.8757,-1.5744,0,0,-0.16776,-6.9713,90.207,17.19,4.3044,1.4505,-0.38866,0,0,0.044952,1.868,-24.171,-4.6061,-1.1534,-0.38866,0.10414
0,0,-1.2696,8.7548,9.4165,12.679,21.916,5.6772,-1.5212,0,0,-1.2597,15.087,-29.803,-36.448,21.264,4.8344,-1.2954,-1.2589,-1.0899,4.9872,-79.49,374.63,463.13,17.899,5.2956,-1.419,7.9289,14.268,-82.46,236.65,902.62,689.53,19.969,5.3749,-1.4402,7.2508,-49.82,498.83,752.36,264.18,566.89,-15.834,-4.3698,1.1709,3.4706,-6.7066,104.05,272.24,676.22,735.92,428.75,70.508,-18.892,0,0,-1.5395,-53.567,492.97,376.3,26.397,4.7925,-1.2841,0,0,-0.38797,3.9578,28.731,39.746,4.7433,1.8779,-0.5032,0,0,0.10396,-1.0605,-7.6985,-10.65,-1.271,-0.5032,0.13483
0,0,-1.4405,8.62,9.2562,1.8767,0,0,0,0,0,-1.3646,16.008,-43.154,-23.327,0,0,0,-1.5091,-1.9754,5.7691,-81.457,392.03,193.79,0,0,0,10.523,11.498,-29.253,463.7,752.67,74.651,0,0,0,25.206,-30.524,416.85,131.76,393.2,-15.833,-75.584,-8.8329,2.3668,7.2117,6.4253,-11.856,26.745,574.11,499.67,460.72,67.895,-18.192,0,0,-24.811,94.847,633.9,145.49,16.55,3.9308,-1.0533,0,0,-0.082517,-6.4192,40.435,6.5091,4.7498,0.43526,-0.11663,0,0,0.02211,1.72,-10.835,-1.7441,-1.2727,-0.11663,0.03125
0,0,-1.3643,11.734,22.339,14.213,14.341,5.791,-1.5517,0,0,-1.8288,21.154,-15.851,-33.982,14.046,5.3714,-1.4393,-0.49698,-0.45811,-1.4162,-38.545,332.35,343.95,16.232,5.0986,-1.3662,8.188,9.1716,-14.283,117.04,685.59,557.95,11.616,1.7772,-0.47619,9.7472,1.905,70.721,795.81,214.07,289.47,-58.235,-2.7737,0.74322,9.6081,-56.81,477.6,607.59,844.64,786.08,570.57,41.688,-11.17,7.4731,8.7989,14.998,5.1837,187.49,201.13,24.67,4.3416,-1.1633,3.8123,3.256,2.8661,2.7602,21.529,20.24,3.9813,0.75389,-0.202,-1.0215,-0.87246,-0.76798,-0.7396,-5.7688,-5.4233,-1.0668,-0.202,0.054127
0,0,-0.35417,7.5604,30.421,0.85489,0,0,0,0,0,-1.0912,5.6918,-10.678,0.94981,0,0,0,-1.1487,-0.79024,2.3811,46.037,360.06,8.3241,0,0,0,6.4939,5.2697,-9.1878,203.14,453.91,4.1843,0,0,0,8.4902,11.61,-63.287,700.18,520.53,13.401,6.608,0.57304,-0.15355,4.74,13.752,88.632,467.15,524.04,37.642,23.56,5.4489,-1.46,26.484,-50.621,604.78,556.86,668.85,524.33,599,110.26,-29.544,2.7042,-4.4321,71.088,2.3168,1.8198,2.2471,3.6893,2.5735,-0.68957,-0.72458,1.1876,-19.048,-0.62079,-0.48763,-0.6021,-0.98854,-0.68957,0.18477
0,0,-2.2407,10.231,13.775,1.6656,0,0,0,0,0,-1.1156,-1.359,-57.732,1.6739,0,0,0,-2.4054,-3.6824,-13.878,83.024,530.85,5.3573,-1.3705,-0.042969,0.011513,15.322,29.269,-95.904,533.3,643.82,16.721,9.8942,1.5369,-0.41182,17.442,-40.018,528.82,431.54,650.19,22.094,-60.503,-24.457,6.5531,5.3485,-0.76817,76.644,281.88,720.84,607.32,678.17,180.39,-48.334,0,0,-1.788,7.6686,242.01,11.122,40.406,41.848,-11.213,0,0,-0.23793,2.718,3.6296,2.4983,4.3822,1.4253,-0.3819,0,0,0.063752,-0.72828,-0.97254,-0.66941,-1.1742,-0.3819,0.10233
0,0,-0.90444,7.3991,7.4957,3.1665,0,0,0,0,0,4.9709,-28.419,1.6513,2.7014,0,0,0,-1.2994,-1.4304,-47.369,313.84,94.63,4.1352,0,0,0,7.4531,8.3854,-37.306,457.67,285.43,2.0834,0,0,0,14.16,16.247,58.343,201.29,504.35,5.5658,-1.428,-0.57169,0.15319,10.667,-7.5058,246,186.94,597.83,-37.509,-75.689,-6.5228,1.7478,11.719,-27.283,365.9,818.31,574.05,433.64,748.3,87.477,-23.439,2.0894,3.5317,5.5885,3.8222,8.5835,3.3211,110.84,13.95,-3.7378,-0.55985,-0.94632,-1.4974,-1.0242,-2.2999,-0.88989,-29.699,-3.7378,1.0015
4.4112,4.8847,28.544,10.106,4.7062,21.898,11.3,3.4266,-0.91815,2.4916,8.8712,-4.7727,-63.811,-71.26,-46.287,11.499,4.7725,-1.2788,18.665,-18.196,272.56,489.79,630.83,435.81,35.259,5.4173,-1.4516,7.2945,-37.555,358.93,548.01,582.83,1052.5,71.495,4.037,-1.0817,8.2214,10.638,-43.299,339.95,949.02,1039.1,652.98,3.5547,-0.95249,3.2235,2.6972,-6.0258,43.785,281.11,1064.4,267.95,3.5866,-0.96103,0,0,-2.0143,8.5306,122.4,924.02,90.92,3.998,-1.0713,0,0,-0.30796,4.6432,12.136,26.404,5.3298,0.94236,-0.2525,0,0,0.082517,-1.2441,-3.2518,-7.0749,-1.4281,-0.2525,0.067658
17.159,16.465,17.28,10.482,9.6485,13.574,20.95,3.1821,-0.85264,23.285,28.063,-41.567,-67.802,-75.898,-16.234,21.25,3.4484,-0.924,14.384,-45.295,440.48,773.12,790.46,238.22,10.192,3.2939,-0.88259,4.8061,-7.2089,106.97,308.24,462.31,880.32,-17.173,3.3211,-0.8899,0,0,-9.641,53.465,288.78,983.83,276.79,26.013,-6.9701,0,0,-87.064,722.3,1007.4,1036.9,885.43,71.044,-19.036,0,0,-29.671,232.79,988.46,352.47,19.249,4.1602,-1.1147,0,0,-0.60524,2.8494,37.757,3.5189,8.4154,0.43526,-0.11663,0,0,0.16217,-0.76349,-10.117,-0.9429,-2.2549,-0.11663,0.03125
0,0,-1.872,16.194,10.466,10.499,14.883,3.4729,-0.93056,0,0,-1.9916,15.796,19.665,-59.783,-8.5845,3.5229,-0.94397,-2.0446,-2.808,-4.0698,-56.447,-99.187,544.82,250.51,4.179,-1.1197,12.343,10.12,64.543,639.61,745.54,1062.8,262.61,5.1065,-1.3683,11.849,-58.086,625,833.56,738.08,917.62,-11.027,-0.15686,0.042029,3.4609,3.8709,9.6663,-44.31,701.62,1059.5,919.88,93.664,-25.097,0,0,2.8826,-45.546,850.14,619.28,203.94,5.8327,-1.5629,0,0,-0.71015,-5.8834,57.545,17.898,4.1766,1.3058,-0.34988,0,0,0.19028,1.5765,-15.419,-4.7958,-1.1191,-0.34988,0.09375
