3.0311,10.453,15.096,-12.471,-179.56,7.1283,-85.658,101.07,17.913,218.52,65.778,-28.948,2.8024,0,0
14.722,14.415,26.384,-150.98,25.809,-34.94,92.191,-23.94,68.533,-260.61,244.11,-3.9466,5.6361,0,0
-4.7631,-18.013,-14.817,48.835,-112.84,154.42,306.53,63.098,-63.814,-261.38,-64.956,50.141,-1.2892,0,0
-16.454,1.3253,23.221,-149.9,99.874,34.042,75.418,222.74,138.97,48.964,-224.67,45.408,-2.8355,0,0
10.731,-44.772,-7.1825,-0.4387,-130.03,-56.952,-298.11,-94.437,-9.4452,52.494,-201.3,-169.37,30.419,0,0
17.321,4.3038,-157.02,-127.41,-58.198,118,94.969,60.167,152.66,-47.589,240.81,18.548,-3.6621,0,0
40.197,-53.789,-124.19,-109.22,-53.367,-94.315,203.15,-58.809,-156.74,99.871,110.86,203.14,-16.604,0,0
9.0296,-23.336,-254.47,-222.86,-2.4786,75.531,-53.912,-55.035,-97.53,-49.729,98.157,3.8082,-8.8122,0,0
2.1651,-20.258,-35.263,64.533,82.057,39.705,-8.7769,-44.461,-26.398,-148.29,-60.774,-26.774,-5.809,0,0
6.0622,16.031,246.41,172.4,-134.94,41.342,-64.302,-0.089102,-50.341,69.432,86.65,-7.7265,2.1244,0,0
10.292,-12.296,134.89,17.502,96.743,-223.15,-122.49,-80.942,144.03,94.327,-183.46,-73.274,-9.0847,0,0
-16.454,1.3253,23.221,-149.9,73.438,181.43,-100.34,-64.689,-176.45,39.836,-84.001,118.03,-21.74,0,0
-3.4641,24.93,-77.8,-140.5,119.25,-133.75,-83.49,-77.477,30.101,112.4,152.71,-21.1,9.497,0,0
-21.651,-26.092,-139.68,-33.302,59.424,-189.61,-272.28,34.287,-39.804,84.802,-6.7995,37.683,2.6011,0,0
-24.798,-0.48718,150.04,45.61,127.66,-116.88,259.55,-58.288,16.071,46.438,-3.6944,-40.742,7.1992,0,0
-21.218,-1.9737,-109.9,105.68,119.91,-108.46,-33.32,35.452,-74.458,-250.51,-111.51,149.65,-26.789,0,0
-12.99,-10.201,91.573,-107.16,171.94,-148.71,75.503,17.488,-134.26,-41.442,46.285,45.171,1.7027,0,0
13.856,-13.039,75.872,-116.59,253.27,-33.087,-73.679,-88.053,306.81,23.512,-232.12,45.927,0.31282,0,0
-14.722,16.412,-108.72,-127.13,-9.6299,50.619,330.58,107.77,-108.01,-88.618,-65.763,-33.976,1.2679,0,0
5.1962,-1.7141,4.9641,101.31,52.577,-69.661,-413.64,-309.37,-137.23,-133.2,131.03,28.73,0.56171,0,0
-22.95,17.675,-72.445,4.9094,-20.298,119.1,-94.068,-49.877,-250.93,15.841,-133.75,-80.709,26.569,0,0
13.423,12.958,-83.805,41.256,27.147,63.365,49.391,208.85,123.27,77.081,20.16,-174.32,19.46,0,0
-12.99,-13.002,-7.4295,153.85,-141.85,-16.049,-149.5,78.095,117.87,169.44,54.512,16.686,-20.132,0,0
-22.95,-9.4689,123.01,-47.718,-240.7,30.839,144.05,-0.90718,-129.93,322.2,-13.933,-133.13,21.242,0,0
-12.88,-7.1609,-123.59,124.67,4.4801,11.308,-67.8,73.009,-120.74,-214.38,-14.199,135.95,-18.69,0,0
5.1962,5.6519,-127.67,166.56,-38.029,153.24,21.714,-92.738,240.69,-48.117,47.761,-151.45,28.06,0,0
0.86603,-27.624,132.1,36.672,-285.2,-114.49,-5.0475,-84.609,201.23,22.415,-134.89,54.751,-0.67996,0,0
3.4641,11.806,158.76,28.195,-205.43,93.856,194.54,-370.77,21.725,30.77,116.03,-80.082,-3.2895,0,0
-14.722,11.082,135.48,235.43,-138.42,41.784,242.15,-37.29,3.4237,1.2255,-78.861,-116.45,19.624,0,0
-14.289,-17.634,27.876,-73.659,16.997,-31.242,61.467,-122.07,-77.645,181.58,191.9,-50.329,-1.8625,0,0
-13.054,-23.462,-78.837,224.99,103.41,-6.5178,41.526,-119.54,203.79,-234.44,37.529,-132.75,4.4138,0,0
-30.311,-18.98,175.71,-23.465,-35.169,-20.972,33.844,-90.741,114.28,16.337,26.225,-72.904,3.25,0,0
-14.956,28.342,9.5326,162.15,16.352,-107.91,-171.11,-14.861,-4.262,247.79,95.168,35.396,-6.0048,0,0
10.123,42.614,25.011,-185.16,30.947,12.468,-263.02,45.247,-2.1728,-17.455,-80.094,55.236,0.83975,0,0
-25.115,6.4479,12.147,-21.722,-115.39,-29.73,-5.2901,-68.579,-200.63,294.32,306.54,-201.18,19.743,0,0
5.1962,-4.4821,103.67,200.33,37.355,303.73,-169.66,-10.443,84.842,-75.309,61.445,-141.5,22.934,0,0
-10.825,21.881,129.57,-76.781,-6.6204,133.08,-31.775,117.7,234.14,20.497,18.002,-14.789,0.31218,0,0
-30.744,-25.828,-85.96,25.877,45.855,-115.62,58.915,-213.9,147.86,-219.41,-112.56,-165.1,21.475,0,0
-1.0768,7.9886,100.42,101.41,42.19,195.62,94.562,-60.598,101.05,-103.69,167.01,152.97,-28.174,0,0
-5.6292,10.593,213.93,20.183,-8.6599,102.72,-168.52,-240.32,159.83,-27.837,-75.544,149.27,-11.707,0,0
13.856,-0.11122,72.839,33.514,-103.52,-51.007,249.07,33.726,3.3313,255.74,-202.04,-168.86,26.852,0,0
15.588,-9.5885,135.01,43.661,-148.1,107.76,187.68,138.57,66.05,48.319,-121.7,-103.66,24.565,0,0
-3.0311,7.5622,-34.017,-69.106,115.1,-155.07,-239.69,105.06,-120.68,-182.79,85.158,84.126,-20.861,0,0
-30.744,-25.828,-85.96,25.877,-17.178,-36.383,63.755,-48.156,26.463,138.67,90.701,63.043,-26.972,0,0
-9.9593,13.111,-101.04,-41.934,-92.017,61.967,100.94,-29.447,18.309,-162.35,-58.003,-54.009,2.1962,0,0
-16.887,-11.17,141.32,88.776,34.937,4.5323,201.57,102.75,15.174,-232.82,164.17,-33.68,-10.141,0,0
16.92,-6.9841,-123.4,-41.897,171.21,-113.9,-54.619,42.69,-69.712,81.252,88.37,-173.6,17.298,0,0
-3.8971,-22.6,-8.2596,-250.36,59.566,-165.03,-197.52,-127.24,63.495,12.105,9.799,-218.18,19.073,0,0
-15.588,-7.9216,180.76,100.04,102.55,184.58,7.347,143.09,46.088,-44.452,184.21,61.284,0.77997,0,0
1.7321,-23.417,-52.679,137.58,-109.6,-55.666,-237.68,54.566,102.86,-161.53,12.517,1.8971,1.701,0,0
-6.4895,-40.163,-116.05,-5.417,93.91,-25.235,129.08,-104.06,95.113,128.4,-211.8,-32.355,7.0473,0,0
-19.486,-3.3152,-77.43,-75.14,49.857,198.07,39.973,-36.962,226.22,155.21,-33.135,-20.348,4.0164,0,0
-22.294,21.352,-96.955,-109.62,-5.0787,327.28,-19.987,-72.836,126.18,-102.53,34.336,-113.45,17.341,0,0
1.299,-14.922,144.16,-28.2,110.45,-47.997,-248.37,-66.303,-143.3,68.316,136.4,60.154,-19.424,0,0
-3.4641,24.93,-77.8,-140.5,177.37,181.07,-14.368,-1.7607,-65.498,-96.869,294.01,-164.14,26.715,0,0
14.765,20.434,7.0362,132.28,80.996,-21.614,37.644,9.5406,-149.53,-85.103,43.63,90.502,-23.194,0,0
12.557,-17.747,-8.6878,111.98,303.88,186.64,71.167,44.17,-31.015,27.666,-12.945,39.516,-2.3822,0,0
-15.588,-0.54071,-37.345,128.17,-127.48,-28.497,251.8,17.249,-16.303,-158.83,153.25,-133.81,24.336,0,0
-12.99,-13.002,-7.4295,153.85,245.9,-168.86,-50.588,-214.13,-1.4017,3.6136,85.708,61.083,-23.109,0,0
-31.61,-21.688,-0.58318,54.67,87.372,-66.397,124.6,26.331,-233.4,56.391,-77.242,-72.259,0.90336,0,0
-6.9282,-7.6651,-14.201,-154.58,110.2,64.176,-175.45,65.763,44.031,136.61,18.028,-75.16,1.2386,0,0
5.6292,-11.069,150.64,96.712,-115.35,18.654,48.164,65.272,47.843,-37.631,98.464,-31.787,-6.9893,0,0
-33.183,20.07,136.15,122.11,-176.31,153.43,78.162,-15.091,118.39,24.294,84.328,-141.98,19.973,0,0
-15.927,-20.723,-10.372,34.499,-138.47,48.107,294.43,62.848,82.341,-20.022,-60.149,110.52,-20.993,0,0
7.7942,-17.419,-66.8,-78.006,-101.65,165.76,72.138,-103.3,148.77,-17.5,14.725,-25.093,5.1046,0,0
