20.352,-2.3923,61.038,141.96,105.85,177.18,165.63,157.93,-280.55,154.16,103.82,-71.167,-2.9887,1.7796,-10.773
19.053,-13.838,12.368,49.929,-243.8,36.381,-199.21,171.02,176.23,34.097,136.69,-47.152,88.301,-10.398,6.4796
4.6046,-9.7909,-7.0066,1.1651,9.2778,49.874,-359.64,91.311,-211.65,-258.68,-22.261,69.509,14.555,0,0
11.691,-16.374,11.069,36.134,102.72,-97.903,-18.478,-123.23,-333.75,-219.24,-23.122,77.03,-73.592,-1.6193,3.9821
6.7697,-1.6014,8.5,-36.494,49.172,43.878,260.43,289.54,79.378,-0.1089,95.822,-124.31,11.091,37.236,-36.373
0,0,0,0,-111.28,1.5862,195.01,-114.2,-105.9,-199.16,184.29,-12.725,-7.8337,0,0
0,0,0,0,-138.53,-113.03,-39.25,35.313,-89.717,52.727,94.834,-0.82628,0.2766,0,0
0.43301,1.6405,16.422,-23.51,96.309,1.8416,350.85,-37.492,-162.57,-42.239,-14.464,-3.6813,-49.573,68.365,-45.863
0,0,0,0,-81.383,-37.042,-3.7398,257.28,419.7,-8.0838,63.97,-18.998,0.11691,0,0
13.423,-14.99,15.301,66.156,138.04,78.834,212.81,-143.07,199.12,-292.88,-97.846,-71.025,-98.615,46.998,-26.081
6.9282,-2.9641,7.1585,61.933,-215.79,-11.998,-66.368,7.2305,-218.44,-49.216,143.73,-118.79,-5.7994,0,0
0,0,0,0,-380.62,199.43,-60.064,202.02,-166.62,334,-168.94,11.779,9.1782,0,0
6.7697,-1.6014,8.5,-36.494,-53.551,183.95,-1.4653,133.98,52.327,262.6,20.973,-42.954,100.54,-10.398,6.4796
-4.3301,10.739,4.8726,-4.4772,1.3681,157.45,-80.241,-68.79,138.19,-107.42,-64.519,38.175,-3.4578,0,0
0,0,0,0,-22.306,-81.394,-122.99,282.1,-147.64,-6.7335,54.61,18.632,-2.8588,0,0
-4.3669,-4.6115,-3.9542,-58.102,-2.2816,-56.083,-6.5708,71.881,-226.74,19.831,29.167,97.947,35.306,0,0
2.5981,6.616,-16.453,26.535,-79.353,-164.15,-136.86,-114.25,2.7134,-8.4224,24.521,-37.05,32.31,-29.829,14.03
-2.2204e-016,-6.1062e-016,-1.2434e-014,-8.8818e-015,-76.69,43.2,61.886,83.339,8.1341,273.31,47.606,-219.15,-76.441,0,0
10.392,6.7303,117.7,-31.259,35.648,-392.25,-111.29,115.19,45.893,189.58,-233.41,34.893,36.769,-10.398,6.4796
3.2264,-4.378,-15.249,-6.7308,167.86,121.81,192.32,-287.22,146.95,-116.94,211.87,-107.62,-101.89,6.7355,17.073
0,0,0,0,49.56,-96.406,91.998,-17.094,-206.8,10.44,137.24,-17.634,-9.9097,0,0
-4.7999,11.877,20.061,-9.8009,117.32,-60.667,102.42,47.62,-61.569,-120.42,-155.25,-124.78,-2.3024,0,0
0,0,0,0,111.69,163.86,-177.1,131.91,181.14,-339.04,70.684,9.2808,1.5138,0,0
-8.2272,11.343,-16.118,-70.997,-181.61,-116.13,93.212,-157.05,233.5,158.23,-125.48,-97.214,19.796,0,0
2.5981,6.616,-16.453,26.535,-105.62,63.38,-106.19,139.5,187.46,-25.674,-138.61,-23.079,-1.7264,0,0
1.2623,-3.038,-0.23534,85.371,-156.55,-54.81,-90.073,-37.042,311.37,-89.873,3.1962,157.92,-15.22,0,0
0,0,0,0,-91.606,188.06,-245.21,143.75,-69.763,-13.375,4.9124,-82.07,30.547,0,0
0,0,0,0,-93.789,153.78,120.13,-2.0988,138.1,125.5,54.945,-115.77,13.781,0,0
0,0,0,0,-126.26,-105.97,136.37,110.37,-63.439,38.969,74.251,76.101,67.363,-14.208,0.33253
0.43301,1.6405,16.422,-23.51,-129.39,-191.42,-25.604,-181.13,272.61,222.23,-57.182,64.481,-2.455,0,0
-3.1103,-1.078,1.7856,-47.122,-57.908,-133.24,-130.74,207.08,44.695,-92.507,4.5981,-6.5425,1.0736,0,0
-3.0311,-13.422,5.1782,41.146,-2.7702,107.53,252.56,270.83,-208.35,-135.26,-114.88,-94.849,90.873,-39.671,6.8645
0,0,0,0,-57.158,195.88,-1.3149,-66.358,-154.42,-244.43,34.133,-76.969,-52.668,0,0
12.99,9.6208,53.099,-121.55,111.94,392.38,-44.272,2.8511,64.009,-34.056,25.549,86.205,32.48,-2.0215,-3.4641
-11.691,-7.0849,5.2272,-24.338,74.691,-39.499,12.802,-138.08,69.56,49.127,-39.113,56.315,-100.81,44.501,-20.785
0,0,0,0,8.6683,-211.03,9.7959,107.45,75.365,-67.215,56.504,-5.7936,0.91923,-2.4599,0.21082
-1.7321,-9.3905,6.0556,-5.1782,-43.877,-206.2,73.999,50.942,192.86,118.06,-92.523,35.701,18.38,-10.398,6.4796
4.5311,-3.0903,-38.237,-191.8,-33.644,-149.37,-22.774,8.1633,-8.9864,-219.86,69.526,21.894,5.4339,0,0
-4.3301,-21.629,-11.353,113.42,348.32,63.868,-30.47,-22.87,192.05,91.503,263.51,9.2379,0.80625,0,0
4.3301,-10.739,-4.8726,4.4772,2.8752,-304.24,-75.489,-307.82,-143.96,-83.591,-71.693,-102.11,18.166,0,0
1.1986,-3.1483,4.5523,-24.517,-86.657,106.85,16.169,-76.952,-18.794,-14.631,47.616,3.7338,11.984,-29.829,14.03
19.053,-13.838,12.368,49.929,55.39,-115.15,-4.735,33.901,154.52,-113.84,-34.608,37.303,5.2841,0,0
-3.8971,10.678,-23.954,68.024,-9.5459,-22.469,66.432,139.58,-269.07,-131.48,35.617,-37.075,73.461,-14.208,0.33253
-8.6603,-17.158,-20.574,93.347,204.45,35.664,-136.81,-117.06,-9.4583,102.22,-84.038,34.7,-1.445,0,0
8.2272,-6.5687,-13.902,-129.11,155.96,-203.79,51.131,131.25,-245.93,115.42,-111.96,4.2101,9.5353,0,0
-0.43301,-1.6405,-16.422,23.51,-111.98,42.266,31.461,43.476,-387.04,196.05,-109.62,-16.007,7.0622,0,0
-5.407,16.66,-18.657,140.77,125.69,-196.12,217.24,31.143,-212.98,52.134,-92.42,-68.027,-39.439,0,0
8.2272,-11.343,16.118,70.997,123.67,91.752,-42.902,66.93,54.975,42.112,-100.13,-0.60634,57.025,82.261,-66.002
-2.5981,-6.616,16.453,-26.535,-125.83,-82.371,95.923,-177.78,138.58,-166.1,-38.05,-59.332,-19.125,46.047,7.2027
-0.86603,-36.986,1.2242,139.17,152.91,-55.966,131.84,176.44,-34.955,-64.793,-22.76,62.694,-64.321,0.16178,-0.53349
5.9037,-13.315,-52.288,-88.94,26.143,-137.46,-6.3195,116.31,40.238,22.839,2.3885,20.621,-158.85,25.444,9.9381
11.691,-15.399,-0.7859,106.2,-69.527,-11.764,-83.54,-121.16,171.67,25.508,-64.911,57.207,-19.305,0.35192,4.9372
5.5511e-016,-5.5511e-017,9.992e-016,1.1269e-014,133.11,-28.685,142.13,-67.289,48.195,-29.707,-131.84,-5.3463,-1.4889,0,0
-19.919,2.0998,-50.643,-21.514,180.97,-109.38,268.35,95.091,-160.62,204.21,-68.162,19.98,3.049,0,0
12.78,-64.148,8.0103,218.43,-142.17,-215.64,-385.05,-166.95,-62.452,-120.12,-168.97,46.867,64.738,0,0
5.5511e-016,-5.5511e-017,9.992e-016,2.548e-014,184.04,-72.642,109.45,-220.22,102.12,-123.61,-72.912,93.585,-16.542,0,0
10.392,-46.7,-10.429,146.79,24.545,98.855,-281.94,48.394,-379.14,99.472,-78.004,-107.56,134.62,-54.191,26.023
3.0311,-7.6046,58.542,-73.103,16.044,5.3439,170.49,-39.297,-29.391,27.419,173.93,-22.697,-31.785,0,0
0,0,0,0,-180.52,-152.01,153.97,-63.091,-126.75,15.659,-129.37,20.844,-1.75,0,0
8.2272,-7.0197,-11.232,7.4593,-73.902,195.11,262.56,-28.508,-21.59,-71.25,-12.513,-31.365,79.052,41.872,-12.874
0,0,0,0,-84.001,23.109,42.255,-105.11,53.831,32.11,-12.956,-81.017,29.276,0,0
2.0066,33.518,6.753,-128.93,10.969,167.37,-101.35,339.7,-263.41,56.604,-10.999,52.819,-1.6989,0,0
35.349,-19.761,-102.5,-115.55,-6.2123,-116.63,310.41,-224.27,224.81,16.271,22.587,148.3,110.84,-30.179,-7.3612
2.5981,6.616,-16.453,26.535,152.4,-235.06,-232.44,38.256,114.27,-30.716,-28.717,-92.045,126.08,-116.67,109.12
0,0,0,0,91.917,11.549,-79.734,70.906,-124.39,237.2,73.602,-30.038,7.0463,0,0
8.2272,7.9821,-9.1489,-23.549,198.41,184.51,232.75,357.79,-2.4129,-312.05,-40.384,-10.196,11.009,0,0
-6.0622,-25.544,-8.3888,101.84,1.0806,327.5,-258.7,-145.04,-0.39218,67.684,-28.704,-84.869,35.696,-33.618,-13.862
0.43301,1.6405,16.422,-23.51,-138.7,132.32,-53.149,-66.938,95.307,-302.77,52.316,1.9459,69.525,-29.829,14.03
1.299,35.004,17.863,-121.54,-82.148,-285.54,122.36,-209.76,-159.22,212.16,-242.29,-48.735,-47.407,0,0
-7.3612,26.771,4.1747,-162.46,31.99,158.96,-73.129,258.81,-17.683,-189.08,-74.568,69.349,-3.2457,0,0
0,0,0,0,108.41,381.61,-81.838,-227.86,269.3,-368.43,17.156,-67.053,68.6,0,0
6.2844,-28.314,4.4691,50.137,-20.554,-400.88,10.868,-5.8278,67.012,58.202,8.3954,-16.418,-12.517,0,0
0,0,0,0,-7.9139,188.62,-247.12,28.968,-69.327,-51.752,-44.618,10.346,-3.8995,0,0
-1.7321,-1.384,-4.2321,-30.021,8.8836,105.61,49.505,-140.51,267.54,52.479,85.117,-34.348,6.1002,0,0
0,0,0,0,114.04,-25.274,-311.98,350.99,-16.455,-23.89,-197.24,9.3096,4.7476,0,0
0,0,0,0,-99.047,90.372,17.557,153.02,-126.73,160.16,-37.604,-18.341,-2.7372,0,0
-23.178,41.302,26.813,-258,-15.733,-81.876,10.899,-42.645,-11.011,-90.109,-127.04,123.83,37.593,0,0
0,0,0,0,3.4943,-87.05,144.12,-24.107,-126.05,-49.277,-26.623,-5.6448,-5.1478,0,0
5.5511e-016,-5.5511e-017,9.992e-016,1.1269e-014,16.143,11.312,72.865,-61.148,-95.793,-236.66,106.58,-121.54,27.357,0,0
2.6368e-016,6.6613e-016,1.4988e-015,1.6209e-014,-166.88,164.42,-161.13,74.113,29.994,35.623,-41.87,52.683,-0.72091,0,0
0,0,0,0,37.545,81.353,10.913,58.085,20.332,15.035,1.2973,-4.884,-0.6968,-65.79,-38.053
9.9225,-20.644,21.116,16.338,232.31,22.526,-53.675,-24.591,-85.146,-6.0786,89.513,-27.398,3.6387,0,0
0,0,0,0,-58.153,38.789,-0.93333,-33.168,-62.588,-65.445,-184.46,14.924,4.0335,0,0
13.423,-14.99,15.301,66.156,-81.14,-142.97,-112.86,46.716,22.18,32.328,7.361,37.971,-0.40993,-1.4318,1.1887
-13.423,0.12917,17.935,-143.8,-118.71,151.66,-97.476,-110.22,-168.57,70.704,-169.42,8.0994,95.942,-25.997,-9.5263
-18.62,20.637,-6.4348,206.98,-45.513,-227.47,-152.19,-142.15,-110.24,80.225,28.336,-19.417,-1.5607,0,0
-21.651,-34.183,20.363,49.681,349.33,-18.476,-74.868,162.85,-353.79,52.525,-21.005,23.028,14.309,-29.829,14.03
7.1235,9.9898,-10.978,15.908,-15.383,59.081,-106.37,2.2836,128.57,191.65,226.25,-55.212,0.45929,0,0
2.1283,8.3346,16.668,-35.841,138.48,40.127,104.41,209.39,-151.9,203.19,-23.069,2.3233,1.7001,0,0
-4.7631,28.838,2.8087,-133.63,38.683,42.02,-77.541,-105.91,48.975,50.741,17.088,26.604,-88.97,16.19,14.722
-1.299,-21.703,23.296,25.281,70.198,-353.4,165.33,-10.68,271.68,-213.69,120.44,59.256,51.002,0,0
0,0,0,0,70.965,101.34,10.722,135.98,96.995,73.427,4.7575,-10.929,-10.148,61.925,-6.0353
-0.43301,-2.5981,-6.3349,91.145,216.45,-39.57,-25.3,318.07,19.803,142.97,49.113,62.355,-20.837,0,0
-2.1651,-8.1896,-15.507,37.659,-65.759,-161.8,-157.62,99.977,-39.46,11.234,13.497,3.5009,-157.03,46.998,-26.081
-1.7321,-0.073557,-6.6764,-211.18,-114.46,13.897,111.74,-104.67,-172.27,88.455,-11.378,-36.963,25.67,0,0
-25.981,-14.206,-109.89,45.315,-22,134.57,43.441,113.84,107.37,-14.614,-132.01,-3.6324,-59.337,0,0
7.7575,3.9489,2.6014,-39.352,-118.91,-51.07,-0.40955,102.29,-97.343,-302.42,-91.593,-20.686,7.5933,0,0
3.0311,3.0066,106.88,22.664,-218.18,-22.656,130.55,-219.98,218.27,-81.465,-147.87,-3.199,25.102,0,0
0,0,0,0,3.6818,-91.124,16.357,53.128,55.971,-19.99,34.008,-0.62116,0.066987,0,0
-0.43301,-6.8056,-11.275,67.68,-44.146,-18.825,185.69,164.15,98.337,-163.33,257.26,-64.02,2.0929,0,0
0,0,0,0,2.6884,80.996,-386.2,73.865,200.54,233.22,26.019,-4.4527,7.2165,0,0
-27.713,11.803,-6.9659,-165.14,243.39,-121.85,77.104,125.58,-153.09,240.3,22.876,-227.04,19.172,0,0
-3.8971,2.1226,0.20753,67.953,-2.2415,256.76,207.47,-105.27,-145.86,198.43,-118.2,-197.47,-35.84,0.35192,4.9372
0,0,0,0,-156.83,-69.129,-371.74,115.81,-117.33,128.31,-101.09,-25.66,2.4085,0,0
-11.258,-12.292,27.571,-77.36,-251.86,-105.39,-171.67,-147.15,-60.966,-12.605,67.733,-99.553,-4.0321,-37.019,36.394
-8.2272,22.173,-15.722,15.502,7.5658,-212.36,20.49,-111.4,61.903,148.94,8.2034,-40.034,0.040708,0,0
15.668,-15.803,-60.879,45.429,95.466,37.873,136.5,207.1,155.38,195.21,0.95741,64.45,5.3239,0,0
0,0,0,0,-19.857,81.471,-37.926,244.97,-8.1798,9.2897,3.6288,-4.5996,1.5682,0,0
10.392,6.616,8.3954,-63.228,-135.27,173.83,-310.68,105.7,-180.43,31.245,73.503,1.5652,84.164,-6.1984,-17.321
2.2204e-016,0,1.2212e-015,2.8422e-014,128.92,-335.67,23.313,188.67,-91.153,-16.378,66.725,-58.169,-91.559,44.501,-20.785
-0.43301,18.714,19.801,-145.51,218.7,25.255,-168.34,9.8652,-64.223,121.71,13.996,-11.898,9.654,0,0
11.258,-15.167,0.98862,-8.4641,-35.657,8.7688,105.08,196.83,-254.68,217.37,342.26,-273.64,-19.137,0,0
-4.7631,-4.1095,29.015,-95.411,59.191,-176.03,65.952,1.3462,28.941,-201.37,-75.119,85.784,14.136,0,0
11.258,12.292,-27.571,77.36,-70.938,-50.792,124.82,99.987,-27.607,113.44,14.856,122.93,-20.984,0,0
0.43301,-26.905,6.1195,139.74,38.913,-223.79,99.08,-105.65,239.81,-321,-250.07,-71.799,5.4712,0,0
18.187,6.6813,31.667,47.183,-142.67,-87.191,0.28822,-155.11,221.59,-32.912,-45.999,6.3427,149.61,69.731,-19.263
-5.5867,-21.71,-15.896,19.907,-232.34,310.39,62.32,100.7,-95.016,-327.06,226.56,175.69,-24.984,0,0
6.0622,2.4199,-2.7925,-71.192,-124.47,-118.71,33.648,220.65,-198.48,-175.61,86.517,-169.46,9.2934,0,0
-10.276,-9.3191,11.211,-18.363,233.49,-115.6,72.559,48.203,101.29,82.735,-256.48,-188.51,-40.24,0,0
-7.3612,-2.7075,10.783,-129.47,185.87,52.028,-52.45,168.9,187.61,-22.365,-88.47,8.4521,-58.371,16.964,-5.9462
0.43301,1.6405,16.422,-23.51,-63.855,-247.84,-84.728,157.46,4.7038,60.455,-28.109,-15.093,-7.43,0,0
-6.0622,-25.544,-8.3888,101.84,-172.27,46.789,-137.24,-13.271,-81.389,-32.627,69.415,-61.4,5.4579,0,0
0,0,0,0,-276.7,64.815,-135.81,141.19,223.76,-73.977,-13.393,26.672,2.1388,0,0
-12.368,16.743,-11.128,-54.981,-12.547,106.77,-81.395,345.15,-316.46,-78.963,62.312,8.5407,-0.06426,0,0
17.817,-1.5532,7.1941,12.799,-49.339,-19.134,139.23,-8.1793,-45.669,1.655,35.985,28.752,-13.435,0,0
0,0,0,0,-1.3909,6.9026,-30.811,-130.34,406.07,16.317,215.79,12.396,11.492,0,0
-1.5099,0.66506,0.021234,-2.0413,24.34,29.849,180.33,-222.02,131.64,-13.663,-120.16,67.118,3.3458,0,0
2.1651,8.1896,15.507,-37.659,-113.12,-35.773,25.565,82.385,45.987,-43.168,-41.807,-1.5011,-8.227,0,0
4.7631,-5.8056,-5.866,-16.27,-10.978,-112.75,-257,-42.988,52.994,-88.251,-71.211,-24.334,7.2417,0,0
18.034,5.218,-40.624,-127.68,85.577,-231.23,-2.8089,-32.37,9.7567,-28.012,172.55,-165.85,-120.43,52.11,-25.548
-7.3612,4.5915,-102.61,104.75,-217.53,79.657,-68.722,-6.8177,-46.317,-64.143,-66.108,71.326,3.0192,0,0
-4.7631,-7.3415,-4.1764,78.18,91.973,161.58,-30.437,83.409,21.197,35.933,-84.26,28.425,-4.9626,-46.219,67.55
-5.6292,-24.258,1.1441,250.5,78.254,45.616,-31.109,-85.836,206.13,51.586,-102.81,-169.7,20.507,0,0
0,0,0,0,30.349,-46.126,108.48,8.3604,252.04,-162.26,24.503,64.16,-0.6423,0,0
7.2395,1.0081,-0.42644,130.22,-31.845,-13.843,-76.6,60.899,169.39,-149.37,83.907,117.79,-21.254,0,0
-16.887,-24.391,45.281,-69.835,23.189,-59.909,24.36,-100.42,-80.456,322.41,-35.559,-18.138,-1.5563,0,0
-14.289,14.74,-4.9037,-58.832,-285.41,-256.61,-160.64,38.34,35.956,3.0381e-014,3.0381e-014,3.0381e-014,-13.827,39.504,7.4772
7.3612,-17.41,18.093,137.35,71.461,190.11,183.18,-119.85,111.84,-66.882,0.63254,0.79303,1.8292,0,0
26.847,-29.981,30.602,132.31,-133.64,-107.59,157.01,52.686,90.775,99.695,65.308,-31.538,105.69,-10.398,6.4796
0,0,0,0,180.42,63.431,165.95,-111.84,-54.056,-36.269,14.718,-19.02,2.4261,0,0
0,6.6613e-016,1.1102e-016,2.7089e-014,81.147,15.955,-121.07,24.122,-33.665,83.046,176.94,-36.184,1.6711,0,0
-4.974,14.904,90.014,91.717,253.73,131.36,-164.04,133.83,63.701,248.64,-27.578,-54.83,-69.05,15.146,1.7321
4.7264,-6.6181,17.615,15.916,-180.02,158,88.465,129.93,107.49,64.563,-49.747,-208.82,12.641,0,0
4.6046,-9.7909,-7.0066,1.1651,239.38,-76.464,-215.34,-163.22,241.9,-56.164,10.04,-25.863,30.877,-50.297,-9.4895
0.86603,36.986,-1.2242,-139.17,-68.691,229.05,-48.446,191.58,-107.42,145.44,-10.489,78.017,-48.483,30.236,15.43
0.76554,-9.9539,-6.7222,43.163,-121.52,-8.3939,175.46,-59.054,34.798,-25.871,-18.799,83.295,82.184,-2.0215,-3.4641
27.993,2.4059,-17.701,109.36,-110.2,-26.156,45.41,85.24,246.4,89.166,95.472,229.34,24.883,0,0
7.3612,8.4934,-2.6764,165.99,-16.46,-215.58,2.5991,-155.53,-212.35,67.717,-25.84,10.491,104.21,-54.191,26.023
-3.4641,31.588,-2.0149,-63.134,12.184,28.329,19.607,-279.51,215.03,229.6,14.239,57.652,-2.2867,0,0
-0.43301,-1.6405,-16.422,23.51,-146.95,-70.183,-293.7,-124.69,-88.963,-34.988,165.15,11.63,4.6196,0,0
0,0,0,0,-15.112,-3.0922,-192.36,-131,-300.53,126.1,5.4473,8.858,5.9434,0,0
-12.768,9.4168,-10.523,54.606,321.21,-126.77,33.232,168.67,0.71805,-350.98,186.94,52.082,-1.0672,0,0
13.265,-14.329,20.386,4.4821,-155.88,-14.433,-357.95,96.814,127.97,-51.838,-2.5389,16.757,-1.8433,-46.219,67.55
0,0,0,0,1.1103,-252.97,-46.564,332.89,55.543,71.133,-174.67,8.7146,-11.075,0,0
3.0311,-8.1471,12.221,-15.923,-272.96,-44.575,-90.857,139.86,-237.11,-13.993,304.14,-45.201,-8.6522,0,0
0,0,0,0,81.82,-91.909,-141.44,-4.8897,33.842,-98.679,-124.12,-3.7726,6.9171,0,0
38.596,7.5859,2.7132,75.126,41.71,70.14,-141.91,41.274,-197.76,75.514,283.13,-78.106,-100.27,25.444,9.9381
19.053,-13.838,12.368,49.929,-6.8037,-60.645,-23.353,-12.04,-173.71,108.61,-147.55,108.72,-21.595,0,0
0,0,0,0,78.917,12.864,-17.037,-307.52,-154.37,64.969,-81.895,-29.145,-6.503,0,0
-0.43301,3.8415,2.8056,-34.371,-1.1558,-71.798,-137.58,115.02,-156.23,293.96,-145.06,115.33,-3.7024,0,0
13.423,-14.99,15.301,66.156,-66.513,-55.925,220.63,66.817,-33.161,22.11,17.785,63.11,-24.518,0,0
4.1716,-18.516,-14.136,-4.5604,-73.059,57.893,112.59,10.557,15.867,33.129,23.804,-55.94,104.85,-8.0971,6.532
10.181,-5.1603,-20.894,66.428,74.976,-6.7924,-145.58,-225.32,195.17,143.67,-187.71,-217.66,-126.48,29.819,15.588
-1.2623,-37.833,-30.465,246.55,50.015,-232.04,106.74,-260.64,-176.78,-50.672,-54.818,-29.263,7.1979,0,0
-13.423,6.3546,8.1244,53.669,37.437,-31.581,-102.39,-228.05,-92.451,56.664,39.244,-8.0175,46.337,15.972,-8.7607
-5.8571,-40.28,43.969,-161.12,-72.338,-103.39,184.6,-18.824,11.274,219.99,134.5,97.654,-29.767,0,0
0,0,0,0,-160.73,68.666,-112.45,24.685,132.07,-277.05,-0.16197,-30.8,-8.9172,0,0
0,0,0,0,29.415,103.17,-35.011,220.55,-121.93,142.75,114.2,-34.641,-6.0685,0,0
16.454,6.4378,27.6,103.54,-37.243,372.92,-48.636,-0.73237,-113.76,138.25,-113.24,-67.973,-49.262,0.35192,4.9372
0,0,0,0,70.779,-10.556,-104.34,-33.663,310.46,-111.75,66.978,-102.75,-9.1472,0,0
0,0,0,0,251.5,-0.82489,-155.57,-12.023,167.75,-198.41,-23.927,11.31,-15.004,0,0
0,0,0,0,-65.327,-389.61,-94.356,9.1503,-39.974,-67.894,4.7868,81.783,5.2103,0,0
-4.7631,-0.34151,12.087,33.571,100.29,-109.6,190.45,115.14,112.59,-48.915,51.307,-1.3349,-113.55,0.35192,4.9372
11.691,-22.082,-11.933,-150.31,113.23,218.13,-56.783,142.2,-160.17,-52.246,-25.324,-149.56,20.507,-0.11394,0.11603
-6.9282,9.6471,-88.767,39.226,-305.77,-215.7,315.84,-29.609,-218.5,156.36,155.28,-124.75,27.037,0,0
-0.43301,-1.6405,-16.422,23.51,52.118,140.52,169.36,138.82,-109.69,3.5522,-165.97,-21.311,4.4839,0,0
11.554,-6.157,37.338,10.639,-72.711,36.552,-203.46,65.649,98.843,-127.9,61.172,31.258,24.112,-92.152,89.523
8.9348,8.2108,-0.3008,139.47,337.62,1.4282,-137.5,72.593,8.8037,-302.32,82.082,-103.85,-38.495,0,0
0.43301,1.6405,16.422,-23.51,-119.15,117.26,-130.14,164.39,-414.24,173.81,-7.641,14.69,-4.5344,0,0
0,0,0,0,-53.527,-355.45,131.75,296.9,-201.08,28.237,-13.386,38.415,-82.055,-42.136,-3.1414
7.2164e-016,22.044,12.609,-185.52,-30.092,-19.013,-145.43,-72.237,-50.426,-145.51,170.32,-17.022,-64.946,1.8905,0.43301
5.5511e-016,-5.5511e-017,9.992e-016,1.1269e-014,-57.201,59.389,80.91,122.48,-212.72,-7.5015,-91.599,-46.624,2.1316,0,0
11.258,12.292,-27.571,77.36,77.724,-390,-125.79,2.3843,128.73,77.093,152.49,25.681,-5.006,0,0
0,0,0,0,-175.05,-145.87,135.11,-176.29,-96.951,-150.34,-56.842,-3.3401,-0.46442,0,0
-12.209,-4.0245,18.482,-95.478,52.148,66.346,60.077,-144.04,286.36,383.78,127.78,-53.839,12.917,0,0
-34.003,2.8295,7.4501,179.58,-170.9,-94.786,10.482,18.387,156.89,-209.18,-207.82,17.793,78.331,15.972,-8.7607
-3.0311,17.221,30.713,-37.772,-49.154,-127.52,54.741,5.309,-76.047,-135.09,-137.77,-26.228,9.8651,0,0
11.258,12.292,-27.571,77.36,-169.54,257.36,229.44,115.12,103.9,12.183,-127.87,13.351,70.914,75.448,-103.92
-16.021,13.356,-9.1357,-88.854,-57.119,-17.677,59.714,-31.984,152.04,127.16,108.3,-4.1762,-9.6896,0,0
14.997,-3.1749,1.3888,-62.063,-64.256,-133.89,-273.33,145.47,-25.631,-5.9147,6.8163,-5.1211,49.381,-15.81,8.2272
4.3301,13.812,15.127,248.3,10.451,304.78,-292.77,-55.453,-58.541,98.047,-67.859,2.1941,2.7966,0,0
-4.7631,-4.1095,29.015,-95.411,155.52,-48.249,-134.91,-135.18,-64.864,-43.147,10.73,30.108,4.5198,0,0
0,0,0,0,101.8,-83.274,-54.562,-283.83,438.73,-312.27,138.47,50.081,-9.0825,0,0
-0.15849,4.3203,5.134,-101.63,-155.59,-156.76,-91.041,203.3,328.84,-67.878,-13.934,-11.961,41.632,-15.81,8.2272
-6.4952,12.727,-11.886,-40.976,-27.704,16.699,256.6,241.15,-32.826,2.1962,-5.1471,83.716,4.6681,87.28,-116.05
20.288,-3.206,-18.045,-55.775,-104.5,1.207,69.157,4.574,-24.673,35.96,-73.64,74.479,-12.056,0,0
-13.423,14.99,-15.301,-66.156,-21.011,130.41,190.76,74.872,-21.335,-322.13,-49.27,74.628,-61.244,0,0
0,0,0,0,-55.165,263.37,-17.864,-273.4,32.054,246.78,-193.96,38.992,-1.9168,0,0
0,0,0,0,35.936,-43.897,-53.234,66.804,469.6,-81.169,-236.18,-82.439,5.0367,0,0
0.43301,22.404,18.397,-88.159,-108.11,-247.24,-116.4,195,41.012,-3.0107e-014,-3.0107e-014,-3.0107e-014,91.841,-39.226,16.021
-1.2778,-7.3828,7.0544,-22.977,30.439,161.68,-219.95,168.95,-203.83,-21.131,55.136,78.665,-10.964,15.972,-8.7607
-0.43301,-1.6405,-16.422,23.51,39.634,20.085,-107.11,48.179,51.06,-9.0727,-67.272,24.027,169.24,-33.22,5.1962
8.5075,-2.8962,-20.191,53.735,146.74,-216.7,234.12,-88.461,-249.33,-23.675,-159,-32.071,3.7397,0,0
0,0,0,0,-97.024,-157.62,39.514,-335.74,-115.94,-244.98,140.18,-64.98,-10.964,0,0
0,0,0,0,-34.559,-116.35,-173.38,103.68,-44.023,-0.72398,-112.88,-2.1132,-1.3777,0,0
15.43,8.544,-44.102,-27.542,145.83,-185.52,100.65,-5.4807,114.69,17.757,21.13,-80.933,39.048,-29.829,14.03
-5.1962,7.3056,0.86603,-35.114,234.65,15.614,14.61,-134.64,-64.081,131.69,80.528,-25.431,63.689,-0.11394,0.11603
27.713,20.962,-0.25176,-37.065,39.291,16.402,-32.716,123.45,-126.05,-142.89,32.127,91.035,22.75,-45.629,-7.3612
6.7697,-1.6014,8.5,-36.494,-264.34,10.601,150.01,-74.702,-221.6,244.66,118.45,-72.127,17.881,0,0
0,0,0,0,-197.91,44.666,-278.83,-47.401,-7.9787,-78.793,53.111,58.361,3.2772,0,0
0.27452,-13.693,32.448,-145.82,-161.2,37.5,-188.65,68.668,-153.69,61.556,-5.7822,-23.375,87.235,-47.232,23.272
0,0,0,0,1.2524,116.14,-198.7,226.24,-106.52,-71.604,-186.06,-21.082,3.1172,0,0
8.0107,3.7189,43.671,114.86,129.15,-251.42,65.036,5.6117,-149.52,-64.691,119.08,-24.798,2.8867,0,0
5.5511e-016,4.5915,77.87,-18.948,12.371,-19.594,-38.433,39.74,180.3,38.768,174.59,3.877,-6.3074,0,0
24.682,51.281,39.401,130.86,-202.03,179.59,-258.87,22.457,141.95,57.425,43.769,-105.95,56.918,-10.398,6.4796
4.3301,-20.111,77.919,-104.18,152.24,-338.81,205.39,131.71,-42.847,-73.599,21.443,-26.698,47.389,-2.0215,-3.4641
0,0,0,0,-89.702,4.0798,6.3878,-44.237,119.47,10.366,63.507,-105.51,19.68,0,0
-5.7877,-0.49015,8.0179,-45.447,-165.94,50.293,-143.01,143.69,18.115,0.92131,146.9,-3.3144,4.7034,0.94888,-0.39623
-12.99,17.149,-10.252,-54.728,-98.214,88.66,53.357,-280.76,93.85,-83.978,24.612,-21.687,9.6271,0,0
-3.6749,-0.23686,-1.8268,14.862,-59.598,147.44,55.188,53.791,109.31,8.0497,36.531,-190.06,8.055,0,0
-10.012,-4.9453,-97.733,23.635,52.988,304.27,57.78,-342.43,169.2,-68.793,45.792,64.828,-1.9949,0,0
0,0,0,0,99.136,-67.732,-180.74,-161.29,34.715,-128.63,-102.53,19.7,0.58429,0,0
6.7697,-1.6014,8.5,-36.494,22.402,20.282,-390.14,318.22,-78.701,-56.557,5.7913,20.989,-156.5,25.444,9.9381
-1.299,10.147,25.995,202.24,-72.723,-106.96,111.12,158.76,-243.82,97.796,91.379,-2.7912,157.23,-39.226,16.021
13.265,-14.329,20.386,4.4821,12.226,-218.47,178.46,-17.371,259.56,-105.93,-220.07,18.369,26.296,-10.398,6.4796
-6.9282,8.7452,39.401,-260.95,79.871,-124.55,44.731,8.1614,40.846,-63.386,-5.7944,95.689,-39.149,15.972,-8.7607
22.95,26.489,3.387,-130.39,35.008,-186.1,110.73,-111.8,-52.88,-266.95,75.837,-95.759,-97.678,25.444,9.9381
-0.43301,3.8415,2.8056,-34.371,-64.122,266.22,-239.17,142.88,64.27,-86.319,-10.014,-35.698,-4.5431,0,0
-27.075,-2.5676,28.434,-75.57,75.354,-153.73,95.341,-213.01,190,-91.696,56.924,-210.03,-3.0793,0.35192,4.9372
9.9593,26.123,16.275,-228.15,52.634,55.884,-50.783,-5.0745,-186.73,-38.468,-39.339,-91.927,58.185,-39.456,-7.8947
-19.053,13.838,-12.368,-49.929,-190.96,86.957,-64.21,40.117,19.752,-227.32,126.23,-40.304,4.3804,0,0
15.43,-40.819,-24.822,112.02,85.085,46.214,152.7,46.692,-10.028,18.087,-83.071,39.772,57.008,-15.647,4.8056
0,0,0,0,74.717,124.61,-96.735,-8.1374,127.27,92.719,-5.3679,74.622,-22.497,0,0
20.352,-2.7338,230.26,-76.648,-70.839,-166.84,-221.36,-69.723,-26.556,11.97,170.1,26.794,44.733,0,0
19.053,-0.4282,-9.7093,-89.507,-123.49,-38.177,323.43,-67.771,-0.42172,-16.158,-126.42,112.16,21.228,-2.2518,10.825
1.7321,-41.454,46.775,-9.1016,-33.168,-192.03,109.92,-32.462,126.07,-15.888,3.25,59.575,-69.917,0,0
3.2108,16.714,-130.67,166.31,36.169,-155.35,77.472,-212.02,-20.892,-15.272,-120.05,65.283,-82.538,10.923,-6.9282
-4.7631,-4.1095,29.015,-95.411,-30.914,-204.78,97.033,-225.08,247.12,-29.891,-56.465,-0.66298,3.9043,0,0
13.423,-0.12917,-17.935,143.8,-71.448,70.933,-222.53,-386.09,-50.054,-164.85,147.69,-30.352,135.19,-54.191,26.023
-14.722,10.082,8.2255,-93.825,-139.65,-68.732,-69.083,128.25,-12.343,-267.53,90.755,239,-27.903,0,0
14.289,-0.9282,27.77,-250.24,-161.37,-112.59,109.67,-53.634,-182.25,-96.079,-153.98,10.175,-5.2381,0,0
2.1651,30.234,28.116,-223.18,267.21,-88.81,90.817,-143.12,-104.1,83.369,195.97,45.681,-12.145,39.504,7.4772
2.2204e-016,0,1.2212e-015,2.8422e-014,140.74,37.802,150.12,-202.68,-155.92,-238.92,52.736,6.5927,69.552,3.8549,32.366
0,0,0,0,55.682,29.721,-150.7,-81.944,111.81,96.404,-44.699,-135.77,21.829,0,0
0.86603,12.464,-95.646,-168.54,18.404,-111.5,-301.55,170.82,-95.43,-87.974,-96.264,-164.35,51.151,-10.398,6.4796
5.7664,-35.912,10.681,54.806,120.59,150.66,22.937,337.2,169.06,-179.72,-85.279,-213.81,-85.255,29.108,-12.954
-7.7942,12.66,-23.624,-55.69,-6.5096,7.5167,-55.184,-147.13,204.23,97.579,-62.366,-8.9201,3.5162,0,0
-21.651,3.4168,-11.593,-165.93,-117.21,32.921,18.207,10.104,76.498,156.36,-48.476,76.719,-16.038,0,0
-13.423,14.99,-15.301,-66.156,48.246,29.183,60.411,-0.70682,-122.93,72.511,-33.288,-62.724,-1.951,37.236,-36.373
13.423,-14.99,15.301,66.156,29.39,-22.802,-30.133,170.2,146.67,-106.9,16.345,-17.993,92.066,-26.542,3.0311
-13.423,14.99,-15.301,-66.156,-52.179,108.78,-130.49,-103.91,113.8,-143.11,37.807,57.977,2.6507,0,0
1.0458,11.457,-18.396,-68.549,83.809,33.498,84.407,61.604,-58.597,-49.76,-161.2,39.311,-5.4845,0,0
-4.3669,-9.1965,13.382,-133.88,256.56,-95.735,-14.612,10.317,49.105,-185.4,-201.22,16.052,16.078,0.35192,4.9372
-0.43301,3.8415,2.8056,-34.371,-25.699,145.43,-146.35,-108.1,134.77,-177.02,15.045,-1.2237,147.93,-39.226,16.021
1.9273,7.0993,69.711,18.399,99.774,-0.60793,-140.56,-169.57,158.4,77.741,-54.214,30.145,-90.259,25.444,9.9381
-1.616,1.779,-28.923,-19.428,162.79,-99.781,178.63,-190.8,12.333,-57.586,-188.83,44.573,-194.51,30.179,7.3612
11.258,12.292,-27.571,77.36,85.4,-147.79,84.062,71.032,-223.12,109.41,-175.81,38.416,1.1253,0,0
15.588,-38.115,11.943,233.46,-111.69,-18.071,-48.872,196.67,48.898,55.038,-64.36,6.2497,18.692,9.6851,-8.1112
35.507,0.56347,-9.2877,10.319,-310.5,197.03,-129.01,134.55,117.06,210.06,-67.553,49.38,9.9275,-29.829,14.03
0,0,0,0,105.13,-88.804,-32.8,-178.74,113.51,-140.79,-162.85,36.769,-67.846,-1.0284e-014,-1.0284e-014
0,0,0,0,202.72,-27.527,-127.13,-71.892,38.955,158.63,-64.362,-24.521,3.6107,0,0
3.0311,-8.1471,12.221,-15.923,83.447,134.01,-103.53,109.19,-5.3211,-236.75,60.519,38.935,-29.977,0,0
19.053,-13.838,12.368,49.929,62.519,-189.63,38.495,213.87,30.579,-130.7,21.697,25.545,-2.2187,29.108,-12.954
0,0,0,0,-140.97,93.681,-294.59,-59.644,72.061,-16.623,84.251,-66.415,5.98,0,0
-7.0287,19.025,-11.17,-9.0155,-60.606,104.33,-41.425,-194,-70.911,39.405,-5.137,75.299,-24.658,0.94888,-0.39623
0,0,0,0,6.2485,12.795,-345.7,-73.726,-163.32,12.94,14.432,-28.432,-7.2506,0,0
6.4952,1.7255,-7.8546,-3.549,-248.23,176.27,-137.72,15.405,-13.59,-170.93,83.215,-2.5316,-5.5801,0,0
13.423,-14.99,15.301,66.156,-79.48,144.23,-300.44,197.52,-112.11,-6.7793,48.413,-91.15,7.7302,202.02,-104.23
0,0,0,0,31.937,15.85,-13.625,-83.183,252.33,-44.799,32.422,-16.275,-3.5195,0,0
9.3678,-32.489,2.6734,51.212,-124.26,-172.93,-40.792,205.18,-56.687,160.38,-208.79,130.79,73.396,-14.208,0.33253
0,0,0,0,-107.57,-213.87,349.39,-221.9,25.918,111.46,-192.28,117.8,-0.86538,0,0
0,0,0,0,-109.14,-35.701,299.15,-246.59,134.06,177.63,-78.665,55.72,-2.8942,0,0
-4.3301,-22.454,115.45,136.53,-62.751,-84.991,66.858,-66.288,160.78,-162.35,-39.197,117.26,37.979,0,0
-3.8971,10.678,-23.954,68.024,-115.44,-141.62,-31.993,-22.707,-15.052,87.735,7.1901,-65.485,5.6997,0,0
-13.075,3.7599,-36.603,-52.123,9.2277,96.262,-125.85,-39.356,-2.4883,-5.1316,0.022649,1.5858,-6.8637,0,0
-3.0311,7.8367,30.678,-108.73,258.87,-52.127,85.054,206.68,102.32,-45.137,-11.885,-10.739,72.167,0.94888,-0.39623
-16.021,9.6913,-12.178,-50.197,-213.14,-229.74,-114.04,209.9,-356.7,-11.735,105.47,-73.875,-127.63,6.7355,17.073
13.856,-8.1848,26.575,-1.5245,-16.031,-265.94,4.7412,111.72,51.031,-121.89,-37.164,113.52,72,-100.16,101.76
0,0,0,0,-88.109,165.99,-75.269,-48.473,20.423,-54.979,159.02,-53.29,-6.1113,0,0
24.682,19.882,2.6896,-25.352,36.249,-55.128,-225.69,49.671,-115.61,-307.35,28.876,9.1514,1.4043,0,0
7.3612,2.7075,-10.783,129.47,294.52,-5.6215,-153.91,32.686,-223.46,10.998,24.652,13.773,11.267,-39.456,-7.8947
5.5511e-016,4.5915,77.87,-18.948,137.94,13.049,324.79,-138.71,50.726,139.96,-173.88,-7.1865,-27.271,-4.7365,19.031
-8.2272,-7.6226,-56.579,-44.183,34.522,-101.7,-60.976,126.74,-352.07,-193.49,-28.264,-12.699,-155.72,25.444,9.9381
-6.4952,-1.4199,-5.0556,67.723,43.623,235.64,-157.49,154.95,-17.858,-124.3,3.385,27.122,174.27,17.644,-6.0622
13.423,-14.99,15.301,66.156,58.421,81.41,-52.361,78.442,-178.63,307.05,96.179,178.23,-25.752,0,0
-8.6603,22.374,7.9869,144.64,27.658,200.37,5.6254,-57.773,-33.294,-123.3,-11.091,11.699,109.09,-54.191,26.023
-23.816,9.729,16.647,-145.34,-12.656,-9.7748,17.105,98.223,-19.283,-225.92,-38.053,-48.849,169.84,-26.542,3.0311
-19.919,36.731,-2.6016,-90.922,-36.519,484.18,-197.87,-59.085,22.463,-7.7846,91.039,-17.85,18.359,9.6851,-8.1112
4.3301,21.629,11.353,-113.42,-47.763,335.47,-245.64,156.53,-67.87,225.41,-198.25,-26.66,-1.7447,0,0
-20.315,-45.021,-55.802,90.007,142.35,217.6,-218.48,-89.648,-23.954,261.22,74.137,43.276,37.296,0.23029,-14.289
0,0,0,0,69.332,134.42,-188.25,-36.86,11.738,-96.792,106.35,-1.1401,-3.6764,0,0
-25.981,34.757,5.0149,1.8463,60.637,176.12,-142.08,138.55,-55.032,-219.94,-195.82,61.603,1.0925,0,0
16.454,-22.687,32.236,141.99,92.247,-103.74,-15.324,-114.87,65.489,32.252,66.984,-157.79,-104.1,68.365,-45.863
0,0,0,0,30.526,-143.39,124.1,-18.827,-255.21,-333.79,-69.503,97.31,-0.93894,0,0
-0.67075,1.0568,-6.0924,-4.2243,159.46,204.19,-349.38,61.975,-227.42,58.496,71.57,220.55,-162.78,33.832,0.86603
-0.43301,-1.6405,-16.422,23.51,-14.55,117.65,-159.91,-247,-80.05,-80.18,48.429,14.57,10.88,0,0
0,0,0,0,120.83,-149.37,112.31,63.493,-4.0391,344.29,155.78,-18.462,6.4354,0,0
9.9593,-0.18958,-2.8792,4.4527,-17.336,-33.62,13.893,-43.717,145.95,-32.59,-118.8,-14.255,-1.6657,0,0
0,0,0,0,-59.686,109.81,122.64,70.283,106.58,-43.613,-14.237,12.742,64.949,0,0
0,0,0,0,75.035,-208.35,158.14,53.822,-22.001,-115.92,203.18,24.5,3.9772,0,0
-0.86603,-2.9886,-3.5048,100.73,-172.43,-98.416,137.12,-90.991,-133.49,88.795,-263.1,7.5465,64.056,0,0
8.8818e-016,3.3307e-016,1.1102e-016,-1.954e-014,-223.31,-34.901,200.12,-146.36,-21.969,-105.06,-0.27733,-90.985,40.101,-39.456,-7.8947
-1.3726,-0.42196,-0.029006,-0.80801,-74.776,41.637,-47.025,-54.546,-159.36,120.33,-83.959,-6.2895,1.942,0,0
-0.15849,-9.974,6.4103,-212.56,124.32,-47.965,-85.099,121.2,-177.48,165.23,-28.922,-86.385,-62.096,10.923,-6.9282
0,0,0,0,-26.532,27.466,44.494,364.04,-98.169,10.777,-29.407,-21.362,3.4237,0,0
0,0,0,0,-76.367,-48.317,-236.97,56.553,-214.42,-120.85,100.52,13.896,-1.026,0,0
21.218,10.614,91.39,-49.938,-20.529,140.74,-272.3,88.679,23.099,224.72,175.92,101.81,-20.828,0,0
-4.7631,-4.1095,29.015,-95.411,132.4,54.752,191.73,70.833,162.73,-10.384,87.588,-74.47,33.163,0,0
-22.745,-0.50064,6.8945,-76.586,-104.23,-35.662,-208.39,-8.3959,143.23,-61.793,-3.224,-164.76,45.672,0,0
17.516,-13.556,-11.39,-17.804,-246.21,23.136,3.5109,27.366,0.63441,211.26,-60.681,73.894,2.9079,0,0
1.7321,1.384,4.2321,30.021,85.576,-14.201,-21.776,-76.28,-71.355,-149.68,-71.482,35.292,4.0511,0,0
2.5981,6.616,-16.453,26.535,-49.564,109.99,-58.911,63.883,312.38,-99.05,-7.9675,18.393,-4.3041,0,0
0,0,0,0,-17.772,-169.56,-70.13,121.17,86.631,62.562,-89.773,17.95,-50.605,0.35192,4.9372
0,0,0,0,235.76,-39.34,-117.31,133.61,-428.5,109.5,84.078,-26.649,-3.9677,0,0
2.9306,-1.7643,8.7844,5.5042,-203.19,120.89,245.53,-223.99,176.59,85.019,-58.075,26.678,-55.209,92.55,-37.123
0,0,0,0,27.542,-89.775,165.4,48.183,34.188,41.586,-52.525,-25.786,3.2003,0,0
-1.6528,6.5356,12.411,69.988,57.16,-98.129,-235.2,55.664,52.931,-48.608,34.878,-11.783,5.049,0,0
2.7933,-11.639,-22.331,129.32,-55.61,34.753,90.3,-27.265,76.552,-192.07,129.73,-54.788,-84.551,6.7355,17.073
-6.4952,-2.2614,-1.4641,0.83013,-66.453,-49.48,-100.1,-109.84,-13.248,-106.03,188.66,-185.13,-26.508,0.35192,4.9372
7.3612,-26.771,-4.1747,162.46,202.54,-12.985,-66.012,112.29,216.72,-12.849,-20.35,111.1,-0.27115,0,0
2.6368e-016,6.6613e-016,1.4988e-015,1.6209e-014,-70.05,-36.513,230.19,39.774,138.51,-79.707,-6.2724,-72.662,-57.183,-70.381,34.662
0.43301,1.6405,16.422,-23.51,-241.71,-4.5028,-151.68,118.75,145.45,120.28,-68.361,-13.892,-5.6829,-46.219,67.55
-4.2933,-19.246,-17.642,225.1,33.454,147.36,-6.942,117.85,-72.819,21.916,203.19,-197.18,-41.777,0,0
3.4641,17.502,12.931,243.72,-92.756,-148.26,-230.07,0.095585,-42.521,26.99,88.942,-21.481,-5.0526,0,0
-8.2272,-3.6944,103.83,38.689,50.453,-187.31,-339.14,22.436,-145.52,26.176,-2.6944,74.058,-30.389,-1.6696,1.4731
-8.2272,22.173,-15.722,15.502,-134.67,22.824,-51.299,-267.4,233.85,-88.328,56.444,-21.226,-74.363,14.802,10.825
-29.012,-15.15,-5.866,3.4216,100.67,-22.74,163.76,208.74,-50.229,-88.231,22.474,-129.64,-36.942,1.7796,-10.773
2.6368e-016,6.6613e-016,1.4988e-015,1.6209e-014,-65.249,-144.83,24.967,10.125,64.558,-240.14,-127.39,-155.44,19.253,0,0
12.557,-0.84327,29.472,-25.821,78.668,77.316,5.3161,12.9,-64.043,-185.24,466.99,-153.01,17.35,0,0
-6.099,30.508,0.94592,-20.339,121.71,-72.182,58.296,147.83,-309.69,260.42,244.25,-9.0088,4.4447,0,0
-10.825,14.843,-15.435,17.534,-63.196,62.736,-0.31291,-272.48,-147.82,-49.196,150.92,-18.794,3.3586,0,0
0,0,0,0,-91.297,77.663,-2.3836,-171.64,50.785,18.372,-162.96,53.852,8.4103,0,0
-2.1651,-15.013,84.512,175.57,-110.07,-149.53,-41.64,-35.539,150.68,109.45,-17.875,17.897,-175.23,54.411,-25.548
3.8971,-10.678,23.954,-68.024,-125.06,-8.2325,-72.398,0.00936,-15.451,-208.03,-181.46,-126.55,14.898,0,0
-4.3301,-2.4689,45.437,-118.92,-263.76,-56.23,144.72,-251.98,-250.29,-108.65,-12.219,20.108,-10.208,-75.369,103.56
1.4943,6.3493,-5.3538,2.9767,28.592,31.093,-27.258,-262.36,362.16,-46.749,-49.46,4.3397,59.426,-0.11394,0.11603
8.2272,-11.343,16.118,70.997,191.18,69.371,-162.36,-244.92,31.837,148.2,-38.404,-35.992,-20.923,96.224,-57.136
-22.084,10.198,-13.033,-158.1,130.07,-24.447,63.062,284.19,99.346,-135.32,-98.72,44.802,-39.916,15.972,-8.7607
-8.2272,7.0197,11.232,-7.4593,-128.46,76.058,-37.897,153.25,-67.131,37.464,212.22,34.551,2.8287,0,0
0,0,0,0,-90.714,-115.27,354.8,-209.64,-105.94,53.714,-137.85,41.565,0.46026,0,0
0,0,0,0,28.507,-42.436,-302.52,198.51,247.04,94.419,60.285,-25.256,-11.962,0,0
0,0,0,0,240.22,176.64,126.26,-31.14,-140.65,-22.736,166.67,-47.586,-1.4726,0,0
-21.651,3.4168,-11.593,-165.93,81.888,-121.62,84.852,3.9556,-35.322,98.309,241.83,-64.495,-0.8218,0,0
0.76554,-9.9539,-6.7222,43.163,-168.18,-8.5217,-87.674,156.93,-183.42,94.11,172.58,-5.7277,-1.3845,0,0
0,0,0,0,-17.141,216.68,6.7722,-31.156,-203.71,14.402,68.66,32.59,-3.0729,0,0
-11.258,-12.292,27.571,-77.36,25.901,-14.747,-257.26,152.47,-139.32,-166.46,-65.764,-42.593,-1.3604,0,0
0,0,0,0,50.979,-110.75,1.5006,477.45,51.712,-83.536,103.92,-38.835,-45.229,0,0
-8.8818e-016,-4.2188e-015,-2.4425e-015,3.1974e-014,6.3703,150.31,-160.33,-31.583,-191.54,-80.259,-75.838,18.933,-14.833,0,0
1.1102e-016,-8.8818e-016,2.2204e-016,1.3989e-014,-94.047,250.65,-80.493,280.8,-96.135,-20.971,53.868,-93.995,94.581,-169.12,105.4
6.0622,2.4199,-2.7925,-71.192,-86.695,257.29,-436.58,237.49,124.98,-132.33,254.42,22.243,2.567,0,0
-4.974,2.0066,-23.474,81.563,-222.11,237.24,-10.299,138.13,-58.066,2.999,34.813,97.979,-28.568,3.9968e-015,6.6613e-016
-4.7631,-7.0359,42.722,149,-148.45,-101.84,-3.8927,-29.268,-69.728,-156.85,93.157,-13.683,64.48,0,0
5.5511e-016,-5.5511e-017,9.992e-016,1.1269e-014,440.53,72.271,-126.96,-37.624,168.57,-245.69,-440.34,-43.471,1.7054,0,0
-9.0933,13.142,10.366,-156.27,-50.292,-248.62,46.158,35.596,-344.84,206.95,62.491,-2.8564,-2.2835,0,0
0,0,0,0,59.128,268.05,-72.512,295.47,228.04,36.269,-71.504,60.664,-6.1889,0,0
-0.1528,-1.5302,-0.72997,0.64623,143.57,72.101,-128.51,34.228,-119.67,12.42,-112.39,-25.301,4.0093,0,0
0,0,0,0,201.18,-172.47,128.54,-38.294,122.16,-13.129,151.36,-23.705,0.44375,0,0
8.2272,-11.343,16.118,70.997,128.16,-9.3981,0.56939,256.69,62.877,-185.73,82.702,58.922,-7.8814,0,0
4.3301,2.8349,2.1651,71.593,-41.546,18.321,31.661,-221.95,-214.18,13.482,-94.547,102,-180.56,31.129,-9.4895
0,0,0,0,10.833,-251.49,-0.55449,-16.146,-22.894,-36.706,-53.753,63.449,87.664,69.731,-19.263
1.1405,5.1127,19.154,21.683,-88.86,-256.53,194.84,-257.34,58.655,31.833,144.45,-34.271,-8.3967,29.108,-12.954
-8.2272,22.173,-15.722,15.502,-109.3,78.701,168.91,218.88,-52.555,-45.414,-59.089,-0.34039,-86.989,44.501,-20.785
12.124,-26.131,31.218,-332.41,9.4249,-60.376,197.32,36.525,-27.813,-223.72,-80.349,-29.916,66.309,1.7319e-014,4.4409e-016
-3.0311,8.1471,-12.221,15.923,208.79,161.36,-178.65,-142.67,-67.839,-101.7,-144.74,29.712,2.0506,0,0
7.3612,2.7075,-10.783,129.47,-270.64,5.4953,227.15,106.06,-15.609,-3.1274,21.165,-18.298,32.037,-45.629,-7.3612
0.86603,8.4216,-97.177,-19.073,140.91,-120.22,34.064,23.362,-27.747,-7.1125,-95.011,21.444,93.218,-25.997,-9.5263
-9.7371,-5.7123,-65.548,45.373,-57.512,68.869,-105.28,-24.826,-122.12,-195.09,99.504,-82.784,-33.3,0.94888,-0.39623
6.9282,-20.595,6.8516,51.717,-15.694,33.739,-320.27,3.9875,-165.48,130.03,96.682,-27.855,-1.6199,0,0
-31.405,-0.74407,62.047,-203.94,-123.17,-191.26,199.89,-348.87,221.02,177.4,-22.098,-11.897,22.121,-39.456,-7.8947
-0.43301,-1.6405,-16.422,23.51,57.562,-287.52,-128.45,224.58,101.75,-28.705,4.8155,36.38,-60,-46.219,67.55
0,0,0,0,8.5646,-111.05,114.54,-105.92,-166.91,-74.388,120.29,-9.1418,0.87116,0,0
13.423,-17.74,-0.34632,-126.98,25.201,-135.1,-44.94,86.87,92.883,20.806,-13.927,-11.642,-0.52813,0,0
1.7321,-41.454,46.775,-9.1016,-13.026,174.16,51.255,20.539,-19.229,19.118,-50.773,-7.6716,-13.156,46.047,7.2027
11.258,12.292,-27.571,77.36,-90.929,-9.354,77.073,252.67,-39.647,-210.65,91.571,43.034,-32.909,198.31,-95.263
-18.187,17.363,79.496,175.95,-115.52,189.27,-56.268,54.858,-0.70272,8.9724,2.8529,22.018,-32.399,10.923,-6.9282
-6.4952,2.3301,76.406,-18.118,-165.18,22.422,28.417,-88.616,28.093,49.803,-16.275,32.026,92.076,-25.997,-9.5263
0,0,0,0,-24.718,-84.381,-0.80833,-106.99,-95.056,-25.939,65.751,-6.5537,61.426,0,0
6.6905,10.41,-15.824,106.65,-136.59,-187.76,269.49,-2.1589,-226.83,17.315,-232.77,49.305,6.5595,0,0
-27.508,-3.4157,15.342,-108.68,171,-76.011,188.87,140.13,7.198,-195.03,-41.635,52.959,-65.131,0,0
-4.3301,31.93,9.4313,158.64,-116.97,-81.962,-105.41,-5.1308,92.592,160,-170.63,5.8622,-2.8475,0,0
-9.7371,-12.853,78.342,-9.4949,-83.219,2.4216,-10.104,-51.663,157.86,-168.47,104.99,-57.219,87.962,0,0
10.825,12.951,-33.461,82.691,54.176,-65.705,92.481,123.52,224.95,-71.991,-23.837,209.85,-112.52,15.319,-1.2623
-14.289,19.754,-12.93,86.694,109.77,64.636,128.55,64.212,135.49,-65.059,11.85,-47.588,-41.711,130.76,-104.67
2.8726,-36.824,3.3091,38.672,101.66,354.11,421.06,292.22,29.243,-41.323,-6.3087,57.822,0.76763,-0.11394,0.11603
0,0,0,0,104.96,-138.96,-101.75,155.89,45.78,250.47,142.87,-5.5307,-3.5055,0,0
26.414,-7.0885,7.9707,48.788,187.51,91.111,66.173,-66.245,14.317,-32.491,-18.846,14.194,-64.542,55.314,-0.75
10.825,12.951,-33.461,82.691,27.759,-249.08,-105.06,-110.44,39.958,117.91,67.212,-43.459,-10.552,0,0
5.6292,-19.892,-50.384,-87.843,-83.277,-15.007,-22.697,-81.812,-166.04,180.62,331.51,93.309,-32.212,0,0
7.8367,-11.406,22.558,-39.883,178.65,-190.04,312.69,-114.62,66.728,-70.683,-330.91,-113.38,24.225,0,0
2.5981,4.2386,26.848,204.04,-151.38,10.035,-100.04,125.17,124.75,117.95,-31.501,66.544,5.9838,-45.629,-7.3612
13.698,-12.688,36.807,-19.028,8.3759,134.32,195.78,-59.904,69.069,-85.672,73.781,-49.746,-139.72,46.998,-26.081
4.5254,12.099,1.7198,-36.051,-245.79,77.395,-25.544,-332.24,-47.103,-159.5,44.405,12.253,11.035,0,0
5.5511e-016,-5.5511e-017,9.992e-016,1.1269e-014,-152.51,23.987,-112.53,91.567,110.14,-41.596,-228.4,53.749,-14.526,0,0
7.7942,-12.66,23.624,55.69,212.55,-115.05,-138.32,-80.598,140.09,213.53,-24.283,-3.8647,39.303,-29.829,14.03
-8.2272,7.0197,11.232,-7.4593,91.604,-351.81,179.14,-131.38,-178.6,258.89,31.711,-8.1848,2.8971,0,0
0,0,0,0,107.54,140.83,-192.59,102.4,-362.55,110.45,-91.367,-11.117,3.6369,0,0
-2.5556,-19.192,8.6905,-69.352,-144.73,223.58,80.325,25.131,-0.57452,-182.04,233.36,138.48,-20.666,0,0
11.258,12.292,-27.571,77.36,173.54,-78.308,-60.017,120.67,202.15,-63.91,49.709,-96.964,6.6157,0,0
-8.2272,-28.495,-128.52,22.337,86.495,15.532,112.6,40.418,-67.955,120.6,-39.85,-106.3,3.6195,0,0
5.5511e-016,1.2768e-015,9.992e-016,1.1269e-014,61.49,238.11,-205.79,76.699,-33.241,-25.651,12.852,-32.245,-63.766,37.236,-36.373
0,0,0,0,70.647,-68.101,43.496,-180.97,116.27,93.939,-109.87,69.949,4.4701,0,0
-11.258,-12.292,27.571,-77.36,-64.12,-383.31,66.728,281.26,5.0113,-156.59,85.756,4.8056,-127.78,92.55,-37.123
7.3612,2.7075,-10.783,129.47,-197.56,-22.206,-41.086,-0.16298,217.94,-91.138,110.05,-21.103,-73.641,46.047,7.2027
-0.43301,-14.19,17.959,-47.405,-169.73,299.81,-450.24,216.48,-42.453,44.768,114.32,-32.501,6.5568,0.16178,-0.53349
10.825,-15.332,-24.013,-155.12,23.627,-311.73,-98.512,168.47,131.87,-60.437,-82.842,-61.31,39.256,-45.629,-7.3612
-13.423,14.99,-15.301,-66.156,-68.9,-241.61,-48.775,-299.38,-14.683,-134.8,90.805,-20.076,-0.40192,-72.261,100.03
29.878,-15.92,46.859,29.393,162.71,-95.575,33.332,-182.3,-240.48,-370.96,-28.156,-111.86,134.37,-54.191,26.023
19.919,-27.986,-1.8038,141.91,-142.21,44.25,-120.64,-21.878,44.606,-293.95,-49.577,-73.716,-35.854,0,0
-13.423,27.271,86.35,-104.31,208.22,-190.55,150.59,38.711,223.86,-87.691,-75.424,-187.52,-26.323,0,0
-4.7631,-4.1095,29.015,-95.411,-29.205,-34.875,-148.76,132.12,-4.7258,90.209,181.86,124.2,-18.02,0,0
-16.021,-14.181,132.45,-30.938,-29.092,32.874,-71.356,32.587,167.36,14.696,83.392,24.14,-6.9203,0,0
-19.263,10.307,-0.99672,32.496,-253.67,-77.421,13.94,106.04,9.4045,-224.26,125.58,47.959,-3.8917,0,0
7.3612,-7.8236,-28.961,120.38,-177.88,7.455,36.588,78.808,-38.092,10.768,-176.59,-143.18,30.003,0,0
9.5263,19.317,5,-160.47,-48.369,-41.27,37.966,-29.093,-179.51,87.036,81.996,49.846,128.69,-15.76,-15.664
12.557,10.116,-209.64,49.349,385.8,-110.46,186.38,-272.99,-24.801,-3.4349,118.86,47.782,-18.672,0,0
3.0311,-14.544,-77.623,81.7,-253.2,-210.15,-161.12,-38.08,58.17,-92.978,251.76,-31.396,66.9,0,0
-12.557,29.845,1.2907,158.66,-43.264,-13.237,14.173,19.373,237.5,55.027,-22.229,-127.58,20.906,0,0
3.4641,33.124,-9.2715,-90.339,-10.398,-152.27,39.991,118.25,110.41,284.78,-136.49,-58.654,96.293,-14.208,0.33253
13.423,20.366,-46.92,153.92,222.21,43.299,-62.501,230.24,-92.659,120.31,188.72,-53.841,170.36,-54.191,26.023
-3.4641,8.8008,-68.573,115.91,34.666,-280.34,137,-311.59,-137.34,-237.59,-30.087,70.245,-21.125,0,0
-8.8818e-016,-4.2188e-015,-2.4425e-015,3.1974e-014,249.38,95.289,71.524,133.53,117.41,34.178,73.801,-38.185,29.799,0,0
2.1651,-8.1782,-96.736,-138.81,-88.947,52.516,-133.04,-8.8495,-96.338,-21.128,-127.37,65.285,2.288,0,0
0,0,0,0,-7.8355,141.04,30.818,109.3,-84.056,64.867,-21.639,27.149,-4.4525,0,0
10.392,-68.927,40.386,-168.33,339.54,131.36,-167.93,-36.245,-126.95,67.088,26.843,5.8926,-1.1708,0,0
1.7321,-41.454,46.775,-9.1016,87.609,-149.61,-24.487,208.59,-133.78,30.333,-78.889,-140.38,24.366,0,0
11.887,2.3182,-11.039,41.8,147.35,-51.288,9.0325,-71.718,137.51,41.734,113.84,-70.342,65.046,0,0
-20.589,10.938,35.759,-220.51,-220.62,27.896,64.067,225.51,-128.74,252.14,16.341,84.478,31.725,0,0
14.289,-14.74,4.9037,58.832,52.417,-114.2,225.62,-133.1,-281.29,-16.753,-237.36,-76.083,36.227,0,0
3.6594,21.661,42.042,98.534,24.602,2.822,18.946,280.92,-31.219,-45.179,-14.77,-80.255,-81.361,25.444,9.9381
-16.887,-24.975,-64.532,118.5,-112.26,31.997,99.609,116,-78.461,-171.27,295.37,-205.88,44.154,0,0
21.492,3.4591,53.213,-96.205,107.23,25.35,181.74,83.564,-171.03,-195.78,-38.793,-68.011,-159.93,25.444,9.9381
30.585,-11.567,31.788,209.77,20.202,-74.344,174.77,153.78,-64.101,-164.05,307.66,67.836,37.511,0,0
6.0622,-8.7207,-49.827,101.66,-162.23,-176.35,336,145.29,-206.7,71.409,-201.86,-56.734,-2.5413,0,0
0,0,0,0,219.54,-14.885,-269.53,-104.99,58.184,47.237,-15.983,8.0425,-71.455,45.908,-19.919
-1.8905,7.3023,-12.825,-115.27,178.26,-6.3195,-51.288,137.27,128.59,-13.15,111.6,84.474,-116.37,25.444,9.9381
-7.7942,11.629,-4.9886,-10.478,-103.71,71.84,313.16,107.98,58.418,-211.45,133.81,-13.536,-152.62,12.685,5.4707
2.2204e-016,-2.6645e-015,1.1102e-014,5.3291e-015,-96.42,152.78,46.787,212.02,-114.33,6.6381,25.723,180.91,-37.849,29.108,-12.954
-14.722,10.082,8.2255,-93.825,-146,47.231,5.5528,-52.915,-114.68,-169.89,206.99,-115.61,78.988,-28.401,-1.6797
-29.012,-15.15,-5.866,3.4216,39.399,-2.0889,111.22,189.54,-97.309,-197.53,187.18,-0.86418,-3.2371,-1.6696,1.4731
14.564,16.332,9.2679,-226.99,-175.24,-149.52,-26.786,-34.083,-219.63,-26.735,-48.153,27.888,-15.122,46.047,7.2027
-4.7631,-4.1095,29.015,-95.411,-36.822,-205.97,180.87,-47.904,54.747,20.735,81.703,103.41,-20.598,0,0
-4.7631,-4.1095,29.015,-95.411,-50.238,122.98,-178.44,-165.83,364.2,-17.301,-127.4,-8.2657,-72.477,13.12,-10.087
2.5981,22.763,-37.358,17.831,157.46,79.72,-9.6013,99.72,221.77,-11.282,126.09,15.942,-218.86,46.998,-26.081
-5.1438,-3.1417,29.691,-96.32,22.626,-63.06,107.76,29.18,-191.8,122.81,-106.33,-24.485,-2.6986,0,0
13.698,-4.9381,7.5311,-82.674,-33.503,-221.68,169.58,-279.07,-83.494,-346.63,-156.62,51.353,-117.68,6.7355,17.073
-1.4575,20.572,-7.2224,-20.992,-105.86,255.91,205.64,-241.45,-119.79,22.553,-75.412,24.076,-5.0951,0,0
-4.1079,-11.116,21.621,15.594,-93.811,200.75,-114.53,57.962,-93.454,33.861,21.354,-3.9803,-8.4725,0,0
11.258,12.292,-27.571,77.36,56.962,-86.923,-313.59,74.778,-43.68,-239.07,-7.0806,-32.242,-2.9151,0,0
-1.7321,9.5018,-8.4593,119.59,26.048,-166.7,15.258,-89.974,238.47,-14.302,-82.295,-135.17,131.32,-54.191,26.023
0.43301,-17.507,-29.74,11.468,-119.61,107.71,8.6773,4.5752,45.144,-4.4308,213.2,81.816,20.701,0,0
13.423,-8.6357,-5.299,58.911,68.655,24.868,-304.28,120.99,-232.38,63.249,22.735,-202.42,28.241,0,0
36.806,-18.92,107.95,153.94,-22.132,112.06,244.23,-143.72,326.66,-57.862,211.32,-121.63,6.9679,0,0
3.0311,-8.1471,12.221,-15.923,-35.78,-66.856,23.153,84.972,143.25,28.548,157.36,97.101,11.458,0,0
2.5981,-37.803,-4.32,64.623,-156.25,-102.79,37.56,-391.29,-163.99,11.768,39.413,-141.85,83.092,15.866,16.296
4.7631,4.1095,-29.015,95.411,162.15,-15.198,161.46,-324.15,162.67,-16.478,-7.3792,-44.359,-2.0736,0,0
-1.299,35.595,-2.1327,-104.37,-36.967,-198.66,-104.15,95.546,216.13,4.4119,-12.333,33.203,33.831,-41.814,-11.1
7.7942,2.0784,32.057,-21.492,-29.758,-51.202,117.24,363.79,-171.1,-15.527,47.828,-48.675,-59.717,0,0
0.86603,36.986,-1.2242,-139.17,-86.123,-17.414,-226.66,-117.62,172.19,73.032,-48.334,-8.3954,50.829,23.971,12.167
-2.25,-8.2811,2.5894,-87.976,-71.67,183.56,-58.047,244.87,-6.2989,-165.12,109.69,-75.911,-86.192,25.444,9.9381
-9.0933,4.0311,7.7272,93.272,-76.287,115.13,84.877,-84.75,-120.12,-99.038,-39.852,-1.5094,-61.572,0,0
-14.289,-18.281,-6.1633,107.87,235.25,-82.238,85.632,91.08,-101.66,124.53,-8.6556,-77.105,57.162,0.16178,-0.53349
-4.7631,23.283,-118.38,80.676,-68.502,14.683,13.137,87.969,-59.263,-176.91,-167.58,75.248,-48.855,0,0
2.0433,-34.659,-11.534,201.51,-34.107,11.638,-47.868,-103.55,22.395,43.324,138.27,-36.995,-1.2838,0.16178,-0.53349
8.2272,-7.0197,-11.232,7.4593,-15.5,76.273,17.574,-187.38,98.84,-6.1718,-17.657,28.593,-44.107,0.35192,4.9372
-11.691,19.124,4.5784,157,-15.158,-206.62,54.111,140.61,322.56,230.01,-28.343,38.145,-9.1693,0,0
15.588,14.993,-25.778,44.944,268.98,288.69,-153.51,127.27,34.367,-74.564,-59.31,1.1441,81.645,-39.456,-7.8947
-12.124,17.484,-11.843,180.51,267.39,-46.944,-116.85,256.28,-58.114,-108.34,95.54,-0.92196,43.695,15.866,16.296
2.5981,6.616,-16.453,26.535,94.605,115.18,176.38,-92.348,-199.48,33.988,103.26,-54.533,1.1662,0,0
0,0,0,0,351.38,23.506,121.94,-90.663,251.92,-407.39,-87.229,-5.2723,-2.9385,0,0
0,0,0,0,-15.763,162.45,-287.21,-245.18,-65.053,130.78,79.65,-31.228,-6.2743,0,0
-13.423,-6.0538,-62.752,-137.77,-22.612,15.98,-108.67,250.06,239.83,116.35,53.813,39.544,-69.652,0,0
-2.5981,6.0442,101.87,54.521,69.94,29.193,68.176,-86.563,193.6,77.124,18.849,-74.501,25.426,0,0
0,0,0,0,-183.06,-180.32,311.7,-163.28,225.03,89.457,-191.5,-56.181,-8.0736,0,0
-19.486,4.8923,-31.575,247.39,231.1,-179.54,-135.05,7.4837,-16.969,-13.702,-18.029,139.25,-25.548,0,0
-3.0311,-8.6046,-5.3218,-154.12,92.958,-4.7827,-76.366,25.467,39.251,297.3,7.3477,53.489,-70.203,0,0
-11.258,-12.292,27.571,-77.36,334.61,126.81,28.813,-192.17,91.63,141.98,-122.02,77.126,-5.7276,0,0
-6.4952,2.7745,3.7207,-85.706,-147.6,-29.635,-96.311,-189,714.1,104.91,153.25,-24.264,-8.2503,0,0
25.822,-20.471,95.202,-136.51,37.581,19.264,168.79,207.22,-228.05,29.186,-146.39,-19.628,70.291,0,0
2.2204e-016,0,1.2212e-015,2.8422e-014,-65.133,-80.754,23.702,-22.03,-11.62,-61.443,9.1044,-22.483,30.508,-37.019,36.394
-5.1962,-28.227,-47.03,-153.27,117.07,-3.8079,-38.358,13.741,56.925,21.749,-49.498,-69.188,-74.105,2.0215,3.4641
-6.0622,5.4527,18.183,-48.616,-7.7745,16.237,-62.846,81.177,-88.794,289.57,-87.317,62.478,-66.356,0,0
-1.299,-23.185,112.11,-105.66,133.48,105.58,-91.515,-46.334,259.77,-37.439,-241.81,139.39,-17.049,0,0
10.392,-8.5508,-229.67,223.77,-112.78,24.634,-12.97,58.454,113.79,-122.55,285.21,76.185,-5.3771,0,0
-21.651,3.4168,-11.593,-165.93,-141.49,25.129,137.66,0.86147,-90.622,304.12,204.94,-67.731,1.4063,0,0
0.43301,1.6405,16.422,-23.51,-142.49,-123.21,236.77,-138.45,-125.37,178.53,-177.31,41.352,7.7004,0,0
0,0,0,0,-139.48,6.9493,124.69,-114.38,31.879,93.8,-12.186,-17.662,5.4752,0,0
-22.517,4.9348,-164.63,122.78,-61.581,-85.852,76.717,-183.68,53.106,71.925,-73.787,124.95,-17.897,0,0
-8.2272,21.722,59.059,-80.093,18.568,195.59,-22.14,-19.396,-40.567,-355.92,60.907,-104.48,13.487,0,0
-8.264,-114.68,40.843,15.679,142.08,-38.403,-66.965,-161.7,-4.8578,-155.27,29.626,-36.931,-10.665,0,0
-40.065,9.1482,-83.056,-234.13,212.28,-240.22,-230.52,194.24,54.133,-64.555,-2.1732,-1.4662,14.207,0.35192,4.9372
0,0,0,0,-151.41,-110.84,102.02,-110.14,288.22,-171.69,156.45,-45.656,-5.1681,0,0
-0.9028,-5.087,21.847,5.305,232.39,-87.161,-0.60817,201.32,125.55,-203.5,-72.193,-46.794,1.3103,0,0
0,0,0,0,181.96,258.95,-128.88,86.772,-138.93,34.327,-233.28,21.607,0.0065699,0,0
0,0,0,0,136.59,-173.09,-119.18,152.48,-184.91,-313.95,-331.25,15.259,0.89767,0,0
9.9225,-20.644,21.116,16.338,-142.64,-187.04,182.46,-129.84,30.533,156.7,-4.068,-164.24,14.496,0,0
-15.799,14.441,10.101,212.01,-88.81,-57.972,-89.343,127.52,157.14,229.89,-78.709,-142.55,-0.81259,0,0
-12.905,-15.366,1.2288,76.907,15.355,-92.291,-21.302,-28.874,138.18,58.729,216.67,-41.406,11.173,0,0
-0.82356,-0.037981,0.46979,0.93422,-26.859,318.32,-461.92,-10.293,265.46,148.6,-147.57,137.61,-26.313,0,0
22.047,13.449,28.552,-76.034,-85.52,-126.13,161.93,337.16,-258.26,-74.61,11.436,-3.2804,-4.5012,0,0
16.021,-9.6913,12.178,50.197,44.553,-124.18,50.114,-4.6679,310.31,-134.29,-59.777,94.369,0.033816,0,0
-11.258,-12.292,27.571,-77.36,-88.151,133.75,-95.814,-69.19,-180.2,120.38,-72.814,21.314,-67.651,0,0
-30.977,51.071,103.1,304.47,-99.245,188.87,-233.62,-177.86,224.29,145.14,423.87,5.6942,40.898,0,0
8.2272,-7.0197,-11.232,7.4593,-161.15,143.08,-99.534,44.792,48.309,-8.6195,28.643,-40.254,-5.8304,0,0
3.2533,1.6274,-10.57,-0.11963,4.1136,-150.46,118.54,-92.19,195.98,-109.45,-19.803,21.865,1.0497,0,0
14.289,7.9264,14.792,161.05,47.9,-118.42,168.3,174.6,-17.269,16.365,77.174,2.9002,-50.206,-22.378,-13.957
-17.321,37.267,4.4737,-205.43,-110.03,-231.95,-35.172,44.29,152.21,135.54,-103.98,-42.883,75.206,15.866,16.296
8.6603,5.6764,-11.118,50.826,241.12,-140.87,39.716,-107.14,-219.1,-162.04,25.754,66.137,-112.52,11.979,8.2272
16.887,14.621,-15.142,90.293,61.324,121.15,53.514,-113.99,-40.805,22.168,-59.275,-190.53,88.776,-29.829,14.03
-23.816,38.237,-12.492,70.654,106.38,-201.35,136.67,-147.25,-131.8,34.537,-3.2618,-7.7655,-32.593,23.422,6.474
5.5511e-016,1.2768e-015,9.992e-016,1.1269e-014,90.792,114.55,328.09,-196.82,37.409,47.163,-33.789,2.0035,-76.609,95.434,-95.696
-12.557,-16.897,-1.9313,137.9,116.54,-140.59,94.158,29.273,-1.2271,80.877,-14.172,6.6699,44.805,23.971,12.167
21.767,-20.914,-82.873,43.411,-203.4,46.641,54.452,-75.198,63.93,-77.192,323.32,41.912,0.32661,0,0
3.0311,13.422,-5.1782,-41.146,18.798,-25.208,109.77,-73.355,-2.6173,118.34,41.229,-81.588,71.446,-105.55,112.65
19.053,-13.838,12.368,49.929,-110.28,142.38,3.821,80.08,123.94,-81.687,71.697,-36.248,69.263,45.137,-66.23
14.289,10.902,-215.86,-22.675,-118.93,-35.378,9.373,78.743,-32.438,-34.913,-24.036,12.318,4.2425,0,0
-4.5409,-12.757,5.1994,39.105,43.185,-147.12,-8.7452,-104.2,-126.29,95.027,-52.796,-76.937,27.552,0,0
5.5511e-016,-4.2075,-4.9396,-23.464,-215.48,-134.4,47.306,39.325,344.14,40.7,-26.629,-24.935,-71.32,46.047,7.2027
-2.1651,-10.257,106.88,87.55,175.13,35.667,-130.93,181.88,-110.59,-45.331,-158.05,-0.50915,-47.168,0.35192,4.9372
-12.99,-7.1208,-24.356,-163.54,13.018,170.04,72.652,146.31,-35.602,103.88,-141.81,77.318,-103.7,0.35192,4.9372
-9.5263,-39.917,-95.326,-102.55,-208.38,-64.171,-4.1254,220.72,-120.36,141.04,-130.09,-129.22,-33.003,0,0
-8.6603,27.472,6.3888,159.22,-231.78,107.65,-41.419,101.49,-41.362,-29.21,-16.763,159.21,-12.771,0,0
-7.599,9.369,69.613,21.174,-25.975,123.21,118.84,-16.144,-220.58,-350.09,-59.773,14.702,-138.03,29.108,-12.954
0,0,0,0,-131.84,-220.77,-260.13,-72.431,126.35,-16.91,171.87,-68.545,-14.624,0,0
-3.4641,5.6292,25.873,152.33,-330.13,-92.374,91.241,231.12,-255.78,14.909,16.959,10.322,-5.4474,-1.6696,1.4731
-6.0622,0.61603,-15.471,-41.655,141.81,113.59,176.29,-151.92,-133.29,-194.16,-35.977,-85.726,29.012,-29.829,14.03
2.3603,-7.4498,97.371,-165.11,62.228,-266.16,79.031,-148.87,-39.677,78.875,239.34,-77.583,-90.559,25.444,9.9381
7.3612,4.451,10.817,20.619,-129.99,268.19,-37.524,328.16,144.4,216.29,-15.344,17.055,-155.64,25.444,9.9381
6.4952,-30.106,36.639,-142.09,-242.95,57.776,-79.708,-136.62,143.01,-75.472,28.34,94.994,-69.153,13.12,-10.087
-8.6603,27.472,6.3888,159.22,-49.457,280.51,61.057,-112.18,184.6,4.7403,26.298,5.9328,-156.63,25.444,9.9381
-18.187,-8.1388,-83.937,-156.14,-333.01,100.35,-7.5875,-178.49,106.89,-277.03,-177.26,-7.3425,169.29,-54.191,26.023
-17.321,15.997,-4.8792,-59.064,-91.29,-133.29,-8.0131,-1.479,-114.64,-24.953,-48.493,-5.067,25.309,-10.398,6.4796
-12.99,-7.1208,-24.356,-163.54,-3.6177,247.8,-109.21,123.46,-131.48,114.78,161.83,-59.373,130.6,-54.191,26.023
-2.1651,8.1782,96.736,138.81,112.81,219.62,-49.735,-223.2,39.188,145.26,-205.72,-146.33,130.59,-54.191,26.023
-12.209,-14.489,9.1893,26.83,-90.359,136.52,159.62,-197.05,93.043,-112.71,-23.846,-79.03,-10.619,0,0
-32.043,17.492,79.716,223.97,136.22,-98.982,6.1701,-125.53,150.55,205.99,106.06,-26.975,5.4755,1.7796,-10.773
-8.2272,-14.658,-75.131,-197.42,28.586,108.98,185.39,102.95,31.355,-28.53,18.698,-12.783,-5.4162,29.108,-12.954
15.588,38.621,-23.849,15.812,-81.482,-53.963,-166.82,-19.946,197.21,-24.762,68.012,-7.2452,0.31787,0,0
15.155,14.011,-14.142,128.34,-34.001,-230.24,-14.208,50.088,145.93,-75.043,-97.775,-199.4,-14.21,0,0
12.557,2.1274,116.96,235.27,1.2141,107.66,-157.27,5.9159,-91.384,104.18,-224.78,42.391,98.314,-25.997,-9.5263
-27.713,18.809,-26.821,-47.286,251.87,-97.41,22.729,38.198,91.83,-48.192,139.2,-16.768,18.236,5.1319,-19.016
-16.021,7.4838,-1.6585,-56.979,16.227,-84.274,68.072,58.821,152.62,-117.14,-126.8,18.499,-2.1226,0,0
-5.6292,-6.701,-59.746,20.715,-28.598,238.86,-125.8,220.4,-10.391,55.446,87.56,-63.04,-7.7175,-1.6696,1.4731
-21.218,-1.4492,-11.641,147.47,-123.26,74.212,-88.366,70.839,127.45,271.96,-80.231,-69.32,33.02,-39.456,-7.8947
-29.878,25.59,-27.316,-150.43,46.835,-159.34,121.38,268.44,71.166,-70.338,25.278,-0.96979,69.655,-14.208,0.33253
0,0,0,0,17.498,265.47,139.19,266.81,165.16,-99.675,-10.725,-6.3271,0.76314,-7.8505e-017,-7.8505e-017
-14.289,14.74,-4.9037,-58.832,-267.85,55.404,-117.68,-106.82,-63.964,140.33,-119.27,-6.0939,97.611,-41.814,-11.1
10.825,12.951,-33.461,82.691,53.661,132.17,182.92,14.87,-384.5,-13.018,74.575,-63.062,-15.765,46.047,7.2027
0.86603,8.4216,-97.177,-19.073,-170.48,-60.435,-33.178,-147.92,147.26,63.267,52.447,-52.568,-157.83,25.444,9.9381
-14.722,15.466,-9.6913,-132.75,-32.043,-164.73,120.19,-46.352,-10.258,5.1188,75.733,71.439,-105.26,46.047,7.2027
-8.3857,-7.0392,-13.544,-159.93,-64.193,-49.694,-23.928,-103.75,-152.42,12.382,9.054,-35.26,-92.484,25.444,9.9381
-3.0311,41.718,-12.432,-111.06,243.37,-57.473,-25.06,-162.01,15.02,105.45,-107.13,27.27,-51.887,-22.378,-13.957
20.352,6.5963,-1.9593,-160.99,170.97,248.67,83.862,-310.77,78.221,6.6987,-7.6926,-57.441,-93.547,25.444,9.9381
-23.383,-3.2596,2.8774,-62.469,-112.44,-69.317,-147.48,-208.77,289.45,-70.477,-72.583,-60.349,29.942,0,0
0,0,0,0,-219.03,8.5388,242,-96.654,81.707,-1.3901,-26.643,-7.5425,70.299,0,0
8.2272,-11.343,16.118,70.997,2.2849,-124.36,276.68,-450.57,-69.731,-97.708,95.037,-53.596,5.4697,0,0
6.0622,2.4199,-2.7925,-71.192,6.8976,-81.837,12.645,167.66,64.141,50.43,-23.72,141.67,-26.858,0,0
0,0,0,0,15.017,-138.14,53.14,-47.47,46.242,-188.87,-50.261,-13.302,-6.2249,0,0
-2.5981,26.258,-73.649,71.821,103.26,104.84,87.025,359.81,65.335,165.14,-10.739,74.333,-59.752,0,0
6.0622,14.745,21.127,250.49,-56.69,70.078,-348.69,242.37,119.39,175.94,-12.445,-23.029,7.3278,0,0
-6.9282,-8.2189,34.778,-101.19,-148.19,175.28,205.84,-112.02,-275.28,392.5,3.6233,-116.24,6.6518,0,0
-5.1962,19.417,-3.7583,216.87,47.308,-63.999,41.234,-53.754,59.886,176.21,-35.679,-0.053848,109.86,-54.191,26.023
10.825,16.458,-19.796,82.702,-98.115,68.154,332.54,-334.18,-18.539,15.792,-0.3367,-191.17,142.79,-39.226,16.021
-10.825,2.4952,3.75,21.069,59.429,156.89,-203.45,-313.12,-163.34,45.251,-61.479,49.308,169.85,-128.86,102.37
6.4952,20.373,22.531,-40.554,126.26,-92.816,-39.598,75.765,165.24,-4.1742,-19.397,51.089,95.533,-54.191,26.023
-14.289,10.575,-69.355,5.6471,-12.976,11.306,-42.985,141.29,-263.46,-169.71,171.13,60.316,-24.606,0,0
-3.0311,-0.066987,23.35,127.53,-57.253,50.956,109.55,50.623,-38.548,2.3301,-36.868,45.36,40.464,10.923,-6.9282
-1.5368,31.918,44.872,89.983,-5.4807,109.68,9.2671,-125.2,298.09,-88.03,-153.99,-100.06,18.698,0,0
15.784,46.748,23.76,76.265,-19.719,-82.036,102.73,56.639,-119.66,-62.353,-87.3,192.8,-23.212,-2.2518,10.825
-29.445,12.102,-86.39,111.33,66.518,-127.96,87.249,-63.383,-10.965,36.301,-72.983,-84.249,174.41,-25.997,-9.5263
-1.7321,0.25,-23.776,82.36,-14.803,46.114,-384.65,-149.17,-237.03,0.72868,-47.613,-13.083,-89.852,29.108,-12.954
0.43301,-4.817,-7.2272,107.22,193.66,58.427,-132.79,49.68,90.407,91.708,-200.38,154.14,-111.45,39.504,7.4772
10.825,112.81,-45.574,-4.6676,22.629,98.838,228.73,-22.573,38.117,138.79,50.135,-96.484,25.154,0,0
-4.7631,0.098076,33.954,-71.947,51.189,254.07,-284.12,-135.44,-129.26,-234.05,-110.34,-173.54,37.895,0,0
12.557,-21.765,136.74,69.258,142.9,-84.213,39.587,-129.2,156.87,-37.054,-6.0458,12.617,67.421,0,0
11.539,19.885,-154.46,63.59,-230.77,-97.878,18.101,-72.525,9.584,222.09,108.68,-44.866,-2.0452,0,0
17.754,7.3463,147.63,-78.932,100.52,48.814,-9.1112,-164.92,-110.72,36.014,168.26,35.512,-1.3175,0,0
0.86603,23.404,-7.5328,-115.95,141.26,-288.72,113.68,47.914,34.675,-172.03,113.66,-110.64,3.0918,0,0
8.6603,-20.533,32.144,-39.012,120.23,-271.92,71.521,-70.842,-108.12,-82.323,-106.73,119.97,-13.671,0,0
-4.7631,-4.1095,29.015,-95.411,-73.445,-398.66,96.555,373.22,-265.97,-153.12,-57.003,-27.616,3.4258,0,0
-32.862,-9.8275,42.161,-281.94,346.38,-157.94,68.487,-7.3046,-71.375,-192.92,179.58,129.83,-26.766,0,0
6.4952,1.7255,-7.8546,-3.549,68.812,-109.87,-61.404,314.87,177.65,-69.68,4.2294,-133.72,20.237,0,0
5.1962,-7.3056,-0.86603,35.114,75.98,98.062,68.501,-24.822,255.94,181.26,-2.8586,-20.018,-2.896,0,0
0,0,0,0,-91.138,50.299,-122.63,-50.709,230.54,-201.58,78.261,61.213,1.0393,0,0
-8.6603,5.6716,24.149,69.762,-59.237,326.5,122.81,127.23,-251.06,-113.69,-87.249,62.015,88.613,-39.456,-7.8947
5.5511e-016,-5.5511e-017,9.992e-016,1.1269e-014,28.74,139.59,132,74.353,-173.64,8.8548,102.23,-34.896,23.239,0,0
14.997,-3.1749,1.3888,-62.063,-4.2173,51.225,-30.37,-74.893,37.767,-66.489,26.658,-27.839,-93.031,39.938,-15.884
-6.0622,0.61603,-15.471,-41.655,-61.394,0.82585,109.97,20.09,174.47,-154.73,-65.253,167.47,-76.705,23.422,6.474
19.919,-22.352,-23.092,-70.956,231.49,-75.527,-14.558,-109.66,-52.089,30.754,22.968,-18.739,30.136,5.1319,-19.016
-19.053,37.414,87.373,137.26,-85.644,95.491,-176.8,8.3359,-47.779,111.64,135.29,81.512,-17.525,0,0
-5.5924,7.9016,7.9979,-71.324,42.614,70.979,17.264,55.007,49.11,-15.861,-9.7386,44.397,61.415,25.134,8.3433
-21.303,11.533,-120,13.535,183.43,44.482,116,-177.22,-3.5074,23.405,-25.144,76.7,34.918,0,0
4.7631,12.471,21.518,246.09,-32.677,265.64,-10.976,239.22,-43.424,-181.27,45.622,91.116,-31.103,-1.6696,1.4731
19.053,-13.838,12.368,49.929,137.84,103.92,122.34,-57.59,-165.76,-26.512,-0.20762,113.85,-10.411,0,0
-12.557,-8.2369,67.174,-50.506,31.627,-13.5,23.292,17.95,254.59,-106.76,-39.113,81.542,-6.6445,0.35192,4.9372
5.5511e-016,-4.2075,-4.9396,-23.464,36.718,-53.047,130.51,-82.701,-136.44,89.719,61.616,17.547,6.6402,0,0
2.5535e-015,0.078367,76.743,56.864,175,120.65,-5.4358,106.71,169.53,258.31,132.17,-22.864,6.3116,0,0
13.856,-11.954,-6.8756,4.0604,7.5012,-194.36,23.812,155.88,-265.36,0.43789,-39.289,-34.677,-39.172,-4.7365,19.031
-5.6292,-11.067,-23.825,74.117,-67.085,-39.585,104.24,-266.5,336.73,112.14,126.83,-19.643,-74.373,46.047,7.2027
1.4943,6.3493,-5.3538,2.9767,12.152,-187.97,21.06,-36.097,195.31,-25.941,-51.206,14.771,-37.113,-45.277,-2.424
11.887,2.3182,-11.039,41.8,-15.495,322.23,-342.32,195.89,-32.413,2.9523,9.2553,17.011,-97.75,-15.49,-15.018
0.43301,1.6405,16.422,-23.51,-170.1,146.31,-35.029,84.525,-8.0001,-75.792,78.642,21.982,37.751,6.7868,0.93542
12.832,-10.487,23.191,-29.889,250.98,153.97,356.81,-25.343,-16.172,35.806,96.623,13.262,-88.641,15.319,-1.2623
0,0,0,0,-145.37,-157.33,297.02,64.612,-68.804,43.866,7.4037,-56.525,62.109,0,0
0.76554,-9.9539,-6.7222,43.163,145.77,152.85,403.28,-306.47,206.43,3.179,-16.618,7.5591,7.9366,45.137,-66.23
2.7933,-11.639,-22.331,129.32,-244.72,20.262,72.04,-152.3,125.89,-196.09,47.557,53.866,-161.89,39.938,-15.884
13.265,-14.329,20.386,4.4821,153.14,-86.95,238.6,-58.014,-23.302,-12.351,6.8333,11.057,50.812,15.866,16.296
7.3612,-26.771,-4.1747,162.46,63.766,-61.707,-24.448,-77.919,33.113,-35.105,-58.53,39.228,-2.308,0.16178,-0.53349
1.4943,6.3493,-5.3538,2.9767,251.53,-180.52,-86.01,195.44,22.611,5.8534,-2.7306,8.0586,129.45,-15.647,4.8056
-5.6292,17.752,13.335,-77.459,132.51,61.84,-36.172,67.793,-91.508,-67.41,-46.746,-50.204,-4.0079,0,0
-6.4952,12.843,-9.4103,-79.991,63.448,-41.896,-5.701,-78.765,208.58,-252.47,-41.363,27.314,100.89,-6.1984,-17.321
-7.7942,16.247,22.81,63.809,68.991,-207.79,-183.18,-17.399,-135.87,56.409,-15.326,-97.104,35.994,-12.459,9.5263
-14.527,13.23,81.747,78.087,22.312,20.799,-222.23,273.85,143.34,194.86,42.415,82.517,94.31,-25.997,-9.5263
35.074,11.9,98.712,-33.53,-3.7745,-166.78,-32.763,255.47,-267.6,204.73,-48.5,164.26,-17.529,-2.0215,-3.4641
10.825,-14.843,15.435,-17.534,120.78,-79.964,61.662,-73.128,172.38,22.724,-3.9838,-34.224,-5.3809,-11.353,3.0311
-4.3301,9.5801,-99.372,173.32,-185.56,-63.111,-111.07,-93.632,-150.36,26.887,-0.54543,-19.05,153.14,-25.997,-9.5263
0.43301,1.6405,16.422,-23.51,76.555,-93.503,249.66,-369.72,139.01,-21.04,-87.218,-54.681,0.071152,0,0
0,0,0,0,-90.468,-120.56,-48.609,-270.16,-296.85,78.623,24.231,54.768,-1.7752,0,0
0,0,0,0,-73.775,28.519,-168.11,141.36,184.72,36.896,-84.174,-3.4264,-4.0915,0,0
4.3301,-10.739,-4.8726,4.4772,135.93,61.106,-31.754,-227.12,7.1318,18.788,-7.4713,3.866,-3.4216,0,0
-0.43301,-22.404,-18.397,88.159,-0.3201,-88.533,147.81,304.63,-59.76,-72.093,146.06,111.93,-17.496,0,0
0,0,0,0,-39.972,-16.489,-149.54,99.409,-368.81,-130.23,56.842,-20.257,-8.4217,0,0
0,0,0,0,-293.07,252.13,22.93,89.295,240.15,-124.54,-41.711,-9.1607,-7.7264,0,0
-19.053,5.0687,-38.343,274.25,-210.3,-95.393,-76.082,-110.25,-119.77,-93.283,90.383,-61.069,25.37,-29.829,14.03
4.7631,21.672,16.366,-18.972,-6.3161,-123.55,188.3,-154.01,-40.639,-234.29,-57.088,204.26,-17.219,0,0
0.43301,1.6405,16.422,-23.51,-52.979,-115.1,88.916,275.42,122.72,-78.179,-104.39,72.995,-25.189,0,0
14.722,7.1813,-28.002,84.47,-151.28,39.665,-92.826,-100.54,-8.3306,209.69,-27.498,162.01,-22.356,0,0
6.9282,8.2189,-34.778,101.19,-32.752,184.7,132.14,-316.35,98.979,-24.78,195.06,123.13,-26.72,0,0
-7.7942,4.0377,233.74,86.44,-53.856,-273.97,-228.69,-148.34,60.806,-18.063,-49.7,-36.42,-34.339,0,0
6.4952,7.6471,159.91,-25.7,90.368,-164.86,186.07,86.805,106.34,-79.096,54.477,-161.13,-42.281,0,0
0,0,0,0,93.207,-29.78,84.194,46.227,247.35,-49.2,33.627,11.963,2.7405,0,0
-7.7942,12.66,-23.624,-55.69,-14.804,47.303,154.95,59.213,-134.8,20.716,-3.4821,3.6896,-70.41,-15.81,8.2272
-19.111,1.0708,-132.58,76.72,3.4829,204.86,-46.812,-215.3,22.42,-332.89,-5.6373,139.51,-66.23,0,0
-19.053,13.838,-12.368,-49.929,50.642,-133.9,-144.34,-92.906,-204.82,-23.787,-49.417,126.36,171.14,-128.86,102.37
-5.1438,-3.1417,29.691,-96.32,-222.28,254.52,289.49,-0.32353,49.878,60.246,-88.985,-204.53,80.003,-2.0215,-3.4641
32.476,108.15,-194.11,-18.948,-97.713,-73.954,-99.175,-107.31,95.324,-115.98,-332.66,99.857,-22.531,0,0
-8.2272,7.0197,11.232,-7.4593,3.5311,-203,258.84,-135.56,40.878,-77.066,-41.545,-24.026,-1.3577,-5.218e-015,1.8485e-014
-2.5981,-12.007,-83.687,-136.13,32.745,-18.139,-230.13,226.78,33.044,61.068,103.24,-56.186,53.073,0.94888,-0.39623
7.7716e-016,0,-1.1102e-016,-7.6605e-015,-46.023,242.06,98.673,107.08,-29.206,6.8389,8.1962,102.68,48.137,-45.629,-7.3612
21.925,-22.964,6.1603,-123.33,139.4,-111.24,430.95,-235.21,-286.76,180.55,-71.156,-27.271,-91.877,25.444,9.9381
2.5535e-015,0.078367,76.743,56.864,-80.412,-163.67,64.217,-104.11,334.91,-12.746,-34.529,-84.761,-0.21539,0,0
26.847,-86.684,-46.996,16.794,50.806,6.0801,119.1,186.18,-249.23,-150.98,108.6,-9.0834,12.601,0,0
-16.021,-1.5538,-44.327,71.413,114.58,-129.46,52.097,56.939,-375.57,-109.72,115.29,-31.86,-2.6017,0,0
18.62,-1.5687,104.96,26.45,57.721,215.35,60.312,-76.515,190.75,-40.967,-6.3514,-118.28,76.451,-2.0215,-3.4641
-8.6603,-3.6274,9.1292,-1.9151,-67.053,95.582,256.98,-145.58,21.982,-95.833,-43.251,-0.10946,89.285,-25.997,-9.5263
-19.053,13.838,-12.368,-49.929,-3.2758,77.796,95.386,-304.89,13.166,91.398,-64.095,-38.598,-2.7979,0,0
-1.7321,0.25,-23.776,82.36,-109.49,-10.943,45.825,-135.24,-51.204,81.685,173.4,-92.282,22.402,0.94888,-0.39623
10.825,-14.843,15.435,-17.534,-193.03,86.318,36.357,-277.31,54.714,59.997,97.024,-77.949,22.422,-0.11394,0.11603
5.1962,13.739,138.64,-174.69,22.394,-143.57,-85.542,139.04,-99.69,-72.7,145.21,-70.143,4.5648,0,0
-6.4952,-1.7255,7.8546,3.549,25.843,10.483,18.541,-77.892,-109.65,29.333,-160.71,21.14,-66.819,-15.81,8.2272
18.62,-1.5687,104.96,26.45,146.15,-63.79,84.72,14.023,96.181,213.49,-86.021,-1.6171,31.714,-29.829,14.03
-3.4641,-10.324,4.1046,155.66,-98.514,-79.154,-346.39,128.39,150,-76.114,47.037,33.239,16.66,-29.829,14.03
28.146,13.407,69.96,119.62,-67.462,58.505,-284.95,25.026,101.1,64.173,57.796,-17.313,-89.152,25.444,9.9381
0,0,0,0,-55.398,-263.31,-116.91,15.002,-88.004,22.094,269.85,-2.121,-3.0873,0,0
0,0,0,0,-131.12,370.36,-127.16,123.77,-23.237,-203.32,120.77,58.943,0.57661,0,0
13.856,-8.1848,26.575,-1.5245,178.51,-98.184,-52.837,-98.309,-43.807,232.32,-22.263,-3.8534,-0.20753,0,0
16.217,7.2381,12.074,44.53,-14.551,-67.452,105.54,-78.137,15.942,-124.83,128.68,36.05,0.2456,0,0
0,0,0,0,77.431,50.497,-10.635,-113.74,-142.44,252.67,-210.14,41.116,-2.2631,0,0
-7.7942,28.979,-4.4479,-52.179,81.233,-115.65,159.39,-84.698,-160.97,53.35,-60.607,-22.728,-1.5048,0,0
1.7321,1.384,4.2321,30.021,-49.069,231.59,-53.966,75.722,-122.93,110.45,99.663,-147.36,18.502,0,0
-3.6749,-7.5245,-15.485,35.618,59.668,7.3497,75.209,-343.33,70.532,37.587,130.6,70.762,11.072,0,0
0,0,0,0,60.215,-142.48,326.8,-309.91,-177.54,-97.161,-9.316,19.117,-4.6304,0,0
0,0,0,0,-19.21,-92.412,218.37,256.41,-17.436,31.846,57.552,14.882,0.50809,0,0
13.646,-33.968,-5.8413,129.82,-116.27,-121.43,-69.21,89.785,-57.858,-17.455,86.998,28.39,-1.5772,0,0
-6.273,-15.482,-2.3071,-16.871,-89.424,-230.44,-36.151,-71.879,57.421,-29.418,-15.329,32.728,5.2462,0,0
0,0,0,0,57.768,136.93,138.1,-150.23,94.844,217.79,113.23,40.296,10.173,0,0
6.4952,8.183,1.4444,-18.051,79.125,318.73,21.855,168.12,-36.24,130.45,-95.883,-63.024,22.735,0,0
0,0,0,0,111.34,137.82,326.48,52.102,61.202,5.1629,-129.79,-37.232,-89.973,0.35192,4.9372
-23.178,18.213,26.695,-222.09,25.807,-191.73,-67.94,78.664,16.201,-123.89,1.5344,-17.855,-26.192,0,0
9.9593,6.4313,69.95,100.35,8.0631,-42.689,79.864,387.05,41.395,13.902,-32.025,-79.289,138.41,-54.191,26.023
9.9593,6.4313,69.95,100.35,-127.06,-3.2962,117.72,23.061,-10.718,101.07,13.763,-3.5502,2.2647,-1.6696,1.4731
-27.28,0.18653,-3.7763,-3.2123,-90.923,-254.08,-61.838,81.82,-296.39,129.19,-115.3,-145.9,21.897,0,0
13.423,-0.12917,-17.935,143.8,69.806,219.78,-55.347,68.75,151.75,-271.8,-79.845,-37.648,-120.9,0.35192,4.9372
-0.43301,0.66506,95.006,-19.726,-130.14,144.06,-133.76,-83.072,250.45,-276.37,-56.521,54.061,-113.12,0.35192,4.9372
7.7942,29.111,153.65,-53.563,58.535,-185.69,148.56,20.124,110.31,214.3,-253.77,-3.4951,3.9258,0,0
8.2272,3.6944,-103.83,-38.689,-82.606,16.606,80.08,13.379,-135.05,23.478,-11.84,24.206,79.28,-29.829,14.03
16.887,14.621,-15.142,90.293,-49.722,-301.43,-25.238,-213.88,-32.753,232.06,77.985,2.2745,8.0155,-29.829,14.03
7.7716e-016,0,-1.1102e-016,-7.6605e-015,-1.683,-15.038,29.765,-161.84,83.631,197.8,-7.3389,108.33,88.971,-39.226,16.021
21.651,-3.4168,11.593,165.93,-32.695,134.34,-37.1,51.462,-74.134,12.247,126.48,67.262,-16.472,10.472,-15.588
-1.5099,-33.046,-5.1337,205.38,-155.63,131,-75.953,156.14,-93.137,-114.46,-307.83,117.86,-16.063,0,0
-26.414,23.224,73.715,46.516,-94.187,-0.12131,67.46,1.7194,-25.616,-134.48,105.58,44.641,-172.1,54.411,-25.548
-13.856,-17.212,104.09,-276.54,50.382,-7.9287,-6.5915,9.4462,115.27,-55.567,-44.818,76.392,-227.51,54.411,-25.548
-19.919,17.004,77.288,45.223,-1.3971,-9.6962,85.535,281.37,-5.9008,154.38,7.8507,-2.296,142.06,-52.11,25.548
-1.299,23.222,105.85,10.517,250.55,-90.109,7.9992,53.973,-92.624,89.465,-8.8907,-117.88,-39.234,0,0
2.5981,14.946,2.2189,89.779,137.04,48.443,-239.91,26.931,119.45,-31.795,-80.321,9.4992,161.69,-25.997,-9.5263
-1.7321,0.25,-23.776,82.36,120.96,158.26,-108.16,-126.33,44.314,-3.5399,-80.457,72.412,-93.783,16.76,-12.557
17.321,-15.997,4.8792,59.064,207.55,94.47,-81.548,265.07,-258.69,160.27,36.179,-14.538,64.38,-28.401,-1.6797
-12.99,6.3923,-114.31,52.067,164.16,-113.74,-12.462,69.152,148.92,65.05,14.771,36.83,67.452,0.94888,-0.39623
0.86603,8.4216,-97.177,-19.073,137.84,62.848,104.92,-176.75,66.233,37.923,-32.302,77.113,-76.974,29.108,-12.954
-19.486,24.37,-81.896,112.89,-57.043,-132.76,-82.074,-299.2,-208.03,231.32,-80.983,-0.90579,-32.972,-4.7365,19.031
6.7697,-1.6014,8.5,-36.494,44.696,-94.463,204.29,101.43,-143.47,86.883,95.973,-87.044,65.279,-113.96,76.21
-8.6603,10.977,16.799,141.08,-199.66,68.828,68.438,-250.08,-42.948,118.23,-73.564,1.037,54.396,23.971,12.167
-3.8971,4.3122,-68.162,-114.48,-220.17,-61.911,-122.19,11.816,-306.57,-65.977,-66.112,114.53,-94.135,29.108,-12.954
-12.99,-7.1208,-24.356,-163.54,204.08,27.966,88.69,225.43,-116.06,109.84,12.56,-115.25,-43.086,29.108,-12.954
-5.1962,-0.071797,-107.92,-0.59232,-10.926,72.957,169.51,78.203,-72.342,13.435,-28.269,2.0843,150.5,-25.997,-9.5263
13.423,0.51619,90.354,56.478,66.104,-30.588,3.8582,113.24,328.42,-136.76,43.905,5.9172,69.816,0,0
15.155,-17.595,-76.929,-112.75,-62.124,99.378,-49.172,186.98,-178.2,-69.134,16.097,-10.842,57.409,0,0
1.7321,5.9575,-2.4689,-49.897,80.97,-31.067,23.656,136.35,16.739,93.6,-126.31,52,-93.008,30.236,15.43
-1.7321,-17.716,12.535,48.095,175.83,-56.583,21.908,1.7514,-212.22,235.1,33.689,126.27,-14.637,1.7796,-10.773
9.5263,19.317,5,-160.47,-214.52,-125.07,123.17,-141.38,-102.65,145.61,113.38,-134.94,-30.268,0,0
-21.303,11.533,-120,13.535,-11.441,-111.36,-111.27,34.375,76.756,8.2563,-3.9808,54.397,48.194,0,0
-1.8056,3.4196,2.7766,-35.179,108.85,77.987,43.711,-79.519,239.32,-55.224,-233.41,-10.778,10.449,0,0
5.9037,-17.132,-9.9037,25.461,-51.787,-57.681,49.294,-0.4124,-49.486,5.1436,-3.3595,-42.236,-0.33142,0,0
10.825,-0.40368,-27.685,33.994,217.45,30.793,13.496,-40.276,187.22,1.3363,-128.25,-92.018,12.969,-130.8,104.43
14.289,18.281,6.1633,-107.87,-62.509,58.597,-47.019,-94.611,265.6,-8.923,77.733,-54.433,-13.367,39.504,7.4772
5.1962,9.451,-62.551,112.85,63.687,-51.539,-252.27,199.91,-264.02,-73.474,135.19,-148.3,57.832,5.1319,-19.016
11.258,-2.7518,37.51,68.366,247.93,-18.6,-94.787,162.91,4.3837,75.027,90.588,-5.57,-71.338,-1.6696,1.4731
5.1962,7.183,-0.42163,81.658,-25.257,-250.76,-0.74146,78.578,-4.715,-35.694,-33.451,26.455,-65.01,-46.219,67.55
-35.074,-11.9,-98.712,33.53,-223.92,-119.31,-240.03,29.6,-15.176,-59.264,-24.544,13.229,99.174,-25.997,-9.5263
0.86603,36.986,-1.2242,-139.17,3.5806,-94.029,-104.24,-24.465,16.722,-18.642,2.2154,17.758,-1.3744,1.8905,0.43301
4.7631,4.1095,-29.015,95.411,-24.412,302.67,-80.295,51.905,-44.287,-28.397,-89.228,22.816,-86.847,109.08,-106.52
27.713,-16.236,47.693,-176.39,214.29,91.701,-93.974,-57.211,91.85,-161.39,14.757,75.063,-49.093,39.504,7.4772
-1.7764e-015,8.6716,15.391,-94.963,51.323,103.04,130.66,53.165,200.12,-154.41,18.741,-72.534,-8.5362,0,0
7.3612,2.7075,-10.783,129.47,-12.221,-83.907,-175.08,20.709,-94.438,-93.29,-105.77,26.966,-64.94,0,0
5.6292,10.201,-5.683,-32.132,116.49,148.52,61.077,-207.46,146.62,150.47,-24.388,38.333,-66.02,0.94888,-0.39623
-21.651,-24.322,-18.946,200.32,-243.81,0.23868,37.166,214.47,9.9295,-112.43,-45.444,-96.61,96.621,-15.647,4.8056
-2.5981,-12.404,31.809,-64.475,65.454,-87.522,-163.79,125.42,-35.633,-200.73,-10.86,-9.8516,-21.491,39.504,7.4772
2.5981,3.6585,-0.32356,12.355,-11.654,216.85,61.17,40.465,58.2,-58.188,-6.4868,-86.325,168.58,-6.1984,-17.321
-2.1651,-4.9755,32.874,-50.045,-64.873,14.588,-319.17,5.4343,-52.867,-41.538,-2.9608,-94.428,15.197,-73.475,8.2272
9.9593,-20.789,19.954,14.52,115.93,-94.059,15.873,-229.24,-246.69,67.534,22.69,-27.45,-1.3888,-73.475,8.2272
-0.43301,21.448,-16.304,-12.394,-48.855,282.78,-65.681,309.36,44.69,-13.895,54.24,126.85,-112.99,39.504,7.4772
-2.5981,6.0442,101.87,54.521,69.931,-109.04,48.635,-29.402,0.60256,-260.13,54.538,-66.551,-23.099,29.108,-12.954
-11.691,16.374,-11.069,-36.134,43.609,2.1558,-223.01,-74.853,-57.586,58.601,-5.8238,60.657,72.153,-116.67,109.12
0,0,0,0,-43.503,-13.967,32.356,180.25,74.454,-26.522,-12.323,-2.3795,-0.98117,0,0
24.682,1.4247,35.185,-26.865,-168.12,85.689,39.819,-69.359,-175.4,49.384,173.25,-111.37,100.3,-39.456,-7.8947
6.4952,-19.783,63.141,-28.074,-66.434,33.47,-64.28,-195.53,189.79,-89.733,-63.346,-60.942,68.218,0,0
5.5511e-016,4.5915,77.87,-18.948,-53.359,61.33,-54.557,19.534,34.137,177.06,205,-45.314,13.87,-29.829,14.03
43.301,0.5569,114.83,37.467,53.362,-7.5263,-61.829,76.05,71.225,-63.149,87.455,27.917,89.002,-25.997,-9.5263
-10.392,-5.8349,10.794,-18.222,20.068,178.67,-88.795,110.58,-50.478,-107.88,41.559,-20.157,9.6999,-29.829,14.03
10.825,-14.843,15.435,-17.534,190.15,-16.792,16.067,-180.46,99.406,-60.667,-93.535,40.829,-0.068748,1.8905,0.43301
-11.258,-12.292,27.571,-77.36,-199.88,-105.49,61.997,-143.44,87.206,37.833,-5.3726,11.817,18.306,75.448,-103.92
-1.7321,-0.73686,31.959,-122.63,-13.199,56.827,98.378,94.774,-103.47,-119.81,99.02,-40.452,12.377,9.6851,-8.1112
10.825,-21.881,-129.57,76.781,31.143,199.97,-34.543,-172.68,56.124,124.26,-45.107,72.139,66.419,0,0
-23.816,0.3923,-126.28,110.89,213.21,-224.97,136.16,-104.83,-131.78,83.906,-30.533,-14.511,151.42,-25.997,-9.5263
-4.5409,7.8792,17.137,-104.89,-99.617,86.958,-23.55,-271.16,-199.04,141.8,-101.5,9.2127,-57.603,0,0
-2.1651,8.1782,96.736,138.81,-94.955,-191.47,4.9762,-91.737,-52.675,318.46,17.496,7.4851,68.564,-29.829,14.03
9.5263,-11.136,-44.412,232.86,91.101,-84.64,-58.575,206.87,137.79,91.615,-91.652,22.269,11.176,0.16178,-0.53349
-19.053,21.767,29.842,-182.85,-136.37,172.29,-1.1072,205.79,35.068,-86.937,73.739,65.216,-1.9695,0,0
-7.3612,26.771,4.1747,-162.46,65.659,176.57,175.26,22.102,149.58,-40.024,4.7396,2.8947,19.253,-14.5,-16.851
-17.321,-7.2482,89.712,-187.45,-14.193,153.06,3.7988,167.23,-112.59,182.62,114.48,-26.344,-2.5595,0,0
1.138e-015,0.26314,109.63,143.82,-256.32,90.772,-9.504,145.04,-123.71,-126.36,-31.95,-36.187,-26.978,-4.7365,19.031
7.7942,-48.654,-20.442,170.49,-411.12,-6.1226,-2.3583,-90.923,-11.19,62.867,200.1,-142.1,25.937,0,0
-15.747,30.739,-92.735,-177.82,-314.64,-108.89,5.2655,-234.37,-34.681,22.706,141.8,-51.676,22.183,0,0
-21.218,7.9838,-5.9641,-219.46,88.279,16.331,-218.99,51.704,-80.23,-155.55,-4.5205,-4.7907,-0.42404,0,0
-7.7942,10.245,-23.575,-17.271,-241.44,-1.8924,125.15,-28.203,211.64,203.32,32.118,6.8349,16.514,0,0
-22.084,15.102,34.806,9.1567,-143.32,-20.453,-113.4,1.1296,-29.6,-22.486,-36.83,-56.693,72.502,0.94888,-0.39623
-10.551,-2.4722,10.057,11.193,211.98,221.38,-1.4992,168.32,-165.31,-4.96,47.98,-128.28,12.976,0,0
-15.588,-12.384,46.634,-71.826,197.41,-60.292,33.292,-0.085903,-5.4833,-32.353,-189.94,-51.481,31.333,0,0
37.239,5.655,24.397,-2.7811,104.33,174.6,-251.05,97.243,-38.527,214.08,200.09,14.486,0.82356,0,0
-5.6292,-14.725,175.72,143.02,81.139,104.22,-70.873,-157,58.653,-39.297,-19.184,-82.563,25.705,0,0
0.43301,1.6405,16.422,-23.51,26.888,43.999,297.83,73.3,0.21228,20.303,-43.726,-7.5732,-4.1788,0,0
7.7716e-016,0,-1.1102e-016,-4.1078e-015,8.2576,-37.539,-258.96,34.787,-336.51,173.93,188.86,-13.454,3.6746,0,0
-0.86603,-8.4216,97.177,19.073,80.402,-243.97,43.801,-47.813,-15.338,-102.38,-188.34,44.517,0.34752,0,0
2.5981,34.667,-19.584,222,83.75,393.69,32.23,9.0913,-377.12,-52.614,-203.55,12.365,3.2353,0,0
-21.218,-1.1813,109.15,126.73,-70.102,-104.25,223.47,13.488,134.72,147.26,214.99,-120.82,19.081,0,0
4.3301,0.70096,-20.508,-21.585,56.417,45.553,-4.1062,-147.95,-96.128,200.73,10.962,-44.797,-3.6271,0,0
-0.43301,3.8415,2.8056,-34.371,-35.207,8.6677,-38.642,-72.15,20.186,-99.387,70.498,21.493,-2.1501,0,0
-9.9593,3.1962,29.881,-130.53,243.58,-165.03,-35.345,207.85,-6.2543,245.86,12.927,25.662,-53.488,0,0
2.5981,-30.551,-6.1764,72.236,-253.47,61.811,-149.78,-125.46,-29.55,96.859,-1.4647,73.002,-94.901,7.696,2.0066
0,0,0,0,56.912,40.475,-167.67,129.58,-223.77,150.04,-59.294,5.9375,-3.6785,0,0
0,0,0,0,25.522,46.844,239.49,-31.463,52.283,-22.024,10.148,3.2408,-2.73,0,0
1.7321,-38.68,18.932,-228.49,260.05,-191.16,-140,-116.53,26.785,245.23,60.307,-24.868,-64.729,0,0
-21.651,-34.183,20.363,49.681,24.964,-90.982,92.573,-41.899,-118.77,-237.37,99.481,-33.999,-40.612,49.102,13.74
-9.0933,4.0311,7.7272,93.272,-22.411,-147.62,66.673,72.674,-214.24,74.917,-59.328,-4.459,1.1471,0,0
-8.2272,22.173,-15.722,15.502,-230.9,149.19,-251.62,22.929,-20.829,-42.833,21.63,10.014,7.9554,0,0
13.423,-3.3678,24.015,65.998,56.434,-46.632,210.86,-251.1,-34.124,-84.579,-27.238,200.49,-27.919,0.35192,4.9372
-5.6292,-6.701,-59.746,20.715,8.201,106.6,-30.727,178.29,-218.66,94.461,-62.417,116.43,-98.987,-4.7365,19.031
0,4.4409e-016,1.9984e-015,1.5543e-014,124.42,55.293,450.96,90.987,397.05,-32.136,129.38,-42.893,-2.7284,0,0
-4.7631,-4.1095,29.015,-95.411,-31.45,-72.206,-54.727,244.32,245.09,18.81,-4.015,113.79,-149.12,25.444,9.9381
-4.7631,-4.1095,29.015,-95.411,-132.75,-217.76,-212.54,95.058,114.34,-19.954,-93.274,121.94,-27.191,0,0
5.5511e-016,-5.5511e-017,9.992e-016,1.1269e-014,-9.2476,-57.643,29.937,-198.38,-47.871,120.92,-16.559,183.11,-50.512,75.941,-12.563
-10.825,14.843,-15.435,17.534,72.65,183.6,58.091,-334.69,-23.115,217.61,17.304,14.8,11.909,-39.456,-7.8947
6.0622,25.544,8.3888,-101.84,-222.14,-187.14,187.4,169.61,70.155,1.9396,0.017949,70.216,-27.424,1.8905,0.43301
-1.7321,41.454,-46.775,9.1016,163.2,164.07,-68.336,206.1,-90.461,-139.18,128.28,-1.4232,-59.045,16.964,-5.9462
-6.0622,8.2697,-93.365,-135.15,107.6,-72.665,180.37,142.46,49.465,236.32,-53.078,21.642,92.112,-10.398,6.4796
4.7631,-14.111,-12.141,102.79,-255.16,-173.82,-26.541,-69.717,155.68,22.989,10.776,-0.0083302,10.586,-39.456,-7.8947
-13.856,8.1848,-26.575,1.5245,45.479,-45.412,271.59,-146.13,90.942,-11.173,21.862,-2.1268,-23.235,96.224,-57.136
-21.218,5.0574,4.8284,-189.44,247.69,46.835,131.81,219.88,-29.599,93.533,-74.149,-7.2942,79.921,-39.456,-7.8947
-2.6986,0.35168,16.92,-124.1,135.64,-113.48,220.32,-51.611,-311.93,138.03,142.74,-30.785,77.759,-29.829,14.03
1.5212,-32.423,33.484,-45.274,77.21,41.584,-250.58,5.6175,-13.959,-239.14,-31.397,35.565,-48.967,0.35192,4.9372
4.7631,4.1095,-29.015,95.411,395.11,-46.213,38.844,98.108,60.99,219.16,-15.726,-30.42,-163,46.998,-26.081
-8.8818e-016,-4.2188e-015,-2.4425e-015,3.1974e-014,22.202,-130.06,90.267,200.58,114.79,-247.85,126.42,-16.051,-15.878,39.504,7.4772
8.6603,-30.504,-68.652,-256.38,-178.14,-91.277,-133.73,-21.728,104.4,-100.82,21.356,-23.149,67.169,0.94888,-0.39623
-21.218,51.701,-25.177,40.883,-208.26,-126.78,136.98,-73.132,-57.469,-50.588,-68.718,-85.019,-31.867,-4.7365,19.031
-7.3612,-1.2434,58.703,-92.321,237.36,162.43,-155.09,305.78,8.5646,-26.378,-5.13,1.8433,93.553,-25.997,-9.5263
0.86603,8.4216,-97.177,-19.073,-118.19,150.39,136.51,-202.28,-102.02,-4.7026,129.25,-45.356,13.622,-29.829,14.03
-5.1962,7.9641,16.636,-16.211,-31.111,-64.347,-107.91,8.5299,41.731,80.51,-28.03,27.389,95.953,-25.997,-9.5263
-14.289,-8.2369,88.566,-122.27,115.28,54.574,-49.146,108.7,-126.25,-19.957,-35.169,-49.571,17.909,-1.6696,1.4731
7.7942,-13.825,-22.507,75.14,222.45,-2.4511,-33.535,-27.975,61.268,85.729,-5.4304,39.606,6.32,1.884,-3.8971
0,0,0,0,54.502,32.076,114.73,84.728,226.91,-41.477,122.6,-14.915,-64.145,1.0284e-014,1.0284e-014
-5.6292,-2.3708,7.4934,-73.649,-126.5,113.48,-426.66,121.99,-176.62,138.08,141.77,-20.402,-92.39,25.444,9.9381
15.43,-37.904,12.314,80.025,-25.408,153.1,-28.88,-115.57,95.114,-137.21,148.48,78.323,34.92,0,0
5.1594,-8.4841,13.498,43.199,-17.204,-146.31,19.47,83.134,-209.12,-78.271,-185.18,-92.185,64.478,0,0
-2.6716,-9.2521,-2.2772,23.529,232.73,90.535,30.314,-62.214,238.28,154.86,-57.669,-112.77,-33.952,0,0
-17.964,4.7338,-19.695,-233.55,-195.29,178.22,21.017,48.025,-102.97,-99.438,103.27,106.43,-34.291,46.047,7.2027
-12.99,26.706,5.6843,248.21,61.33,57.002,-232.82,5.4835,-43.528,-16.722,-142.34,78.511,-148.32,25.444,9.9381
9.0933,4.7189,62.719,-81.647,-167.08,44.276,-172.9,204.76,-96.858,125.78,-74.238,71.181,-24.131,0,0
-13.423,14.691,-12.904,36.941,51.914,-106.96,-125.51,133.52,82.678,-32.623,-367.93,-18.668,3.3216,-29.829,14.03
0,0,0,0,-2.1764,-141.58,-131.37,210.75,126.8,-182.04,253.47,31.291,-2.7631,0,0
6.0622,-21.504,73.697,77.839,-7.5309,-381.05,135.42,-101.59,-68.761,-148.36,33.096,-14.414,-26.503,-4.7365,19.031
19.053,14.962,-27.93,12.059,196.98,-51.995,57.573,48.916,13.227,-140.37,17.52,48.844,-57.598,0,0
-8.2272,22.173,-15.722,15.502,91.506,54.383,53.729,-45.096,89.791,151.1,45.924,-52.994,-39.246,0.94888,-0.39623
3.0311,8.2566,-0.031089,3.0245,256.28,-158.8,13.079,-37.201,-149.99,112.31,-92.107,122.09,-37.558,-75.369,103.56
-2.2018,14.299,-78.795,38.697,48.332,-21.696,-124.92,189.95,116.92,3.5636,61.221,97.5,-2.2993,0,0
-14.289,14.74,-4.9037,-58.832,-10.78,88.575,203.48,-40.882,-99.477,-44.345,-68.146,-11.462,31.012,-39.456,-7.8947
-4.3301,10.08,11.056,-48.007,181.5,18.257,-134.15,-301.65,16.721,-73.137,41.505,-9.2802,8.2027,9.6851,-8.1112
7.7716e-016,0,-1.1102e-016,-4.1078e-015,155.04,-12.73,-0.70064,-271.26,60.546,-133.21,24.04,16.919,13.334,-45.629,-7.3612
-27.713,-20.962,0.25176,37.065,-137.78,-105.97,-102.22,-79.908,97.577,11.852,-0.88973,7.3236,-31.628,-34.03,-8.6603
-5.6292,-9.6226,-14.426,107.74,-192.43,-162.8,-117.56,74.911,-102.8,116.91,-36.484,47.419,73.023,-45.629,-7.3612
0,0,0,0,44.338,35.393,17.312,-214.88,-115.1,21.229,-36.935,12.819,56.852,0,0
0.43301,1.6405,16.422,-23.51,21.728,71.024,71.958,-69.115,53.614,-146.54,21.729,7.855,-67.724,0.94888,-0.39623
8.2272,-11.343,16.118,70.997,169.73,-45.519,91.807,114.77,-224.31,49.081,-61.378,8.2312,-4.5993,0.94888,-0.39623
-8.8818e-016,-4.2188e-015,-2.4425e-015,3.1974e-014,-17.038,-200.78,-0.27229,99.84,-5.4317,-30.958,5.247,17.525,-4.6112,1.8905,0.43301
6.7697,-1.6014,8.5,-36.494,314.72,57.816,-63.184,99.153,43.33,-50.148,-100.25,-2.2215,-55.568,0.94888,-0.39623
-9.0933,4.0311,7.7272,93.272,83.288,-148.87,-54.438,174.71,132.74,199.08,47.163,-47.323,-10.158,46.047,7.2027
-0.43301,-1.6405,-16.422,23.51,-337.19,75.61,-14.462,-229.01,-49.256,7.5731,2.7978,-84.324,-3.5575,0,0
-4.1633e-016,-1.3323e-015,3.3307e-015,1.4211e-014,155.38,-96.487,-119.21,-154.59,-101.92,11.692,35.422,-11.993,-67.464,-46.219,67.55
0,0,0,0,65.185,215.59,162.33,-123.64,92.51,-51.089,-143.2,41.513,-1.2117,0,0
-4.7631,-4.1095,29.015,-95.411,64.782,-63.677,-40.159,96.509,121.96,34.767,-103.83,37.056,83.533,-2.0215,-3.4641
-8.349,-13.425,104.06,44.109,145.68,-64.533,53.087,402.55,131.99,-129.17,-3.5858,-10.58,-118.51,0.35192,4.9372
-13.545,-6.9901,16.564,23.717,-93.309,71.526,-255.81,56.641,-54.49,-10.824,-21.959,51.776,10.364,-29.829,14.03
8.2272,-11.343,16.118,70.997,-181.65,-41.46,275.11,-21.405,-6.3526,84.828,-13.078,32.539,-67.422,167.79,-104.11
3.8971,22.6,8.2596,250.36,-75.809,15.72,51.378,-49.004,193.53,142.38,171.3,-150.57,-35.921,0,0
23.425,-13.499,-4.2982,95.509,205.55,-217.61,-17.782,-49.629,106.43,-77.848,-77.036,-0.92797,0.86274,0,0
1.6953,1.529,5.3938,31.84,-83.965,19.334,-93.474,133.72,88.998,-159.67,-120.74,127.9,-24.935,0,0
5.5511e-016,4.5915,77.87,-18.948,-154.24,121.94,-39.493,55.835,-134.73,-46.076,-66.657,-78.763,85.624,-48.742,23.901
13.423,153.23,-92.434,113.01,-41.209,-87.775,-63.809,31.022,-293.47,-6.4607,284.53,-80.704,-12.061,0,0
-21.651,3.4168,-11.593,-165.93,-34.682,74.268,-78.159,-85.488,255.04,-142.07,69.763,-26.545,2.3954,0,0
-12.124,-1.4313,78.448,-118.19,-0.1186,81.67,-39.108,-9.8829,-180.53,-77.211,-178.23,59.322,-6.7314,0,0
7.7942,-9.5687,108.84,113.09,-63.554,-10.159,-67.207,-187.24,198.84,-137.3,66.246,-92.624,17.871,0,0
-12.99,17.149,-10.252,-54.728,42.827,-189.42,251.92,37.859,-81.588,-147.81,91.064,-78.502,1.1423,0,0
-3.8971,-25.136,-130.8,11.3,9.834,11.198,-134.49,398.65,-32.571,183.17,-59.838,71.831,-39.498,0,0
-6.4952,15.691,78.076,120.16,-193.9,169.14,132.22,183.63,80.026,171.84,-8.9045,-97.64,84.706,-28.401,-1.6797
-7.4462,2.1585,3.9441,0.1262,236.99,-168.34,324.56,-137.99,219,-29.668,74.374,-160.5,-2.9553,-4.7365,19.031
0,0,0,0,-14.917,-221.97,-271.14,-6.7442,-45.022,167.62,100.23,-52.507,11.263,0,0
-9.5263,-21.77,82.043,62.498,-67.145,-266.7,-38.759,-182.73,-275.2,-34.726,34.011,-125.81,-13.524,0,0
-1.7321,-23.428,-16.842,155.5,-31.829,-193.73,-36.127,15.839,6.1326,117,-89.276,12.991,-24.723,-4.7365,19.031
-6.1062e-016,2.7756e-016,9.992e-016,7.1054e-015,239.01,-84.243,302.81,-13.585,-149.9,49.763,6.6635,65.727,-72.756,-22.378,-13.957
-4.7631,-4.1095,29.015,-95.411,186.51,53.675,222.21,11.571,83.181,13.947,-17.703,-3.4103,-65.545,38.607,-6.0622
2.3603,5.8804,18.037,-79.503,-58.841,99.485,131.91,-148.31,110.76,-86.179,-0.14568,15.577,-10.502,46.047,7.2027
-0.43301,-28.502,-4.4558,164.34,150.61,106.34,145.17,-168.68,-98.606,-53.733,94.642,94.832,13.82,96.224,-57.136
-12.209,-4.0245,18.482,-95.478,-4.4168,30.057,57.656,-113.15,-344.28,337.23,-58.639,-35.081,-48.893,-4.7365,19.031
8.2272,-6.6112,-1.9689,20.868,-290.11,88.184,56.648,54.106,150.1,-102.53,42.705,-147.63,-13.801,-4.7365,19.031
8.2272,-11.343,16.118,70.997,-45.107,-123.21,179.62,-18.651,27.266,20.344,-54.203,48.671,97.105,-116.67,109.12
9.4258,-10.168,-6.6797,-17.058,101.29,-55.717,-160.76,157.92,-196.8,84.862,20.584,-67.687,-14.367,39.504,7.4772
0.43301,1.6405,16.422,-23.51,-102.88,-269.25,-10.235,38.21,-48.209,-112.62,-3.2027,24.626,4.4728,0,0
11.258,12.292,-27.571,77.36,55.235,-146.82,-8.424,-51.122,110.18,153.65,-20.602,25.703,2.9857,-92.447,37.26
-19.053,-22.391,22.852,12.462,123.96,-122.03,126.93,-329.96,-19.368,6.1471,2.4199,-2.4821,-35.363,42.216,11.258
-15.588,38.925,6.4426,-146.54,160.53,-199.43,-27.78,15.806,82.118,75.492,57.182,-113.39,26.558,-0.11394,0.11603
35.94,9.6191,15.866,33.932,-47.145,-61.018,-229.16,-48.054,21.996,28.224,28.64,8.1854,66.377,-0.11394,0.11603
6.4952,1.7255,-7.8546,-3.549,156.83,-17.102,-134.28,11.488,-328.69,97.631,-32.763,-65.952,61.194,-0.11394,0.11603
-18.187,9.8564,-4.1716,-51.509,62.052,-158.5,178.91,280.12,175.77,93.128,-87.976,-5.3286,107.78,-2.0215,-3.4641
-27.713,7.528,75.875,-176.04,-15.198,-211.98,142.24,-262.25,95.722,-73.392,-60.851,87.479,-36.034,29.108,-12.954
10.825,-15.332,-24.013,-155.12,152.75,46.13,157.8,-20.78,104.05,83.324,44.484,-127.73,24.278,-0.11394,0.11603
-2.5981,17.221,5.549,-39.592,327.57,-105.23,355.63,149.5,232.72,-184.49,65.593,36.725,71.999,-29.829,14.03
-34.641,20.566,-21.845,-220.66,-195.39,-67.812,150.21,-176.27,129.5,3.2931,36.357,-13.011,-57.368,16.964,-5.9462
1.3323e-015,-8.8818e-016,2.2204e-015,3.0198e-014,118.58,230.33,154.63,71.762,-49.261,-109.21,74.271,208.67,20.554,0,0
-27.713,-20.962,0.25176,37.065,-165.55,-74.561,37.439,28.815,-122.74,214.76,-106.88,-41.058,94.48,-14.208,0.33253
6.9282,-21.441,32.425,-162.95,69.665,-85.609,304.87,-286.87,38.711,23.935,-30.379,52.678,-1.3089,0,0
-4.3301,-24.879,-14.775,113.93,169.62,-35.986,237.38,161.02,300.55,246.81,277.47,-41.893,-90.829,26.38,-7.0131
-17.754,5.0819,-95.579,-104.01,17.875,132.01,-50.919,327.63,36.211,43.805,77.861,76.734,-75.674,0.35192,4.9372
5.1962,12.324,67.105,120.21,-182.69,189.03,-24.59,-148.97,-186.71,125.74,40.666,60.804,107,-54.191,26.023
0.43301,22.404,18.397,-88.159,108.52,-195.76,-37.443,-30.496,4.058,109.86,-31.95,49.979,2.0119,-0.11394,0.11603
7.3612,3.0915,21.812,8.6322,76.241,-379,-109.4,48.121,257.19,-91.12,92.185,-13.775,108.17,-54.191,26.023
3.0311,-12.158,76.442,-87.372,144.37,115.34,40.077,-181.2,-237.43,-37.077,-34.539,-65.866,64.332,0.94888,-0.39623
-11.258,-5.7369,-20.124,-133.52,-263.34,100.57,177.9,-6.3584,253.09,-172.56,50.303,-96.998,39.314,-29.829,14.03
-14.289,14.74,-4.9037,-58.832,-128.75,-30.75,153.49,-12.868,-130.84,27.929,7.0933,-12.082,-156.22,39.938,-15.884
-12.124,5.0442,81.779,-28.977,49.688,-331.18,206.54,-133.44,-107.24,60.292,78.414,-63.978,2.7296,0,0
1.1405,5.1127,19.154,21.683,-8.4748,-78.858,-16.295,-281.34,-107.35,61.167,-62.408,-4.0311,86.486,-10.398,6.4796
5.5511e-016,1.2768e-015,9.992e-016,1.1269e-014,253.44,-179.95,160.98,-184.54,127.76,-103.89,79.832,-34.963,-2.2446,0,0
6.4952,5.2566,15.152,226.36,-38.606,-88.95,-102.79,-96.606,-90.712,9.6521,25.514,79.211,-72.798,11.34,-6.7697
8.2272,-11.343,16.118,70.997,-86.813,120.65,-150.55,153.37,93.743,92.861,-54.518,24.042,67.331,0,0
8.2272,-11.343,16.118,70.997,82.047,-146.12,-58.879,-46.728,145.11,-74.898,2.5131,-66.012,23.506,0,0
-25.548,-7.4002,-98.615,-22.365,-61.521,-22.391,-6.9016,83.99,-46.132,-29.255,25.008,67.152,-109.73,0.35192,4.9372
0,0,0,0,4.1172,-40.102,-1.3439,-273.75,-21.55,2.3377,-151.81,-5.8438,1.3274,0,0
-6.4952,-1.7255,7.8546,3.549,84.162,-14.328,51.036,242.74,-75.279,3.6401,22.728,106.24,-34.666,-15.81,8.2272
-8.2272,11.343,-16.118,-70.997,-83.652,86.598,406.68,-46.114,-33.449,82.011,-110.26,40.039,-7.0801,0,0
7.3612,-28.655,28.242,-229.88,-40.129,-73.618,126.05,-232.03,170.2,160.39,223.93,-18.124,-0.32892,0,0
3.0311,13.422,-5.1782,-41.146,119.48,86.022,-106.28,161.49,-62.422,137.58,129.44,-38.017,-10.148,0,0
7.7942,-28.979,4.4479,52.179,72.845,-106.13,-150.85,10.95,59.698,181.67,-139.12,72.196,-1.2164,0,0
6.7697,2.4901,39.863,-63.019,-82.409,-60.195,7.0484,-117.41,-50.746,142.22,3.5107,38.821,32.69,5.1319,-19.016
-13.423,14.99,-15.301,-66.156,-220.63,-146.3,29.954,89.467,280.1,-51.786,-25.837,38.538,0.68477,147.26,-109.55
-27.941,4.7559,22.506,-98.833,20.044,-135.19,-3.3055,64.687,-166.55,-154.62,-81.236,14.494,-1.9922,0,0
0,0,0,0,71.429,-112.21,63.094,182.55,-129.12,-142.52,111.09,-141.27,99.391,-2.0215,-3.4641
-8.2272,22.173,-15.722,15.502,64.054,105.64,-434.67,176.81,106.56,167.19,57.347,-0.18436,-72.493,26.953,-3.5801
0,0,0,0,58.461,153.07,-21.251,-133.51,-435.08,43.864,-5.5846,20.016,-6.6896,0,0
18.303,-27.28,117.55,205.04,197.83,83.81,70.607,-167.68,179.95,-6.7917,110.65,-131.51,-224.37,54.763,-20.611
-22.084,-5.6208,-29.788,52.183,-71.887,113.06,-85.512,301.27,-38.533,-86.867,-121.48,-23.476,-2.8498,-0.95096,4.7631
-4.7631,-4.1095,29.015,-95.411,-54.811,-14.012,-2.4022,50.312,-162.67,-169.12,-110.63,-46.874,22.395,0,0
-26.847,-11.041,2.2877,-232.44,15.247,110.67,-219.5,58.9,-277.14,-32.758,25.249,-7.6848,0.65849,0,0
8.2272,-22.173,15.722,-15.502,147.84,3.4056,-116.75,127.45,165.96,-185.45,-177,0.041973,-7.6603,0,0
17.083,-4.7081,2.7754,-37.764,-32.293,181.39,111.36,-167.96,139.61,217.04,78.798,199.51,-60.034,-4.7365,19.031
14.918,-18.581,-15.506,-36.427,-18.789,-149.67,-45.997,3.5372,6.95,-7.2389,-160.74,24.666,-163.47,25.444,9.9381
