13.25,-5.4378,3.9891,-84.176,-114.03,317.49,-46.149,163.09,-369.45,25.894,115.49,70.644,0.0476,25.808,-20.195
12,-8.6029,-0.93477,24.601,-258.39,-162.36,379.25,-222.49,326.85,-79.557,31.098,-225.61,-219.36,13.497,6.3571
8.2925,1.5858,8.4886,5.1878,20.95,45.35,-287.39,178.11,478.59,78.75,75.799,19.684,-54.318,0,0
14.25,-0.50481,-0.64887,30.342,-125.28,-161.51,315.82,-182.73,-176.17,152.27,-41.472,-3.5174,253.91,-3.9829,9.433
6.0425,-0.38966,5.2321,-8.2881,123.62,256.16,-77.789,-11.211,-45.765,290.55,230.69,55.415,-35.587,27.781,-11
0,0,0,0,-29.819,-248.39,201.78,317.92,-321.91,-402.6,-110.63,97.317,29.236,0,0
0,0,0,0,-37.118,109.27,-319.13,-70.98,335.33,-13.402,-423.24,2.6639,-1.0323,0,0
2.75,2.8056,-2.6716,-5.6848,60.38,96.982,103.03,4.0785,1.666,-102.39,-241.9,-242.87,-293.89,-45.459,-14.436
0,0,0,0,-21.807,176.4,8.5194,51.501,10.76,50.013,-148.23,22.436,-0.4363,0,0
11.25,-4.6699,1.4851,40.315,-157.8,-96.199,93.429,-126.34,-57.945,-397.06,-64.023,105.61,-254.34,-77.474,-29.527
11,4.0622,-5.0819,40.229,211.55,-97.818,-245.74,122.45,-105.66,21.862,-278.7,221.98,21.644,0,0
0,0,0,0,-101.99,2.7609,65.65,-187.28,67.84,1.6073,109,-94.423,-34.254,0,0
6.0425,-0.38966,5.2321,-8.2881,96.094,445.33,180.52,19.312,-261.96,74.026,181.36,-108.58,-265.02,13.497,6.3571
-16.5,-9.7828,13.6,-17.415,-5.7578,36.849,43.683,-209.87,212.56,69.639,149.63,39.093,12.905,0,0
0,0,0,0,-5.977,-39.839,-80.657,14.186,-83.818,324.33,-169.83,16.238,10.669,0,0
-20.113,-17.476,6.2539,19.124,110.18,-17.504,-253.08,-210.61,-455,-144.03,-12.79,58.011,-131.76,0,0
1.5,0.96891,1.2518,-3.0407,-67.275,137.86,105.97,107.55,218.44,-149.18,-222.92,-268.63,175.58,49.658,6.8995
0,-8.8818e-016,-2.6645e-015,-5.6843e-014,-20.549,-269.18,-277.38,31.962,265.27,-84.464,-71.777,236.2,285.28,0,0
-29,-36.412,38.244,-194.86,-249.96,327.44,20.023,161.56,-291.48,-349.57,-240.09,-176.92,-27.04,13.497,6.3571
-1.9118,-5.9458,25.433,-10.621,49.853,386.39,422.73,130.09,119.24,27.76,-37.603,82.594,-236.34,-99.644,8.924
0,0,0,0,13.28,-15.349,-214.12,-437.9,-166.84,-58.723,53.159,71.889,36.983,0,0
-30.863,-23.424,32.277,-14.285,-272.92,213.51,11.005,-173.84,7.627,-257.98,-161.72,254.93,8.5927,0,0
0,0,0,0,29.927,-128.14,70.882,336.7,-26.087,-2.9788,-173.56,57.629,-5.6495,0,0
0.75,11.085,3.0998,-32.076,146.29,-115.2,-69.192,-241.96,78.541,-18.77,34.848,-137.06,-73.881,0,0
1.5,0.96891,1.2518,-3.0407,-74.314,-272.57,-74.222,-2.3223,150.61,342.2,-186.14,-97.523,6.4432,0,0
3.6373,1.7039,-11.697,37.496,164.67,-271.46,-532.34,-341.94,648.62,287.59,-10.768,27.278,56.802,0,0
0,0,0,0,-24.546,-229.3,-249.2,-164.31,-188.41,-52.99,-223.39,-253.59,-114,0,0
0,0,0,0,-25.131,221.44,355.46,-117.71,76.753,96.001,90.551,-230.51,-51.432,0,0
0,0,0,0,-33.832,197.02,-376.49,718.53,599.7,-154.88,-227.82,-3.9499,284.84,59.709,8.308
2.75,2.8056,-2.6716,-5.6848,-0.095821,123.75,-109.72,-59.073,156.02,242.16,159.25,-10.316,9.1623,0,0
-10.387,-7.918,10.465,-14.72,-250.63,173.58,116.73,-169.04,78.706,250.72,-41.285,2.1226,-4.0066,0,0
-2.25,-3.1585,4.1388,26.489,-88.695,37.242,-75.43,-4.8381,-94.366,-36.123,-71.352,-135.4,170.41,92.629,-21.878
0,0,0,0,-15.316,-183.49,-306.52,112.89,-37.937,-172.35,-178.08,-47.074,196.56,0,0
-1.5,-10.441,31.692,-140.71,-54.342,-47.428,1.0873,-277.37,-245.58,414.18,227.92,268.37,62.798,19.472,-5
-0.25,8.2189,17.178,-11.835,19.346,237.56,-20.425,369.6,-282.67,-6.8773,215.15,25.709,-232.21,-80.511,-16
0,0,0,0,2.3227,-61.14,79.592,-120.16,318.84,-333.46,-94.737,-27.779,4.7476,-14.703,-22.854
1,0.01971,-11.404,-2.1913,18.727,-59.934,-328.96,453.96,133.66,-3.02,-179.76,-88.28,41.59,13.497,6.3571
5.1651,0.31907,-10.041,77.132,67.778,-49.808,-87.367,-250.17,-240.11,-700.03,-36.78,-127.05,-20.28,0,0
5.5,3.5442,-8.2189,15.801,-63.594,-184.68,-30.291,-18.356,28.652,98.45,291.5,49.763,-3.009,0,0
16.5,9.7828,-13.6,17.415,6.8948,328.18,81.101,351.48,401.8,352.46,-34.417,-263.48,-67.798,0,0
1.076,-0.83045,-3.1905,1.6675,-12.935,233.4,-305.62,158.22,131.49,-4.5736,25.582,268.29,251.43,49.658,6.8995
12,-8.6029,-0.93477,24.601,-178.22,-16.26,-110.53,-287.95,-199.92,63.096,155.69,-7.0323,-19.721,0,0
-0.75,5.567,-7,27.828,-150.86,-256.8,186.85,-193.43,-192.53,127.17,200.92,247.57,262.09,59.709,8.308
31,34.082,2.5328,6.7636,-88.077,125.51,-178.39,-14.309,-90.432,-20.689,-166.07,-63.819,5.3926,0,0
6.25,-2.8056,8.9545,-61.522,-51.566,-14.451,-90.12,-2.8167,39.506,-330.96,-70.199,-104.73,-35.586,0,0
-2.75,-2.8056,2.6716,5.6848,-64.579,-82.996,-402.53,192.29,379.13,141.4,282.58,-24.51,-26.356,0,0
9.6349,18.894,30.437,22.357,188.26,24.093,-1.2941,333.9,-242.71,72.512,230.49,-16.632,147.19,0,0
-0.75,-11.085,-3.0998,32.076,-161.82,-118.48,-157.28,182.73,-162.29,-18.74,-4.403,157.73,286.51,93.371,77.838
-1.5,-0.96891,-1.2518,3.0407,12.296,-282.42,214.92,95.247,-62.978,157.09,154.36,-31.345,-235,-210.57,-3.5245
-7.5,-16.642,29.654,37.512,155.86,335.73,314.66,-33.336,76.75,404.32,40.484,-10.634,238.55,-0.1887,-2.192
9.5425,0.7395,-17.645,119.92,183.92,201.98,112.29,301.31,311.67,74.475,37.789,-22.752,-32.53,-122.89,20.628
3.25,-11.243,-4.9234,52.601,86.327,-233.97,-257.25,-130.03,-6.8325,78.688,210.96,6.9625,-120.83,-21.291,4.1495
3.3307e-016,-6.6613e-016,-1.5543e-015,1.3323e-015,35.666,73.816,-219.81,-188.87,-39.104,212.85,377.07,-0.65368,5.5568,0,0
-20.5,-2.2745,-22.008,171.23,41.425,89.572,-172.14,369.41,46.94,-59.361,-342.34,-93.3,-11.379,0,0
-1.8651,-30.386,24.725,66.978,-87.053,-154.99,2.6624,-83.675,58.105,-6.1554,-114.61,-333.06,-241.61,0,0
1.2212e-015,-6.6613e-016,-3.3307e-015,3.1086e-015,49.313,-349.33,-69.251,142.39,377.86,-85.22,-137.13,208.51,61.734,0,0
33,11.271,-1.8087,2.5989,62.985,-367.36,-66.706,-194.79,-100.87,-37.323,245.91,-18.019,174.14,87.048,11.975
-1.75,-6.4755,12.83,253.73,-8.799,-18.81,49.013,345.43,610.57,94.132,-347.03,-144.81,118.62,0,0
0,0,0,0,-48.369,-362.54,129.34,-354.41,-105.39,-69.69,-38.942,-98.11,6.5311,0,0
11.25,2.0736,0.86603,4.9462,-35.017,-185.42,216.74,400.39,273.65,249.3,241.52,-22.9,11.395,-93.923,-0.56699
0,0,0,0,-22.508,139.33,279.07,-205.74,-130.23,-387.29,-229.27,-263.3,-109.26,0,0
6.7925,13.994,0.21586,-52.592,-115.9,181.66,-124.24,-15.307,101.2,88.756,-200.74,-213.3,6.3403,0,0
2.4085,-34.232,-25.541,101.86,-273.72,-279.98,372.35,-35.751,117.95,-54.699,-9.9216,30.11,129.28,130.85,-17.75
1.5,0.96891,1.2518,-3.0407,-5.1771,32.18,-106.09,-369.2,188.41,80.356,-16.533,-277.1,-80.063,-178.8,-81
0,0,0,0,24.629,-153.4,26.898,143.1,61.085,-206.4,-292.84,20.873,-26.297,0,0
11.25,6.0933,-20.569,2.9772,44.254,-281.72,-79.706,12.81,436.76,408.6,321,220.38,-41.086,0,0
-6.5,-7.9689,-5.549,22.43,-157.22,-207.82,-146.11,-227.2,316.12,294.43,46.503,0.61019,127.76,183.56,-9.6438
2.75,2.8056,-2.6716,-5.6848,-2.5897,-70.672,89.797,-302.15,-70.068,-236.43,-100.92,-12.472,36.688,49.658,6.8995
-1.75,6.4772,-28.102,-8.004,164.4,346.97,-57.974,-211.95,42.829,190.02,267.78,-120.3,176.92,0,0
-8.75,4.951,-8.0179,-49.97,-99.719,69.139,337.89,80.028,137.1,-24.687,-355.83,-89.929,12.113,0,0
0,0,0,0,29.048,-36.184,237.38,-100.17,103.94,82.307,-155.33,-14.156,-256.02,0,0
1.8849,-11.275,2.62,26.563,-162.95,-378.64,111.18,276.54,255.55,-180.1,-23.1,2.1726,46.716,0,0
0,0,0,0,-2.1205,49.642,273.79,-61.688,12.036,-247.3,157.17,-8.8175,14.553,0,0
3,4.1651,-2.134,-9.9724,44.366,6.5493,557.11,-383.74,-249.03,53.841,261.9,70.888,-22.766,0,0
0,0,0,0,30.558,57.265,-304.65,89.255,-18.415,372.23,196.93,-44.414,-17.718,0,0
0,0,0,0,-26.54,186.91,107.83,304.9,-83.294,-38.53,41.506,-2.8448,10.215,0,0
-11.632,19.988,-42.491,-31.751,62.22,-6.3883,164.31,186.12,382.97,233.92,367.74,-223.33,-140.3,0,0
0,0,0,0,0.9363,-32.152,-198.29,-183.02,-274.96,-394.4,-97.712,-9.4859,19.212,0,0
3.3307e-016,-6.6613e-016,-1.5543e-015,1.3323e-015,4.3254,33.307,13.611,-213.47,-304.12,-139.34,95.061,-195.67,-102.1,0,0
2.2204e-016,-1.1102e-015,4.4409e-016,-2.4425e-015,-44.715,-45.851,86.386,-464.8,-253.39,18.218,-19.883,17.999,2.6905,0,0
0,0,0,0,10.06,59.979,137.25,-195.63,16.131,238.04,244.5,268.03,261.62,179.44,-252.04
1.6373,-12.693,1.919,12.3,-3.9706,-43.121,8.0019,124.27,26.043,137.4,-125.1,-20.351,-13.58,0,0
0,0,0,0,-15.582,-205.22,-20.901,-36.03,-261.27,-101.19,117.53,-92.955,-15.053,0,0
11.25,-4.6699,1.4851,40.315,-216.53,-120.09,-139.25,-44.144,-150.93,25.168,1.0057,21.92,-1.7022,-1.1516,-0.6863
-11.25,0.68782,15.975,-31.623,-112.12,358.23,341.42,-47.364,-132.96,-324.46,344.61,142.24,262.98,122.08,-21.5
-21.25,0.79071,6.0867,53.532,-22.197,361,-123.52,-373.09,275.07,23.678,-137.15,-39.782,5.8248,0,0
-2.5,7.5394,-10.577,32.731,343.75,9.8469,-50.873,179.42,223.86,-180.07,-22.602,-22.288,242.76,49.658,6.8995
7.8382,4.1982,-17.657,18.295,232.16,231.68,66.766,145.69,279.88,80.971,-229.24,93.556,-1.7141,0,0
-2.8627,-2.5167,-2.9453,-15.146,126.71,106.08,294.86,-224.98,317.42,209.42,312.73,36.529,-6.3448,0,0
-7.25,4.701,-8.9199,-48.244,-110.6,-368.97,123.07,375.3,31.168,271.54,83.489,240.39,-174.16,-101.87,30.5
3.75,-0.9133,0.33318,16.049,23.209,-99.818,256.19,340.16,318.51,-12.045,56.573,151.8,-190.34,0,0
0,0,0,0,19.015,-119.23,275.25,302.32,-26.146,-128.89,27.151,-148.24,-270.77,-207.53,-5.9175
0.25,-0.062178,14.544,21.324,-58.521,-307.97,-514.37,-35.397,354.46,-152.64,102.3,260.96,77.765,0,0
2.25,1.9755,3.2566,13.476,-109.6,125.73,137.22,174.71,109.18,-405.56,-68.122,-10.498,-36.339,-77.474,-29.527
-9,-7.4838,16.453,-57.051,54.128,-99.592,53.43,69.472,127.09,-18.216,-196.9,-245.66,-95.803,0,0
-14,5.2321,-29.229,164.8,-135.98,-229.15,279.62,-111.97,-106.19,-150.24,84.627,159.12,221.45,0,0
-7.1127,-12.934,14.501,-7.1389,58.643,170.92,313.14,276.63,97.481,48.186,-176.09,-69.028,-28.338,0,0
-9.75,-11.632,-7.774,-138.83,-56.709,76.433,7.1997,-177.33,-120.86,337.39,-23.627,-490.98,-93.683,0,0
0,0,0,0,0.98654,-13.84,106.91,299.39,126.88,197.97,-179.75,22.71,-0.25,0,0
-0.75,-2.1896,5.3905,23.448,-145.79,-252.15,171.86,429.65,577.36,-124.35,-266.41,106.12,-7.811,0,0
0,0,0,0,0.72035,-8.4457,133.14,230.15,137.07,-24.763,11.43,7.1441,-26.932,0,0
-29,-1.2631,-7.0819,-11.329,-12.44,-86.203,-457.81,-204.35,-202.61,-285.44,63.519,167.11,-71.55,0,0
6.25,10.275,6.2518,3.2343,-141.76,-165.84,-1.1708,65.402,110.97,-50.224,66.404,140.24,-59.117,-21.291,4.1495
0,0,0,0,-42.023,258.59,-478.21,126.19,92.758,180.3,82.802,131.92,-8.9886,0,0
-2.5,4.1896,7.701,-28.133,95.668,-18.461,150.26,-140.44,-137.59,192.57,255.14,253.93,8.5789,-29.022,10.671
-5.25,7.9869,0.52628,-3.997,23.884,-43.024,68.244,-458.96,-351.19,-229.68,258.06,260.17,-0.15192,0,0
17.137,-0.99047,-26.672,143.17,288.66,63.513,56.627,145.11,429.36,11.02,-301.98,-208.8,-19.869,0,0
0,0,0,0,-5.3206,20.626,-167.13,184.86,205.76,-150.06,19.903,28.527,-5.8526,0,0
16,8.5574,-20.502,-16.112,83.675,205.43,250.92,-560.24,-270.1,72.895,15.2,237.94,300.33,96.774,-11
-8.8818e-016,-1.3323e-015,2.2204e-016,5.3291e-015,34.544,-221.92,5.4321,316.65,-156.6,191.8,30.117,-125.28,-266.73,-80.511,-16
-15.75,-10.352,34.796,-54.295,-28.735,100.56,203.98,156.67,210.13,32.256,-141.5,14.082,-36.029,0,0
9.5,-4.5473,-10.886,2.5359,5.3931,-278.92,211.23,538.12,133.25,-306.25,150.16,91.4,71.422,0,0
-4.25,-1.1274,-0.68958,-35.97,197.81,-147.38,-351.75,7.5248,19.84,-65.775,39.525,-232.13,-52.756,0,0
2.5,-4.1896,-7.701,28.133,-182.16,145.56,-14.305,253.53,105.85,-4.5876,531.14,113.77,78.312,0,0
-10.25,-17.843,21.384,47.666,119.61,165.19,-43.978,-193.01,-20.919,226.8,-5.7284,62.387,-20.419,0,0
-2.5,-16.837,10.583,33.408,-246.73,332.52,203.39,198.91,-215.09,80.525,-14.654,-250.28,-229.96,-144.37,21.733
12.324,11.46,-10.186,5.9202,-49.703,148.74,-223.81,59.658,207.27,323.59,114.59,-29.563,93.24,0,0
-3.5,-8.2272,12.056,-15.442,101.51,156.36,152.31,655.28,371.78,119.33,188.51,15.11,-34.683,0,0
-10.701,-4.0855,18.505,-5.1095,-145.52,37.095,186.2,80.541,-125.3,-140.79,133.21,243.1,150.18,0,0
-17.75,-11.948,24.837,-35.612,-32.99,102.62,-153.26,-221.75,-129.12,124.36,-49.149,-237.5,-282.96,-37.819,-3.567
2.75,2.8056,-2.6716,-5.6848,17.465,-305.81,-236.91,-61.056,99.858,8.4869,191.94,-7.7117,27.729,0,0
-6.5,-7.9689,-5.549,22.43,-203.67,104.77,-587.19,-565.91,-570.37,-773.69,49.122,231.56,-20.369,0,0
0,0,0,0,-74.141,79.139,-171.85,-45.414,128.34,-98.319,127.84,-12.24,-7.9821,0,0
-16.958,-1.5042,1.1426,-26.361,172.99,-377.6,-41.333,250.25,-62.05,-203.17,-70.777,24.356,0.23982,0,0
7.1283,-9.0873,-11.519,10.027,-24.65,134.28,31.983,80.025,615.64,230.56,246.99,260.73,50.139,0,0
0,0,0,0,-0.37268,-52.133,97.686,-426.06,-256.2,-237.85,-182.57,57.09,-42.887,0,0
-2.6151,-1.0981,-2.2443,-0.88189,4.8975,206.34,-126.09,-23.961,120.7,42.522,-30.228,-92.308,-12.487,0,0
-2.25,-1.9755,-3.2566,-13.476,61.669,-91.713,441.73,91.944,-142.83,-40.925,-355.53,-43.954,30.704,0,0
16.25,10.471,-0.76795,-7.0197,15.319,-12.933,81.284,-331.01,174.93,207.26,-40.011,182.24,-27.026,0,0
-7.6797,-22.273,-9.7823,-17.141,192.01,-318.31,-628.03,-112.99,-264.08,131.26,293.44,-103.61,-129.41,-84.883,-15.25
-12.75,-4.9921,16.65,209.78,30.416,-47.667,-204.43,-478.83,-81.445,139.58,16.946,-221.24,-11.268,0,0
11.75,14.007,9.4886,20.85,-108.73,-144.38,-466.01,-650.43,-187.09,415.38,39.223,-246.67,-247.7,-244.61,-87
-6.75,-8.2583,31.515,54.907,-37.235,-108.96,-25.061,-256.16,-21.274,80.513,-216.08,-105.88,-76.532,0,0
0,0,0,0,8.132,48.52,34.29,92.059,60.481,202.07,158.58,-125.49,2.3971,0,0
6.1863,0.036779,-4.0018,44.417,79.851,-8.0511,-18.774,171.92,111.56,87.711,190.72,115.43,79.321,0,0
-4.25,4.1896,17.296,231.57,21.161,-427.67,-86.8,-397.77,-344.63,-246.68,-58.738,-27.209,5.808,0,0
-15.75,0.87083,0.56875,-29.496,106.46,37.047,-39.341,-66.107,-395.19,-261,-261,-261,-264.71,-183.29,0.68301
14.75,3.5574,-10.571,55.757,-310.51,21.102,-24.703,270.16,453.15,286.69,-28.895,19.848,-6.8268,0,0
22.5,-9.3397,2.9702,80.63,-425.38,61.715,-178.49,-162.38,-221.22,-397.73,13.839,-150.88,-284.26,13.497,6.3571
0,0,0,0,48.343,83.374,-104.63,31.845,149.49,-8.8951,-248.48,41.038,-9.0544,0,0
-4.4409e-016,-8.8818e-016,2.2204e-015,4.6629e-015,21.743,290.47,216.28,171.42,-174.6,-250.16,-344.13,217.58,-6.2365,0,0
-20.615,-12.211,41.895,-125.76,-36.611,346.77,39.997,-58.352,101.29,321.23,149.32,225.71,-62.351,-47.989,17
-5.3627,-11.327,-9.3065,5.8926,-62.435,-325.32,260.36,127.35,76.677,-259.97,-26.642,113.23,-47.179,0,0
8.2925,1.5858,8.4886,5.1878,82.605,-74.686,-123.19,6.5429,-46.675,-79.874,192.67,267.89,246.91,242.65,8.5637
7.5,16.642,-29.654,-37.512,-133.3,221.72,-92.418,-187.89,44.306,168.47,108.07,1.5587,-174.14,-199.52,-11.275
0.32596,-3.02,2.2001,25.116,-156.24,-56.004,-232,79.441,25.889,223.85,0.28558,40.25,-122.7,19.472,-5
13.57,-10.608,7.5299,35.236,76.563,-98.124,-261.45,69.133,159.23,-11.286,-109.55,75.842,-92.865,0,0
0.75,-3.5018,15.479,19.968,97.05,-63.386,-342.01,-296.72,12.35,108.28,266.83,216.55,287.65,87.048,11.975
-2,9.5359,-1.1143,-27.551,-269.91,142.89,243.5,168.8,146.36,-20.002,-62.478,43.208,8.5341,0,0
-2.75,-2.8056,2.6716,5.6848,-73.95,307.62,584.1,547.14,-449.93,-374.06,377.08,-53.836,-17.241,0,0
0,0,0,0,-4.0491,-48.909,368.91,136.15,45.986,-136.8,-207.63,-196.93,-22.181,0,0
-10.115,3.7303,2.4208,21.61,18.348,159.35,-176.37,45.548,104.17,256.87,116,-38.373,3.9829,0,0
8.2925,-7.3095,-0.0017604,13.816,-84.297,-110.82,32.691,-155.46,-125.97,-190.26,-238.4,-271.39,-259.34,-244.61,-87
0,0,0,0,0.29751,-97.092,256.25,81.245,59.224,276.45,57.61,-98.32,41.334,0,0
-1.75,-6.6208,-11.752,-2.4103,-42.976,41.283,-281.69,352.07,-100.58,79.409,59.503,163.52,32.291,0,0
0,0,0,0,21.924,-182.66,151.9,143.4,-168.14,-315.8,-111.19,-76.347,-25.815,0,0
-0.28349,-32.476,5.4639,49.426,-159.66,4.1144,212.85,-256.27,-59.732,55.735,340.37,-15.907,-251.17,-122.89,20.628
12,-8.6029,-0.93477,24.601,-194.89,-270.33,-76.597,-285.15,-529.56,-161.56,167.27,190.97,80.595,0,0
0,0,0,0,21.146,-141.45,-280.54,73.916,171.22,-20.691,233.96,-7.2183,24.27,0,0
-2.75,-1.3367,13.752,-18.987,-233.57,-259.02,67.577,196.51,67.417,-385.54,280.68,-242.74,13.818,0,0
11.25,-4.6699,1.4851,40.315,-212.61,-129.71,-198.25,-344.93,4.8444,-262.85,140.31,272.89,91.503,0,0
20.542,11.882,-19.69,-3.1309,11.201,-224.38,-17.035,-155.4,3.058,-6.8481,-6.8301,-14.982,-251.66,8.6124,10.314
-3.3651,-13.776,3.7329,11.386,74.264,232.55,239.87,-296.19,-141.33,90.246,23.253,238.49,115.56,-198.46,-11
21.814,12.796,-32.955,66.777,-69.325,-467.21,-158.97,172.44,22.709,-158.78,133.82,-21.189,-26.863,0,0
-18.25,-4.6441,37.249,-14.05,-389.72,-222.71,78.33,-298.9,-195.22,-76.024,245.87,285.93,-125.72,-11.24,5.558
-3.6316,-9.2309,-23.582,-20.858,-178.51,121.85,-189.79,-180.64,-242.05,-204.44,118.82,94.305,111.09,0,0
0,0,0,0,-43.068,291.23,-172.2,-118.8,22.879,-8.8184,59.402,-9.9192,33.28,0,0
0,0,0,0,7.8817,69.741,43.078,-184.29,3.9845,160.35,123.27,84.02,22.648,0,0
6.5,-6.366,5.0556,9.803,-177.76,298.23,-147.3,-268.18,-297.25,-305.39,240.76,127.97,-9.0284,-21.291,4.1495
0,0,0,0,18.965,-131.33,-276.68,-106.66,223.72,-232.28,-70.826,231.48,34.138,0,0
0,0,0,0,67.389,-78.978,-42.474,-149.42,-187.44,-227.98,44.143,-10.634,55.994,0,0
0,0,0,0,-17.504,30.219,-73.94,-109.73,-19.433,-30.711,-257.25,-221.3,-19.445,0,0
-17.25,-13.118,12.846,28.95,-16.891,223.5,177.6,-33.135,-110.6,264.66,21.028,240.69,230.89,-21.291,4.1495
19.25,2.9659,-14.642,-27.452,-64.069,304.95,163.82,-3.9961,53.778,-106.52,132.07,-15.048,-76.15,-1.2087,-1.067
-30,-21.271,-13.053,176.17,144.64,29.727,-254.06,579.48,388.24,162.89,-302.81,-208.17,-100.9,0,0
-2.75,-2.8056,2.6716,5.6848,-20.609,-14.7,130.91,127.33,-351.35,-58.095,370.08,122.72,-16.734,0,0
-2.5368,-14.432,-9.2356,18.598,-114.55,161.88,-230.22,94.048,-134.46,-182.6,-80.359,13.778,248.99,-165.25,-71.686
49.792,44.07,17.953,46.736,154.63,-177.91,-296.3,-336.13,-23.676,375.84,335.62,65.795,143.66,0,0
2.75,2.8056,-2.6716,-5.6848,2.6471,223.5,67.403,204.33,261.2,-150.98,105.19,-14.882,16.923,0,0
0,0,0,0,-14.342,87.043,221.84,364.93,-29.418,-286.83,-226.84,-252.16,-49.806,138.23,-34.369
-11,-5.0933,8.5556,-52.096,-50.538,3.5254,361.94,-248.96,-127.09,111.73,206.29,351.38,238.45,12.578,21.75
3.3307e-016,-6.6613e-016,-1.5543e-015,1.3323e-015,-15.327,-237.68,20.57,292.54,26.003,71.924,11.6,120.35,-7.9551,0,0
2.5,-4.1896,-7.701,28.133,-142.33,-90.24,-41.258,-89.695,423.89,346.09,-306.34,-157.65,18.683,0,0
0,0,0,0,-46.905,-99.941,-27.689,-206.91,22.271,-170.67,27.328,-2.5789,1.7333,0,0
-36.951,-27.203,-5.8062,-11.584,175.87,285.8,98.914,-216.28,-311.45,14.925,-184.46,-177.3,-48.206,0,0
-26.382,4.5287,-20.719,65.006,8.4509,-124.99,137.86,263,291.69,-124.64,-375.83,-182.12,-245.12,-11.24,5.558
-22.25,-14.948,17.55,-173.95,135.91,390.2,22.076,243.36,-177.55,-156.16,-139.11,-105.01,-36.817,0,0
2.5,-4.1896,-7.701,28.133,-208.58,23.334,-0.99311,-14.171,163.51,79.093,-29.828,-102.23,48.396,289.27,63
-12.75,5.0359,-1.5652,-39.469,209.62,35.979,-409.47,-250.72,-198.79,-182.41,269.78,63.416,36.162,0,0
24.292,10.143,-12.013,-10.924,121.17,-57.032,-171.38,-163.95,-138.48,-298.94,-263.85,-276.86,-233,11.051,-7.75
4.5,4.3612,-16.038,60.951,-67.572,44.322,143.2,-385.74,543.42,-129.34,244.3,-29.251,-10.437,0,0
-4.25,-1.1274,-0.68958,-35.97,223.62,70.713,359.52,344.72,368.19,225.8,-172.45,27.849,-16.868,0,0
0,0,0,0,27.276,-183.33,-80.855,-359.83,320.67,45.794,-187.59,-155.77,33.896,0,0
-0.95753,0.34063,17.16,-28.375,-122.42,-116.2,-55.415,181.53,63.357,-22.209,129.54,-15.188,-204.09,11.051,-7.75
-2.25,6.9199,5.2338,-22.104,145.55,24.068,-345.75,-247.7,105.75,9.8301,-5.3529,11.869,225.55,288.36,47
37.14,18.29,-13.732,-22.703,-283.03,-91.95,-1.4503,-5.7892,-1.5981,26.347,-56.178,182.83,44.993,0,0
-11.25,4.6699,-1.4851,-40.315,189.16,14.47,292.98,-70.119,-33.508,-92.374,-217,-56.461,228.56,0,0
0,0,0,0,-14.782,-185.19,-362.13,-174.25,308.14,129.67,150.3,-45.317,7.1537,0,0
0,0,0,0,9.629,-155.97,-256.62,-460.39,-124.03,-30.723,81.21,52.761,-18.797,0,0
-12.25,-6.6309,21.91,-29.053,126.96,-290.76,-176.65,-66.793,103.94,257,257,257,281.61,81.852,13.75
10.787,9.9417,-1.1851,-4.1842,-201.02,66.062,-380.02,288.98,-70.832,-362.53,-91.405,288.71,88.132,-11.24,5.558
-2.75,-2.8056,2.6716,5.6848,-23.954,9.3433,-44.399,148.76,246.25,-165.62,-269.51,-112.13,30.883,93.586,-5
13.82,5.5002,-36.817,46.691,283.28,-144.62,-235.78,35.82,-322.86,193.96,-52.119,-98.876,-13.957,0,0
0,0,0,0,-25.997,102.72,-66.751,308.56,401.54,347.65,-87.23,199.61,40.917,0,0
0,0,0,0,-9.2602,-27.048,131.02,542,-81.672,158.94,-182.74,-56.772,5.1417,0,0
-19.958,-31.351,4.0394,-9.3939,-224.18,-214.68,93.563,342.73,-97.554,-119.33,-29.74,-22.54,150.43,49.658,6.8995
-10,-3.4348,14.062,-10.115,-170.29,-301.5,-219.8,-294.86,-333.39,-56.234,-151.16,-131.63,-237.31,-1.2087,-1.067
16,-2.9575,-2.7925,-9.6636,-219.46,-7.1205,-33.014,-158.47,-192.89,-51.765,-112.25,34.018,222.83,209.51,3.25
6.0425,-0.38966,5.2321,-8.2881,39.613,113.28,323.04,317.43,191.55,-41.698,-279.42,-209.8,-66.731,0,0
0,0,0,0,-53.03,331.59,-230.08,219.9,430.85,208.16,33.064,-129.62,-12.231,0,0
16.792,12.88,11.792,-39.647,241.88,160.24,244.7,-115.4,-446.84,108.87,219.17,267.6,283.73,77.109,14.564
0,0,0,0,0.33558,68.862,-637.36,290.7,129.88,-268.99,-136.67,44.988,-11.634,0,0
-2.125,-8.2321,14.081,302.63,-44.865,-272.47,-169.56,1.7607,-471.33,-3.0643,170.22,120.58,-10.773,0,0
-3,-1.7697,34.231,-160.23,-271.63,-228.57,-244.63,163.39,-95.155,-291.88,25.785,80.512,23.539,0,0
-24.25,-32.396,27.545,-132.35,-190.09,164.68,-120.39,26.769,-343.53,26.125,266.56,-205.56,-102.23,13.497,6.3571
8.5,-0.72853,-6.9063,-186.02,-54.052,7.3487,-114.08,-276.28,-16.218,138.15,3.222,20.095,7.155,19.472,-5
0,0,0,0,-24.035,-268.69,-280.55,162.48,30.997,487.01,126.82,-200.05,-73.447,0,0
-3.7075,1.2933,0.93301,-10.785,106.07,-104.65,-55.272,-88.509,-129.62,24.423,48.393,66.279,-13.223,-2.2913,-0.6863
-15.5,0.61427,3.8678,-25.057,150.38,192.6,69.22,150.88,-319.14,-410.75,-86.856,32.721,-35.929,0,0
-0.36515,2.8301,-16.177,-7.1827,-8.809,-192.31,-155.18,-405.87,-261.25,-7.7034,-11.435,-26.975,-30.062,0,0
-53.488,-45.935,-12.409,187.21,-195.56,-285.37,-32.411,-74.943,281.91,-67.102,185.33,-158.19,7.445,0,0
0,0,0,0,26.563,-205.31,-167.06,-421.09,77.06,237.56,-289.18,-101.68,-2.1806,0,0
6.0425,-0.38966,5.2321,-8.2881,116.45,310.95,159.84,272.2,393.85,-440.46,-63.881,-43.572,-41.318,-122.89,20.628
-8.25,-4.3792,10.456,71.66,-75.069,-509.14,57.475,136.72,263.87,-83.891,-148.43,-8.1454,37.568,81.852,13.75
8.2925,-7.3095,-0.0017604,13.816,-39.253,-9.7509,-32.114,93.802,61.834,127.95,-351.85,-161.35,12.048,13.497,6.3571
6,14.487,29.682,-121.19,-171.68,265.67,393.37,114.76,212.92,-173.48,-45.544,4.1051,193.32,-11.24,5.558
24.75,11.497,-32.739,-49.035,165.74,209.21,-60.402,64.881,-140.31,-302.12,-190.6,-46.553,-260.83,-122.89,20.628
-2.75,-1.3367,13.752,-18.987,-250.44,-1.9789,-138.53,90.095,87.797,215.72,15.283,6.2745,16.955,0,0
-12.382,10.939,-24.829,-23.157,118.05,169.35,564.11,312.85,185.88,-84.154,-517.46,-301.26,-181.38,-21.291,4.1495
-8.75,-10.582,15.27,-67.126,49.509,-117.18,-44.2,165.36,-432.98,-187.46,141.51,-1.5876,98.044,181.89,-3.942
-12,8.6029,0.93477,-24.601,141.89,-75.144,-131.23,166.98,-151.69,-87.229,125.9,92.795,-16.348,0,0
28.042,3.4225,9.7535,3.6685,217.45,170.4,-165.06,-130.97,28.398,17.82,23.062,149.69,285.4,34.917,0.0065699
0,0,0,0,20.02,-137.19,-206.35,-466.52,-11.77,-135.5,266.97,213.49,83.958,0,0
19.25,0.47067,55.967,-63.212,157.75,-11.327,-163.31,37.887,116.56,-16.07,31.447,118.31,-166.95,0,0
22,4.9904,-23.209,-15.428,-292.56,-360.86,-434.53,86.178,-2.3232,4.2637,-69.522,394.71,-73.368,-26.747,17.75
11,-1.6436,0.17949,4.3074,-18.548,-299.86,165.94,252.38,158.95,112.25,17.289,12.061,260.93,0,0
15.561,17.193,-55.979,222.19,-65.873,-44.024,-83.586,219.73,157.16,7.6124,-18.819,-77.173,198.2,-14.91,-8
-4.25,-1.1274,-0.68958,-35.97,173.67,-66.676,55.693,211.49,-6.0387,294.42,270.13,13.465,-14.571,0,0
11.25,-0.68782,-15.975,31.623,61.166,-236.48,-85.377,-67.315,-37.637,328.85,-249.18,-155.62,172,87.048,11.975
5.5,21.257,7.0867,-35.356,159.07,133.73,32.738,127.9,84.154,-66.865,68.159,-121.32,104.13,0,0
6.75,-6.1699,-4.1931,-35.608,39.231,269.88,193.52,-326.79,-155.98,38.817,-27.326,-92.584,19.549,0,0
-13.25,-7.0687,5.299,-65.572,121.1,-223.1,-107.87,-193.04,-733.39,-143.3,17.221,-336.65,-270.98,-183.29,0.68301
-8.8818e-016,-1.3323e-015,2.2204e-016,5.3291e-015,37.712,-287.22,-8.2263,76.705,-189.18,-406.92,-181.69,-8.9848,-12.306,-167.24,5.3137
0,0,0,0,14.92,-161.84,-53.185,-89.769,182.54,91.272,-153.75,-151.14,-81.468,0,0
-8.5,-5.9282,-21.04,106.84,-79.228,-24.055,101.31,-267.96,257.87,-1.3871,120.15,-1.4877,-80.712,13.497,6.3571
20.184,5.4479,-11.885,17.323,-123.15,-104.55,77.565,99.511,225.65,2.758,-116.59,-148.15,17.483,-53.767,-8.4363
-4.5,5.8038,2.7224,-32.367,158.05,421.77,507.04,173.98,192.34,-45.895,-138.07,170.47,-13.123,0,0
-27.5,-7.3857,0.25962,-5.468,-122.13,-44.519,222.49,216.39,-148.42,-121.13,-167.03,-238,59.855,0,0
-11.25,4.6699,-1.4851,-40.315,207.72,-162.11,16.112,245.23,-185.59,-70.96,252.73,223.7,13.085,27.781,-11
11.25,-4.6699,1.4851,40.315,-186.91,-273.34,149.49,-327.36,-110.88,49.876,169.31,267.49,245.01,75.493,-8.75
-11.25,4.6699,-1.4851,-40.315,180.81,28.685,-144.39,-138.92,-92.182,-174.56,-329,-234.27,-9.8926,0,0
14.811,16.954,-13.752,-25.509,200.7,138.89,520.06,391.21,51.956,190.03,-6.9387,-130.58,20.468,0,0
-10.113,-8.7046,-17.44,-42.172,-16.547,346.74,-2.4857,2.0876,-391.69,-287.91,-396.58,-232.7,-252.88,-21.291,4.1495
-2.75,-1.3367,13.752,-18.987,-240.15,210.59,4.479,-503.2,56.471,77.995,-110.62,35.201,72.272,81.852,13.75
1.8382,2.0314,29.009,-151.24,-5.2214,242.9,190.99,68.553,-50.501,94.926,-121.49,-269.4,-288.52,-122.89,20.628
-4.701,-2.7913,-13.536,46.78,31.455,69.006,223.53,273.47,-79.142,-296.74,318.87,179.4,182.98,-130.85,17.75
2.5,-4.1896,-7.701,28.133,-140.27,181.79,269.48,99.338,-208.67,100.26,20.17,-66.113,-4.1998,0,0
8,-16.036,4.9181,82.046,-116.59,-131.15,-294.79,-426.36,-156.02,8.9257,246.52,-0.72733,-29.617,15.175,11.683
14.5,-16.835,-13.221,8.8822,-59.805,-129.13,-367.67,110.45,87.003,-221.31,-317.37,-76.641,259.11,49.658,6.8995
0,0,0,0,28.169,-206.85,-99.452,117.23,-64.376,214.81,-240.61,74.16,259.21,6,6
0,0,0,0,54.318,85.276,-26.714,-546.03,-335.41,72.938,69.459,113.17,-13.475,0,0
-1.75,-6.6208,-11.752,-2.4103,52.522,144.22,59.736,-243.61,259.77,532.42,549.67,324.06,111.88,0,0
12,-8.6029,-0.93477,24.601,-176.31,-74.092,-17.395,115.48,-10.83,-365.63,-333.43,-271.94,-292.41,-53.767,-8.4363
0,0,0,0,-37.772,-79.571,-217.46,-24.934,-267.44,-23.665,32.14,232.85,-22.318,0,0
-4.174,7.1564,-2.6642,-2.3295,15.902,-223.94,-81.632,124.79,-122.66,-83.943,226.48,238.75,96.356,-2.2913,-0.6863
0,0,0,0,1.6743,-52.898,-84.973,221.48,-53.869,-92.739,23.815,-0.01314,27.06,0,0
14.25,8.9527,-10.712,-18.977,-64.735,-123.81,52.985,201.97,229.04,208.33,138.42,77.233,20.825,0,0
11.25,-4.6699,1.4851,40.315,-216.08,-32.724,-45.549,269.62,163.38,-229.77,-254.64,-45.699,-258.54,-193.05,51.546
0,0,0,0,8.5575,15.164,-28.822,-12.595,200.48,203.27,-19.77,-6.4518,13.135,0,0
4.5425,-12.47,20.317,28.552,227.31,-282.14,78.039,463.85,145.28,31.916,42.372,-323.24,262.33,59.709,8.308
0,0,0,0,-28.822,136.79,-1.7926,370.16,151.61,295.67,-112.18,-300.52,3.2296,0,0
0,0,0,0,-29.243,155.11,65.79,-272.4,-160.19,-157.94,102.15,-226.01,10.801,0,0
-36.5,-38.677,80.457,119.91,96.621,-2.2433,159.38,227.23,57.506,453.33,138.22,39.554,-141.74,0,0
-0.75,5.567,-7,27.828,-179.24,126.75,-111.24,137.27,402.62,279.58,82.307,25.791,-21.271,0,0
-7.451,5.151,7.6432,-34.143,179.88,282.11,75.641,169.41,417.86,119.27,419.2,-155.49,25.616,0,0
-6.25,-1.4623,-11.995,-38.637,282.94,164.81,24.769,-164.04,-285.18,-427.39,-119.03,-224.26,-265,-2.2913,-0.6863
-14.75,2.0538,0.95929,-27.941,111.61,248.4,286.5,460.33,139.7,-222.67,-228.2,-204.37,-140.28,-99.644,8.924
12,-2.4803,-3.9054,16.866,-65.119,-31.839,76.965,54.032,96.307,228.1,-248.76,180.96,95.923,-190.21,-66.75
0,0,0,0,-23.609,-213.76,-106.03,160.95,20.178,224.57,3.5099,100.35,22.808,0,0
-2.25,-18.809,32.113,-14.642,38.457,-17.645,77.729,66.151,199.35,95.557,67.644,7.4973,-5.241,0,0
17.75,11.948,-24.837,35.612,161.71,-260.64,126.06,164.25,234.39,335.38,255.03,246.72,273.14,181.89,-3.942
-3,-1.7697,34.231,-160.23,-237.99,-155.71,-161.99,-97.024,-89.11,45.706,42.751,-93.164,-34.56,-51.946,23.378
-7.25,-1.997,22.395,131.4,5.7596,193.64,-260.94,-43.302,2.4462,157.12,-75.312,148.68,-44.201,-122.89,20.628
10.75,16.129,-0.52452,22.754,-130.81,70.718,273.69,179.97,84.619,-47.431,-74.503,-9.406,291.17,-45.724,-9.5
11.25,-4.6699,1.4851,40.315,-179.13,-373.07,-421.13,-410.93,-316.37,150.43,-181.34,-91.663,96.107,0,0
-19,-5.3253,8.317,48.882,84.114,-115.98,110.05,-155.65,-258.96,160.19,126.6,271.98,269.41,87.048,11.975
-16.25,7.4755,0.24519,-60.571,371.62,242.28,122.58,259.1,130.51,-75.992,-207.33,-300.44,-45.233,75.493,-8.75
-23.5,4.0048,-7.6112,-1.6829,-268.79,-110.71,-179.1,63.012,-204.75,-271,-231.66,15.322,-28.375,15.175,11.683
-5.5,-3.5442,8.2189,-15.801,144.13,123.49,-300.95,223.34,-35.723,241.38,135.49,-139.53,6.5114,0,0
7.8137,13.765,-33.6,23.627,-117.97,-128.44,33.735,-150.86,-224.75,-194.03,-319.11,3.1986,38.968,46.219,-22.75
0,0,0,0,18.578,-114.72,-169.29,-372.98,-78.372,-6.9652,-230.14,-47.556,13.721,0,0
-23,9.3515,238.41,229.62,282.76,104.67,-381.73,70.787,78.813,-92.429,-13.887,-50.519,-4.0772,0,0
-1.5,-22.17,-6.1997,64.153,-365.2,-32.478,121.17,-41.562,176.55,213.04,276.7,28.209,-90.387,-45.459,-14.436
0,0,0,0,8.1794,-424.51,88.78,55.123,209.24,236.52,55.174,-226.14,3.5042,0,0
6.3382,7.2162,-6.6683,8.1229,69.699,-260.82,409.14,-300.18,-282.65,-153.9,9.7821,-84.046,50.432,-116,14.5
-2.75,-2.8056,2.6716,5.6848,-38.473,20.872,203.42,64.039,37.366,-284.23,-63.781,34.398,-40.605,0,0
0,0,0,0,32.376,111.09,-52.934,-141.42,-24.71,92.467,54.277,107.21,-24.017,0,0
15.25,6.3678,-15.111,7.3367,-18.691,-18.105,-23.489,-151.25,160.14,47.039,346.04,-22.939,6.2165,0,0
0,0,0,0,-15.993,160.44,121.88,-274.84,15.166,-126.66,-268,-247.59,-242.39,0,0
0,0,0,0,20.106,168.63,-39.698,89.8,-24.647,-63.4,-462.86,-176.88,-14.843,0,0
-5.5,-5.5328,24.374,20.285,-213.98,92.339,204.11,289.31,-4.9728,-99.386,163.5,-320.39,-239.06,0,0
-8.8818e-016,0,-8.8818e-016,-5.3291e-015,-59.837,63.291,40.614,46.258,-79.85,-63.331,-98.279,-10.426,165.53,181.89,-3.942
-2.3774,-1.2733,-0.75777,-0.35048,-20.866,172.39,-144.4,-146.5,-297.5,-332.33,240.17,5.5087,-7.2476,0,0
1.0425,-1.4895,34.325,-52.17,92.797,104.09,-31.814,184.41,64.106,-5.563,91.855,8.4035,121.91,-14.91,-8
0,0,0,0,-7.1091,17.991,24.008,110.09,-269.63,-117.62,4.6181,-6.0706,-12.777,0,0
0,0,0,0,-20.462,137.34,-96.504,102.63,-208.91,73.794,162.46,103.34,3.8289,0,0
28.75,12.779,52.88,-187.43,138.7,42.304,0.84638,82.889,-178.84,61.943,-28.874,103.47,77.732,0,0
-4.25,-1.1274,-0.68958,-35.97,217.43,119.56,274.67,24.757,-46.216,78.752,13.37,-180.68,-123.77,0,0
-6.8816,13.153,-36.672,0.34136,107.64,96.846,-69.135,-353.99,198.86,73.964,-249.1,-302.01,-170.45,0,0
13.838,-5.3263,-9.1666,-21.784,-83.587,87.805,285.09,-19.232,-436.52,180.48,-69.087,-233.02,-10.853,0,0
-3,-4.1651,2.134,9.9724,-19.056,-160.22,-267.05,-63.758,133.27,-262.4,-344.22,-130.1,-15.119,0,0
1.5,0.96891,1.2518,-3.0407,-59.293,193.47,61.182,139.15,343.87,-16.994,-85.083,48.11,16.063,0,0
0,0,0,0,-4.762,-61.502,286.47,-11.422,93.28,91.354,208.78,16.554,-4.0165,-21.291,4.1495
0,0,0,0,63.173,-85.118,143.17,209.9,258.31,-161.22,256.29,70.639,14.808,0,0
-1.924,-4.9955,-1.0565,11.64,-86.146,193.82,-194.54,68.342,-57.349,152.21,109.14,7.3065,-55.751,-166.56,-2.567
0,0,0,0,7.3798,-15.692,185.9,69.92,-128.03,53.876,227.9,-5.37,-11.944,0,0
7.1373,10.354,23.678,277.62,110.51,-224.63,-153.9,169.66,-183.68,-29.168,-21.231,9.778,-18.843,0,0
13.338,7.7425,-25.876,34.096,64.454,14.35,11.906,-175.91,163.16,-206.54,91.399,65.058,-301.05,-99.644,8.924
6.75,11.904,-4.9282,13.83,-16.878,150.49,-68.456,105.5,431.14,-213.89,-32.067,20.625,-93.945,-21.291,4.1495
8.75,-4.951,8.0179,49.97,162.56,-58.805,30.735,158,82.442,312.83,-185.48,-215.66,1.0119,0,0
2.2204e-016,-1.1102e-015,4.4409e-016,-2.4425e-015,-18.77,111.38,91.786,-50.607,33.652,-316.27,-106.29,-258.47,-109.15,99.951,6.6708
2.75,2.8056,-2.6716,-5.6848,-30.192,77.08,-55.296,325.52,-253.51,-153.43,259.3,-32.137,-245.01,-244.61,-87
3.5637,2.2138,-18.734,57.107,-77.502,-376.8,243.34,296.44,-359.6,-90.026,86.672,290.95,155.91,0,0
4,5.6178,-23.6,69.964,-97.325,-273.36,-36.336,-360.74,-115.95,142.84,250.47,75.478,18.857,0,0
-7.25,-0.94439,17.089,-151.05,26.859,-186.65,-6.3094,-217.2,139.61,141.55,264.52,266.31,104.55,-1.8182,-0.85048
-5.25,7.9869,0.52628,-3.997,-14.228,-77.99,385.35,-247.29,270.16,118.48,182.91,-160.13,-302.17,-101.39,6.75
-3.25,18.417,-11.696,3.3284,37.073,-212.5,-161.89,-101.12,-349.83,-123.67,167.69,196.43,126.76,25.808,-20.195
2.2204e-016,-1.1102e-015,4.4409e-016,-2.4425e-015,-17.483,-282.9,-352.47,199.18,247.37,2.3727,28.773,118.25,-71.855,0,0
2.75,-8.6112,22.139,15.213,-10.072,-139.23,191.06,258.68,-183.02,-554.62,-88.244,49.189,-64.751,0,0
-8.1127,5.4701,-2.419,-19.142,144.07,495.99,253.98,544.96,-179.21,-375.05,-257.26,115.4,-16.588,0,0
-17.75,-4.1734,13.087,12.182,226.69,13.939,271.92,-69.019,41.774,167.44,45.009,93.779,-12.534,0,0
0,0,0,0,-24.463,157.87,-149.07,-4.8875,-90.554,-372.83,-126.39,-97.52,-31.388,0,0
10.25,8.1471,28.762,-128.79,62.933,114.06,156.84,5.9151,59.655,121.32,89.004,9.0897,-25.071,-90.47,-12.25
0.75,-5.567,7,-27.828,114.8,166.05,407.36,234.27,-173.96,-57.679,-393.37,17.035,-55.602,0,0
-1.5,1.6782,-3.3612,-41.655,145.85,15.636,466,-141.93,1.4617,16.266,-274.5,-224.72,-272.41,-290.43,-65.643
2.0882,2.4644,8.5296,-9.9931,17.392,398.84,457.31,-239.89,-80.458,181.82,-151.51,-225,-221.4,-1.2087,-1.067
-0.75,-11.085,-3.0998,32.076,-143.73,-312.07,-30.967,-154.85,-164.17,33.581,92.242,-14.165,-14.29,-3.2288,76.671
-20.25,2.0652,8.6322,-0.36989,-61.556,-163.21,-229.18,93.782,-199.43,-211.87,-155.6,-52.271,196.18,-11.24,5.558
-11.25,-2.0736,-0.86603,-4.9462,-19.205,-62.138,-151.12,-194.4,-173.24,137.9,67.706,-44.625,-10.557,0,0
0,0,0,0,-24.307,157.6,-159.24,82.08,-383.18,309.83,36.481,-94.989,-1.7177,0,0
0,0,0,0,7.6385,-16.244,312.62,125.45,-28.569,-25.615,-138.01,-13.725,44.642,0,0
0,0,0,0,64.367,23.045,141.77,97.823,-40.08,-110.63,-208.68,-136.57,5.4958,0,0
-27.5,-7.3857,0.25962,-5.468,-68.787,-139.3,323.32,-310.6,-234.74,176.09,161.25,185.98,3.067,0,0
0.32596,-3.02,2.2001,25.116,-168.74,-282.81,-240.86,-53.017,21.417,-94.687,-106.49,98.62,5.1671,0,0
0,0,0,0,-4.593,45.957,-55.407,19.957,99.927,327.95,-110.83,-2.7272,11.468,0,0
-2.5,4.1896,7.701,-28.133,170.09,236.34,-230.46,-562.99,-428.77,-5.1861,325.03,-11.5,5.0772,0,0
0,0,0,0,13.66,-478.5,-297.72,269.18,-148,-57.782,209.94,29.877,168.8,0,0
-8.8818e-016,-3.3307e-016,-2.2204e-016,-1.3323e-015,1.7069,-359.54,-229.04,64.367,-65.827,-107.62,96.504,-17.526,55.356,0,0
4.4409e-016,-1.9984e-015,-8.8818e-016,3.7748e-015,-25.2,-48.783,-96.593,-209.56,318.26,393.86,294.02,37.876,176.43,83.118,-32.984
-3.5,-8.2272,12.056,-15.442,111.64,-179.58,216.8,33.846,-32.259,-213.84,-39.009,-65.888,-9.5801,0,0
-1.6151,3.3332,14.898,24.977,-225.27,129.56,-23.737,50.257,89.756,37.079,16.868,312.44,106.62,-4.885e-015,7.7716e-016
5.75,8.0885,-16.722,36.643,40.926,-161.94,309.16,219.89,-34.007,91.121,-57.953,-191.76,-240.64,0,0
3.3307e-016,-6.6613e-016,-1.5543e-015,1.3323e-015,118.04,-68.709,-225.69,-88.245,-208.66,175.73,-212.36,184.71,-6.3648,0,0
-3.75,7.8349,5.6603,-59.525,325.81,318.76,348.2,516,-30.453,-389.04,-133.59,-8.7942,8.5221,0,0
0,0,0,0,15.843,-65.957,-85.51,211.58,-172.23,-330.51,-269.97,-90.235,23.097,0,0
-1.1797,-1.4542,-1.4587,-1.5458,38.067,113.58,-172.5,-89.342,-8.3747,298.11,200.22,196.81,-14.963,0,0
0,0,0,0,53.905,-96.703,-354.01,269.6,-345.8,-11.483,38.809,39.818,-1.6561,0,0
-0.75,-11.085,-3.0998,32.076,-160.62,-150.74,-226,-170.42,-275.94,-466.37,86.849,293.95,29.414,0,0
-4.5,-7.5801,3.5801,10.844,162.9,274.86,-127.38,-88.739,-163.2,105.99,-166.83,-80.114,189.15,-73.24,-3.4363
0,0,0,0,2.9026,-39.861,-193.47,402.67,-140.41,135.98,-0.14819,-250,1.2429,-144.37,21.733
-4.7075,-4.349,23.185,1.0131,-38.947,94.053,-312.85,415.03,139.86,240.51,288.75,-50.543,-269.35,-53.767,-8.4363
-5.25,7.9869,0.52628,-3.997,-7.4299,186.78,143.02,8.6292,-76.951,-247.06,-169.52,-231.31,-283.79,-80.511,-16
20,2.247,-8.9103,-99.475,236.46,213.53,60.345,341.03,506.53,420.78,166.3,-45.585,-247.47,-4.4853e-014,-5.7732e-015
1.75,6.6208,11.752,2.4103,25.783,3.1754,41.884,-156.97,-394.27,-148.43,-152.46,-70.284,-7.6528,0,0
17.75,11.948,-24.837,35.612,10.277,87.721,53.093,-58.764,-181.11,-238.2,-272.2,-246.12,188.18,209.51,3.25
3.5,4.9886,-35.62,144.6,65.174,66.83,167.3,-133.31,-25.559,38.982,0.97982,158.14,273.15,122.08,-21.5
15.135,22.239,-12.278,149.08,-154.12,-214.57,230.27,370.69,-138.73,-141.94,-352.37,-52.974,128.61,-2.2913,-0.6863
-11,-22.662,36.312,21.74,266.55,300.26,-50.151,193.47,210.35,215.2,93.199,257.66,6.0454,0,0
-20.882,6.7673,-11.188,-66.469,36.446,112.83,407.14,114.72,-110.08,175.02,318,247.94,232.64,181.89,-3.942
-2.75,-2.8056,2.6716,5.6848,-19.151,-129.61,-191.28,-31.314,-27.742,-182.31,-254.81,-244.9,-42.298,-244.61,-87
0,0,0,0,2.2949,-22.765,-223.91,190.99,-46.827,282.65,450.09,178.05,-3.2512,0,0
24.25,7.5933,-0.70753,-36.024,-121.16,-29.58,-74.958,211.5,99.298,59.739,-4.0216,5.1953,1.971,0,0
11,-1.6436,0.17949,4.3074,-13.151,-220.71,510.85,95.105,240.58,24.393,-39.45,-242.8,-257.27,-210.57,-3.5245
2.5,-4.1896,-7.701,28.133,-187.52,-69.643,-243.52,290.27,427.33,163.43,-83.635,250.64,-188.89,-194.58,80
-41.5,-20.721,-0.62036,-88.794,56.893,-207.52,85.762,-217.54,-24.992,32.789,-10.961,-36.414,11.077,-14.91,-8
3.75,10.134,29.303,-146.4,-318.28,75.263,-13.443,-213.14,331.67,91.863,269.37,219.22,277.41,122.08,-21.5
0,0,0,0,-6.6232,-26.196,-118.91,-15.397,108.8,42.994,25.127,-159.51,-229.24,0,0
-1.9118,-5.0553,15.358,41.538,37.579,99.743,-42.783,-32.446,-61.264,-355.5,-323.93,-155.91,-24.481,0,0
-17.132,6.3457,-10.095,-38.152,-62.876,36.174,-209.26,-109.66,270.65,196.64,-95.025,147.98,243.07,0,0
-11.5,0.89535,-3.4133,26.293,55.021,169.74,420.91,-22.347,-209.22,-392.28,-50.475,-105.51,10.627,0,0
3.1349,8.3253,-0.28455,-152.62,34.52,-97.455,8.5811,388.25,684.98,429.52,-359.64,-454.14,-328.28,0,0
5.75,-0.37917,0.98862,34.267,-144.61,14.29,178.07,107.7,-223.88,66.733,-240.77,160.09,-113.49,-62.189,-11.186
-1.75,16.214,-11.529,11.445,-83.597,207.68,129.64,122.92,-279.37,-180.48,158.09,226.22,201.12,94.931,71.433
18.292,5.8783,32.657,-24.095,32.397,-67.488,-108.36,103.93,203.42,-160.52,-230.43,-260.48,-2.4808,-1.2087,-1.067
0,0,0,0,28.125,-233.8,286.8,-222.9,-122.72,78.447,-46.11,-160.46,13.083,0,0
19.75,-5.5718,-7.8905,2.9291,-152.75,98.282,-122.59,206.96,-260.29,428.43,230.13,33.595,-26.725,-194.34,8.433
5.75,-0.37917,0.98862,34.267,-151.69,-43.761,7.2389,129.81,211.16,264.21,137.72,80.401,39.381,0,0
14.75,4.4282,-13.311,143.11,-61.034,-252.58,-272.4,99.192,113.81,-445.67,325.43,-13.048,120.22,0,0
4.5736,-5.4318,7.6797,-14.72,-217.36,-183.13,-255.67,256.58,-24.059,228.03,-98.425,-197.77,-90.408,0,0
9.5,8.3319,-18.655,62.214,-94.876,-117.14,-64.491,217.7,96.26,135.43,39.19,23.457,285.41,209.51,3.25
11.042,-4.5039,-2.6734,8.1309,-5.7102,61.737,149.13,-114.4,156.32,55.474,194.3,-173.53,-100.92,-77.474,-29.527
-3.6618,-4.4327,10.987,-23.594,-77.383,76.168,231.04,-117.17,-37.18,-326.71,-344.97,-231.97,-41.183,0,0
3.3307e-016,-6.6613e-016,-1.5543e-015,1.3323e-015,-40.865,-105.22,-53.095,-80.769,269.01,-344.87,-195.16,-193.29,54.212,0,0
4.5,-5.8038,-2.7224,32.367,-102.84,66.102,90.388,158.66,19.405,123.07,-77.695,-234.79,149.48,49.658,6.8995
-11.25,-2.0736,-0.86603,-4.9462,39.761,122.14,-105.97,45.83,113.3,-39.888,-83.196,-17.042,-10.812,0,0
0,0,0,0,28.815,-157.02,-209.46,-313.82,-84.884,282.74,89.375,32.751,-13.573,0,0
-26.426,-29.303,-32.964,-9.0157,-330.28,71.491,403.42,85.934,257.57,152.3,-18.885,-14.263,77.127,0,0
2.5,-4.1896,-7.701,28.133,-116.65,39.89,160.8,-352.68,81.771,-128.49,199.75,261.85,-24.69,0,0
1.75,1.4103,-41.373,-105.05,43.49,-117.7,33.682,-181.46,2.4972,-211.1,220.87,-26.972,-13.508,0,0
3.3307e-016,-6.6613e-016,-1.5543e-015,3.1086e-015,16.476,-340.24,21.24,-66.237,-176.9,-269.83,181.88,271.21,243.78,27.781,-11
0,0,0,0,18.93,-182.46,-231.87,-178.98,-473.67,-254.85,4.0495,-211.44,-16.683,0,0
-2.5,4.1896,7.701,-28.133,145.97,-74.035,-24.685,-68.288,-101.27,-28.527,-43.947,271.39,215.08,-166.56,-2.567
17.75,11.948,-24.837,35.612,29.857,307.6,234.35,-33.753,-173.7,36.495,194.8,95.852,-31.541,-210.57,-3.5245
9.25,5.8319,-14.312,-23.989,359.61,-180.03,-213.39,207.76,-66.155,-284.4,42.067,92.13,-25.97,-0.1887,-2.192
-7.25,-20.958,-12.611,-27.793,-88.372,-68.26,-237.69,-48.73,-69.087,-189.12,-252.87,-86.47,161.23,209.51,3.25
-11.25,4.6699,-1.4851,-40.315,176.33,-75.551,65.669,335.42,44.165,-48.753,-69.489,-147.98,-229.01,-279.87,-60.75
-11.25,-42.01,39.13,-166.12,33.18,49.798,-223.59,-42.216,-102.14,9.2819,-154.76,93.548,175.06,87.048,11.975
20.5,-4.6615,-21.588,49.703,-394.81,-312,-281.74,-340.57,-91.486,-102.85,228.81,-8.6685,133.81,0,0
-36.25,-17.039,21.877,-181.81,-39.322,48.705,341.93,346.32,114.78,312.01,-5.8079,-326.86,98.24,0,0
-4.25,-1.1274,-0.68958,-35.97,174.13,3.4939,-505.08,-527.6,-4.997,2.0734,-122.87,129.63,67.25,0,0
18.25,28.657,7.2211,-170.77,127.97,-394.47,-285.9,-508.04,213.91,-35.999,34.095,203.59,25.827,0,0
-21.365,-1.5215,19.045,-4.1372,-23.955,44.314,136.87,315.92,-304.73,484.44,-74.304,-157.32,14.524,0,0
18.75,10.126,-42.832,39.339,16.934,-98.927,26.699,-401.64,16.27,3.9237,-83.357,-111.09,-111.97,0,0
-9.5,-12.771,20.66,-43.677,-111.52,-248.12,-261.6,-263.87,154.32,-78.508,-117.4,-174.88,19.67,101.01,-34.349
25.75,17.325,-67.093,89.753,361.3,-170.99,-88.934,6.9484,-140.93,160.29,246.62,106.94,69.683,0,0
0.25,-6.3349,-23.414,-203.21,-90.152,25.075,-184.3,17.798,466.07,81.369,-181.14,-73.669,-249.67,0,0
-25.75,-6.6178,-2.8888,28.44,64.966,9.0084,403.6,507.49,150.48,-83.67,-10.119,-59.8,-78.021,0,0
-1,4.8038,-2.0587,-40.867,395.2,-180.71,-342.84,-236.64,275.02,122.63,168.73,-273.83,176.88,59.709,8.308
3.25,-3.1962,-9.7614,52.371,-279.67,115.23,-197.93,620.51,428.94,-398.87,-347.5,216.43,40.747,87.048,11.975
1,6.43,-57.099,188.04,101.92,-280.34,-101.03,-260.72,-58.848,-157.17,-185.36,189.17,78.84,0,0
-8.8818e-016,-3.3307e-016,-2.2204e-016,-1.3323e-015,66.82,189.13,-136.65,-0.15295,75.78,111.91,-48.223,-167.28,-111.21,0,0
-9.25,-13.361,-15.803,125.98,158.12,179.04,450.24,-21.785,-430.96,-345.16,68.955,-252.9,-8.5389,0,0
0,0,0,0,-2.0995,79.744,49.058,270.92,-373.39,-322.58,373.19,-153.05,16.617,0,0
29,1.3157,-5.1016,-39.481,-4.7036,242.02,49.749,-100,85.028,-236.29,-9.5947,46.868,4.3693,0,0
11,-1.6436,0.17949,4.3074,13.814,221.96,-257.56,-170.08,75.098,-226.88,-375.4,-69.849,-90.933,0,0
20.088,10.169,-20.333,16.331,268.43,87.116,33.377,-43.496,-162.33,86.06,-101.68,-153.66,-242.75,0,0
-18.162,3.0266,-4.7678,184.26,-171.19,74.67,286.19,187.38,351.23,59.404,-97.745,26.557,-118.4,0,0
15.75,-0.87083,-0.56875,29.496,-168.89,343.45,30.353,138.89,118.67,85.5,-48.213,-323.18,-135.2,0,0
2.8382,5.3974,15.308,-126.73,-185.79,-1.0188,3.1974,55.326,-208.6,140.78,-19.788,-18.413,-321.73,-122.89,20.628
11.75,20.033,-18.468,178.45,18.604,-271.45,-167.59,-363.66,8.3281,80.735,-52.895,-158.47,-164.79,0,0
4.5425,-13.589,-19.101,-179.75,-73.133,-165.49,-193.03,-566.17,-275.6,10.703,-136.45,140.3,-28.519,-122.89,20.628
29.292,-0.92861,-22.26,71.116,-117.67,383.73,270.85,360.27,153.95,-327.19,-231.12,-85.337,-139.99,0,0
19.5,11.788,-8.1095,41.174,-188.88,-22.671,407.44,13.624,-344.13,-201.58,-448.63,206.14,9.4841,0,0
0,0,0,0,58.827,327.82,-222.83,-206.45,-112.31,25.494,-156.5,-245.99,-257.12,-75.493,-1.5
-20.958,-17.324,-2.1878,-34.405,-51.924,132.99,-41.773,-614.74,-240.82,-23.172,178.6,77.73,-191.09,-122.89,20.628
-20.5,-10.472,15.592,16.166,353.27,25.362,-84.662,-400.99,17.653,145.21,-70.998,71.41,-52.878,-81.598,-7.5245
1.1102e-016,2.2204e-016,7.5495e-015,-6.839e-014,-25.836,187.26,-273.1,82.147,330.8,408.75,98.925,-356.63,-159.44,-53.767,-8.4363
5.5,21.257,7.0867,-35.356,157.37,211.53,247.56,-223.11,-111.25,-124.68,-22.861,35.039,183.14,96.757,-17.445
-3.25,18.417,-11.696,3.3284,20.655,259.04,241,-53.123,-345.82,-137.25,-303.06,132.53,3.2198,-1.8182,-0.85048
-0.45753,-8.9961,23.758,-61.938,6.9146,283.41,172.99,-36.667,-67.644,39.216,9.85,-251.26,-249.94,-210.57,-3.5245
-4.25,-1.1274,-0.68958,-35.97,172.08,-439.84,-138.81,101.38,-260.51,372.77,128.54,130,76.872,0,0
-4.25,-1.1274,-0.68958,-35.97,168.49,3.2735,-214.56,-401.51,162.66,19.852,24.683,134.7,213.7,-7.4127,-7.7386
-32.5,-28.704,-9.7614,9.5939,-379.67,-93.027,-134.08,-229.09,303.42,151.51,71.391,117.31,194.4,-77.474,-29.527
-5.8603,-2.1409,-1.7141,-36.909,184.66,-141.79,-238.26,-434.28,-292.77,121.24,67.703,105.98,10.071,0,0
7.0425,-6.4273,16.482,-11.028,74.38,187.05,374.64,-147.67,173.81,-98.599,219.4,134.36,-177.39,-99.644,8.924
0.79247,7.5972,5.7583,-12.285,103.93,219.23,-177.53,-4.4256,53.058,-249.4,-282.41,-95.909,19.015,0,0
-2.1151,-1.451,-0.77716,19.922,-80.139,203.94,-117.17,-55.15,-26.633,183.37,-172.83,6.503,31.62,0,0
2.5,-4.1896,-7.701,28.133,-147.89,-15.426,46.689,-122.9,239.23,-43.083,44.982,-24.056,10.879,0,0
23,27.082,-13.724,4.7492,-197.96,11.538,-129.83,-8.3345,-193.45,68.185,-69.632,131.19,186.46,87.048,11.975
29.75,24.675,-28.629,3.451,-41.8,149,80.532,-405.35,177.73,211.29,311.95,637.9,-77.259,0,0
21.25,7.0328,-14.616,5.3928,-118.35,5.3128,-58.9,-136.94,-257.85,-150.8,-163.39,112.66,-105.4,0,0
-5.25,-42.958,11.355,-108.53,-353.96,-173.6,-136.47,93.217,-23.838,125.28,89.09,299.16,-26.005,0,0
-1.75,-6.6208,-11.752,-2.4103,20.576,62.934,-7.0519,79.464,-176.2,-112.74,-411.76,-351.92,-42.761,0,0
-1.5,-13.933,7.8284,27.021,214.33,139.41,152.78,163.21,168.75,199.77,-146.62,-27.977,-127.44,-139.62,-0.77452
4.25,1.1274,0.68958,35.97,-138.5,118.74,-369.79,-517.71,190.05,354.74,235.27,191.85,7.7386,0,0
-0.25,10.44,-17.289,2.7854,137.37,-56.026,-160,-67.2,295.64,199.44,288.6,225.47,262.45,207.7,-2.5915
-14.5,-20.855,1.4917,5.3726,9.1893,-18.509,-176.84,-47.269,180.53,-106.29,21.529,264.54,222.87,0,0
7.5,16.642,-29.654,-37.512,-137.97,-104.57,-41.462,-366.38,-309.68,254.5,82.11,-22.525,-8.2367,-147.16,1.7566
-14.701,-14.925,-37.672,-28.751,143.52,477.26,180.28,57.042,-37.741,-47.492,-98.337,-199.3,-303.7,-122.89,20.628
-16.75,-7.6064,23.508,15.339,-173.01,-52.475,-131.81,-192.97,-99.373,-141.31,-91.266,141.67,229.79,0,0
-16.75,-8.9772,15.145,53.048,-91.326,296.61,418.64,116.63,49.305,197.01,94.645,-30.56,-214.83,-0.1887,-2.192
-25.25,-14.788,-47.614,-55.784,-179.05,-80.674,-14.204,32.031,-161.4,121.49,-135.46,-77.652,182.33,0,0
16.186,5.0876,-9.0377,47.028,-284.09,177.15,217.15,-76.971,-98.173,36.401,52.479,90.799,3.2913,-0.1887,-2.192
11.25,2.0736,0.86603,4.9462,-19.369,52.58,-173.6,361.55,169.79,52.403,-10.022,-18.061,-28.267,-21.291,4.1495
-27.25,-11.758,2.8415,45.996,81.863,-37.926,57.09,242.2,432.25,76.051,-81.51,-229.85,34.22,0,0
2,-7.8056,-8.7566,27.081,-109.11,54.485,-116.97,-82.992,-130.72,-14.444,143.39,42.345,10.491,181.89,-3.942
-30,-14.564,5.5131,51.681,123,-235.19,-146.31,-32.235,-66.149,-284.68,-368.09,14.423,19.592,-139.62,-0.77452
1.5,0.96891,1.2518,-3.0407,-20.663,-130.91,292.94,295.13,-77.264,-369.69,-228.83,-41.732,-4.3522,0,0
0,0,0,0,94.153,-216.35,50.052,72.376,-191.26,347.36,-267.63,-92.249,10.967,0,0
0,0,0,0,-4.2237,22.332,27.275,38.126,50.403,-241.63,-155.32,-1.625,23.416,0,0
2.75,13.031,-12.377,118.51,148.28,-423.7,-273.86,-250.16,138.7,190.95,107.6,261.03,259.95,0,0
9.5,13.423,3.2768,-139.93,8.2834,283.61,70.337,-188.56,-414.91,-117.59,-161.34,-247.05,-94.892,0,0
0,0,0,0,-49.05,59.649,0.080455,523.35,54.023,-37.651,-205.84,48.599,30.131,0,0
-16.75,1.8397,5.6375,48.085,-28.718,-78.637,-443.56,60.118,24.867,30.107,-28.013,3.4781,95.345,0,0
-25.25,-24.868,1.5933,-63.565,-57.847,215.41,666.9,527.03,91.372,-70.972,-146.07,54.385,262,0,0
-2.5,4.1896,7.701,-28.133,252.81,57.896,-288.57,-329.82,101.81,575.53,154.99,-261.95,21.376,0,0
-24.25,-17.747,17.605,-21.475,-176.88,-92.418,-286.29,-103.61,-174.59,8.0341,136.99,102.24,30.791,0,0
28.042,-0.34063,42.091,-190.65,-71.104,239.54,538.68,656.7,-402.74,-174,-36.305,-117.91,-262.33,0,0
-8.8818e-016,-1.3323e-015,2.2204e-016,5.3291e-015,-17.452,-275.54,-88.34,-10.349,-251.58,-254.39,203.87,231.33,-120.33,-29.022,10.671
8,5.0442,-12.903,122.51,163.86,489.42,52.249,-214.1,-248.27,8.347,24.254,-47.085,92.551,-19.472,5
-8.5,-1.6633,-18.441,-9.608,-231.13,-288.86,-255.11,-51.462,-217.88,-414.21,30.679,169.72,247.65,0,0
-4.25,-9.3104,26.203,-171.7,-60.25,-135.73,-177.35,-95.45,412.91,185.41,-62.891,80.811,63.629,0,0
10,-1.5066,-48.958,137.87,-117.23,-109.42,20.869,-15.73,252.84,35.398,253.6,-221.79,20.068,0,0
-27.5,-7.3857,0.25962,-5.468,-128.64,-115.1,49.492,34.192,32.223,237.46,-178.81,52.224,-5.2485,0,0
2.75,2.8056,-2.6716,-5.6848,-3.6055,-150.5,-448.86,-197.22,-120.6,-32.75,22.601,-78.497,-28.738,0,0
0,0,0,0,-37.374,-64.626,9.674,54.673,163.71,210.4,91.934,-8.6179,-20.434,0,0
-27,-5.7111,-13.408,-54.928,-161.21,-314.7,-50.109,184.28,-444.5,-237.76,9.5279,136.51,66.794,0,0
2.75,15.866,14.76,223.71,23.772,465.69,147.76,11.713,14.216,-125.89,28.417,-172.64,-50.334,0,0
-0.86274,-24.264,166.67,-139.5,-268.41,234.21,-37.696,-319.53,95.789,-39.435,339.77,188.64,39.804,0,0
3.1184,41.097,-34.819,104.28,96.434,230.53,-163.25,129.63,-72.775,-20.661,-258.83,-277.13,-245.9,-21.291,4.1495
0,0,0,0,-40.571,270.42,404.29,459.66,17.959,-303.05,113.9,64.6,19.288,0,0
-5.1127,-5.6752,1.1935,11.344,63.92,-106.93,-238.62,206.49,346.04,56.644,284.56,-13.507,-4.8902,0,0
0,0,0,0,48.757,140.32,-226.2,-80.708,-439.17,59.35,206.64,-64.881,-0.024519,0,0
0,0,0,0,36.599,461.39,-51.292,333.43,269.84,219.94,-35.53,-183.98,-3.3502,0,0
1.6373,-12.693,1.919,12.3,-104.44,-171.69,130.61,43.884,176.07,292.11,258.13,-23.402,-54.098,0,0
-26.365,-8.4856,22.483,56.819,-78.879,141.37,-21.17,-169,309.6,-21.477,291.71,346.4,3.0326,0,0
15.647,22.974,-16.823,-1.5315,258.68,231.25,35.108,-28.129,37.134,94.97,-97.061,71.007,-41.698,0,0
-1.4264,-0.70633,-1.0882,-0.98654,-8.3571,101.09,-349.23,-127.05,63.47,-63.325,435.75,14.184,98.202,0,0
3.6373,-12.309,-8.4667,2.9149,114.75,-286.58,-316.29,-86.73,104.75,53.681,112.91,26.346,16.799,0,0
14.75,-2.0538,-0.95929,27.941,-156.79,-49.122,-199.76,-17.303,-186.11,-137.26,-82.664,-249.17,-0.1262,0,0
-2.5,4.1896,7.701,-28.133,139.53,-250.66,191.97,164.83,-49.527,-58.701,-65.048,200.62,252.48,0,0
-44.677,-3.5236,32.043,-77.052,-61.385,-184.77,2.9544,20.256,394.37,239.37,173.36,286.69,-152.63,0,0
11.25,2.0736,0.86603,4.9462,-58.396,-504.56,-12.43,-236.45,-18.39,2.8612,9.3676,191.7,21.76,0,0
-13.365,-15.814,11.793,4.1426,-0.32596,-45.97,-77.208,-200.44,-52.008,84.785,113.57,23.127,-3.9175,0,0
12.75,2.2027,-12.252,48.109,60.008,-192.59,-315.58,299.69,325.52,281.46,-158.79,14.007,1.3776,145.28,-6.442
-26,-0.65544,11.624,-66.724,79.121,120.71,-374.5,-87.508,19.397,126.78,66.523,-231.22,-98.012,-139.62,-0.77452
1,-5.1585,-8.9527,31.174,-52.535,-372.42,80.485,218,321.44,-84.684,-86.157,1.5109,-172.94,-87.662,-2.75
-12.75,-23.807,0.70096,38.383,-140.21,-371.17,228.74,-168.83,-100.41,166.34,194.09,-63.352,-35.156,49.658,6.8995
-14.25,17.114,4.4707,26.781,310.97,-402.49,-160.96,223.11,-508.2,124.13,222.81,-142.78,-319.72,-103.42,15.628
3.3307e-016,-6.6613e-016,-1.5543e-015,3.1086e-015,24.328,-126.14,-82.708,-281.01,68.468,-151.28,11.678,14.111,-34.939,184.73,73.25
-19.75,-13.142,17.279,63.021,-165.12,184.1,219.76,146.86,215.8,-102.71,13.596,-30.722,14.247,-147.16,1.7566
35.799,10.894,-16.999,152.81,-188.11,208.71,129.3,227.56,1.5582,-78.979,-464.65,-17.064,-1.2189,0,0
2.25,3.1585,-4.1388,-26.489,92.99,241.15,293.51,54.84,387.47,238.07,85.034,-196.76,-88.11,-219.48,-62.893
12,-8.6029,-0.93477,24.601,-222.61,-18.308,89.541,26.527,-134.62,-178.41,-50.664,-12.824,11.161,241.12,85.921
9.75,2.0997e-012,-59.154,73.16,-35.33,-80.453,-220.1,83.731,-139.36,-267.7,125.42,29.184,-15.833,0,0
-4.8651,-4.2566,1.8945,25.607,-78.005,-179.67,300.26,-202.76,-529.76,80.272,-196.74,-260.34,-102.83,0,0
-1,-2.1274,-9.1537,2.1244,-75.183,80.891,171.15,201.23,-94.471,-214.14,-9.9199,-1.303,-40.202,-210.57,-3.5245
6.25,5.4216,27.783,-121.86,-108.19,-165.05,-20.046,-27.816,36.107,141.22,-30.305,-98.303,-16.842,-21.291,4.1495
-11.5,-1.8888,-26.99,-25.71,-58.561,55.585,-277.42,-325.25,227.26,-14.509,-187.63,-83.349,194.15,-21.291,4.1495
-5.5,-7.7482,-36.262,132.5,115.93,-133.63,140.78,-346.04,54.951,-227.02,191.54,104.17,123.17,0,0
-18,-2.9593,5.2811,43.788,23.918,-73.688,-161.53,-199.45,-172.87,163.15,19.842,43.576,47.663,0,0
0.33822,9.587,23.009,-154.86,-36.184,24.109,146.99,60.359,173.37,-168.98,-46.339,159.79,214.45,-53.767,-8.4363
0,0,0,0,-35.327,105.27,-403.8,160.01,71.427,74.088,31.762,71.407,54.578,0,0
2,6.5801,-1.479,69.895,-4.0698,-255.67,5.8889,-105.1,260.73,-67.839,4.3481,-9.5933,11.469,-1.8182,-0.85048
-28.5,-22.959,-4.8056,0.29564,-209.16,-111.58,-134.48,48.72,-109.97,-136.93,-333.13,-158.76,187.89,49.658,6.8995
-6.4118,-10.501,-20.41,-216.6,350.48,29.984,107.29,-162.56,290.99,3.73,-104.46,69.115,-287.4,-122.89,20.628
-4.25,-9.5849,-12.075,15.819,173.94,-197.83,332.54,325.5,-343.43,-123.54,97.325,28.436,-44.518,-122.89,20.628
18.25,4.4234,-0.11779,-41.452,-162.85,-209.94,-420.3,-373.58,-332.3,-163.35,-75.229,61.061,201.3,-7.4127,-7.7386
-18,-2.9593,5.2811,43.788,72.771,-156.52,341.05,44.47,189.85,-80.868,19.334,-38.253,-40.813,-122.89,20.628
-8.5,5.4462,-31.419,103.49,99.518,-205.16,-151.22,-299.71,-186.36,-246.61,-243.9,48.813,44.745,87.048,11.975
-12,7.6454,4.0394,-39.996,149.11,-285.01,-336.52,128.88,-23.158,-151.69,118.19,-16.142,15.729,13.497,6.3571
-11.5,-1.8888,-26.99,-25.71,-63.019,81.949,169.67,209.37,57.449,211.32,118.5,20.932,189.15,87.048,11.975
9.25,13.361,15.803,-125.98,-151.72,-67.086,-115.16,-271.76,-205.91,66.733,25.936,286.04,189.18,87.048,11.975
-10.951,-4.0066,7.8475,22.162,227.89,53.384,153.05,-353.11,-596.08,-282.2,-319.95,105.05,39.629,0,0
-30.5,2.6011,35.243,-81.238,99.144,19.343,-244.92,-286.82,-300.2,-108.19,160.01,61.69,-31.541,25.808,-20.195
12.75,16.118,-22.72,119.99,-91.141,28.452,278.3,-20.974,234.42,-172.21,-231.68,-253.32,-280.48,-53.767,-8.4363
34,30.525,-157.73,-238.5,-253.32,-89.971,-285.43,16.896,69.299,-261.78,-225.92,-3.5,-1.1863,0,0
-17.75,-27.435,-10.933,34.675,200.53,-461.82,-37.67,468,312.15,-61.7,-247.28,-154.37,53.031,0,0
10.75,0.18477,11.463,-57.008,329.37,-161.89,-433.45,-111.43,-50.369,195.72,39.566,73.409,254.13,122.08,-21.5
-15,14.614,7.6244,-15.141,239.87,105.74,-257.86,143.37,294.53,94.575,8.0461,521.07,68.279,48.837,-24.936
-12.75,3.4623,6.9479,-40.509,189.19,-189.73,-487.04,124.26,239.51,-96.909,-142.8,-60.674,7.9216,0,0
8.25,11.446,-15.571,147.01,258.65,338.56,94.868,254.69,581.22,47.519,259.22,93.205,19.941,-1.8182,-0.85048
-9.75,8.6764,4.1489,18.22,51.55,-227.27,-58.988,-238.35,17.661,134.48,149.94,-31.742,191.96,181.89,-3.942
-32.75,0.60113,0.7859,-9.4649,-56.323,-22.326,-60.499,-117.56,-70.677,-82.831,183.44,251.49,276.29,59.709,8.308
0,0,0,0,4.6887,-18.667,93.945,-52.651,25.46,53.145,158.28,-21.44,-0.84808,2,2
-15.75,0.87083,0.56875,-29.496,111.17,-346.29,-304.06,-408.42,-106.72,213.24,327.84,-6.8457,24.423,207.7,-2.5915
5.75,-0.37917,0.98862,34.267,-144.75,42.394,139.02,315.15,197.18,214.67,280.04,44.967,-247.54,-210.57,-3.5245
3.5,4.9886,-35.62,144.6,-18.26,-113.63,140.13,-47.523,-73.057,-170.53,43.374,252.9,-36.361,-122.89,20.628
-22.5,-5.3008,3.8218,-5.9172,-141.93,-261.76,59.637,95.785,14.048,-29.839,44.681,255.97,86.452,-210.57,-3.5245
-0.20753,5.3424,-1.2369,-44.102,-67.25,140.26,192.65,224.34,130.37,-201.7,40.913,-22.405,-280.22,-122.89,20.628
4.75,18.616,-11.023,-41.176,-4.431,326.45,-14.753,-297.69,-328.29,155.24,111.92,-246.02,7.6545,145.28,-6.442
15.25,-1.0293,-12.937,-7.3861,-80.402,205.84,208.86,-18.458,-167.85,-159.06,-6.6567,-34.078,-276.25,-122.89,20.628
-12.5,7.3612,-16.033,-4.0327,-277.3,-61.808,154.61,-293.52,-46.365,182.48,-41.362,-217.05,-111.75,0,0
0,0,0,0,-58.689,58.087,326.82,-116.34,-17.828,200.73,-189.59,-267.05,-262.36,0,0
-0.75,-11.085,-3.0998,32.076,-194.35,-284.38,-260.17,-483.07,-123.9,81.502,-202.63,-23.364,-20.413,0,0
-3.5,-8.2272,12.056,-15.442,136.71,219.31,3.819,-385.9,-164.83,-406.28,105.64,51.978,100.23,0,0
0,0,0,0,4.0237,227.78,113.79,-172.21,161.36,243.04,139.78,-37.287,23.232,0,0
0.5,9.8397,-3.897,-233.51,-377.81,-410.25,-388.07,87.323,51.715,273.77,-78.154,-19.506,223,0,0
7.5,6.0753,-21.234,66.732,-87.634,-251.77,-472.31,214.9,172.51,137.7,330.79,205,-27.348,0,0
14,17.941,0.5867,-62.733,133.92,-135.47,-174.01,-367.2,224.92,-242.76,190.64,246.5,-24.825,0,0
-11,-1.1896,-7.7321,62.351,-15.612,-397.3,-52.666,-6.6727,164.64,330.42,308.55,234.13,266.54,87.048,11.975
2.75,-2.4396,-6.3236,35.957,-187.69,-503.59,-186.14,113.38,-172.76,-281.72,-256.87,-281.35,91.463,81.852,13.75
-12.75,-2.4821,-2.1651,7.4755,14.029,-73.014,-20.873,245.76,55.1,163.23,198.35,43.213,329.04,-76.556,-57.234
-12.75,-13.051,9.0179,-5.7614,46.718,115.11,-227.3,207.8,518.52,-219.04,178.72,257.02,320.01,87.048,11.975
-7.75,7.7548,-5.3611,-250.68,-257.08,-233.58,-253.3,-61.955,383.39,285.22,168.96,323.69,91.83,0,0
-10.25,-7.5801,8.4264,33.741,64.355,434.34,153.86,124.29,-179.12,-262.36,-243.54,-258.98,-260.85,-14.91,-8
-22.162,-12.247,38.7,-133.06,-176.09,-157.34,248.64,-240.3,-222.14,-101.52,107.76,-168.67,-69.783,0,0
12.838,11.368,-7.995,-8.2242,-186.27,-271.28,-65.113,281.47,103.09,-76.379,146.64,-228.19,92.484,-26.747,17.75
-3,26.353,-3.6314,195.79,103.09,-192.95,-87.109,251.53,258.04,280.84,50.767,-268.18,-29.871,122.08,-21.5
5,6.6029,9.1651,38.499,-160.09,-222.98,-99.95,-97.462,250.33,-328.61,-262.28,147.98,34.642,-53.767,-8.4363
9.75,8.0753,-17.838,53.918,155.94,16.341,174.81,166.56,-131.81,287.15,20.081,-36.625,99.645,-183.29,0.68301
20.75,41.378,-185.82,166.85,251.49,-169.23,71.409,-122.33,-270.05,36.057,78.41,-172.36,-93.875,0,0
-3.25,1,8.4641,-38.094,213.11,-94.207,-151.2,-210.07,-119.13,-178.6,29.992,112.03,-141.43,0,0
19.75,2.7828,26.195,115.08,-132.15,-166.96,-89.88,-4.2478,-195.51,-164.56,-190.49,-271.33,-251.62,0,0
-5.9297,-10.833,-46.108,-49.069,183.15,48.979,-279.9,-290.91,-63.175,-205.29,101.96,72.794,7.6328,0,0
13.75,-0.024519,42.949,48.749,-208.89,-136.09,-6.7237,-74.551,-139.44,-73.008,314.09,-63.022,4.9171,0,0
-21.5,-15.997,7.3284,-3.8537,-56.741,-217.02,-180.38,275.46,80.64,220.05,167.74,452.45,-11.539,0,0
8,-5.1813,-3.1979,-1.6878,44.933,-185.62,-145.34,-207.5,122.34,-302.08,-106.45,189.89,51.02,0,0
-4.25,-1.1274,-0.68958,-35.97,162.27,-103.77,-25.807,-62.205,68.109,-224.62,311.27,0.092945,-12.785,0,0
-43.089,-16.582,-10.445,-68.302,252.28,-23.561,-76.097,-18.144,-34.334,-279.11,98.121,80.273,99.892,0,0
14.25,8.9527,-10.712,-18.977,20.216,-46.558,-88.492,224.01,46.577,-72.589,171.62,-45.723,-75.525,0,0
10,3.4348,-14.062,10.115,253.52,-110.03,284.49,68.682,84.088,-6.7023,59.202,-60.51,10.808,0,0
0,0,0,0,-24.42,-248.24,-20.801,149.29,37.788,278.54,-241.17,23.348,-3.8786,0,0
-14,-4.8008,20.837,9.6542,-133.86,-182.16,-16.02,-130.24,-226.42,-246.48,-88.797,-235.6,-15.516,181.89,-3.942
3.3307e-016,-6.6613e-016,-1.5543e-015,1.3323e-015,7.7007,67.701,-272.17,106.77,-151.22,-245.44,-580.39,-280.19,-86.727,0,0
24.292,10.143,-12.013,-10.924,137.25,-23.224,15.207,-18.426,-227.76,-32.627,142.38,-183.59,-280.42,-85.258,-13.829
-28.5,-22.959,-4.8056,0.29564,-263.61,165.48,-119.04,-141.43,30.326,306.69,162.48,-233.93,-155.09,-103.42,15.628
9.5,-14.152,-7.7566,-14.948,-191.73,-338.05,-77.826,-29.542,147.24,-29.898,15.058,21.558,23.867,48.837,-24.936
-22,4.9199,11.962,-117.18,-163.85,-187.67,-69.105,102.48,370.71,272.51,98.661,364.97,65.406,0,0
-4.7712,2.305,1.5975,-9.7825,-146.38,122.7,-66.183,-188.92,-382.69,-239.66,-269.47,-223.91,-7.7663,-123.39,11.183
-9.701,12.279,-19.37,-100.78,60.691,98.387,238.94,56.12,-60.427,-13.245,-18.632,0.080599,-130.31,0,0
12.25,11.368,-12.325,73.922,-78.396,72.74,-74.878,84.331,-58.243,137.12,190.82,237.5,107.22,-1.8182,-0.85048
12,-8.6029,-0.93477,24.601,-156.13,-181.31,-110.24,-203.86,157.26,-101.3,14.726,51.922,38.855,0,0
13.25,22.178,23.437,-155.4,-199.42,-26.536,22.637,10.008,24.875,-133.59,153.51,39.385,-168.08,-21.291,4.1495
-1,-2.1274,-9.1537,2.1244,-7.6064,-12.932,-202.7,-215.63,161.1,168.03,91.375,-103.43,-24.782,0,0
-35,-34.979,27.877,-136.48,36.631,-62.602,-146.23,-196.66,70.145,156.42,251.86,76.324,-23.555,0,0
8,-7.4904,34.053,-14.52,4.6439,-5.6088,-76.97,45.031,-15.969,-189.37,119.95,-2.7688,9.8558,-51.946,23.378
2.25,4.2763,-21.41,31.532,-207.84,153.19,9.0957,431.81,-4.7548,206.72,165.98,97.867,-28.809,-210.57,-3.5245
2.0882,2.4644,8.5296,-9.9931,12.987,-58.742,-105.32,-0.19834,-175.68,65.797,6.6551,131.48,253.37,188.22,7.3995
20.088,10.169,-20.333,16.331,224.79,294.26,-21.216,298.01,-106.54,-254.72,-33.221,-32.121,5.1741,107.87,-23.329
2.75,2.8056,-2.6716,-5.6848,-11.003,-13.964,64.841,-7.8539,-128.01,-19.639,-226.94,252.5,-175.27,-20.293,9.6071
5.5425,-8.6462,13.75,-5.1715,-208.54,-265.15,-301.17,-68.691,-36.437,99.045,276.59,110.75,-202.61,-62.189,-11.186
0,0,0,0,-38.952,302.33,212.58,-251.58,-28.638,-225.66,-19.971,-25.485,-231.8,0,0
0.32596,-3.02,2.2001,25.116,-84.622,-118.39,-65.416,-38.421,-152.98,184.28,223.69,285.7,240.04,241.12,85.921
13.338,7.7425,-25.876,34.096,13.782,85.783,25.562,-208.18,-308.63,176.33,-77.415,9.6268,-23.428,-85.258,-13.829
8.2925,-7.3095,-0.0017604,13.816,-1.4947,51.981,-160.42,24.391,353.9,-138.93,2.7823,-10.413,-6.9712,-139.62,-0.77452
8.75,-4.951,8.0179,49.97,125.38,206.28,-8.1931,397.15,62.786,-184.53,-263.15,-127.47,7.1136,-0.1887,-2.192
2.0882,2.4644,8.5296,-9.9931,77.127,319.57,-298.08,-54.163,102.91,-133.69,1.3966,17.705,15.029,34.917,0.0065699
-24.75,-15.002,-1.1782,-8.1667,-205.74,275.11,127.4,36.33,-197.01,-116.59,139.31,1.3971,14.958,0,0
-1.25,7.951,-0.63878,-31.192,139.28,-149.16,-255.04,-257.43,-23.493,283.29,345.98,222.93,237.9,96.774,-11
3.5,14.765,-24.489,-2.2615,282.36,86.163,279.61,143.32,-430.03,84.004,-149.58,-266.8,-77.548,5.4462,5.5
7.3382,23.765,18.849,-126.49,251.53,256.32,-204.26,111.98,170.69,3.6874,-301.51,-5.1275,269.07,122.08,-21.5
30.75,2.8367,17.698,-158.89,-263.04,-293.81,-339.02,237.16,-283.12,291.04,-105.9,-248.89,249.43,19.472,-5
17.75,4.1734,-13.087,-12.182,-211.26,248.08,28.176,-167.29,-218.02,249.4,239.14,219.1,5.9313,32.807,5.25
-15.5,-9.0933,-19.966,195.62,-133.25,26.739,-219.22,318.96,-54.57,-55.493,-9.2683,-24.604,49.506,122.08,-21.5
2.75,2.8056,-2.6716,-5.6848,55.087,-418.65,-10.928,-199.32,52.547,82.192,-3.1117,136.39,-0.26554,0,0
0,0,0,0,-24.241,110.22,167.53,-45.486,150.81,49.438,-178.98,-245.85,6.625,0,0
0,0,0,0,-19.768,-287.31,-310.56,-283.29,-115.39,81.285,249.7,1.0293,15.27,0,0
16.5,9.7828,-13.6,17.415,42.546,-162.67,-12.764,-298.72,235.16,-119.8,21.589,11.134,12.77,0,0
12.25,6.6309,-21.91,29.053,-156.02,-265.47,-491.78,81.876,-216.18,-111.94,184.12,57.582,65.295,0,0
0,0,0,0,-10.711,389.03,218.23,204.87,377.15,-227.59,-99.35,-41.151,31.43,0,0
0,0,0,0,-78.527,-106.95,481.05,354.45,148.1,-100.01,-530.88,-115,28.835,0,0
-21,-2.747,15.896,40.281,-182.57,32.258,-246.07,-116.18,-169.65,-96.973,167.3,424.91,201.48,49.658,6.8995
-13.75,-12.167,9.0981,-6.9067,-15.405,-53.279,-66.313,-367.16,20.906,-71.173,30.522,26.708,64.263,0,0
2.75,2.8056,-2.6716,-5.6848,20.379,-282.6,-88.884,-25.637,-19.167,46.312,128.48,214.16,94.008,0,0
-7.5,-18.631,10.667,20.796,-196.49,-59.968,-44.05,147.09,-223.49,167.02,-59.298,22.321,83.435,0,0
-14,-17.941,-0.5867,62.733,-182.41,-217.42,138.5,-401.35,0.70929,-198.15,-176.52,94.762,99.722,0,0
-21.5,-13.507,50.193,-24.316,-182.15,-322.18,-245.63,63.477,-69.943,213.78,246.86,-32.778,128.15,0,0
17.25,13.539,18.925,96.816,31.116,-229.26,-257.91,-135.4,291.81,-333.08,-45.547,208.35,157.79,0,0
0,0,0,0,24.975,-179.54,197.68,-171.41,-351.83,69.854,14.544,17.632,-10.228,0,0
-4.5,5.8038,2.7224,-32.367,155.83,-370.75,23.308,51.451,250.32,166.78,237.17,235.16,214.06,11.051,-7.75
-11.967,5.2667,-39.825,-45.049,261.77,278.36,-89.734,124.33,-100.44,-490.09,-237.17,-263.66,247.17,0,0
-12,8.6029,0.93477,-24.601,206.63,-217.27,-145.3,-331.04,-117.78,74.559,-21.285,-210.22,324.25,-76.556,-57.234
-5.8603,-2.1409,-1.7141,-36.909,119.04,-3.2074,0.77845,-51.099,-381.26,-265.51,-16.002,120.73,-114.56,19.472,-5
16.25,16.43,-205.96,66.544,-40.352,130.07,-272.7,-131.9,-65.046,-444.17,-24.641,261.82,84.089,0,0
-11.25,-2.0736,-0.86603,-4.9462,16.162,-5.0529,-1.2899,-113.62,-86.579,-14.669,152.58,-0.90192,5.067,-2.6423e-014,-3.5527e-015
-5.5,-6.4133,-39.646,119.55,-207.7,21.642,-63.717,-295.82,119.38,56.528,266.47,82.164,-193.74,-2.2913,-0.6863
-1.1102e-015,-7.7716e-016,-2.2204e-016,-2.5535e-015,-12.332,-195.23,-315.4,49.548,-160.65,200.18,245.9,274,128.09,209.51,3.25
20.292,-5.303,-0.035898,-45.556,-69.558,-217.94,88.928,-67.727,-22.127,-143.97,32.78,-272.08,-282.48,-122.89,20.628
-35,-34.979,27.877,-136.48,-31.807,123.36,-242.93,-448.43,150.22,-246.98,-246.58,105.07,0.80385,0,0
26.5,-20.533,135.37,-13.526,12.764,230.95,326.29,-2.2441,62.483,40.641,-413.45,-45.506,-47.029,0,0
-10.75,3.0407,11.364,-232.93,28.29,34.151,145.65,-135,-509.6,74.446,199.85,85.55,9.7096,0,0
23.25,6.3187,20.589,-150.6,17.584,290.7,228.58,-198.84,202.72,-96.871,-240.83,-248.86,-101.3,19.472,-5
3,9.7075,8.616,0.17339,-46.941,188.43,116,-89.936,346.64,219,399.75,258.31,287.83,122.08,-21.5
-12,8.6029,0.93477,-24.601,192.19,-387.1,-9.0477,-237.12,-23.298,15.498,238.33,-15.561,10.442,0,0
5,6.6029,9.1651,38.499,-185.46,304.99,226.43,211.21,132.75,465.45,344.72,-124.88,-79.274,-2.2913,-0.6863
17.75,4.1734,-13.087,-12.182,-295.34,93.377,67.26,172.64,88.361,286.54,96.397,-204.39,-83.295,-1.2087,-1.067
-1,-1.9264,24.496,31.109,-52.853,-38.087,-128.33,-34.912,70.35,146.89,42.339,93.641,-17.036,0,0
-14.25,-8.9527,10.712,18.977,5.1471,-13.596,-409.51,126.82,390.74,19.369,217.78,153.67,200.66,11.051,-7.75
23.25,6.3187,20.589,-150.6,41.277,57.61,-231.76,266.18,292.29,163.25,-71.675,-226.8,177.8,49.658,6.8995
2,2.3056,-1.1226,43.906,36.456,-258.41,-188.63,3.0324,-79.635,90.163,-228.29,6.0333,233.98,49.658,6.8995
20.75,-0.61603,22.164,-128.69,-174.33,166.38,-234.26,241.34,279.97,463.76,133.69,-213.25,-292.65,-122.89,20.628
0,0,0,0,-14.844,-60.755,-225.22,-52.056,-25.157,149.53,-65.319,-52.859,11.522,0,0
0,0,0,0,-35.134,-363.05,-334.56,-81.159,-183.41,110.42,-59.108,-130.14,-2.1519,0,0
12,-2.4803,-3.9054,16.866,-12.992,27.849,-226.3,-508.59,-318.73,-60.942,125.04,-6.645,0.77452,0,0
6.5882,-5.8526,8.1994,1.8539,462.76,236.06,39.914,-146.02,-78.069,-47.805,-65.771,61.013,-0.91659,0,0
0,0,0,0,20.747,291.84,-150.02,-300.53,-125.38,-43.227,263.78,-100.39,8.4462,0,0
-4.5,10.176,-4.8643,-27.445,177.59,-221.92,-33.344,-310.29,-539.86,-164.3,223.83,14.183,5.616,0,0
-3,-4.1651,2.134,9.9724,-55.134,184.11,-54.31,197.67,467.43,19.509,101.41,66.091,-69.05,0,0
-0.36515,0.8774,1.0123,12.594,-77.615,268.46,-138.74,-79.417,5.0687,206.23,-75.432,-130.18,-41.323,0,0
0,0,0,0,16.135,-223.97,-2.0272,74.045,-215.56,-370.24,-60.079,-32.385,17.281,0,0
0,0,0,0,-5.1474,-21.147,212.19,652,429.74,-188.53,14.065,-18.769,-1.8962,0,0
16.635,-4.567,9.465,14.28,90.499,105.4,-272.69,-77.074,276.31,-418.44,-90.858,-154.87,5.8861,0,0
-6.8651,-5.451,-9.4829,-4.7838,-28.834,91.541,-79.233,133.73,430.38,70.717,13.188,-0.63726,-19.579,0,0
0,0,0,0,15.479,274.55,148.08,284.43,165.8,144.68,-34.301,-173.01,-37.967,0,0
-1.75,-5.317,-8.3905,-7.8367,39.998,-66.32,188.09,-97.935,85.83,32.979,58.093,-254.3,-84.85,0,0
0,0,0,0,29.832,-106.26,-43.354,232.87,-183.21,247.91,199.4,-293.52,142.91,-21.291,4.1495
-22.632,2.8014,-1.8759,-53.954,55.143,188.89,-173.31,-42.887,16.156,-55.166,-86.557,-289.37,97.752,0,0
-20.75,-27.858,46.887,-151.17,245.5,191.62,46.189,-83.657,50.989,240.84,253.95,-15.212,160.01,87.048,11.975
-20.75,-27.858,46.887,-151.17,209.29,133.96,288.4,107.67,235.03,-153.23,30.872,38.552,-17.313,-1.8182,-0.85048
-2.25,21.99,-20.325,10.721,-29.631,157.86,-386.6,-66.359,-266.47,-16.359,442.68,-29.121,-81.72,0,0
11.25,-0.68782,-15.975,31.623,99.015,-103.58,77.508,-13.532,-92.489,-242.97,209.28,413.21,258.31,-21.291,4.1495
16.25,16.812,26.751,-193.97,-266.46,-80.223,-191.62,-94.964,208.21,58.491,-357.54,-74.53,229.28,-21.291,4.1495
-7.5,-6.6112,39.204,70.279,26.063,-169.65,-303.59,-16.363,-3.58,-85.123,261.84,-87.463,-14.651,0,0
7.25,0.94439,-17.089,151.05,-35.474,-227.85,-232.05,1.8598,-22.835,-66.369,-31.161,-4.7365,0.28126,49.658,6.8995
-12.75,-23.807,0.70096,38.383,-169.96,-297.9,-43.333,-72.048,93.041,44.985,-30.046,261.61,266.25,49.658,6.8995
-1.1102e-015,-7.7716e-016,-2.2204e-016,-2.5535e-015,-0.45096,-6.7614,-0.9072,-5.1886,-44.784,-107.67,106.57,36.203,292.32,81.852,13.75
27.5,7.3857,-0.25962,5.468,81.968,39.943,125.36,6.6912,234.89,9.497,-4.9063,-154.85,19.763,25.093,-12
-13.615,-21.131,24.53,70.232,-68.104,-93.182,-196.09,-15.442,89.895,-280.71,243.02,145.51,59.946,0,0
-25.75,3.8954,14.321,-132.11,-13.747,-227.29,182.33,122.56,-467.89,-129.62,-87.269,-177.26,-36.774,-90.47,-12.25
-19,-11.325,-33.671,-237.3,254.15,62.054,22.698,-5.3708,6.7702,-167.91,160.7,27.907,170.04,-90.47,-12.25
-34.5,-12.281,-0.11379,-127.55,6.8481,1.0359,37.768,290.38,24.898,72.241,96.493,-4.8236,48.672,84.883,15.25
31.75,39.124,24.154,-119.99,72.395,-84.687,171.17,275.48,70.092,161.39,96.215,-8.4544,146.42,0,0
17.5,19.201,15.575,15.912,-120.31,-153.9,-479.39,-199.54,36.973,-163.76,-257.94,-43.157,17.618,122.08,-21.5
5,6.6029,9.1651,38.499,-123.72,-81.872,65.786,130.28,152.66,-174.91,-263.68,-58.541,204.58,-12.935,-11.75
12,-7.6454,-4.0394,39.996,-117.96,-275.31,-32.692,252.87,-329.87,300.71,336.98,92.863,237.66,96.757,-17.445
3.5,16.732,-26.04,171.31,-118.38,53.915,136.43,450.06,140.63,62.035,-194.07,-254.54,-247.4,-2.2913,-0.6863
3.5,4.9886,-35.62,144.6,64.352,159.63,103.46,445.07,-245.77,5.3085,-104.62,-224.75,-13.421,-53.767,-8.4363
-28.75,-4.9413,-17.937,190.67,66.712,95.617,-249.84,-547.76,-59.815,-6.205,-86.595,152.93,-13.285,-51.946,23.378
6.0425,-0.38966,5.2321,-8.2881,122.42,-172.72,18.745,337.2,308.72,-35.11,232.2,66.853,-251.19,-24.099,-77
-29,-18.379,-8.9103,43.586,62.59,-60.097,25.11,-226.48,-205.3,190.9,105.79,-40.138,-21.549,-147.16,1.7566
-0.75,3.8612,-36.31,108.63,150.37,-117.91,-261.7,-98.57,-46.617,164.66,8.7161,202.65,50.625,-53.767,-8.4363
-11.5,-1.8888,-26.99,-25.71,-7.3651,-316.22,-238.09,77.314,-110.45,-49.367,-106.72,-38.387,-139.89,-53.767,-8.4363
11,15.588,-53.597,157.47,238.33,285.1,130.8,350.38,118.85,13.783,-31.992,-7.372,59.367,122.08,-21.5
-10.75,-22.515,39.622,-148.04,-5.5483,246.08,272.1,279.65,548.66,172.51,-224.79,-258.81,-260.56,0,0
-6.75,-24.904,-15.182,133.5,-285.94,-51.01,-189.36,604.21,311.51,147.62,-12.764,-34.47,-214.26,0,0
9,9.0604,12.633,-55.951,-230.47,-413.22,-462.29,221.5,317.81,267.77,2.3465,-105.12,-7.9765,-199.52,-11.275
-30,-33.211,26.031,15.698,312.3,-82.835,154.57,228.07,-177.8,-241.87,137.59,250.23,43.518,25.808,-20.195
-9.5,-12.771,20.66,-43.677,-156.04,44.192,206.54,33.058,-97.565,198.81,129.79,80.654,112.96,0,0
-9.701,12.279,-19.37,-100.78,8.4764,32.575,98.899,140.52,-127.09,-8.1839,1.5888,9.3078,-179.86,0,0
-5.1274,-2.61,12.994,-19.338,-204.92,-124.71,-165.05,-5.0977,182.24,550.16,40.783,45.721,-38.996,0,0
17.542,7.7167,-17.556,6.8415,-25.085,158.55,422.59,93.177,243.82,-47.49,-9.1944,-27.049,1.2369,0,0
12.75,3.0425,2.1178,1.9054,-2.961,368.11,213.23,193.35,301.57,-91.145,2.5497,-294.11,-90.924,-97.302,-75.143
16.75,8.9772,-15.145,-53.048,137.61,161.73,493.26,-172.3,-63.447,399.31,238.79,72.306,-266.42,-183.29,0.68301
-12,-14.075,-7.5644,177.23,121.47,213.35,-46.595,109.5,-147.18,-190.31,169.66,10.464,-79.494,48.837,-24.936
-7.5,-18.221,11.56,13.869,-134.55,-327.29,-277.73,-16.001,122.03,-136.85,40.646,304.5,257.38,-1.8182,-0.85048
6,3.317,2.0114,36.318,-179.7,44.724,71.73,29.652,248.25,235.75,24.795,24.31,-23.6,-244.61,-87
-30.75,-2.8367,-17.698,158.89,202.03,272.37,368.78,-109.1,-4.7003,432.78,229.03,236.98,250.92,122.08,-21.5
7.5,16.642,-29.654,-37.512,-113.93,-26.3,99.215,-224.9,179.84,263.25,10.268,31.294,1.201,12.578,21.75
4.25,1.1274,0.68958,35.97,-188.49,225.5,-16.448,173.79,-144.36,-237.25,-251.14,-80.027,-46.146,184.96,71.5
16,-12.925,-8.7373,-16.009,-46.897,390.4,341.82,-18.397,-236.42,-468.88,26.738,31.924,-133.09,-183.29,0.68301
-1,1.3236,-4.1896,-28.197,137.15,-149.77,-138.77,-160.86,50.05,48.096,198.03,214.21,31.858,0,0
17.75,11.948,-24.837,35.612,79.519,-5.8668,-313.51,-175.72,-23.544,141.45,138.48,188.58,242.36,0,0
1.75,-0.50833,22.039,-17.78,-206.48,-117.54,-167.83,-512.2,-116.74,109.67,-321.12,160.37,250.72,-2.2913,-0.6863
15.5,28.182,-31.665,35.301,275.56,-134.95,-265.1,-633.49,-172.92,405.47,-10.288,-9.409,137.56,34.917,0.0065699
-13.5,-14.52,17.712,-8.8503,164.07,-149.4,-162.49,93.107,92.397,-58.373,-86.411,-255.58,-236.11,-183.29,0.68301
0.5,-0.82356,2.7434,12.846,17.832,52.444,344.12,89.251,259.86,48.501,-254.37,-231.91,-14.731,96.774,-11
1.25,1.8367,-3.9234,-2.6441,63.204,128.47,185.76,81.534,27.212,163.9,8.2605,-0.45736,172.23,253.26,19.25
2.25,-12.152,1.6077,13.969,-32.779,-209.32,199.9,-218.29,12.069,63.502,247.62,224.95,234.13,253.26,19.25
8.25,14.381,-37.943,27.887,-29.457,217.99,-254.25,-26.483,178.03,-165.93,-216.89,39.361,105.38,-183.29,0.68301
9.5,13.423,3.2768,-139.93,8.2809,184.02,-224.78,32.703,-6.8373,-34.825,89.344,222.51,-214.48,-53.767,-8.4363
-14.25,0.50481,0.64887,-30.342,164.49,-176.18,-35.894,19.768,-239.02,140.74,228.25,264.6,121.18,-178.8,-81
0,0,0,0,-11.657,41.807,-219.53,21.328,130.14,54.786,16.065,-2.7308,3.6618,0,0
7.75,-13.755,-13.01,11.103,-2.2048,-75.206,-146.38,399.11,-35.175,-7.7079,311.46,-89.947,-59.116,181.89,-3.942
-2.75,-13.81,9.2776,-2.5994,-41.174,-68.437,-21.559,340.11,615.24,-230.81,-85.766,152.91,-254.59,0,0
-3,-1.7697,34.231,-160.23,-289.24,-54.369,-200.64,-117.4,-391.65,-208.14,-119.19,347.02,244.4,49.658,6.8995
30,-8.2482,14.599,-126.81,-442.69,-253.55,-218.21,-84.579,244.33,-310.78,-67.02,264.85,288.88,122.08,-21.5
-5,2.6519,11.768,3.1699,32.54,-360.69,-133.66,-473.42,11.735,-314.9,104.84,229.81,259.96,49.658,6.8995
17.75,4.1734,-13.087,-12.182,-192.67,86.464,428.1,7.7068,-285.15,-22.418,-263.89,-94.03,-3.6716,12.578,21.75
-2.5,4.1896,7.701,-28.133,109.6,-132.63,-469.71,-684.77,257.27,140.86,236.61,205.73,244.74,289.27,63
17,18.338,-11.848,-53.432,163.38,294.61,255.39,167.7,61.925,69.047,209.8,90.703,-6.0484,15.175,11.683
-5.25,-20.712,-53.091,-48.077,-149.18,47.947,319.98,184.23,180.3,-135.27,-152.31,-260.2,-247.88,0,0
-28.25,-7.0263,-25.399,187.02,156,-98.665,88.176,58.248,-308.29,-323.61,-10.645,-10.484,55.932,122.08,-21.5
-19.865,-13.727,-1.3639,10.319,-260.94,331.59,-553.19,-149.94,-244.6,76.042,59.674,169.49,214.98,0,0
9.25,13.361,15.803,-125.98,-207.39,111.32,-87.65,-38.875,-117.29,273.46,40.664,-12.033,40.274,49.658,6.8995
16.5,5.0687,-18.391,70.257,-54.283,238.76,8.3829,-213.03,-131.89,-104.05,-224.94,-63.263,-43.211,-0.1887,-2.192
-4,18.727,-12.042,-71.666,-134.6,-67.337,98.067,51.756,356.2,200.65,64.664,-174.07,7.3502,0,0
-8.75,4.951,-8.0179,-49.97,-90.698,-390.34,317.6,323.61,134.18,-67,-285.44,-223.42,-248.82,136.27,-0.1863
-2,11.417,6.4042,-191.02,59.603,56.966,-281.34,-218.67,-172.55,334.27,222.33,70.678,9.5523,0,0
18,18.071,4.4287,-113.88,-229.8,271.87,489.3,125.92,-372.76,37.699,143.56,-23.376,-35.654,-51.946,23.378
40.5,20.552,161.49,36.885,-17.011,4.9708,-13.1,1.9065,-253.88,-647.65,-187.22,34.584,-96.799,0,0
-13.958,8.2425,-14.566,144.23,-190.78,201.43,122.96,216.54,308.92,668.42,107.52,-337.61,-82.787,0,0
-34.75,-13.796,14.402,-34.661,-318.05,-44.844,-458.16,-522.04,142.3,-59.944,-72.93,10.183,1.5825,0,0
-18.5,-8.8433,-0.92468,-17.537,77.312,7.0578,22.896,76.902,75.723,422.62,-215.22,10.945,-61.631,0,0
-11.25,12.379,-7.9348,4.4151,-35.815,-66.183,407.1,398.17,450.45,287.33,263.86,-18.633,-266.25,-2.2913,-0.6863
-9.9575,-1.264,29.525,-53.405,44.094,578.9,188.81,307.05,-121.63,-71.434,-223.87,-44.078,-48.428,0,0
-18,-7.4952,22.783,-56.421,206.42,-93.714,-244.41,36.785,23.531,-4.2359,-7.6774,-338.89,-116.94,0,0
1.5,-30.007,-8.3647,39.941,43.517,-119.64,432.53,169.5,-165.43,-185.53,152.51,-69.356,-3.0736,0,0
5.25,6.296,18.424,148.54,-313.95,-1.312,256.64,-451.03,77.755,-187.95,-263.51,-267.62,-95.932,0,0
2.75,2.8056,-2.6716,-5.6848,41.779,-34.693,-312.44,333.98,101.42,204.22,241.15,7.1752,15.596,0,0
-1.1102e-015,-7.7716e-016,-2.2204e-016,-2.5535e-015,2.2126,378.36,-198.36,-159.89,-107.5,-122.46,303.97,-97.443,-13.714,0,0
-3.5,-4.9886,35.62,-144.6,-5.8748,202.04,-318.57,-295.41,155.78,-36.971,76.672,-96.895,-1.297,0,0
-16.5,-9.5149,0.61603,77.015,-64.011,-71.623,-231.24,-395.83,-638.64,-156.72,111.84,-108.94,-12.074,0,0
-22.75,-4.2518,40.586,-146.11,-171.94,126.04,-192.46,101.17,-155.44,-108.49,128.38,-84.994,-71.212,0,0
2.5,-1.1519,-12.031,1.6471,12.208,-153.13,-20.644,-84.442,-349.55,5.5243,104.47,212.79,13.536,0,0
-2.75,-1.3367,13.752,-18.987,-242.69,-245.21,-237.7,-241.78,155.24,18.946,-239.21,20.558,8.0242,0,0
-14.25,-4.5622,13.373,-46.084,14.054,-93.301,-545.07,-45.922,-313.53,-174.04,98.015,232.21,199.62,0,0
10.5,0.010091,-33.662,26.643,-193.69,-125.08,-52.538,-123.15,-127.3,-252.56,-16.983,56.477,-185.4,-54.052,-15.525
0,0,0,0,15.25,-135.68,-34.94,-17.234,15.174,-293.52,199.96,-9.2751,13.728,0,0
0,0,0,0,6.8385,-396.92,-210.81,-282.95,-248.19,-13.266,136.94,3.8514,10.188,0,0
18,6.0998,4.817,-75.752,149.2,-93.519,13.417,-130.12,-87.839,-312.66,62.731,278.23,241.57,0,0
-2.5,7.5394,-10.577,32.731,256.83,-187.48,-472.61,139.55,-70.013,-131.17,106.15,13.679,-50.868,-251.6,-1.201
-16.75,-7.6064,23.508,15.339,-158.57,-258.76,80.925,96.011,-210.95,-169.4,277.63,-42.876,-4.2811,0,0
-5.25,7.9869,0.52628,-3.997,-40.012,-267.12,-220.89,-178.79,-43.545,25.313,3.0316,-52.293,-29.69,0,0
-0.75,-13.556,8.3104,17.619,263.05,95.171,94.564,-121.95,99.825,217.37,-262.61,210.65,-88.679,-21.291,4.1495
8.25,11.446,-15.571,147.01,268.51,-189.52,9.4362,18.874,21.825,94.385,-185,-224.46,233.09,-51.946,23.378
-3.1086e-015,-2.4425e-015,4.4409e-016,1.7764e-015,33.337,-163.45,148.38,303.39,459.45,-120.41,-224.21,225.16,10.183,0,0
-4.25,-1.1274,-0.68958,-35.97,173.52,42.51,129.81,88.297,-23.45,332.7,-167.08,-249.57,-68.854,-122.89,20.628
-4.25,-1.1274,-0.68958,-35.97,146.38,108.97,-146.37,-315.77,57.534,40.898,397.34,301.16,101.48,0,0
3.3307e-016,-6.6613e-016,-1.5543e-015,1.3323e-015,-2.4779,-22.953,-213.23,-328.15,-193.81,-70.867,271.57,285.67,-103.79,-232.78,-10.76
-17.75,-4.1734,13.087,12.182,263.09,-289.53,-192.56,-105.64,-47.877,-208.73,126.04,218.56,270.75,181.89,-3.942
6.5,7.9689,5.549,-22.43,97.992,-147.18,-289.39,291.46,-42.751,235.59,232.83,257.72,98.419,12.578,21.75
-11,1.6436,-0.17949,-4.3074,53.389,136.75,-96.552,211.15,-115.73,-118.53,-65.329,-185.21,-280.44,-37.819,-3.567
-0.5,7.0915,-25.063,90.279,-51.295,-165,-51.537,69.631,153.61,145.54,-74.738,-255.03,-233.58,13.497,6.3571
9.25,1.2452,-8.6716,33.563,30.828,21.44,-107.99,-262.26,-15.173,113.98,236.67,222.88,275.69,181.89,-3.942
-12,2.4803,3.9054,-16.866,73.009,-161.43,-182.14,-111.71,329.31,73.252,-7.1974,-12.205,-5.6624,-3.2288,76.671
-24.75,-4.5801,-2.412,-11.153,10.213,-49.121,-91.816,-109.21,55.617,450.22,313.42,-7.2679,16.924,181.89,-3.942
-15.674,-13.187,18.829,-28.838,-81.517,-544.97,-264.99,103.12,-102.66,288.17,129.55,128.02,5.9598,49.658,6.8995
-2.3651,-12.402,1.9304,-9.4064,45.194,233.17,-212.87,-204.06,28.94,358.79,154.78,4.8227,-10.128,-21.291,4.1495
4.25,1.1274,0.68958,35.97,-76.082,-245.22,-130.92,-356.15,-404.1,-164.69,75.439,-4.6426,-14.044,-77.474,-29.527
-8.8818e-016,-3.3307e-016,-2.2204e-016,-1.3323e-015,5.9491,-65.067,338.08,396.54,206.75,-373.17,-162.05,-190.8,-257.05,-183.29,0.68301
23,7.1471,-1.0889,79.999,3.4316,259.61,9.4918,154.05,72.494,41.092,-257.45,-239.95,-246.35,-2.2913,-0.6863
-18.75,13.918,4.1244,13.117,-14.109,-364.33,-302.42,-152.97,-246.43,-139.73,196.23,-22.966,-17.407,-51.946,23.378
-15.75,-9.5556,13.533,-156.12,-29.068,16.306,-367.06,168.06,-252.47,-257.58,194.6,249.95,271.9,122.08,-21.5
3.5,4.9886,-35.62,144.6,-4.2505,184.01,366.04,315.12,277.93,-23.164,-210.42,245.24,245.32,49.658,6.8995
-18,-11.258,14.922,-9.3367,13.827,-265.52,-126.58,326.99,-169.99,63.324,226.28,251.01,262.94,122.08,-21.5
-0.75,9.7141,24.705,-181.52,-44.963,297.61,499.56,266.54,53.176,-213.59,-252.25,-268.03,-75.697,-1.8182,-0.85048
10.5,-0.11603,6.2566,28.395,-89.574,-318.03,-264.16,173.19,37.201,256.83,79.319,25.665,3.1716,1.2631,-10.75
0,0,0,0,14.604,-161.4,31.054,-306.08,42.925,-65.35,-219.29,260.25,233.39,-6,-6
7.25,11.606,-21.234,-17.002,94.24,217.75,9.0573,17.863,484.02,-194.5,-158.05,-198.04,-280.57,-122.89,20.628
16.042,-7.7964,-0.63573,29.299,284.07,343.71,-143.36,161.79,171.14,18.731,-58.201,87.11,-130.32,0,0
-3.6127,-10.461,-10.507,10.641,-8.2381,-46.578,-99.142,3.7792,10.05,-147.19,132.16,103,-240.63,0,0
18.373,18.263,31.221,-6.241,48.464,-71.099,-147.49,-22.151,-194.12,-249.96,243.09,-24.113,126.71,0,0
-21.115,-3.9168,2.8389,-19.411,-354.47,-110.13,-47.437,11.056,-189.79,-141.35,-509.45,42.69,-178.4,-210.57,-3.5245
8.5,27.175,-45.633,88.088,-75.155,-148.67,141.73,330.93,-182.46,151.61,-36.275,-68.424,-71.838,-122.89,20.628
3.75,-3.049,17.368,243.56,-55.92,-94.097,6.8606,-42.163,86.587,-212.99,-190.7,191.44,90.058,0,0
-8.25,7.5897,12.961,-13.298,42.48,-25.772,150.3,151.72,87.435,-156.58,63.763,248.84,283.76,49.658,6.8995
0,0,0,0,-0.58318,-52.963,-364.77,95.406,-41.07,145.74,-57.282,-60.727,10.312,0,0
2.5,-8.6375,66.857,-161.24,-10.762,-400.29,-240.33,521.99,261.19,-65.538,-71.23,5.2981,-37.427,-51.946,23.378
7,-5.8857,4.4707,11.466,19.251,297.74,-438.25,-209.57,-9.933,-58.715,-59.678,33.865,214.96,0,0
-5.25,7.9869,0.52628,-3.997,46.375,-177.16,-372.6,-33.633,176.91,170.13,-64.825,-27.073,150.8,-2.2913,-0.6863
4.25,3.7745,-1.4199,-8.7255,57.233,-81.882,549.2,100.68,-49.225,-64.693,-193.04,-67.542,-170.33,-290.43,-65.643
-21.363,-15.579,-31.328,170.17,230.05,-199.56,-259.32,-47.14,90.594,91.15,276.85,-301.18,8.581,0,0
-15.75,0.87083,0.56875,-29.496,180.05,-406.97,34.952,47.905,-29.786,192.35,-53.145,-220.81,199.45,181.89,-3.942
-13.5,-6.9593,13.623,-11.981,-174.51,87.757,207.95,78.452,57.166,3.7041,-201.98,-3.9363,9.5293,15.175,11.683
-1.1102e-015,-7.7716e-016,-2.2204e-016,-2.5535e-015,41.543,88.653,6.9091,-86.389,-160.51,382.88,166.35,256.23,257.98,209.51,3.25
-16,2.9575,2.7925,9.6636,193.08,126.49,151.62,168.72,8.6483,305.99,-214.02,-235.38,-254.52,162.32,-7
-6.75,-4.3367,11.886,24.913,233.43,-136.36,-125.46,-84.114,241.91,57.581,102.13,0.67949,35.214,209.51,3.25
0,0,0,0,11.88,-105.64,-186.52,-201.68,-128.31,-102.17,-33.96,-246.68,-212.17,0,0
2.75,2.8056,-2.6716,-5.6848,40.396,-112.16,18.844,205.36,8.9831,237.05,193.15,257.81,257.08,-2.2913,-0.6863
-0.75,-11.085,-3.0998,32.076,-149.48,-153.5,-232.14,-380.69,-50.714,34.409,259.14,-11.75,21.495,-2.2913,-0.6863
-8.8818e-016,-3.3307e-016,-2.2204e-016,-1.3323e-015,-4.5652,-71.95,-355.36,-245.62,-16.468,40.966,22.837,1.1143,13.281,12.578,21.75
6.0425,-0.38966,5.2321,-8.2881,194.77,-204.21,-438.1,-37.553,-101.83,-12.875,-10.698,171.21,211.71,-2.2913,-0.6863
-16.75,-7.6064,23.508,15.339,-130.25,206.92,142.76,75.56,-262.82,-114.09,119.54,-177.13,-268.46,-210.57,-3.5245
-2.75,-2.8056,2.6716,5.6848,-124.92,226.6,-140.9,-294.63,-217.5,151.27,221.55,237.3,13.277,0,0
2.2204e-016,-1.7764e-015,-1.1102e-015,2.6645e-015,41.635,-168.13,-103.43,-115.16,-104.47,-531.72,-106.59,46.394,-14.443,-244.61,-87
0,0,0,0,17.466,-125.66,-59.054,-202.54,-76.486,-161.46,-278.81,-72.422,4.5221,0,0
-4.25,-1.1274,-0.68958,-35.97,199.31,99.46,-18.748,-204.74,-170.45,234.28,477.12,47.248,-127.74,19.472,-5
-25.814,-22.007,24.087,-134.61,39.017,-297.6,-138.39,109.26,55.946,73.913,192.87,228.65,249.41,-21.291,4.1495
19.186,29.324,13.989,-8.7216,-23.235,-169.7,-33.594,57.625,248.09,37.832,5.5538,43.474,257.48,49.658,6.8995
-0.75,-11.085,-3.0998,32.076,-243.63,91.852,71.72,148.52,17.636,2.6577,-186.27,-240.35,-282.98,-86.956,30.475
4.75,7.3498,-30.093,63.817,-94.123,-266.83,-239.33,-11.152,-260.43,147.63,-279.18,167.33,134.06,0,0
-5.4264,-29.816,-19.713,33.936,-142.2,-205.92,101,231.31,48.102,469.53,241.82,8.7443,-3.2198,0,0
-3.6127,-4.7063,2.4453,8.3029,-66.859,139.33,-179.78,-15.475,-298.22,10.606,-136.92,-58.085,93.058,0,0
-3,-1.7697,34.231,-160.23,-316.28,-307.56,-149.37,163.69,-191.21,-321.27,130.23,-30.906,201.53,75.313,10.201
20.25,49.405,70.497,151.81,78.536,-22.267,-246.97,-502.21,60.622,49.847,53.244,175.93,45.014,0,0
-27.5,-7.3857,0.25962,-5.468,-100.02,132.93,77.014,-279.73,-35.899,-142.13,339.02,109.9,-8.9396,0,0
14,24.368,18.046,-178.85,-73.957,60.804,-171.12,181.98,206.39,136.44,146.01,-55.272,25.122,0,0
-13.5,-22.975,12.478,-123.01,238.02,-39.785,427.27,225.18,194.63,-78.692,-78.765,-216.76,-66.696,0,0
-15.5,0.61427,3.8678,-25.057,188.17,-263.76,-289.19,117.97,206.52,4.2539,-74.651,252.12,-4.2631,0,0
3.25,-0.029329,-36.885,-112.01,24.798,5.8127,-72.771,50.877,-423.89,-70.195,26.441,156,147.41,0,0
3.75,13.714,15.195,-145.22,217.27,-68.126,-162.95,-97.79,86.807,289.63,-52.396,-51.79,161.8,96.757,-17.445
-10.701,-3.5197,11.057,0.64022,42.416,-132.94,443.28,-47.364,-26.986,-67.3,-244.61,-9.1672,-125.31,-51.946,23.378
0,0,0,0,-3.997,-74.779,-435.53,241.11,11.776,455.23,-34.441,225.2,-42.033,0,0
-28.5,-25.886,24.852,-144.21,-32.958,64.793,24.86,-45.682,-177.54,-184.56,-224.61,-323.05,50.471,0,0
14,9.2583,-10.69,42.123,75.932,-12.274,-104.2,126.34,238.88,-132.32,272.34,9.3854,-44.07,-51.946,23.378
-3.3307e-016,-1.6653e-016,-8.8818e-016,1.7764e-015,64.041,-35.139,-181.43,-101.17,-44.991,-115.98,303.52,261.98,85.536,145.28,-6.442
-4.25,-1.1274,-0.68958,-35.97,231.93,330.39,-227.76,82.633,-3.8937,236.28,-144.41,-263.4,-265.69,-93.958,20.5
3.5882,3.0708,-18.347,-17.675,402.46,263.89,126.42,41.081,126.93,30.663,-231.03,-237.06,-267.18,-210.57,-3.5245
30.25,22.997,-0.56699,38.84,-297.46,-118,25.279,82.337,-82.473,-76.974,181.81,90.426,-143.95,-3.2288,76.671
-36.951,-27.203,-5.8062,-11.584,160.71,231.62,279.8,-167.68,-191.05,35.55,135.91,29.911,46.134,-51.946,23.378
0.25,-8.817,-4.0179,-3.7745,-91.631,-113.02,254.71,-188.12,44.81,66.554,-226.91,-5.2855,-84.83,-51.946,23.378
-0.75,-11.085,-3.0998,32.076,-207.04,-102.45,342.22,-71.901,-0.15445,270.76,237.6,-20.38,28.061,-178.8,-81
12.326,1.2431,-2.3244,6.6136,22.21,-190.61,-271.52,-269.72,19.315,300.98,80.012,-50.819,-262.69,-183.29,0.68301
2.75,2.8056,-2.6716,-5.6848,7.0079,89.742,318.15,507.71,60.617,-322.48,-108.54,-195.89,-16.693,0,0
2.5,-4.1896,-7.701,28.133,-148.35,-25.163,-111.09,-257.44,1.3624,297.72,345.65,249.65,250.37,164.11,1.1708
-21,-10.105,14.456,17.078,60.803,56.731,125.33,18.63,-169.99,-244.62,-261.03,-252.67,-255.4,-210.07,2.5
-29,-4.747,8.25,-24.97,-48.832,30.847,325.12,-148.32,54.676,323.28,84.291,-162.69,-98.73,-1.2087,-1.067
15.25,-14.042,-5.8923,22.413,-437.58,-107.88,108.99,296.86,-10.582,-369.62,-250.95,-222.3,-247.34,-1.2087,-1.067
14.25,8.9527,-10.712,-18.977,43.8,88.512,-53.293,-505.34,69.459,-181.38,285.64,-49.033,-227.99,-1.2087,-1.067
-9.5,9.2679,0.93477,-30.436,201.96,-212.93,-300.51,-99.749,-27.23,137.44,86.619,-271.38,-218.22,19.472,-5
-20,6.5915,13.017,-210.98,83.968,-88.499,102.68,57.054,67.02,71.327,177.56,44.557,-166.21,-53.767,-8.4363
-7.25,-20.958,-12.611,-27.793,-53.774,62.644,289.09,320.45,276.78,121.34,114.19,-154.02,-90.223,-1.2087,-1.067
-9.5,-2.5819,21.173,-22.726,-134.71,-97.445,-406.5,-9.3883,-262.22,-202.92,-351.1,5.6636,27.455,49.658,6.8995
-43,-6.7715,4.1274,-30.525,33.613,322.23,59.4,42.765,-44.394,257.51,238.98,-147.55,-286.7,-37.819,-3.567
-1.5543e-015,-3.1086e-015,-1.3878e-015,4.885e-015,31.773,-119.12,132.38,370.05,-295.28,-250.38,-48.091,265.71,-76.71,0,0
-16,2.9575,2.7925,9.6636,185.63,-276.19,-88.422,-346.98,-286.33,396.35,165.06,-276.25,183.64,59.709,8.308
8,-3.8888,0.77933,-51.87,-29.337,231.18,41.866,135.19,92.02,266.75,454.38,-151.09,4.8849,0,0
15.5,12.673,-12.136,41.252,-86.108,84.267,55.936,374.81,29.142,-180.72,-262.27,-79.95,-304.12,-76.597,-12.415
17.25,34.355,-12.29,133.13,159.75,-101.19,-161.8,-160.22,243.08,-174.04,24.301,281.44,89.543,-21.291,4.1495
-27,-28.306,-6.3327,-117.68,-204.01,149.89,344.98,195.1,94.163,-62.917,-154.05,23.279,277.24,87.048,11.975
-12.25,-6.6309,21.91,-29.053,185.01,67.562,-121.06,167.04,20.31,30.767,-157.48,-226.06,-7.1247,-1.2087,-1.067
4.75,-0.9492,-19.567,-27.85,22.795,140.41,194.55,115.76,-100.91,267.99,26.23,276.75,272.86,87.048,11.975
22.25,16.304,-24.589,-192.72,-44.108,543.61,-59.196,-42.18,263.95,-48.703,150.35,-7.5686,-235.76,-2.2913,-0.6863
-14.5,-6.0538,-24.856,-15.738,-174.6,210.53,91.878,-282.07,-131.11,-105.21,-76.86,-56.949,149.44,49.658,6.8995
-15.75,0.87083,0.56875,-29.496,148.44,128.28,57.196,89.357,-42.188,-124.99,9.1423,-23.623,-44.573,-85.258,-13.829
-15,-2.8971,21.841,-172.72,152.45,-249.35,-29.358,25.694,-516.31,71.28,-133.84,213.9,-10.187,0,0
-4.7075,-4.349,23.185,1.0131,-17.407,-78.506,168.39,-100.4,51.973,-228.28,-14.722,-248.71,-212.58,13.497,6.3571
3.3307e-016,-6.6613e-016,-1.5543e-015,3.1086e-015,67.909,-86.117,-49.569,81.236,-47.866,42.07,170.63,90.168,8.3771,0,0
8.25,3.8989,-24.423,64.776,-92.796,-291.66,-94.967,-86.666,-128.47,-82.03,-28.806,31.54,226.89,-9.3322,-0.091506
-0.75,-11.085,-3.0998,32.076,-218.22,-76.684,240.31,252.82,-48.402,277.36,53.07,-234.15,-251.28,0,0
-0.75,-11.085,-3.0998,32.076,-172.97,-29.781,-91.533,167.01,28.328,40.621,-237.69,-272.25,-87.724,0,0
-13.25,7.4216,-34.62,141.35,-12.602,-244.3,-281.76,-233.01,0.083947,-221.72,-241.44,42.005,216.65,-21.291,4.1495
0,0,0,0,1.1032,11.697,-36.176,-83.516,59.632,-58.535,-19.559,-88.01,-4.9539,0,0
-14.25,-8.9527,10.712,18.977,20.774,-170.97,-224.76,48.746,-63.524,-253.5,148.18,261.47,80.662,11.051,-7.75
0.75,11.085,3.0998,-32.076,172.54,-11.543,352.45,-150.08,145.84,22.689,-192.47,-79.643,26.423,0,0
8.75,-5.4558,1.1681,-51.028,36.287,-4.0043,170.44,46.62,71.071,-40.492,-264.4,112.12,1.2276,0,0
2.25,3.1585,-4.1388,-26.489,119.97,114.72,-207.04,-429.03,-198.65,-90.304,186.66,61.304,37.873,0,0
4.5,-10.176,4.8643,27.445,-136.3,-13.611,156.37,128.54,-166.29,-333.11,-187.03,-59.94,4.5397,0,0
-5.9575,-11.293,16.002,-39.578,118.08,131.62,4.0514,-30.764,-90.762,174.82,75.047,-5.4748,14.337,48.837,-24.936
-11.25,4.6699,-1.4851,-40.315,135.67,277.06,-244.9,60.86,-86.192,-104.71,-244.9,-209,7.0066,35.021,49.25
-24.882,1.1692,-22.855,0.45914,134.03,215.17,150.84,275.91,431.48,-310.98,-346.76,-36.563,7.4351,0,0
0,0,0,0,19.139,243.74,35.186,-329.34,-179.44,-122.6,-106.53,209.29,-186.92,19.472,-5
-5.25,7.9869,0.52628,-3.997,39.02,-96.356,-277.69,180.58,-25.79,-104.77,105.68,-160.69,-319.87,-75.931,7.1651
0,0,0,0,15.665,36.617,106.9,386.72,301.49,-160.82,-1.39,-13.477,24.966,0,0
9.799,-13.74,12.313,-126.57,-214.79,140.64,-180.44,-14.596,-63.386,64.373,46.674,448.37,-34.565,-111.76,-8.1005
-21.25,-3.1734,17.868,20.681,-13.829,-191.55,-180.83,-9.877,219.28,-37.805,135.45,139.79,-20.587,2.5228,22.25
-4.25,-1.1274,-0.68958,-35.97,167.26,33.123,-35.885,73.559,-225.97,233.31,169.25,-265.98,-83.58,0,0
-5.5,15.348,6.7566,-64.987,57.635,47.95,53.833,78.346,165.24,-374.1,-34.518,-3.2745,-2.4575,0,0
5.25,-7.9869,-0.52628,3.997,17.757,100.14,-33.588,-474.24,-395.41,617.94,-38.038,-114.08,28.589,0,0
25.088,8.6785,19.655,12.555,-16.42,49.592,349.33,-360,115.4,120.57,-60.311,-124.77,87.714,-51.946,23.378
17.338,-0.86875,-6.5637,-13.532,-27.899,364.34,150.21,438.01,-134.05,-52.786,-68.238,-92.564,-15.284,-122.89,20.628
