-17.754,7.2715,-563.27,143.11,43.511,-126.58,162.92,-130.97,126.28,-53.768,-234.97,28.216,321.51,-95.371,2.8358
-4.3301,2.2631,10.025,-388.62,247.52,176.65,29.639,-184.65,85.447,415.52,-58.361,-16.111,93.004,-49.344,4.2721
18.26,18.627,-9.3595,-141.51,430.94,343.53,-97.574,-30.133,-101.54,69.859,-369.41,182.86,-78.599,0,0
-14.289,-1.0897,11.141,-561.34,-90.886,235,-524.04,-392.34,247.17,501.68,-161.16,-66.096,-84.985,159,-205.13
-9.8857,0.61034,-0.80385,-239.33,57.375,156.96,447.85,549.15,132.81,-151.6,64.035,136.22,-44.751,146.59,-195.72
0,0,0,0,-234.87,189.45,-266.5,-88.777,-36.012,66.134,-81.721,-312.14,-27.571,0,0
0,0,0,0,-392.28,487.11,232.06,-246.18,-487.54,-141.83,-442.28,-33.532,-21.88,0,0
2.1651,10.141,-3.2386,-354.7,205.66,156.17,77.753,172.99,534.45,-194.19,5.0228,-5.6226,70.848,116.87,-196.41
0,0,0,0,-726.3,362.77,-292.52,90.162,-123.75,-232.19,-73.776,21.672,-65.096,0,0
3.8971,5.683,9.6405,-391.83,701.75,78.959,-86.788,76.442,-20.677,366.75,379.7,-315.52,73.829,-26.665,6.3522
11.258,2.8038,-167.46,236.02,-80.629,-37.233,-121.61,-210.53,-154.67,-69.722,265.67,-30.209,-74.578,0,0
0,0,0,0,245.3,-88.308,144.97,32.809,122.06,313.86,131.62,-101.28,-26.263,0,0
-9.8857,0.61034,-0.80385,-239.33,507.27,-108.38,-136.3,-224.61,75.839,11.97,-102.75,-27.016,105.15,-49.344,4.2721
6.0622,7.2255,-0.0065699,-217.87,70.058,309.82,-366.95,200.81,-100.61,408.78,316.19,-151.94,-22.39,0,0
0,0,0,0,-492.78,-204.48,398.37,202.56,208.33,268.41,-129.28,-48.109,-24.442,0,0
-20.647,-13.687,-10.037,-179.08,336.54,149.08,169.98,31.143,139.67,263.28,81.777,325.32,-198.61,0,0
-11.258,-1.6878,3.3415,-502.31,687.7,-35.408,9.3726,-179.05,240.89,-707.17,-10.872,168.25,223.85,-66.953,-9.3947
3.4641,-3.8301,203.53,33.008,-225.4,67.096,56.103,-56.454,-27.717,13.866,277.75,49.059,-558.84,0,0
-6.0622,0.80561,-399.62,374.62,36.836,-169.09,24.687,30.328,-190.89,31.872,-112.01,-106.35,162.74,-49.344,4.2721
21.672,15.634,-26.244,85.269,-81.229,-18.298,-91.853,199.69,236.04,-153.76,-222.66,-34.909,69.611,-154.85,0.92404
0,0,0,0,-486.82,622.02,-138.38,168.68,73.241,369.12,-281.3,-54.025,-24.881,0,0
-11.554,2.1549,-179.68,17.535,255.66,-143.91,95.709,-59.782,15.563,497.19,392.63,-124.14,-75.46,0,0
0,0,0,0,381.24,-15.456,-85.288,-213.97,271.67,190.2,100.86,-190.25,-24.444,0,0
-2.1651,-0.63397,0.40849,-243.93,202.1,41.031,95.032,-42.968,-2.3798,92.127,350.73,-62.647,-96.269,0,0
-11.258,-1.6878,3.3415,-502.31,174.45,114.58,-137.18,57.854,-145.08,-287.32,100.52,-132.94,-24.196,0,0
-17.616,4.5831,-6.331,-165.93,326.72,-63.835,-183.77,306.62,200.61,-117.05,77.792,316.47,-130.63,0,0
0,0,0,0,-344.87,186.65,103.87,-106.41,-21.945,99.58,169.38,-26.092,-168.27,0,0
0,0,0,0,-739.87,413.68,191.9,-127.98,289.38,355.4,-113.08,219.08,-97.18,0,0
0,0,0,0,530.46,476.77,138.76,-291.7,-115.59,153.4,-206.56,-50.046,65.368,-146.55,-4.0712
2.1651,10.141,-3.2386,-354.7,-168.4,266.68,-243.77,22.467,117.58,356.65,-122.11,13.567,-153.04,0,0
15.219,9.2602,-189.8,218.69,133.29,83.858,-30.823,97.511,169.29,348.18,15.294,-286.89,-10.806,0,0
-1.299,9.5556,-3.7141,-573.99,631.08,-107.86,164.79,12.58,43.599,107.87,-194.73,101.37,45.587,160.85,-229.03
0,0,0,0,33.289,-96.071,233.62,-184.84,65.46,146.31,-92.237,73.825,-110.25,0,0
-11.258,-0.30385,-231.78,118.07,-102.48,228.21,-143.45,-5.1226,45.411,329.61,-324.8,81.656,145.47,-47.003,-1.7321
8.2272,17,-5.6292,-668.02,99.957,103.04,146.89,230.12,-311.56,39.721,-37.479,-53.298,87.963,169.82,-234.78
0,0,0,0,84.44,190.65,341.91,-56.63,361.45,342.39,-163.31,-1.3864,-24.078,-115.61,-8.898
-21.651,-4.9982,1.6896,-33.575,455.83,85.531,37.325,-18.788,84.537,327.9,-48.657,-70.105,155.96,-49.344,4.2721
26.414,33.775,-410.45,398.78,165.19,9.5171,-102.52,-4.3954,153.27,-23.578,620.17,285.85,-205.81,0,0
5.1962,16.714,-3.2452,181.23,-137.31,110.2,-429.27,37.995,12.326,-229.62,91.708,-625.19,-24.803,0,0
6.0622,7.2255,-0.0065699,-217.87,-94.563,-183,-37.589,-256.2,327.69,-4.8345,-168.38,240.94,-89.716,0,0
-10.218,-6.5804,-2.1151,-161.47,-330.74,-73.286,555.99,107.72,-523.33,-2.3595,-59.201,-9.8056,266.9,-66.953,-9.3947
-4.3301,2.2631,10.025,-388.62,184.17,68.738,118.92,-135.72,-71.136,248.26,831.89,-267.52,-26.19,0,0
4.7631,13.482,2.9019,-73.546,360.49,210.63,-11.167,47.904,355.22,212.51,-139.43,-15.333,60.66,-146.55,-4.0712
-7.7942,-6.7434,8.3546,-398.68,-7.2127,111.92,29.122,78.811,-523.38,601.49,7.7794,-128.54,-20.071,0,0
-4.7631,6.1046,11.366,-199.48,88.587,231.75,-144.48,-299.37,-39.514,315.12,-303.56,167.75,-70.581,0,0
2.1651,10.141,-3.2386,-354.7,-105.69,-147.81,-3.2568,220.55,-165.67,358.69,-346.94,-30.871,-20.111,0,0
19.058,27.598,-327.52,-267.09,192.27,-189.55,-295.1,-94.874,15.062,438.41,-385.77,211.06,-526.27,0,0
-2.1651,-0.63397,0.40849,-243.93,173.58,-222.39,68.56,233.6,-512.55,-4.9506,70.61,6.818,80.065,14.509,-117.18
-4.3301,28.106,7.8152,-297.38,587.63,35.133,149.49,-150.79,-73.965,273.58,-405.77,-55.34,-21.945,-190.31,3.6226
-3.4641,-11.312,-10.279,225.86,219.61,10.741,-185.51,208.77,67.792,-494.82,44.746,-83.699,-77.937,-240.13,-5.8032
4.8367,15.847,-407.66,278.69,-44.569,293.17,145.39,76.704,207.62,206.72,-128.86,10.71,173.72,-68.368,-2.4028
1.299,1.5915,-164.45,35.207,-14.797,203.79,77.504,163.44,522.8,-325.17,-53.859,-60.096,129.57,-40.772,-7.2296
-5.1962,8.6962,3.5,-352.25,66.579,58.272,56.395,-84.206,171.81,237.01,-313.34,-33.93,-20.371,0,0
13.856,-7.5508,-236.9,294.2,197.26,-105.82,62.421,-78.785,-180.35,249.7,-318.88,169.27,-67.681,0,0
19.058,12.797,-28.356,-614.96,137.68,169.83,-93.932,163.9,53.998,-149.95,83.788,62.551,-299.66,0,0
-10.392,17.392,7,-704.5,136.25,69.54,-65.81,-147.24,525.16,74.509,-365.55,215.43,-89.282,0,0
0.86603,9.2811,-160.95,122.96,-93.817,144.31,126.75,-312.25,158.97,346.25,-207.13,85.623,215.34,-69.373,-3.0736
-8.2272,14.533,196.94,-52.701,395.07,135.54,87.167,129.88,-117.76,50.48,-357.18,40.308,-230.17,0,0
0,0,0,0,138.53,-133.61,-97.187,31.02,433.59,-248.07,-125.32,213.23,-188.3,0,0
-16.887,0.8008,7.366,-519.71,317.37,40.47,-88.312,216.37,-16.668,-430.11,72.18,-31.421,-93.284,275.61,-413.53
0,0,0,0,342.53,-29.445,-36.96,599.38,-202.89,-266.13,-19.591,99.751,-166.76,0,0
15.662,20.017,-16.172,-50.59,-1.1388,144.38,196.32,-24.59,360.01,-118.25,-94.257,-66.892,-149.15,0,0
-7.6046,-34.91,-420.84,229.08,2.5736,-112.4,-288.57,25.061,-1.5143,62.525,-13.6,4.0727,302.88,-125.37,6.4952
-11.258,-1.6878,3.3415,-502.31,272.12,-216.99,395.95,152.09,-15.662,2.4069,75.41,118.47,48.223,261.85,-350.83
0,0,0,0,-754.73,515.73,34.686,-167.26,-92.868,308.9,174.27,-136.35,-22.49,0,0
-2.1651,-3.933,-6.8415,379.42,-159.32,-38.53,-12.531,42.681,-237.97,59.288,-194.59,-244.88,-26.565,0,0
7.7942,8.384,5.5,39.458,-139.71,-25.842,-84.963,333.2,225.58,-79.856,-38.354,98.417,-39.229,-76.76,8.9985
2.1651,10.141,-3.2386,-354.7,0.33182,275.76,207.18,-141.71,220.42,247.81,-455.68,-4.5613,195.88,-66.953,-9.3947
-3.0311,-4.1962,-341.11,-222.28,180.25,-95.62,13.379,146.7,-75.799,16.34,98.815,-77.436,-479.62,0,0
6.4952,-4.4282,-19.397,114.82,263.32,39.24,-53.158,112.74,121.31,112.21,-342.74,-102.27,-30.818,0,0
0,0,0,0,296.91,233.97,241.7,-279.19,75.384,163.17,-444.58,-74.677,-82.777,0,0
15.161,13.993,5.3292,-1074.7,259.99,-176.51,69.521,-45.606,-11.243,100.88,309.14,583.81,-255.32,0,0
0,0,0,0,-152.92,299.41,311.47,-158.75,-104.22,-36.487,-430.08,20.972,-18.017,0,0
-18.187,-6.7728,1.5,-169.5,-209.68,314.74,-45.399,-110.59,-51.101,-26.854,341.72,-371.99,-23.611,0,0
0,0,0,0,89.064,529.82,281.92,-21.547,-249.3,-337.35,205.1,-531.17,-25.446,0,0
0,0,0,0,-246.85,-81.822,354.64,-7.717,377.79,166.11,-251.52,13.945,-17.012,0,0
-4.5466,-6.5957,-13.698,-115.83,366.85,61.29,-12.344,86.763,2.5983,-66.371,540.9,226.55,-453.97,0,0
0,0,0,0,-294.14,-696.58,370.1,-396.97,-357.4,538.4,-455.55,-31.147,-24.462,0,0
-5.1962,8.6962,3.5,-352.25,555.33,204.44,-75.137,-12.743,-95.219,285.33,-31.066,-140.26,-89.96,0,0
-12.99,-7.3529,-15.879,-181.42,-63.471,426.19,103.45,7.1912,-3.1736,391.87,-493.4,23.021,-23.911,0,0
0,0,0,0,-129.23,239.91,511.77,-70.226,431.62,-136.81,-2.9085,13.812,-1.4437,0.83878,-5.9405
-15.018,-0.81402,0.16418,-505.67,-32.879,310.66,-403.28,34.13,-97.732,168.83,327.68,-189.23,-33.138,0,0
0,0,0,0,192.84,365.67,206.89,-322.01,27.573,393.88,53.85,-306.69,-20.638,0,0
3.8971,5.683,9.6405,-391.83,543.44,176.68,1011.6,-491.87,121.58,15.681,-6.4405,19.415,165.73,132.89,-220.94
3.8971,8.9821,-316.75,76.786,35.809,90.699,31.844,-302.26,-18.165,257.16,260.17,-86.528,241.48,-70.434,-0.86603
-9.0933,-10.951,-9.6896,-320.23,163.87,214.4,42.456,50.288,-156.19,400.41,490.83,-296.81,-27.907,0,0
-8.6603,15.575,-7.5328,17.566,-269.35,-13.407,144.6,6.0171,-125.61,104.81,-404.58,-41.544,255.87,-66.953,-9.3947
2.1863,6.5021,-7.09,192.44,709.94,422.11,105.18,-18.981,-93.017,320.56,484.56,-388.9,-24.495,0,0
-8.09,3.9294,-9.8914,-247.97,-371.62,-181.7,27.562,-188.11,-3.7724,238.21,-610.31,15.775,-22.657,0,0
-11.691,-6.2859,-13.946,-83.898,212.9,-119.36,-32.119,156.19,222.39,188.72,56.748,113.01,53.779,-158.79,7.7942
-2.1651,15.922,-1.3905,-151.87,-20.607,226.39,-167.55,-156.41,-166.79,261.93,-116.37,-2.1497,-235.43,0,0
0,0,0,0,17.741,20.945,265.07,-13.656,-233.35,-464.47,98.893,-34.267,-31.336,-75.542,6.9127
7.3612,36.66,-6.6064,16.629,115.73,-58.961,-348.2,149.29,410.65,227.53,-172.97,76.979,-174.64,0,0
-8.2272,4.4707,-5.5556,-241.18,4.1507,215.39,689.61,-272.26,407.9,381.98,-211.31,-1.7892,13.728,-26.665,6.3522
-1.3323e-015,11.94,-11.886,2.0213,104.66,-501.79,-53.631,-182.47,-81.684,143.08,116.2,11.222,-168.63,0,0
12.99,-5.5263,-260.3,56.851,143.71,317.96,201,3.0192,362.16,-42.26,231.56,-108.25,-216.61,0,0
-15.451,-4.1131,-11.958,-763.47,299.04,-325.22,-89.425,2.6432,51.554,21.879,435.43,501.42,-206.54,0,0
-6.4952,-15.288,135.53,76.287,-98.49,220.42,194.08,259.08,-51.759,246.29,-206.39,-229.56,-168.32,0,0
0,0,0,0,-59.203,169.81,-254.64,-309.08,137.63,347.7,-552.05,16.536,-17.008,0,0
9.9593,11.243,-7.0556,-71.68,313.08,570.04,-105.24,-141.1,-210.72,-137.37,358.04,271.83,-161.41,0,0
0,0,0,0,18.284,-225.77,133.29,35.361,-112.83,231.72,-254.23,-105.79,-29.906,0,0
-12.124,-12.969,-169.36,-140.27,263.7,54.987,68.892,-426.86,-292.27,77.507,475.88,-241.91,-50.988,0,0
-7.3612,-7.7075,-342.24,141.48,49.854,15.604,68.323,-219.03,52.086,204.08,-33.215,201.37,20.62,-40.772,-7.2296
0,0,0,0,51.3,378.33,52.261,-61.942,-69.411,404.41,220.59,-276.89,-21.033,0,0
-7.7942,-5.9264,0.43301,-257.86,-307.67,-163.07,-11.764,-21.283,31.786,-433.85,16.556,-72.24,-15.434,145.78,-195.8
3.0311,6.5,3,-329.38,66.592,-608.1,223.1,450.38,-268.29,77.159,-151.54,58.385,-63.918,0,0
-2.1127,-2.3648,31.645,29.206,-394.57,53.19,157.3,-216.27,-17.822,18.983,-497.35,-49.274,-148.36,0,0
0,0,0,0,-484.93,401.99,-226.34,-101.79,673.35,2.5666,-132.81,-51.761,-27.854,0,0
10.392,2.0048,-15.556,181.36,8.8349,-309.23,-31.18,-196.25,85.998,-350.35,69.958,-19.435,78.249,-152.85,-2.6645e-015
-10.392,-4.5359,-14.879,-518.51,152.4,-228.84,25.336,129.45,176.29,189.4,-23.064,-20.022,64.459,169.82,-234.78
3.8971,29.544,-1.4838,63.609,-51.15,201.36,-79.609,-19.11,-130.38,378.19,66.248,-702.66,-20.704,0,0
-33.775,-11.503,6.4396,-347.84,353.3,-63.565,-82.572,-3.0123,94.439,-114.93,13.869,116.02,-374.92,0,0
-5.6292,-4.7925,0.70753,-247.55,-765.94,263.55,-91.806,14.309,23.354,-50.677,603.3,-581.3,-26.94,0,0
-7.7942,-5.9264,0.43301,-257.86,550.14,411.42,-55.059,100.53,-42.12,-186.3,535.9,421.6,-181.35,0,0
-2.1651,-3.2811,-3.9199,60.944,110.64,-122.75,81.389,97.469,16.117,38.476,239.32,-488.61,-20.968,0,0
-13.856,0.13573,6.3236,-425.96,335.76,229.19,-167.07,227.63,-71.044,-395.09,-73.666,8.4925,15.408,-70.118,-7.7885
-19.01,-6.6735,-4.2533,-525.48,203.75,136.15,-164.4,-60.334,-86.182,-82.78,251.18,376.07,-182.07,0,0
2.5981,3.201,-9.1226,-587.18,-192.23,408.88,138.3,-46.877,16.146,-303.62,140.08,415.68,-185.91,0,0
-2.4821,1.6908,-2.9408,464.88,412.79,-59.476,128.2,-96.975,178.81,-177.98,107.38,411.74,-364.69,0,0
4.7631,-6.1357,-8.6944,211.43,184.16,137.39,139.5,47.061,284.45,-110.1,-52.041,14.924,88.378,-145.01,-9.9593
2.1651,10.141,-3.2386,-354.7,387.5,251.44,-230.63,-49.293,-286.77,382.21,263.51,-83.478,-73.996,0,0
7.7942,8.384,5.5,39.458,54.087,286.02,-80.742,-5.6951,63.627,-190.44,402.52,-511.88,-18.021,0,0
0,0,0,0,27.263,-495.27,183.79,58.092,172.32,738.91,-428.13,-8.186,-26.054,0,0
1.1405,13.321,24.277,-73.688,407.8,372.57,192.99,-30.049,-255.68,16.628,57.408,-539.04,-25.041,0,0
-22.004,-6.4043,233.84,-30.61,-39.044,94.783,143.87,-90.547,-32.478,198.6,238.6,-48.512,-168.73,0,0
0,0,0,0,172.47,577.36,-258,-47.439,-361,182.69,2.3257,-320.36,-26.482,0,0
25.553,20.005,-14.19,-135.74,59.992,208.84,295.9,60.404,90.706,38.78,32.985,-46.643,-153.75,0,0
-8.2272,4.4707,-5.5556,-241.18,423.41,67.425,-309.01,-87.082,-60.364,152.34,417.44,205.27,-116.76,0,0
1.299,11.172,21.415,-318.57,585.73,258.63,-213.77,218.47,47.986,-91.817,418.5,259.25,-154.26,0,0
-1.1618,7.2174,-328.61,544.59,81.438,48.606,57.656,-74.607,27.861,-194.45,-287.58,95.008,-89.097,-65.605,-3.0311
-9.9593,-3.9085,-91.328,427.26,440.61,-82.88,-119.9,2.8171,-96.744,268.12,117.16,-25.316,-442.51,0,0
-4.7631,-4.5245,-5.3595,-252.53,111.14,295.45,143.1,-379.24,381.73,550.17,-133.4,19.612,-23.978,252.64,-322.25
3.0311,-10.477,-24.007,-17.302,623.82,83.937,-114.14,-88.529,26.02,-355.8,-5.7618,536.18,-237.13,0,0
0,0,0,0,79.981,-89.64,488.69,-66.073,-159.89,324.93,158.56,-299.3,-26.353,0,0
0.021234,-7.6773,-18.007,96.943,17.044,2.4716,113.14,317.54,318.57,-23.745,43.029,-5.3463,-160.04,0,0
-0.43301,-9.4886,139.68,118.74,-158.93,105.19,-258.38,113.33,-43.868,26.68,-85.049,13.303,-439,0,0
1.299,3.433,0.29247,159.51,295.85,111.72,-442.45,178.03,-518.77,-5.0635e-014,-5.0635e-014,-5.0635e-014,-8.2685,-193.14,-1.7321
6.4952,8.884,0.51795,-979.02,526.73,-92.79,92.213,71.774,57.213,71.653,-3.1597,76.163,-118.13,0,0
7.7942,11.366,19.281,-783.66,391.48,-19.453,-99.636,109.57,-93.39,304.67,411.64,-162.64,103.33,-49.344,4.2721
0,0,0,0,89.599,149.25,-101.11,105.01,-4.7542,237.25,52.336,-95.964,-19.358,0,0
-18.187,-21.232,-11.34,-35.508,318.62,178.92,-37.32,176.51,-26.02,-84.359,515.76,-11.828,-110.01,0,0
32.482,38.926,-424.01,-414.47,147.89,-7.536,-182.47,-126.5,237.8,170.41,-112.45,232.34,470.3,-162.99,-0.86603
-40.133,-10.922,-0.26226,-356.67,-108.07,114.94,-25.636,-388.2,-7.303,221.86,-227.12,-87.75,-48.692,0,0
18.26,18.627,-9.3595,-141.51,19.294,121.23,-170.28,-52.14,118.24,-253.23,-5.2133,-24.302,-1.4226,120.01,-224.12
-3.4641,-11.312,-10.279,225.86,56.969,-141.99,57.93,302.4,116.77,-225.74,-8.4068,-103.99,-1.5253,-310.07,-0.27452
-0.25897,4.663,-9.1708,-233.15,-348.93,269.53,-20.885,-58.113,77.838,-13.75,-8.5397,93.459,75.816,-47.003,-1.7321
4.4674,-8.7909,-17.733,88.95,213.8,154.21,-738.62,75.686,430.11,73.213,35,66.597,-381.28,0,0
-8.2272,8.7027,-333.23,65.916,-281.45,195.38,137.58,-171.33,226.43,135.18,-321.9,30.097,240.01,-69.373,-3.0736
-10.392,6.1112,-3.4886,-102.11,-170.89,115.78,324.26,-45.584,-159.81,239.27,231.35,-102.91,-23.447,0,0
2.1651,10.141,-3.2386,-354.7,12.266,-114.64,49.455,272.33,124.7,-54.91,415.03,-367.62,-24.888,0,0
0,0,0,0,-44.015,-74.953,647.22,-10.785,572.35,-340.43,-28.848,-169.19,-21.686,0,0
7.3669,13.574,-0.79335,-895.76,439.83,-16.092,-214.3,-8.8048,14.589,-220.06,357.18,-523.33,-25.909,0,0
6.1357,6.7491,-1.8954,-313.76,46.6,-33.004,-290.96,196.44,-631.6,-19.236,-8.7386,-9.7925,-2.7141,252.64,-322.25
0,0,0,0,78.345,-212.85,293.16,103.4,-6.446,284.45,-301.43,-107.89,-29.678,0,0
-22.084,-3.6077,2.5736,-180.38,-91.202,230.66,-102.73,163.03,112.16,-31.745,173.96,43.711,-120.18,0,0
0,0,0,0,-237.8,543.28,370.49,76.107,-23.447,114.08,405.9,-155.24,-24.709,0,0
-19.068,-24.852,-511.2,361.1,-489.35,23.439,139.17,68.907,100.41,214.78,208.14,-236.73,231.97,-68.368,-2.4028
-4.3301,2.2631,10.025,-388.62,505.27,242.04,81.477,-242.02,-171.07,379.96,-155.25,180.31,-92.63,0,0
0,0,0,0,20.403,209.5,356.63,254.32,14.028,-194.17,-68.808,4.4731,-145.37,0,0
6.4952,5.1095,4.1585,188.75,-666.15,180.24,-193.13,153.53,-38.316,-90.24,-102.54,-415.19,-24.271,0,0
3.8971,5.683,9.6405,-391.83,202.24,116.55,99.721,-144.8,151.29,169.7,-102.8,247.79,-95.307,0,0
-6.4216,18.257,1.2075,-186.08,-249.69,28.165,163.98,-147.2,274.15,-38.918,180.57,-137.7,95.917,-184.73,2.3448
12.13,24.232,-7.6414,197.65,-59.957,538.29,-353.7,-14.438,-140.02,208.85,-192.51,167.9,-170.49,-308.51,-0.86603
10.139,14.681,-9.4596,287.51,-359.16,234.75,220.55,15.336,170.83,-282.6,163.57,123.65,-486.76,0,0
3.0311,-0.93958,-0.45096,56.627,-27.256,-92.834,157.98,-214.29,54.244,590.47,-151.33,167.89,-111.09,-120.37,-1.9061
5.8457,-2.5107,-3.1241,-695.51,779.5,35.221,-15.059,-24.987,13.307,-87.396,257.05,737.22,-278.39,0,0
0,0,0,0,-360.85,537.23,-255.43,18.834,-10.603,444.03,-398.84,-6.0939,-23.412,0,0
0,0,0,0,-826.52,336.55,-224.88,4.6531,-92.291,-73.255,162.01,-168.01,-14.896,0,0
-0.86603,-14.196,-336,128.57,191.63,-319.48,9.175,80.008,214.88,97.085,277.98,-159.85,167.78,-40.772,-7.2296
0,0,0,0,-221.33,-457.11,278.63,19.426,32.605,-570.13,-37.503,103.78,-70.544,0,0
0,0,0,0,-91.86,261.15,14.081,-197.21,263.34,139.36,914.71,-289.74,-25.375,0,0
0,0,0,0,-240.01,-1.9411,222.81,25.561,123.9,-191.98,-6.7533,240.98,-61.484,0,0
-20.352,-14.913,-1.8905,67.412,75.696,31.89,24.927,-38.875,28.71,283.86,-544.58,-7.9199,110.41,-40.772,-7.2296
9.0933,20.19,-7.0083,273.35,50.581,128.65,336.48,-558.51,-122.61,97.308,-82.164,182.01,-46.863,-147.18,4.7631
8.6603,20.232,285.04,-342.65,229.51,-135.51,220.62,-23.3,34.028,139.57,80.667,-230.75,-295.13,0,0
2.1651,10.141,-3.2386,-354.7,32.916,262.06,-60.829,-24.347,-29.141,55.928,87.979,-79.943,-66.773,0,0
-20.473,-3.285,-11.598,-653.38,188.53,-74.902,200.86,-57.074,66.106,176.02,-85.46,74.1,9.0126,215.71,-308.41
0.93958,8.7623,-176.16,-178.09,388.95,-104.72,24.552,-137.52,136.77,192.42,530.12,-116.3,-113.42,0,0
2.1651,10.141,-3.2386,-354.7,145,-224.53,450.43,-97.075,85.99,421.52,-150.37,171.25,-71.79,0,0
0,0,0,0,141.38,-191.37,47.989,-22.585,32.44,165.8,-107.93,-60.939,74.456,-69.702,-9.6325
-12.99,-10.701,-7.9264,61.316,-108.9,-271.89,7.9157,87.37,-102.3,46.166,348.46,-114.59,-71.58,-117.73,-6.4952
-5.1962,8.6962,3.5,-352.25,-81.209,394.21,-100.81,-60.884,-199.78,591.03,81.297,-412.42,-22.602,0,0
-12.99,2.7697,3.933,-610.11,120.16,479.85,-505.36,-109.99,-45.692,-56.455,367.68,-222.83,-69.739,0,0
0,0,0,0,215.96,383.02,-191.17,-157.6,-208.66,61.098,-616.36,-0.74047,-21.164,0,0
-8.5753,-8.7303,-344.17,188.54,8.7083,-921.21,474.7,143.5,-431.85,300.7,211.57,144.29,-92.476,0,0
7.1447,-19.738,-16.502,-153.02,776.14,-338.66,-1.5462,-17.085,3.9123,149.38,85.876,262,-171.9,-120.37,-1.9061
-11.691,210.93,-134.26,116.2,-252.79,220.61,61.008,-28.321,-245,349.24,-74.854,-543.95,-28.148,0,0
-7.7942,-5.9264,0.43301,-257.86,295.23,-228.25,267.66,220.99,-558.14,-7.1799,-147.32,25.094,-74.882,255.63,-322.16
-16.887,-3.3397,1.7925,-9.9958,71.696,219.48,234.32,-53.614,-14.944,30.551,-31.431,-520.11,-145.32,0,0
8.7338,-1.8555,-10.804,183.21,1.7426,-291.9,98.613,329,6.8455,-212.28,-3.6316,-12.958,-78.122,-119.76,-3.8971
-8.6603,-12.799,8.2518,-94.655,-20.849,192.08,152.09,-191.96,174.97,-510.98,-53.474,-143.88,-20.393,0,0
-5.6292,-4.7925,0.70753,-247.55,133.29,-350.45,142.92,-11.261,74.136,16.644,-103.14,-85.836,-26.538,0,0
0,0,0,0,-4.6761,404.66,-91.603,-67.66,-95.161,-170.85,195.28,-369.17,-24.473,0,0
16.095,8.5775,-1.3038,256.09,-62.225,62.831,129.85,-20.923,148.72,157.4,-380.45,-54.002,-88.952,-119.76,-3.8971
-20.352,-7.4067,1.9085,-413.44,17.699,-146.17,178.87,420.63,-172.49,-6.866,-15.281,-62.846,-4.6226,255.7,-323.03
10.112,15.555,-189.23,100.8,-254.03,597.58,-432.79,-4.111,1.3481,-0.63814,79.364,54.327,-158.68,0,0
10.825,35.477,14.114,-186.9,391.07,-123.05,166.84,40.698,-29.823,-44.573,50.234,-259.94,-267.28,0,0
0,0,0,0,-609.31,186.21,177.71,-24.631,195.44,-33.442,-100.84,-54.936,-22.136,0,0
0,0,0,0,49.206,458.91,219.95,16.462,-21.7,-296.01,23.973,-207.77,-25.802,0,0
4.7631,6.7925,2.433,162.42,213.9,-178.74,69.782,264.38,-185.47,-5.0361e-014,-5.0361e-014,-5.0361e-014,81.863,-155,3.0311
10.893,3.6343,-4.8011,210.97,-20.2,23.536,238.41,134.89,-50.849,-133.36,-37.77,117.19,-41.308,-120.37,-1.9061
2.1651,10.141,-3.2386,-354.7,-77.881,-148.75,243.79,200.2,-248.6,15.363,74.638,-37.504,140.68,155.8,-224.3
4.0344,9.8448,-13.978,-142.51,-65.769,53.759,80.63,27.894,101.71,-81.19,213.56,-435.2,-23.846,0,0
0,0,0,0,166.73,14.844,229.52,-117.54,-195.96,-74.39,-348.34,-189.96,-26.105,0,0
0,0,0,0,-41.254,-378.18,201.18,-53.117,85.771,91.985,121.18,-59.128,-22.237,0,0
12.631,4.3275,-156.08,-45.58,-12.107,-90.891,34.695,-95.453,-120.84,-9.192,-5.3346,117.08,229.43,-66.953,-9.3947
7.7942,1.1944,1,325.92,-261.47,311.15,68.565,-164.44,-62.451,253.79,384.62,-150.81,-87.726,-147.18,4.7631
-4.4409e-016,1.2075,8.5066,194.09,-28.632,96.162,-196.77,-25.787,-65.546,26.723,-425,-36.336,-21.358,-188.75,3.0311
-9.8857,0.61034,-0.80385,-239.33,509.35,-15.842,-104.42,-13.044,57.286,204.67,407.14,69.336,-94.234,0,0
0,0,0,0,-871.72,227.72,346.83,-258.25,-92.899,-285.34,355.75,-304.67,-20.566,0,0
-10.319,2.7509,9.7027,-634.44,50.085,76.601,72.799,4.3358,187.24,-161.94,-73.432,-8.0514,75.033,170.31,-234.37
0,0,0,0,320.11,548.67,116.08,-14.421,113.97,160.71,98.422,-305.44,-23.392,0,0
-7.1022,-5.933,164.03,-181.87,-191.7,46.432,160.18,-177.73,418.04,-102.29,245.75,259.3,-161.28,0,0
0.86603,4.0915,-255.36,69.13,-6.8744,94.185,23.822,-156.49,181.01,339.35,74.986,-39.916,-22.99,0,0
-17.754,10.271,-84.653,-188.36,-118.86,331.56,-311.62,-81.86,309.73,-83.993,-165.64,126.12,142.29,-49.344,4.2721
-0.86603,7.7811,-246.31,-25.267,-149.88,-92.503,204.25,-209,148.87,149.28,-68.018,-6.9168,171.76,-47.003,-1.7321
0,0,0,0,-257.54,174.75,37.867,98.837,331.18,-336.21,38.871,64.269,-164.66,0,0
1.8056,9.0123,8.1292,-702.38,359.08,-6.0023,2.1786,-106.5,-102.66,205.66,189.06,-252.83,24.834,-55.902,-2.8514
3.4641,11.806,21.007,-74.633,-22.181,-184.65,401.28,-180.03,98.225,-356.46,-43.585,-136.46,-17.376,0,0
17.326,16.42,-20.306,-522.56,223.09,211.75,62.027,177.96,44.497,12.604,177.16,483.95,-183.98,0,0
-2.2868,-15.632,-303.26,57.891,330.06,28.315,-42.929,2.0711,-273.29,17.682,468.2,82.692,-354.04,0,0
0,0,0,0,-54.899,409.14,146.5,-434.92,-121.02,517.06,-140.09,-34.736,-27.256,0,0
-9.8857,0.61034,-0.80385,-239.33,-271.46,26.593,49.191,-378.66,133.96,176.27,-331.11,104.05,175.39,-68.368,-2.4028
-11.691,-7.7189,2.4821,13.113,115.22,-2.237,-36.408,-165.89,315.1,-40.317,48.594,-5.4216,14.071,-155,3.0311
6.1357,6.7491,-1.8954,-313.76,-75.259,193.06,208.4,-264.68,-1.1226,277.31,333.15,-132.24,160.58,-49.344,4.2721
-4.885e-015,19.794,-16.62,209.18,82.066,402.24,-187.54,-55.622,-121.84,120,329.92,-266.05,-86.007,-120.37,-1.9061
5.6292,6.1095,-362.74,387.58,-4.7516,-96.527,183.99,-90.311,171.66,95.054,-323.24,-81.887,237.15,-68.368,-2.4028
6.4952,5.1095,4.1585,188.75,-3.7757,140.73,358.13,113.41,-286.49,93.114,21.341,-391.6,-23.816,0,0
-10.176,-28.926,-346.12,452.87,206.53,141.87,-191.35,22.944,-5.5877,29.988,-97.377,132.22,362.7,-134.78,-10.694
10.825,13.926,-14.435,29.938,68.637,373.15,223.87,-110.67,187.16,-22.306,-124.1,115.33,-55.867,-194.17,0.69199
-4.3301,2.2631,10.025,-388.62,295.99,-88.314,162.47,109.23,-280.37,560.22,-275.93,-72.68,-19.384,0,0
14.363,28.481,-8.5311,-490.32,359.72,151.86,-100.14,227.52,-234.76,85.629,-326.94,-8.2229,90.093,-150.77,-4.8367
0,0,0,0,-412.45,618.46,-178.85,-118.15,405.43,-565.24,-6.6271,248.28,-89.151,0,0
8.2272,-2.7207,182.07,-158.19,-35.751,117.06,76.698,-3.0644,-52.098,222.61,74.576,62.875,-102.56,0,0
-2.5981,-0.13397,-174.17,-301.24,-41.719,642.82,-270.54,9.7286,-13.64,131.9,-242.03,213.46,91.787,-97.134,3.0311
6.9282,35.526,16.938,68.404,110.86,-340.96,-151.43,693.83,448.58,-196.28,11.505,-87.57,-201.69,0,0
-0.46979,-3.7488,-89.417,485.86,441.84,41.997,24.335,-9.4009,36.727,-36.306,-317.77,60.447,-190.72,-47.382,2.5981
-5.6292,-4.7925,0.70753,-247.55,-67.527,13.176,346.54,52.472,-115.78,173.67,440.79,-174.23,-27.339,0,0
3.8971,8.9821,-316.75,76.786,501.67,139.33,-51.699,-26.885,85.892,204.71,166.34,53.062,209.06,-69.373,-3.0736
2.5981,8.6405,13.507,-724.49,-166.8,145.95,-64.663,-127.07,30.515,52.766,192.12,-1.8473,-135.78,0,0
-1.299,9.0622,-140.17,60.742,373.83,-67.584,-40.56,-133.47,-42.513,82.415,59.365,135.11,-110.02,0,0
15.155,7.3152,-16.482,159.14,-245.32,-120.18,-99.982,50.066,62.966,150.72,85.807,-377.28,-20.82,-193.14,-1.7321
-10.392,-4.5359,-14.879,-518.51,223.1,38.671,-123.97,-86.746,-185.41,127.78,0.24311,-33.769,89.64,90.883,-216.61
0,0,0,0,666.18,78.288,79.513,-148.4,-86.446,151.23,301.41,-14.956,-174.4,0,0
-13.856,-12.683,-262.86,285.54,-19.022,145.71,188.18,-85.77,80.023,-103.49,-347.06,33.641,135.25,-49.344,4.2721
20.875,21.458,-188.55,-344.78,219.18,140.39,-27.247,-28.244,161.13,219.61,-106.74,137.99,114.71,-76.725,-2.4183
5.1962,18.464,8.0849,46.208,-376.88,22.613,156.89,-208.7,-27.099,-43.055,-188.63,135.42,-118.73,0,0
1.7321,-11.538,-5.75,93.704,192.21,-443.28,-233.95,294.4,237.46,-613.04,20.792,264.89,-116.52,0,0
3.8971,5.683,9.6405,-391.83,84.73,360.08,234.64,-233.74,100.39,35.94,-16.386,-77.652,-1.0359,146.59,-195.72
3.8971,5.683,9.6405,-391.83,113,213.71,416.76,-134.19,151.33,-388.53,20.868,-18.824,74.615,162.1,-229.06
3.8971,5.683,9.6405,-391.83,54.738,405.15,22.565,-281.11,-43.817,-415.13,540.67,-260.04,-68.427,0,0
0.82925,-11.005,-10.333,16.585,53.656,86.026,327.45,37.384,59.223,30.405,260.4,88.866,-231.47,0,0
-40.566,-19.66,-178.52,-395.68,165.43,318.67,-65.683,-119.91,73.32,-170.77,167.94,291.18,-28.544,-40.772,-7.2296
1.299,13.806,7.6585,-163.5,197.45,-61.148,34.556,79.129,-43.166,-248.22,-40.78,-1.0897,9.2719,-155,3.0311
1.3203,11.527,-257.19,133.58,-50.063,-228.5,-84.106,-167.46,287.74,-242.56,21.466,28.056,242.87,-68.368,-2.4028
-3.3481,14.936,-484.63,436.07,24.177,-409.63,-14.692,-163.86,81.104,227.6,-124.44,124.2,203.17,-125.37,6.4952
-7.7942,-5.9264,0.43301,-257.86,226.59,-297.36,68.344,-162.89,705.6,-414.82,344.24,-100.87,-20.976,0,0
4.3301,-5.0622,-18.989,-129.11,125.06,82.711,-244.59,128.27,-447.44,-60.326,58.66,20.474,-11.586,-262.13,5.1962
-6.9282,8.5442,-500.62,558.02,261,-225.04,-48.731,147.57,-9.3219,41.353,-458.47,-32.153,252.91,-66.953,-9.3947
0,0,0,0,-441.61,147.52,19.192,298.36,-318.31,3.7386,-14.7,-13.958,-75.761,-3.0381e-014,-3.0381e-014
0,0,0,0,-125.4,148.92,-247.42,-94.35,-94.962,238.51,-351.15,-199.56,-26.31,0,0
-22.084,-3.6077,2.5736,-180.38,271.19,249.81,-20.531,-78.751,-192.02,16.277,34.755,154.84,-143.8,0,0
-4.3301,2.2631,10.025,-388.62,133.1,274.18,-121.95,54.083,102.65,219.67,-118.85,-7.6504,245.96,-76.725,-2.4183
0,0,0,0,249.91,-510.59,342.94,68.044,-68.863,12.442,9.1087,-70.251,-136.49,0,0
-7.1872,-0.080449,0.88485,-490.86,72.325,-0.37249,222.87,385.21,0.3867,-134.63,2.1226,107.26,124.59,-55.902,-2.8514
0,0,0,0,293.73,297.48,-153.45,-12.176,147.9,377.8,-18.016,-410.23,-19.096,0,0
-2.1651,-8.1405,-3.3905,236.92,757.15,-19.361,14.59,-109.75,30.297,154.58,66.51,248.46,-156.11,0,0
3.8971,5.683,9.6405,-391.83,701.04,227.1,-335.95,198.53,225.71,-272.56,-349.97,-62.903,-8.9979,-31.718,-115.2
0,0,0,0,-6.7906,465.83,234.91,-100.99,347.65,168.82,-439.73,-0.36691,-17.829,0,0
6.5687,-4.8621,-17.84,284.02,44.278,-7.6635,-205.65,14.208,145.83,10.674,99.606,-58.507,67.978,-146.55,-4.0712
0,0,0,0,-285.45,115.41,332.26,-182.74,-133.49,201.79,311.31,-295.33,-22.565,0,0
0,0,0,0,376.28,181.55,0.71492,16.078,82.587,-116.07,534.38,-699.56,-27.64,0,0
3.4641,-7.4282,93.503,24.709,41.514,-46.846,-12.583,-173.57,-113.47,147.81,-686.87,147.46,-233.4,0,0
4.7631,13.482,2.9019,-73.546,-16.11,366.38,51.51,79.913,-321.05,-25.197,-245.33,160.31,-191.69,0,0
-12.209,-6.4208,122.34,-89.296,-643.96,355.81,495.48,-77.449,72.97,63.437,193.06,604.04,-209.46,0,0
-13.423,-0.89535,-350.49,-156.19,85.233,46.513,-207.79,-39.353,-196.08,99.488,289.98,-147.32,89.602,-55.902,-2.8514
-7.3612,-7.3349,2.4821,-117.66,222.3,42.883,-153.46,-488.51,346.77,-108.35,-133.86,-98.918,32.278,-154.85,0.92404
13.856,16.926,2.5849,-463.51,-83.978,157.82,137.7,411.69,-395.82,0.086697,-142.57,110.51,66.402,226.25,-319.13
0,0,0,0,78.897,264.05,-11.924,-122.89,-119.98,-54.486,-29.237,-231.66,-24.103,0,0
7.3612,-17.497,-24.627,194.19,174.85,-259.29,-46.558,-104.77,-212.36,651.59,-263.1,-409.16,-20.169,0,0
4.7631,-6.1357,-8.6944,211.43,142.91,33.408,41.018,236.98,59.37,-351.01,10.469,-20.446,-15.181,-194.17,0.69199
0.86603,4.0915,-255.36,69.13,-529.23,-199.97,286.37,370.42,90.303,137.57,106.66,-20.896,329.79,-94.548,-4.5679
-4.7631,-14.538,-411.38,187.18,-213.48,-175.37,-26.522,-227.66,163.46,158.3,-7.266,61.308,174.25,-68.368,-2.4028
-3.8971,7.5311,-3.4575,281.48,-227.28,135.2,18.178,-34.281,-126.64,-146.46,12.265,-56.189,167,-223.36,-7.7942
3.8971,5.683,9.6405,-391.83,-43.897,89.828,-46.294,189.51,236.62,135.03,-78.112,277.59,-135.05,0,0
6.0622,12.482,0.43782,-189.67,-211.21,200.86,187.27,-312.23,5.3413,375.6,-176.87,-0.67348,241.54,-69.373,-3.0736
-9.9593,-2.5293,10.732,-636.17,-49.066,-36.134,94.955,389.25,-236.72,90.81,-333.57,-80.767,30.349,162.1,-229.06
-5.1962,7.1782,-10.99,-36.023,193.74,78.884,-95.808,185.48,200.33,101.54,-132.97,15.958,-16.514,-262.13,5.1962
5.1962,16.714,-3.2452,181.23,-421.61,446.19,-61.061,74.085,-205.61,64.814,500.27,-759.72,-20.225,0,0
-1.1193,32.836,-325.83,-28.596,63.981,108.56,-79.702,-106.05,2.619,191.1,-106.8,208.78,212.39,-144.14,1.299
0,0,0,0,-336.67,145.11,-187.47,-69.567,-33.188,284.47,-733.7,-17.615,-28.552,0,0
0.86603,196.85,3.0114,-3.7386,-76.799,-153.08,196.68,146.95,-44.519,71.44,33.182,-437.88,-22.041,0,0
-4.3301,-1.2679,0.81699,-487.87,-48.582,100.07,288.26,-132.86,194.56,158.22,14.874,163.08,95.725,116.87,-196.41
0,0,0,0,70.911,198.77,-44.282,-272.36,-55.417,627.35,267.6,-190.68,-26.473,0,0
-3.0099,22.18,5.5506,-203.6,207.64,0.9976,-111.13,344.73,98.085,-103.75,-96.311,-44.029,153.33,-269.49,-8.8818e-016
2.1651,10.141,-3.2386,-354.7,-291.74,-283.55,108.64,-29.719,-615.96,286.28,472.99,-269.86,-27.855,0,0
0,0,0,0,-461.66,451.11,-221.3,-79.654,-169.34,-389.21,149.76,-347.28,-26.584,0,0
0.43301,-9.2386,-8.5,253.04,0.38101,-182.85,184.42,506.6,-247.45,90.893,-419.26,9.672,-148.03,0,0
0,0,0,0,-393.05,248.22,72.718,-109.83,174.81,-125.21,-19.331,-15.424,-203.39,0,0
0,0,0,0,281.12,382.99,101.91,106.93,432.71,152.93,-483.54,-62.081,-29.513,0,0
-6.9282,-4.1095,-1.5179,-3.5562,205.85,130.48,43.214,-111.98,-281.55,174.11,-201.87,-49.947,-208.14,0,0
-7.7942,-9,-2.0359,384.2,200.03,63.742,-226.22,266.6,153.34,-249.79,25.183,93.796,-41.375,-194.17,0.69199
18.113,11.794,8.4252,380.52,-111.91,124.35,-267.19,-8.2135,194.84,-46.342,260.56,301.16,-230.42,0,0
8.3008,5.1265,-178.12,115.19,-776.85,718.94,-174.32,279.21,161.55,-252.23,6.6407,99.429,82.645,-47.382,2.5981
0,0,0,0,-160.56,-872.36,297.66,-423.92,-470.79,711.86,-637.78,9.4736,-20.077,0,0
0,0,0,0,-255.71,-216.96,-82.039,541.03,-308.85,213.32,-396.26,-4.703,-18.791,0,0
5.6292,-0.055608,-11.179,45.742,-231.92,17.026,97.793,-43.226,89.285,-22.147,228.49,89.453,-90.542,0,0
-5.6292,-4.7925,0.70753,-247.55,-43.122,-11.223,-85.878,436.5,724.16,-274.02,84.102,223.96,-95.321,0,0
0.21651,-3.6136,-12.619,-26.384,-147.56,100.44,-282.38,-138.06,-63.108,-221.48,-86.04,136.9,-232.25,0,0
2.1863,19.058,-340.46,208.43,490.57,-64.262,55.213,-8.4888,388.67,188.22,113.56,-120.72,-150.1,0,0
-18.187,-6.7728,1.5,-169.5,-35.829,23.229,-62.607,150.34,115.55,-45.612,-10.467,-106.68,-24.047,0,0
-11.258,-1.6878,3.3415,-502.31,459.75,-324.63,-80.161,36.693,-123.47,227.55,28.688,45.149,-120.57,0,0
0,0,0,0,-819.88,224,-446.1,-88.839,297.75,-425.55,-40.828,12.201,176.23,-40.772,-7.2296
0,0,0,0,-315.65,508.13,-151.55,-223.18,-129.43,-315.25,153.14,-67.596,-21.487,0,0
-28.405,-13.353,-0.61515,-330.98,353.46,5.3946,-92.595,280.16,147.21,-299.78,-13.046,20.297,-79.135,73.214,-193.56
0,0,0,0,-477.39,443.21,44.322,-140.1,80.441,182.71,-99.865,-83.992,-19.614,0,0
1.3514,-6.86,170.05,-80.138,97,-116.13,-579.07,291.26,442.68,-510.54,3.567,-12.342,-262.57,0,0
3.9183,25.082,0.17797,117.7,11.289,-182.51,326.76,632.52,15.449,-91.212,-105.87,-18.87,75.038,-154.85,0.92404
-13.423,-1.2614,-519.89,-33.03,-191.41,-38.132,-55.605,-53.579,99.591,-86.008,-17.889,-326.5,141.07,-40.772,-7.2296
6.4952,-4.4282,-19.397,114.82,357.9,58.453,-93.911,-40.899,-389.33,180.04,-573.69,-140.01,-22.335,0,0
-12.99,-7.3529,-15.879,-181.42,200.01,352.65,-13.56,-52.97,-30.574,-3.578,-52.215,47.113,-133.66,96.681,-192.34
-10.825,2.7877,-19.118,-536.12,-31.898,-156.98,21.296,-158.21,54.384,-87.957,-551.15,-59.879,-22.009,252.64,-322.25
18.366,24.254,10.449,-458.88,97.264,149.17,-27.707,-70.038,-149.09,40.726,-215.86,509.8,-322.51,0,0
4.3301,-17.234,-14.176,-287.13,31.127,290.99,-132.77,136.8,-114.18,296.08,101.49,-231.44,-24.348,0,0
-3.8971,-22.185,-267.94,127.77,-245.75,9.4606,55.019,168.21,163.29,-125.22,-3.2434,-87.852,381.97,-87.776,-8.9617
-2.1651,15.196,6.5,-681.64,-14.265,96.51,231.55,81.941,200.25,263.38,-283.49,32.242,-95.213,343.91,-410.84
-9.0933,-6.6274,-338.23,208.08,272.82,-391.56,27.363,-61.055,-25.366,498.61,-177.82,-125.54,401.18,-95.371,2.8358
-12.99,-7.3529,-15.879,-181.42,569.83,44.448,11.733,-207.53,124,47.891,221.62,136.33,-140.5,0,0
7.3612,23.33,11.652,-338.59,206.95,227.54,77.845,-284.43,68.017,-16.275,228.47,188.61,-340.58,0,0
-5.0589,10.429,-6.8914,-577.35,331.63,-260.48,-49.803,-181.4,-246.91,393.36,241.13,-140.14,-23.686,0,0
4.7631,9.549,2.3104,197.76,239.66,370.81,184.6,0.23345,-160.26,-336.25,417.81,-374.3,-26.508,0,0
0,0,0,0,-245.65,-797.26,340.5,26.395,-55.423,590.93,-19.272,-54.729,-26.362,0,0
-3.8971,4.1471,-246.61,-21.485,95.526,-91.107,-35.032,29.361,193.53,-169.08,-31.78,-6.7859,180.71,-68.55,-1.299
4.7631,13.482,2.9019,-73.546,-69.795,-714.49,102.28,-402.93,-218.35,217.49,-461.63,-35.395,-47.654,0,0
-3.4641,5.3481,-2.5311,-602.25,-61.22,155.59,26.072,24.762,155.96,348.06,-146.54,29.631,-21.96,255.33,-320.8
6.9494,12.545,2.3251,253.2,-311.35,-43.233,168.11,332.21,-57.267,-193.1,-26.381,-10.004,-85.146,-147.18,4.7631
-2.1651,-0.63397,0.40849,-243.93,-523.32,-30.598,466.84,-32.004,-97.282,-161.47,42.17,-3.3208,9.7096,167.55,-299.72
9.9593,-7.1848,-13.507,-26.515,-72.167,-328.47,217.97,384.15,113.78,-4.2955,102.4,42.715,-88.312,-120.37,-1.9061
-11.691,-7.8954,3.866,-167.45,235.27,269.82,-258.4,273.46,-322.83,207.55,2.33,-473.73,-21.794,0,0
0,0,0,0,-232.86,-186,-47.818,43.094,-63.478,-271.86,123.69,143.13,-64.136,0,0
0,0,0,0,-430.74,512.48,128.63,-5.0646,119.5,711.3,-520.14,-12.35,-21.299,0,0
0,0,0,0,-276.31,374.4,-266.61,-9.3192,-18.279,-17.221,348.1,-392.34,-30.017,0,0
1.7321,-11.538,-5.75,93.704,-402.22,142.85,-143.64,-49.972,104.55,414.28,314.64,-241.64,-20.142,0,0
-0.25897,4.663,-9.1708,-233.15,309.09,267.93,76.347,-141.07,-307.28,150.48,194.47,-155.17,-23.694,0,0
0,0,0,0,-476.99,-17.991,271.8,184.05,19.759,-269.49,-228.18,-7.8708,-21.375,0,0
-7.7942,-5.9264,0.43301,-257.86,-358.51,204.38,-133.29,-150.02,-85.512,268.79,235.06,-61.44,-64.751,0,0
0,0,0,0,-209.74,365.89,57.382,25.532,527.23,303.88,-262.22,131.68,-232.19,0,0
2.5981,30.441,13.706,79.551,-472.65,100.88,182.31,-112.56,363.23,151.09,-990.53,8.9584,-25.486,0,0
4.3301,20.281,-6.4772,-709.39,327.14,97.565,-5.27,-21.167,156.1,-373.2,69.064,74.062,-108.92,215.66,-320.1
2.5981,3.201,-9.1226,-587.18,305.65,-270.6,123.42,81.634,-214.93,-80.496,387.54,-286.84,-66.797,0,0
-10.82,3.0197,-357.9,99.49,196.39,7.4264,-179.63,-155.76,23.832,278.23,151.99,45.939,75.216,-94.006,-3.4641
-6.4952,-12.781,-9.134,-243.21,85.956,-133.72,-109.73,369.65,9.0895,290.61,360.07,-236.84,-205.46,0,0
-5.1962,8.6962,3.5,-352.25,269.46,166.44,229.15,-7.4611,-317.06,204.44,192.35,-691.64,-26.195,0,0
1.299,14.031,7.451,-680.51,838.78,-94.913,-71.011,144.55,-121.32,209.92,320.44,-161.98,-21.785,0,0
0,0,0,0,-272.22,822.47,206.24,159.76,-9.2953,278.26,-275.69,-38.035,-19.03,0,0
4.0344,3.8448,-7.7889,253.57,-208.41,230.6,-127.08,-15.402,-20.625,196.03,148.82,-162.43,-37.628,0,0
0,0,0,0,133.47,-51.786,-140.29,-50.964,-153.62,649.03,40.61,-309.13,-16.919,0,0
-2.1651,-0.63397,0.40849,-243.93,-162.19,-17.537,-5.0939,-98.263,304.89,484.41,-153.07,93.448,-172.69,0,0
-16.454,-0.72372,5.384,-85.307,246.08,32.643,-36.826,-261.31,56.217,329.1,240.83,-43.184,-66.318,-29.722,-0.6863
0,0,0,0,-243.45,549.09,-195.66,434.17,460.53,-62.613,-65.663,-37.052,75.132,-70.118,-7.7885
17.394,18.517,-3.3595,-19.173,632.6,73.651,-115.13,173.1,-596,3.1321,199.96,-49.615,249.91,-76.725,-2.4183
3.0311,6.5,3,-329.38,-139.72,107.42,-205.72,53.284,31.683,-227.54,5.2529,-36.502,74.894,169.82,-234.78
3.4641,-8.9707,-10.482,-398.28,104.64,82.305,97.54,-131.61,-151.57,-90.649,-34.287,-278.72,71.862,-393.76,-19.053
-22.084,-3.6077,2.5736,-180.38,88.715,361.64,185.14,-251.27,-78.711,81.106,-80.55,-389.31,-21.818,0,0
4.7631,-6.1357,-8.6944,211.43,-177.28,-35.206,2.132,-370.17,-26.363,7.1896,4.299,143.22,-28.828,-188.75,3.0311
0.86603,-10.654,-258.34,132.02,-135.19,-576.37,291.1,437.62,-145.47,-4.799,101.04,-23.921,250.14,-70.434,-0.86603
14.728,18.641,-263,149.52,-119.42,211.28,-72.026,-182.57,36.551,-35.662,385.84,-15.022,53.002,-55.902,-2.8514
-15.588,-6.4444,12.642,-198.8,358.09,132.46,158.87,-152.66,-16.317,215.43,-57.709,476.52,-202.59,0,0
-3.2476,3.6071,-2.6438,-223.66,259,26.808,-9.1764,177.3,-54.737,91.663,164.08,-208.72,-16.763,-194.17,0.69199
2.1651,10.141,-3.2386,-354.7,33.438,408.68,-210.6,248.34,121.76,24.593,-305.93,82.974,-80.94,252.64,-322.25
0,0,0,0,-248.68,449.67,257.25,44.464,-20.395,-1.0351,456.07,-368.57,-23.246,0,0
-3.8971,-11.299,-15.288,-66.329,57.728,200.33,35.407,-119.93,159.63,-195.48,86.2,-585.57,-22.624,0,0
6.9282,35.526,16.938,68.404,-53.105,122.19,34.344,-98.733,297.41,-525.18,67.595,-11.489,-22.984,-190.31,3.6226
-7.7942,-5.9264,0.43301,-257.86,184.21,139.9,-9.4282,-142.46,51.008,-364.69,-38.214,129.01,-34.54,-25.556,-114.32
27.713,6.3332,-258.08,-17.971,-33.521,180.49,-35.29,-98.222,203.75,-123.09,-42.4,-3.9689,173.94,-47.382,2.5981
-14.289,-5.3529,-264.54,-102.16,-126.23,248.85,-60.986,-336.81,200.64,274,-213.79,-2.951,245.48,-70.434,-0.86603
0,0,0,0,118.09,151.77,-142.74,-26.175,323.6,-453.33,-102.43,48.572,-205.71,0,0
-6.907,-1.797,-185.6,158.1,-8.321,-3.8826,-35.995,71.612,339.53,1.5121,241.56,-106.92,-61.725,0,0
1.5155,-16.444,-14.381,91.242,348.22,125.87,-82.856,-178.19,-281.63,32.153,474.21,-179.48,-208.32,0,0
0.86603,4.0245,-179.31,156.62,383.25,-327.66,-86.582,561.13,-371.3,261.64,-197.19,-12.743,-148.28,0,0
12.13,25.781,-83.06,-402.33,-112.78,470.93,-63.414,87.901,-198.99,-204.78,294.05,-57.811,-279.93,0,0
6.4952,14.415,-1.5197,42.862,74.642,255.49,262.24,388.42,-48.53,-44.173,125.05,-32.37,60.509,-149.48,-4.5834
5.6292,9.701,-6.1226,-916.57,392.53,-255.21,427.06,-64.648,459.37,10.521,-1.9053,-4.9282,-88.744,182.25,-320
-5.1226,-5.7329,-16.73,144.62,-124,144.12,-365.43,390.72,-396.04,-18.345,1.201,-65.397,-13.409,-147.18,4.7631
0,0,0,0,-130.13,117.7,-154.09,33.705,-269.17,559.38,76.387,-352.08,-24.975,0,0
-6.4952,-3.4869,7.8595,-256.6,351.73,75.153,-17.153,-147.97,-53.962,306.7,-268.05,27.636,-82.862,-73.379,2.1651
-0.43301,10.379,-1.6537,298.05,51.837,-16.525,53.326,-168.79,156.14,24.631,220.15,192.72,-159.57,0,0
-16.887,0.70929,-248.37,-348.46,-114.44,158.56,39.443,127.93,45.224,30.1,179.17,397.68,-185.41,0,0
1.3415,-15.896,-14.07,202.11,453.25,-608.28,266.76,292.91,-175.51,59.415,-217.33,469.68,-495.6,0,0
-21.651,-2.1992,7.5311,152.56,267.62,-65.082,-49.672,-165.81,46.111,43.644,-72.594,-48.907,-14.02,-188.75,3.0311
8.3008,16.89,-5.134,-668.46,94.175,46.993,6.0882,142.65,34.814,150.12,-314.96,88.307,-7.8008,-26.665,6.3522
-6.474,8.3077,-1.9674,-36.428,-66.311,-305.73,149.92,186.91,277.49,361.92,-166.16,-166.23,-22.96,0,0
-5.1962,8.6962,3.5,-352.25,173.02,535.5,-138.77,-32.571,-79.953,292.07,691.41,-229.05,-30.073,0,0
5.1962,18.464,8.0849,46.208,38.183,-54.505,395.93,-287.56,32.336,68.467,-421,196.01,223.9,-66.953,-9.3947
-11.691,-7.8954,3.866,-167.45,81.389,242.24,155.46,-120,-365.63,45.144,-470.01,9.8415,-16.714,0,0
0,0,0,0,-251.86,106.7,436.27,-82.836,133.75,297.27,-200.73,-28.636,-31.091,0,0
0.47548,12.661,-331.37,-58.616,200.32,-127.33,-114.66,105.48,311.68,-111.39,107.66,414.75,-185.31,0,0
-7.7942,-5.9264,0.43301,-257.86,118.84,-137.57,67.721,63.268,-115.05,64.024,-98.268,89.465,-268.09,0,0
-2.1651,12.41,109.18,22.328,-232.04,-218.27,15.087,236.41,124.09,336.45,-174.15,11.4,-275.1,0,0
-5.1962,8.6962,3.5,-352.25,-97.635,66.755,162.76,272.52,-127.08,144.79,-28.852,-10.647,-67.194,146.59,-195.72
0,0,0,0,15.611,-268.78,319.36,-218.72,384.26,-470.49,-72.261,-171.03,-27.067,0,0
-7.7942,-5.9264,0.43301,-257.86,114.43,-6.7865,191.02,316.24,-293.24,-161.52,-28.548,2.6944,-3.6345,73.214,-193.56
4.7631,-6.1357,-8.6944,211.43,-326.99,267.33,290.77,-200.91,-543.14,68.315,-129.63,49.159,-78.477,-190.31,3.6226
-0.43301,2.9085,5.8481,67.176,266.46,121.81,47.504,226.18,301.13,-210.83,117.97,-5.7567,-21.287,-240.13,-5.8032
1.299,7.8905,-11.428,95.771,-138.14,-9.7619,23.706,392.48,-14.951,-213.54,69.006,-105.78,12.279,-188.75,3.0311
3.8971,5.683,9.6405,-391.83,136.57,130.19,-57.212,30.239,-236.23,-145.98,92.367,-41.553,0.33013,247.33,-320
-18.62,5.3319,-588.94,332.42,175.56,-88.342,65.356,31.725,-219.24,118.34,108.83,375.53,73.358,-69.373,-3.0736
-0.86603,19.91,12.036,-335.37,65.244,136.27,130.19,-85.175,-146.04,32.976,11.887,-209.65,-226.4,0,0
1.299,-9.1471,28.489,106.96,-383.47,222.18,-82.645,-77.531,-61.935,152.47,-643.87,183.11,-257.06,0,0
-5.6292,-4.7925,0.70753,-247.55,57.939,122.94,-166.92,136.92,205.72,-247.45,107.48,170.05,-92.047,0,0
-9.0933,-15.257,-433.49,252.42,20.869,47.682,208.86,185.45,94.131,-268.44,156.25,-287.63,-70.054,0,0
21.656,44.477,19.644,-78.06,-6.7935,182.93,-1.6326,72.584,88.962,103.1,-311.08,-335.82,-22.85,0,0
-7.3612,17.984,-151.3,-125.17,47.515,-138.57,-115.71,151.69,174.01,-10.42,-39.017,159.77,-91.936,0,0
-4.3301,11.379,-3.8792,-250.63,-85.415,-110.72,199.95,-63.719,237.25,66.353,-388.66,29.004,15.614,-160.4,11.306
-5.6292,-3.5179,-107.41,48.595,-2.3171,27.272,-104.84,40.823,350.73,214.13,-135.07,25.647,-172.44,0,0
-6.4952,31.071,31.879,214.23,197.89,66.099,-301.74,121.93,-209.5,-23.312,57.535,-395,-209.37,0,0
-2.1651,-17.904,-32.843,57.789,-78.994,193.23,-17.983,-44.742,-72.25,28.653,-430.49,1.2348,-172.5,0,0
13.856,14.902,-5.6112,368.58,247.68,112.53,260,-207.18,127.35,-3.1966,-223.43,141.04,45.853,-146.55,-4.0712
-11.691,-12,-175.31,-291.9,175.65,81.356,-41.578,-174.14,-171.78,213.06,-235.32,80.438,174.4,-69.373,-3.0736
1.7321,-2.1046,-254.7,-14.503,83.417,-40.959,-95.875,39.214,156.99,-435.8,67.379,82.744,-167.3,0,0
2.5981,30.441,13.706,79.551,-43.621,190.74,205.59,-62.486,264.95,-60.813,414.53,-79.798,-175.17,0,0
-10.825,1.1782,-406.36,86.688,73.034,162.65,-21.381,-16.234,-64.099,23.771,-249.47,-554.81,-25.325,0,0
0,0,0,0,32.252,-192.53,651.85,-564.28,-21.057,93.398,-304.48,-188.54,-22.074,0,0
4.3301,43.655,29.755,-5.4403,132.01,16.876,43.58,-123.07,123.41,76.035,332.68,30.403,-200.83,0,0
6.9282,35.526,16.938,68.404,185.91,-229.76,9.2027,87.201,172.95,198.46,285.63,-167.35,-46.76,0,0
0.88726,-1.8035,-10.333,317.49,-121.79,-111.08,152,-36.813,191.56,-60.877,-403.99,-25.313,-206.02,0,0
-2.1438,6.4237,-155.85,112.17,77.5,20.762,-73.339,-90.5,489.32,48.185,-27.126,-17.745,-231.44,0,0
1.299,3.433,0.29247,159.51,295.25,135.44,-169.48,-242.01,38.186,129.93,-35.074,-32.634,-169.28,0,0
-6.474,5.4417,-414.81,-61.977,-1.0078,-38.594,76.901,-143.47,63.18,126.88,350.68,-173.78,239.51,-68.368,-2.4028
-30.744,-9.8021,-99.512,2.7354,-61.965,257.54,-406.59,121.65,-92.679,236.73,262.73,68.32,-236.58,0,0
2.2386,11.256,-425.95,-129.66,-31.383,166.86,32.423,-165.39,329.7,410.11,-52.648,22.481,176.18,-68.368,-2.4028
5.2697,2.7916,-1.8463,-443.8,281.85,15.687,-188.19,39.833,174.44,163.75,-263.59,-49.804,-114.64,0,0
-11.258,8.8678,-4.8367,8.738,31.255,411.86,66.395,65.532,-465.23,439.49,182,-347.19,-18.939,0,0
0,0,0,0,262.89,225.56,104.14,-268.68,-37.914,-105.38,22.976,-0.3726,75.638,-19.064,-1.7321
10.899,-8.3687,-339.03,254.18,-337.16,44.332,246.84,-7.2376,-231.93,199.35,-397.04,118.25,213.66,-68.368,-2.4028
-16.454,-13.786,-9.8415,55.975,505.8,-97.796,162.53,202.85,-434.21,168.51,222.46,-86.699,-169.7,-239.41,7.0867
-5.1962,2.549,-363.57,211.89,-237.87,126.51,119.36,-111.4,-7.4072,123.26,313.33,33.59,177.44,-76.725,-2.4183
2.5981,8.6405,13.507,-724.49,174.86,130.67,331.28,-176.97,-138.8,152.98,351.2,-305.98,431.08,-121.55,0.67075
-9.0933,-6.6274,-338.23,208.08,-70.801,183.33,77.951,-42.312,-145.5,-149.62,298.01,-63.061,351.04,-87.776,-8.9617
9.1668,10.066,-9.683,31.791,22.799,47.461,155.01,-75.522,238.38,429.75,-181.42,-16.819,-25.948,-190.31,3.6226
-5.6292,-4.7925,0.70753,-247.55,168.28,281.04,184.6,-7.5553,-388.12,187.14,377.36,69.837,-93.647,0,0
-5.6292,-4.7925,0.70753,-247.55,412.1,139.99,313.61,-54.893,30.725,265.34,8.552,-9.1445,89.135,-48.921,2.0915
0.86603,-7.7141,-169.13,-35.573,110.77,-12.469,200.09,-43.118,-60.061,109.08,8.5016,-454.62,-46.135,-26.665,6.3522
-4.2084,-8.404,-1.817,-244.16,819.74,26.667,-281.76,51.429,-182.69,-46.271,-235.7,133.04,-113.68,0,0
-31.536,-22.932,-7.2596,-267.83,86.506,102.26,-70.528,-191.27,-148.61,239.65,39.676,-217.3,94.919,-154.85,0.92404
-6.8546,7.1103,2.1962,-568.71,123.76,39.396,-137.46,-30.852,-174.79,243.16,-86.08,-85.569,-25.199,0,0
6.5009,17.214,-7.032,-921.07,362.21,-127.69,68.118,-149.62,206.64,143.42,95.339,364.58,-164.66,0,0
-7.7942,-5.9264,0.43301,-257.86,354.81,206.42,307.52,-138.39,-168.55,202.23,488.84,-217.5,-28.366,0,0
-2.5981,8.3546,-499.83,-136.66,184.98,42.611,-3.0318,45.195,201.79,-21.461,148.42,-5.6516,173.7,-69.373,-3.0736
-23.816,-14.297,-40.075,-128.83,214.01,234.25,-2.0458,-95.733,71.608,29.319,-68.303,239.23,-221.29,0,0
-3.0311,4.8056,6.201,-47.662,301.28,4.1872,-118.92,78.063,56.905,-122.72,70.622,4.7098,-334.64,0,0
-9.9593,1.8678,-249.34,-359.33,347.46,-130.71,-201.66,-127.37,7.995,-144.99,-5.7781,94.228,-563.05,0,0
-22.084,-3.6077,2.5736,-180.38,95.973,485.14,-43.792,32.349,-60.141,103.7,139.32,-557.19,-22.204,0,0
-0.86603,8.299,-17.069,5.2845,-457.28,38.291,-95.865,205.06,76.816,356.77,-181.95,188.3,36.389,-216.49,1.4575
-5.6292,-4.7925,0.70753,-247.55,-43.013,198.47,-22.139,-143.15,160.41,-324.93,6.0981,-177.58,-13.721,0,0
-6.4952,-1.2255,-1.3349,275.62,-339.82,-96.753,-410.76,-42.055,158.83,-176.75,-19.367,8.7123,-18.231,-194.49,1.1405
-5.1962,-13.007,81.925,218.35,-47.732,-71.817,388.57,224.7,22.685,167.66,-291.78,16.289,-208.77,0,0
-3.4641,-11.312,-10.279,225.86,412.15,-42.933,-401.76,-126.04,-78.129,165.32,-103.67,-4.0687,90.7,-196.73,-11.332
-1.2141,11.111,-509.56,222.74,-398.19,184.64,-129.02,99.513,221.52,15.901,-222.03,-2.4304,239,-68.368,-2.4028
4.7631,3.7859,-5.384,163.9,-69.868,6.2232,311.22,117.07,17.526,-113.73,111.86,-135.02,-208.56,0,0
9.0933,5.3529,-7.9216,170.83,-4.3546,-43.913,-158.2,496.98,206.22,-539.03,18.985,-51.176,38.984,-240.13,-5.8032
-2.1651,0.024519,222.94,92.082,-80.887,28.102,-128.9,-197.03,40.898,-42.337,88.243,-166.07,-203.74,0,0
4.3514,-4.0499,-5.9444,561.73,-21.625,-22.541,-195.31,134.34,117.7,15.699,303.59,-123.86,-16.258,-240.13,-5.8032
-11.691,-7.8954,3.866,-167.45,380.01,18.223,-340.27,-245.13,62.499,535.36,-181.19,-8.7129,50.468,-40.772,-7.2296
14.289,-4.5263,-16.788,103.17,-295.48,309.93,192.28,-253.55,362.38,71.625,-158.16,-205.52,-23.976,0,0
-10.392,-20.971,-10.163,-4.6836,203.77,-169.69,239.9,93.358,-263.87,76.796,24.793,-20.725,-74.375,-194.17,0.69199
16.454,5.6143,-20.026,-251.52,350.76,206.58,-564.06,78.814,230.74,16.543,-391.56,7.5962,67.936,-216.49,1.4575
-11.258,-1.6878,3.3415,-502.31,514.03,138.74,-278.52,220.94,521.5,172.51,-250.19,-28.799,-22.12,0,0
0,0,0,0,-286.11,458.92,-124.67,80.357,-377.14,377.89,-34.908,-112.44,-27.413,0,0
0,0,0,0,2.8577,-430.11,335.25,156.24,-326.36,748.65,-246.86,41.388,-28.967,0,0
-17.754,7.1423,-254.9,-312.1,222.56,42.944,93.714,-205.61,320.56,155.15,-359.29,34.178,-206.23,0,0
-6.9282,-3.0179,-421.91,340.46,-449.03,-14.363,45.239,30.487,10.315,37.132,-295.01,266.48,-94.944,0,0
0,0,0,0,-153.5,491.88,8.3317,-152.15,-95.173,375.85,494.58,-218.53,-24.305,0,0
0.43301,9.5131,7.6699,129.56,-111.71,146.13,-91.956,-108.9,343.41,190.07,-131.4,28.557,-172.1,0,0
-2.1651,4.2386,14.982,-63.996,670.55,265.66,-11.202,-136.67,-407.5,226.94,-608.38,90.758,-130.8,0,0
-7.7942,-5.9264,0.43301,-257.86,-30.143,64.925,94.554,-82.663,394.47,246.7,-140.21,-170.79,-25.03,0,0
-10.825,-6.9934,-186.38,292.48,7.8163,-294.58,-23.167,128.54,-114.15,225.56,205.69,-93.328,-26.329,0,0
5.7027,10.133,-147.28,-336.78,591.1,64.346,-193.06,-36.196,-452.42,447.28,550.3,-272.29,-207.52,0,0
-10.392,-4.5359,-14.879,-518.51,432.86,67.303,-44.541,70.432,5.1373,13.267,-386.16,-140.71,-62.131,145.78,-195.8
-9.5263,4.9462,-255.4,-289.23,122.74,246.1,-101.93,11.841,70.079,-41.068,466.54,363,-58.048,-47.003,-1.7321
6.0622,-17.6,236.33,68.178,15.908,-42.485,210.52,121.81,-432.56,120.75,290.49,-347.98,-205.39,0,0
-8.2272,-334.1,-5.5174,113.64,-607.53,114.8,273.69,-207.68,-339.87,109.68,448.45,-113.89,-94.266,0,0
-5.1962,0.6226,24.552,50.088,-751.44,177.74,155.94,-93.873,-91.558,477.14,-22.775,-681.66,-27.325,0,0
1.7321,-11.538,-5.75,93.704,172.27,-329.76,480.62,-145.05,-106.85,481.87,47.857,60.682,-68.006,0,0
2.1651,10.141,-3.2386,-354.7,-158.63,253.26,-7.3047,-47.384,123.59,356.26,378.41,-190.85,-20.707,0,0
0,0,0,0,251.38,-756.8,261.99,-153.23,103.53,-235.92,180.46,-447.78,-25.286,0,0
-0.86603,-3.9575,104.61,-72.745,-292.45,136.39,313.16,-10.225,-84.903,425.9,151,11.848,-171.69,0,0
-2.1651,-172.25,220.79,-61.456,38.68,-329.43,58.28,67.546,-190.95,-11.445,170.85,176.22,-133.72,0,0
-20.214,-94.331,-10.653,-480.22,362.52,130.1,-133.27,-8.4994,-100.98,-35.404,67.876,-519.25,-25.731,0,0
-5.8457,-15.906,-268.49,-7.458,428.94,-137.22,-56.534,-215.11,233.52,141.2,-470.45,-0.55922,108.46,-40.772,-7.2296
0,0,0,0,-674.49,218.03,6.9102,-147.53,2.2909,455.4,209.74,-168.6,-24.31,0,0
-29.308,-9.0018,0.50569,-678.6,-269.11,250.82,41.45,-120.62,-220.82,157.15,567.22,-209.13,-27.176,0,0
0,0,0,0,174.1,275.17,41.648,-125.55,68.547,292.03,283.12,-391.61,-21.989,0,0
0,0,0,0,466.64,-175.92,1.1919,98.912,-123.03,459.08,49.713,-457.14,-30.636,0,0
-15.018,-0.81402,0.16418,-505.67,-109.37,176.12,78.601,123.65,-194.26,-245.58,-187.34,182.58,-132.87,0,0
31.183,23.072,0.79159,-591.22,-20.663,-66.803,-5.9705,32.156,-150.97,696.6,2.01,-222.16,-29.949,0,0
12.209,8.8134,-167.74,51.364,239.28,118.65,3.7793,15.08,-29.776,-246.33,136.11,-133.19,-70.38,0,0
-1.2566,-1.1262,-0.9363,-491.35,-88.643,313.04,-54.367,-59.049,-48.579,107.28,42.115,226.01,-143.32,0,0
-21.08,-18.162,4.2509,-193.47,248.73,106.71,151.62,-92.937,-231.08,490.45,335.92,-301.82,-21.429,0,0
-7.3612,-7.3349,2.4821,-117.66,340.26,-61.93,46.822,-29.911,-30.975,428.53,152.31,-425.16,-27.983,0,0
-7.7942,-5.9264,0.43301,-257.86,555.04,272.03,76.687,58.068,-80.725,432.27,-433.56,-21.085,-204.24,0,0
-7.7575,19.769,-396.16,201.36,69.044,25.78,101.12,-71.692,18.429,8.0128,534.2,37.907,-530.72,0,0
-11.691,-7.8954,3.866,-167.45,54.351,262.88,-362.99,-46.349,3.2996,311.85,265.87,-566.92,-21.298,0,0
12.996,17.993,-12.952,-344.19,241.99,223.44,124.54,67.915,-143.4,91.171,-247.2,456.75,-201.64,0,0
-5.6292,-16.587,-15.377,21.174,18.244,18.28,16.987,130.51,-44.945,-0.66107,317.9,-129.82,93.636,-191.99,-14.03
0.86603,-1.6651,0.59808,-157.8,243.35,5.7892,87.413,-23.32,21.565,-48.751,135.07,17.429,45.944,-216.49,1.4575
-19.053,-7.6143,3.7745,-760.17,395.84,-92.881,46.483,57.185,-110.02,36.41,-91.758,-84.087,93.019,333.53,-442.19
-10.825,-11.768,-336.65,16.154,-369.4,2.1794,14.347,116.49,246.16,121.85,-175.63,158.98,168.44,-66.953,-9.3947
4.7631,18.123,-335.63,-185.41,15.561,84.553,90.961,68.853,104.45,2.8729,-302.6,8.042,412.27,-115.37,-4.1349
-5.1962,8.6962,3.5,-352.25,99.037,216.06,6.6912,243.08,312.84,-290.09,-1.5801,9.8792,83.462,227.48,-315.67
-9.0933,-1.4199,-6.4216,1.323,319.04,-26.931,-70.009,99.449,-110.64,123.29,-101.86,-6.3888,88.894,-196.73,-11.332
11.374,-2.244,-432.98,532.03,-113.75,161.59,-43.413,45.344,134.03,-145.86,37.942,272.58,-157.76,0,0
-1.299,9.5556,-3.7141,-573.99,373.53,176.31,-81.422,-266.72,102.01,158.49,225.43,11.558,38.102,229.15,-322.97
-4.3301,2.2631,10.025,-388.62,-285.21,109.83,138.41,-76.789,218.72,-79.292,-37.547,-20.599,-73.872,246.98,-317.48
-6.4952,-13.232,14.601,115.85,61.806,-23.024,196.14,118.27,-37.813,177.99,539.48,176.66,-117.14,0,0
0.0056897,19.685,-2.3065,-774.23,361.72,233.95,139.34,-85.541,75.808,144.82,-19.941,-409.47,-89.499,0,0
-2.5981,25.417,0.4492,88.309,208.73,190.11,-24.776,231.87,142.75,461.32,-188.25,-26.556,-87.528,-190.31,3.6226
-3.8971,1.7566,-248.1,157.53,551.01,-82.906,-8.7731,-130.7,229.51,-101.05,388.58,-158.6,50.746,-40.772,-7.2296
-9.5263,-1.4869,-339.96,229.14,-168.7,183.07,3.034,388.7,25.142,408.91,-433.46,-17.793,108.69,-40.772,-7.2296
-12.99,12.832,162.4,153.05,-243.03,85.454,-91.002,-160.36,470.98,178.31,-156.94,52.781,-231.44,0,0
-2.5981,8.1292,12.817,-73.844,-132.45,267.17,100.34,182.32,-515.4,103.11,-556.96,9.7226,-174.24,0,0
1.3203,11.368,-415.25,195.88,233.53,-18.264,-8.1735,-40.401,357.62,-74.708,-379.64,-8.6269,121.36,-76.725,-2.4183
0,0,0,0,-738.74,553.13,-156.81,-205.42,65.376,180.6,-369.16,351.24,-120.69,0,0
-6.9282,0.58013,-484.96,293.26,-154.47,132.74,-41.28,-20.218,162.38,-446.06,-34.325,-17.26,359.47,-87.776,-8.9617
6.0622,16.397,-331.78,153.05,-13.232,3.9429,42.106,-127.33,168.4,423.02,-256.14,126.34,229.95,-66.953,-9.3947
-3.4429,12.442,-425.21,14.924,137.69,107.71,144.05,-103.58,-342.46,67.553,480.67,-199.41,235.12,-68.368,-2.4028
-11.691,10.843,-345.47,114.42,191.69,-19.746,35.208,-125.69,164.24,258.86,-379.65,15.493,178.87,-68.368,-2.4028
-3.8971,5.0311,-163.13,157.83,291.03,57.996,29.107,189.79,-107.61,12.655,232.69,-180.75,94.016,-48.921,2.0915
-2.5981,8.1292,12.817,-73.844,221.86,27.365,126.29,60.582,405.16,227.55,-461.37,-12.195,176.27,-68.368,-2.4028
-38.971,-1.3673,-413.99,-89.865,228.23,-374.78,43.087,-72.588,-92.937,663.54,70.897,-281.77,175.97,-69.373,-3.0736
-9.5263,-0.52933,-5.3301,-133.92,-466.63,43.001,145.79,207.11,-173.09,101.03,101.11,-428.3,41.772,-49.344,4.2721
-9.5263,-1.4869,-339.96,229.14,-262.68,61.759,-7.7967,-240.21,91.434,54.865,5.9204,-304.35,215.97,-69.373,-3.0736
-10.825,1.1782,-406.36,86.688,-308.22,245.72,133.11,59.741,79.278,29.148,301.36,-68.302,171.36,-69.373,-3.0736
6.1471,13.904,-159.31,-232.9,85.238,198.24,-330.26,-125.66,-22.077,180.53,-99.497,-178.1,-68.253,0,0
10.392,20.757,-423.4,-30.767,170.39,-66.366,-8.8586,-152.73,27.414,200.37,227.84,-102.62,327.39,-95.371,2.8358
-3.8971,2.2566,-431.3,186.75,-20.976,-131.56,114.29,-148.94,394.06,-334.15,15.694,19.757,250.35,-76.725,-2.4183
15.588,-407.29,121.58,3.4689,-734.47,416.36,3.6469,-49.19,281.29,-115.9,-206.74,737.46,-245.8,0,0
-4.7631,-1.2434,-38.905,-236.72,241.35,-83.152,130.17,-240.04,31.587,160.99,110.34,67.998,-294.45,0,0
-8.2272,1.9707,-232.32,112.91,176.1,-74.344,180.2,-51.945,-78.482,251.76,506.39,-182.49,237.54,-70.434,-0.86603
-4.3301,7.7697,-339.57,-304.26,133.39,109.21,3.2878,-37.04,81.9,-21.619,244.07,-77.362,293.25,-100.16,-1.5523
-8.2272,-9.8595,-171.23,79.542,-638.17,486.58,139.44,-125.07,-8.0463,-73.734,224.54,-673.96,-25.77,0,0
0.43301,14.629,-409.69,137.91,-500.57,163.51,8.1696,-184.86,-92.405,296.38,-249.23,-17.763,226.61,-87.776,-8.9617
-5.6292,8.6357,7.2123,382.69,50.971,123.4,89.745,78.822,315.05,609.22,-159.01,87.832,-42.42,-194.17,0.69199
4.7631,-5.0377,-2.75,-235.68,266.5,-123.22,36.935,-254.3,-25.677,156.23,-133.59,25.28,64.433,-146.55,-4.0712
0,0,0,0,14.782,127.29,-68.149,47.355,-512.38,113.65,-69.674,14.627,-2.7631,-4.0351e-014,-4.0351e-014
1.299,3.433,0.29247,159.51,432.11,-208.53,31.541,85.564,118.9,245.9,-101.84,24.725,-80.055,-194.49,1.1405
6.4952,14.415,-1.5197,42.862,62.777,-85.946,-227.47,336.06,-189.04,-484.19,-76.808,-39.515,-17.757,-190.31,3.6226
0.86603,-10.654,-258.34,132.02,-193.77,-38.037,-85.932,24.366,276.6,90.729,-163.09,107.15,170.67,-68.368,-2.4028
-16.454,-7.2303,5.933,-238.68,174.95,131.13,-298.73,-248.3,84.863,-420.59,-56.409,-73.145,-62.564,-190.31,3.6226
17.394,10.754,-181.17,-115.56,103.49,20.001,144.16,-37.975,80.582,-483.94,-2.3355,-50.342,242.11,-68.368,-2.4028
9.0933,13.286,3.2811,358.26,-63.598,99.914,226.8,64.218,-48.931,-300.02,-23.53,66.15,90.81,-191.99,-14.03
4.7631,15.257,-329.99,-105.63,66.375,-323.79,59.538,-144.8,12.066,433.73,-199.95,-85.903,236.56,-68.368,-2.4028
12.124,-2.3253,-22.257,-108.31,202.77,-75.05,-121.28,206.86,142.5,-85.516,-79.929,234.49,-85.423,0,0
0,0,0,0,282.02,-5.5841,-64.408,-59.486,-70.501,213.83,-110.55,-3.6046,-202.13,0,0
-2.1651,-0.63397,0.40849,-243.93,-82.36,248.05,-108.62,-297.34,170.87,41.202,-414.02,32.618,-25.498,0,0
2.5981,3.201,-9.1226,-587.18,255.54,-248.16,-136.2,134,-116.91,123.99,316.6,-97.211,-89.249,0,0
0,0,0,0,-317.26,346.54,7.9587,176.73,141.08,493.62,265.58,-114.68,-20.906,0,0
-13.856,-1.4378,183.16,-252.49,39.876,-19.558,4.5309,-398.91,59.172,267.13,88.648,-351.6,-214.27,0,0
-0.86603,-12.062,-4.8954,482.12,-92.768,-206.2,-78.77,-225.11,190.51,101.12,-295.92,-173.74,-22.616,0,0
-8.6603,3.2452,-8.2518,-139.07,181.47,-185.15,-128.39,182.74,-98.826,-27.939,310.53,-315.87,-26.384,0,0
-17.321,17.564,-326.87,-149.32,90.098,-175.51,217.21,199.12,-248.56,116.45,-64.149,26.343,235.09,-69.373,-3.0736
-6.4952,-0.99343,-15.27,327.37,181.28,58.895,227.35,53.073,-229.36,-5.5867,-9.0915,1.6471,78.68,-155,3.0311
-6.4952,1.6292,10.433,-632.55,108.19,80.031,2.5979,211.97,-256.49,133.43,-0.40686,-44.512,-22.833,267.66,-335.25
-22.084,7.4479,-344.72,-91.735,45.452,-106.73,184.8,-79.281,424.06,537.99,-166.61,13.074,236.09,-69.373,-3.0736
-4.7631,-339.68,162.45,-118.65,-10.031,390.97,66.071,16.529,310.44,-74.697,65.576,197.53,-98.378,0,0
-8.2272,-11.067,-336.04,237.63,-341.74,34.198,127.09,-9.6374,143.7,17.66,-32.412,-12.441,110.87,-47.382,2.5981
-6.474,16.211,305.5,332.99,9.844,-111.63,-73.782,170.17,-55.629,261.08,-47.268,-323.24,-168.47,0,0
-1.2778,1.538,-354.91,198.31,243.79,49.599,-70.346,-219.01,-11.19,-47.25,-156.28,188.9,-8.6892,-97.134,3.0311
-12.124,-2.1208,-261.81,166.23,-279.68,217.01,-54.081,-6.3529,-142.53,-329.72,-53.491,-78.625,200.6,-70.434,-0.86603
-3.4641,6.0801,-325.24,174.63,-17.718,44.578,-7.8846,270.62,259.18,-118.08,150.22,82.395,175.6,-76.725,-2.4183
8.2272,12.366,-9.9593,398.99,-136.84,1.8498,212.92,166.79,-308.43,-75.888,-138.52,-121.19,-57.358,-193.14,-1.7321
-6.4952,-240.33,43.142,32.823,-30.35,-1.7762,23.351,-73.754,-114.24,117.46,309.29,-215.97,-85.173,0,0
-8.2272,20.624,1.1567,-159.24,226.03,60.255,-46.082,-131.63,171.5,36.655,197.77,385.21,-188.66,0,0
9.0933,4.4444,103.17,103.51,-80.258,-19.877,155.29,243.4,-694.7,157.69,-392.39,41.071,-204.64,0,0
9.6635,9.1127,224.12,210.63,132.29,114,-147.8,-77.846,-46.317,52.78,66.829,424.17,-201.53,0,0
1.299,6.8726,113.56,-43.96,-513.97,235.37,-143.77,-27.796,155.67,55.294,351.92,-385.52,-272.32,0,0
-5.1962,3.7566,373.01,165.66,-397.75,-93.374,156.51,-31.227,39.764,266.54,307.6,-524.12,-17.928,0,0
5.1962,16.641,-0.23862,-684.08,378.08,90.984,-219.68,-138.55,-153.91,134.11,620.73,75.2,-89.558,0,0
-5.6292,-4.7925,0.70753,-247.55,-26.273,139.81,20.235,108.98,-299.6,354.34,119.32,-83.342,-23.687,0,0
-0.57596,-5.6079,-516,-233.19,7.8784,-76.363,21.558,-245.53,-164.63,242.47,181.47,356.75,-185.04,0,0
-2.1651,-8.1405,-3.3905,236.92,4.6845,34.132,136.17,-158.57,-50.256,576.55,-363.1,32.544,-175.19,0,0
7.7942,1.1944,1,325.92,411.54,94.881,-87.881,9.4403,58.423,27.459,-50.701,-461.47,-20.37,0,0
0,0,0,0,18.32,-94.928,-241.85,2.5281,-134.75,296.61,-643.25,33.754,-23.212,0,0
6.9282,13.926,-8.6226,-190.8,244.53,117.43,35.748,-36.219,94.309,36.594,-572.01,58.709,-86.82,-194.17,0.69199
-5.1962,8.6962,3.5,-352.25,246.21,-52.698,106.41,82.273,89.807,338.08,-362.98,268.78,-104.02,0,0
8.7338,-1.8555,-10.804,183.21,-236.14,100.57,309.6,132.07,-122.4,-45.288,37.528,-81.239,75.719,-157.66,2.5188
6.0622,16.397,-331.78,153.05,-312.43,135.59,-177.18,140.45,95.658,171.33,-443.01,-156.11,438.28,-115.37,-4.1349
-2.2204e-015,13.129,-339.48,150.44,-228.85,126.52,-157.76,-49.07,-183.58,223.1,-68.645,19.268,311.74,-100.16,-1.5523
8.6603,6.2859,300.23,43.66,-7.7716,117.43,-63.513,141,-146.3,150.48,212.53,-37.505,-298.66,0,0
-1.1193,10.63,4.5616,150.9,-213.83,172.4,389.49,114.42,-45.999,-78.439,-7.3367,-61.603,74.51,-99.559,6.0307e-013
-9.0083,5.8008,97.252,30.089,-180.04,105.42,216.08,326.68,-271.97,-298.94,6.8726,-92.066,-307.51,0,0
3.8971,3.9934,-340.02,152.66,-253.55,-160.6,36.133,-106.48,357.48,283.06,-364.46,84.133,337.1,-87.776,-8.9617
-4.3301,2.2631,10.025,-388.62,-235.89,103.79,105.06,-140.03,-305.5,232.61,-341.27,-48.373,-51.97,0,0
3.0311,18.629,-243.04,-94.753,536.98,69.514,-328.72,104.41,223.45,-15.716,-150.13,55.521,86.015,-40.772,-7.2296
-2.5981,25.417,0.4492,88.309,226.28,80.407,22.157,7.1083,0.88189,328.15,-222.49,-136.13,-30.742,0,0
-1.7321,-8.0066,-269.68,130.76,-243.74,-143.41,110.13,118.74,223.25,41.126,-379.02,47.779,-76.509,0,0
4.3301,-10.843,-522.38,293.66,-36.178,-474.54,230.17,115.8,329.4,288.18,-127.03,-7.2916,326.82,-94.548,-4.5679
0.43301,12.714,-3.5801,411.82,35.497,-65.836,-40.989,32.758,91.405,153.88,220.11,-120.94,-89.339,-190.31,3.6226
6.9494,12.545,2.3251,253.2,-461.21,-158.01,-129.26,138.73,-39.712,-83.536,-86.987,-0.25017,174.58,-229.52,-4.1986
0.88726,-1.8035,-10.333,317.49,61.417,25.784,46.316,-36.316,93.493,-247.58,-1.6668,12.123,68.046,-231.46,5.1169
2.1651,10.141,-3.2386,-354.7,84.112,199.89,478.77,397.74,-1064.3,153.96,30.155,-140.98,-57.028,356.53,-442.48
12.631,11.859,2.2631,-125.01,126.26,19.395,215.66,-11.606,199.81,-118.2,113.18,74.348,38.285,-149.48,-4.5834
0,0,0,0,271.64,-9.5105,-38.007,579.35,-465.43,-53.67,-0.93958,-55.292,-199.32,0,0
-0.25897,4.663,-9.1708,-233.15,-286.54,95.612,390.08,80.268,155.17,-201.35,-11.725,-0.52933,-9.2766,246.98,-317.48
3.9183,25.082,0.17797,117.7,-115.97,163.77,38.761,47.618,9.8754,-190.53,11.142,15.086,4.7253,-157.66,2.5188
6.1357,6.7491,-1.8954,-313.76,331.3,78.674,-116.34,106.47,107.65,-384.67,-3.9808,28.841,68.686,-216.49,1.4575
6.4952,-4.4282,-19.397,114.82,329.7,194.1,150.33,-14.553,192.35,-106.51,-116.51,0.74437,-15.984,-240.13,-5.8032
6.9494,12.545,2.3251,253.2,-248.4,341.28,326.2,-114.59,105.34,-129.58,3.5305,23.035,29.649,-150.77,-4.8367
0.43301,4.3236,117.37,64.397,-308.67,107.28,-133.49,-82.606,392.49,208.24,-247.45,1.4689,-146.61,0,0
0.43301,7.5981,-11.044,323.02,89.967,166.62,2.6519,-75.06,-60.415,25.29,-221.8,-0.23862,74.919,-152.85,-2.6645e-015
-5.1962,-17.538,-149.11,103.01,-66.821,-33.609,132.99,-105.41,-46.795,21.633,-138.34,78.783,138.25,-46.454,1.3323e-015
3.9183,-7.7252,-254.66,195.87,-545.42,22.779,-93.543,-58.179,233.2,62.702,-308.1,-33.55,230.89,-70.434,-0.86603
7.3612,6.5245,-254.84,72.953,269.6,1.1479,-130.64,104.99,125.08,-317.19,15.842,0.20577,105.89,-47.003,-1.7321
4.7631,9.549,2.3104,197.76,-355.28,141.64,22.971,10.285,102.79,-95.537,-15.408,-22.796,-22.358,-126.11,-3.8971
-1.7321,-2.299,-417.97,136.27,-37.5,19.658,67.155,167.01,178.18,-284.5,20.821,25.922,169.63,-70.434,-0.86603
2.1651,10.141,-3.2386,-354.7,-63.425,162.45,-81.753,217.78,107.17,-175.26,22.599,93.215,-64.331,0,0
0,0,0,0,-45.738,221.81,88.376,117.17,86.765,-394.11,-21.832,119.64,-197.93,0,0
0,0,0,0,327.54,96.134,131.56,128.74,154.88,70.979,-299.97,-262.63,-25.859,0,0
6.0622,7.2255,-0.0065699,-217.87,153.89,-440.36,304.56,141.23,108.47,106.99,-339.74,-218.83,-25.131,0,0
4.7631,6.7925,2.433,162.42,41.398,-42.014,32.603,227.54,-55.08,252.25,-47.693,1.4826,-167.91,0,0
0,0,0,0,344.29,142.08,-143.79,-259.61,266.97,195.86,5.8907,-98.265,-26.529,0,0
0,0,0,0,472.68,-107.79,14.663,-65.729,262.79,46.018,-413.14,-282.18,-28.598,0,0
3.4641,4.8595,-330.49,-371.86,162.31,334.66,-150.15,55.106,100.17,140.38,207.16,-395.7,253.46,-66.953,-9.3947
-17.754,-5.5473,-3.317,-34.124,39.309,-53.348,-132.27,161.42,-28.752,49.193,-347.28,193.46,-97.23,0,0
2.1651,10.141,-3.2386,-354.7,160.45,-112.34,49.53,116.58,-20.654,309.14,-82.223,270.86,-96.873,0,0
-16.454,-6.5473,-487.34,216.26,96.03,-367.39,245.71,47.276,121.17,-26.212,-318.36,217.57,-93.683,0,0
-8.6603,3.2452,-8.2518,-139.07,-237.11,124.81,-176.09,137.65,-181.9,380.6,26.145,-25.002,-169.59,0,0
9.5263,3.5114,125.73,71.094,-18.052,288.77,-56.7,426.81,137.05,-19.366,-203.01,66.368,-233.66,0,0
-2.1651,9.4641,109.31,14.625,-415,34,69.032,208.49,192.04,154.93,-371.91,67.031,-230.33,0,0
0,0,0,0,130.09,53.532,5.0682,50.065,57.633,418.8,-278.72,35.065,-24.285,0,0
5.1962,18.464,8.0849,46.208,180.6,-37.341,-119.9,-158.99,-524.28,33.926,11.031,12.725,-67.544,-119.76,-3.8971
-24.434,-27.782,408.09,-107.6,-1.4052,88.642,42.639,116.19,119.95,316.81,168.14,-304.36,-209.39,0,0
-4.3301,2.2631,10.025,-388.62,242.9,-199.55,-22.707,125.59,-17.245,-31.546,-46.78,-34.787,-17.304,267.66,-335.25
-4.2084,-8.404,-1.817,-244.16,297.22,539.61,-112.88,-82.57,20.179,-155.33,44.551,122.78,-232.06,-47.003,-1.7321
-3.0311,-259.01,649.72,-25.243,147.81,127.92,70.763,-37.888,-139.81,93.328,-21.357,397.63,-182.05,0,0
-11.691,-7.8954,3.866,-167.45,40.209,99.802,227.81,304.22,-130.42,84.883,20.47,-0.33975,-15.91,155.35,-205.25
1.7321,1.4085,-253.31,73.447,-55.049,270.73,43.439,268.02,278.8,-16.644,80.184,78.696,82.835,-55.902,-2.8514
-6.9282,-4.0359,-0.13397,255.18,-234.9,-68.859,188.02,376.74,293.91,-114.99,6.1471,76.881,29.355,-188.75,3.0311
9.5998,21.238,-337.59,-36.553,-235.05,-75.984,-41.653,146.33,-109.29,50.646,-256.86,30.173,238.19,-68.368,-2.4028
-1.7321,-8.0066,-269.68,130.76,155.95,172.64,-240.02,239.39,-317.54,555.45,129.07,-271.99,-28.49,0,0
8.8818e-016,-241.1,148.94,4.6208,-44.893,-349.35,47.775,-45.915,300.04,-81.566,-76.75,-67.566,-24.556,0,0
3.0311,-3.4821,186.08,67.27,140.34,50.423,46.569,61.675,-529.08,320.48,473.84,-186.96,-145.73,0,0
-3.8971,-11.007,-258.96,138.91,-45.377,162.12,-45.821,23.472,141.39,400.1,-130.25,78.915,134.69,-47.003,-1.7321
-2.5981,-4.2745,-348.62,83.823,-75.455,66.891,-115.12,269.34,14.436,129.8,-241.86,-10.989,244.44,-70.434,-0.86603
-4.3301,2.2631,10.025,-388.62,-182.38,-158.17,-15.366,-101.47,90.934,124.25,465.71,-119.67,-24.289,0,0
-3.4641,6.0801,-325.24,174.63,36.324,180,108.05,-155.52,249.76,290.39,-122.09,109.13,126.92,-55.902,-2.8514
4.7631,9.549,2.3104,197.76,4.6519,77.511,-54.682,-120.54,233.53,-292.85,-125.43,116.83,-46.781,-147.18,4.7631
-4.3301,-338.58,57.092,43.778,49.69,123,179.35,-144.65,-344.47,207.11,56.604,262.87,-118.73,0,0
-2.1651,-8.1405,-3.3905,236.92,-336.46,-48.614,54.255,-59.023,198.86,73.458,-137.65,-21.725,-76.44,-119.76,-3.8971
-3.8971,-11.007,-258.96,138.91,-319.72,125.07,142.78,-3.3498,225.75,234.26,-227.85,-137.19,274.88,-66.953,-9.3947
-14.722,-5.3954,-346.5,-39.668,-28.918,-132.17,9.4984,-25.968,273.96,-78.5,35.424,-42.209,255.53,-66.953,-9.3947
-1.299,-2.433,-243.54,52.68,143.79,8.2315,83.066,-135.09,-188.47,243.99,-660.19,18.156,231.79,-68.368,-2.4028
0,0,0,0,-308.88,306.08,-347.64,-29.863,-111.29,179.32,7.9753,-331.11,-19.932,0,0
0,0,0,0,4.573,143.92,197.34,-13.113,-60.948,377.91,371.45,-418.59,-23.714,0,0
13.856,16.926,2.5849,-463.51,362.5,-366.98,262.62,124.09,-130.05,364.23,241.79,31.819,-116.19,0,0
-10.371,8.9237,-342.67,-165.49,180.76,257.55,64.196,75.104,109.93,-320.78,70.08,854.93,-300.26,0,0
0,0,0,0,45.656,353.94,-130.82,88.415,-205.1,181.97,304.1,-237.14,-19.982,0,0
12.99,17.743,-4.0556,-401.06,-259.37,455.92,33.258,-54.765,-512.01,103.78,166.99,-135.62,-24.75,0,0
-18.187,-6.7728,1.5,-169.5,-133.51,199.39,184.85,-140.29,125.21,399.9,190.92,164.63,-138.42,0,0
-2.5924,1.9886,-5.6349,-233.57,-30.624,-118.29,-140.67,-20.65,134.46,72.851,56.245,-542.8,-31.439,0,0
0,0,0,0,-321.37,118.89,-264.92,-87.972,338.46,544.08,-508.5,-1.0332,-21.393,0,0
0,0,0,0,-165.26,388.51,775.6,-229.22,-367.16,742.9,-575.14,4.0517,-18.873,0,0
21.656,7.4737,-23.373,-215.93,36.056,-423.95,8.4234,32.862,170.81,364.85,151.32,-271.37,-27.622,0,0
11.264,21.482,8.4453,-351.45,59.502,249.98,371.53,25.999,-44.679,1.4361,500.82,-398.37,-24.084,0,0
0,0,0,0,559.57,-138.27,-31.557,149.31,-88.576,385.37,469.85,-325.06,-28.226,0,0
-13.423,-10.719,1.1405,-505.4,129.54,66.897,130.71,52.756,-157.82,181.18,-376.2,111.09,-290.41,0,0
0,0,0,0,-163.98,370.26,59.14,-109.72,-55.44,-20.933,-6.4088,170.85,91.504,-40.772,-7.2296
3.2476,2.1364,-7.1127,16.499,96.308,111,43.446,-27.637,-18.824,148.22,408.33,-335.38,-248.17,0,0
-18.62,-7.7973,-249.46,181.98,-341.99,96.076,55.731,29.665,125.13,-191.94,-436.06,65.386,219.58,-69.373,-3.0736
-18.62,-7.7973,-249.46,181.98,-61.376,12.459,121.56,-81.585,11.234,85.833,16.697,-25.347,351.47,-87.776,-8.9617
-2.1651,4.8301,79.631,58.028,-578.35,299.21,-62.922,87.311,295.15,-3.0828,55.476,321.13,-505.59,0,0
3.8971,8.9821,-316.75,76.786,-214.78,-58.013,96.387,88.82,126.8,347.81,-40.691,-146.5,61.212,-40.772,-7.2296
-5.6292,-4.384,-90.359,252.92,-6.5604,90.395,-56.354,108.05,72.866,216.75,-227.78,-86.875,107.7,-40.772,-7.2296
-9.5263,6.6603,214.4,11.743,-211.05,152.31,165.37,28.526,79.732,-128.62,-63.501,-391.63,-266.47,0,0
-3.8971,-22.185,-267.94,127.77,64.902,76.663,76.427,304.55,-21.276,194.32,-66.297,13.652,191.47,-66.953,-9.3947
-10.825,-11.768,-336.65,16.154,-137.78,-46.482,102.13,42.642,92.649,64.033,-407.34,7.5066,261.67,-66.953,-9.3947
-6.9282,-4.0359,-0.13397,255.18,-513.91,250.69,110.77,28.048,-46.413,111.87,-70.837,-49.737,67.082,-155,3.0311
1.7321,-11.538,-5.75,93.704,23.12,235.94,146.93,-61.757,117.27,-3.6716,38.666,51.4,156.06,-171.12,-1.7321
13.429,5.4803,-11.055,-3.1185,-2.3349,336.36,83.919,115.07,40.594,-70.584,127.4,331.48,-137.17,0,0
-0.43301,17.636,-417.42,9.8128,69.781,18.174,127.31,22.31,12.295,-425.72,-91.608,-45.932,51.489,-68.55,-1.299
-1.7321,4.7745,-427.72,-124.93,174.47,145.04,-0.64054,-39.374,90.63,4.7255,-38.38,-96.24,118.84,-68.55,-1.299
9.5263,-6.6603,-256.98,141.53,-168.83,19.843,123.94,30.345,89.919,-320.7,33.372,25.404,195.55,-65.605,-3.0311
-7.3612,16.758,160.41,-43.641,-114.73,29.95,138.79,-86.839,304.5,-97.571,-130.63,96.027,-231.36,0,0
4.3301,12.665,-345.25,-1.3212,33.483,117.86,-151.84,45.101,77.223,-400.78,-117.36,10.878,179.04,-70.434,-0.86603
-3.4641,6.0801,-325.24,174.63,-223.08,122.87,-55.214,66.114,176.48,-56.721,81.698,18.891,284.56,-83.946,-3.0311
-9.5263,-0.52933,-5.3301,-133.92,343.85,152.92,-114.05,203.4,144.67,246.5,-342.79,74.002,407.64,-121.55,0.67075
-15.588,-5.4378,-440.29,-256.2,312.33,-268.23,-23.437,-152.38,58.838,447.31,-168.19,-10.915,-40.008,-55.902,-2.8514
0.86603,-10.654,-258.34,132.02,230.23,0.14799,55.655,-238.14,286.12,-128.58,-296.57,-39.716,182.6,-76.725,-2.4183
-8.2272,-2.6208,-442.37,-503.33,490.34,-27.26,-43.653,66.449,-89.23,234.24,306.24,-299.9,320.83,-94.548,-4.5679
-9.8857,0.61034,-0.80385,-239.33,203.95,-54.837,621.27,-27.309,93.938,-21.622,-105.99,-57.722,-68.766,35.004,-110.85
-7.7942,-8.134,-14.214,-77.208,176.61,-156.21,134.19,-136.47,15.292,-7.373,-68.839,11.901,86.691,-196.73,-11.332
-4.7631,-15.446,-257.63,-115.53,244.01,-42.46,-101.59,-2.38,139.58,16.763,-209.09,-94.835,203.37,-76.725,-2.4183
-9.5263,-1.4869,-339.96,229.14,-171.29,222.91,364.81,-99.814,131.31,-152.72,-67.029,-121.75,199.82,-76.725,-2.4183
-4.3301,-6.366,-238.01,188.09,-330.83,11.831,42.681,87.43,169.19,-95.253,-16.678,29.167,174.53,-70.434,-0.86603
-4.7631,6.1537,167.89,70.424,174.52,179.54,-4.2828,-74.026,-197.57,224.87,-461.92,185.66,-253.93,0,0
-16.887,-2.6633,162.45,136.66,30.216,169.38,87.472,15.503,136.99,429.44,-242.47,-53.438,-336.97,0,0
4.3301,41.131,-5.5836,80.476,253.63,10.69,89.001,138.91,-8.3894,-93.706,15.087,-54.671,-84.194,-310.07,-0.27452
-6.0622,-16.703,-357.06,-120.29,-36.409,55.841,140.83,126.9,249.87,244.17,388.12,-53.449,303.07,-95.371,2.8358
0.86603,2.683,-7.3792,101.62,-219.79,41.128,-19.287,466.03,283.92,-210.52,12.066,629.02,-241.96,0,0
-9.0083,5.8008,97.252,30.089,11.016,132.36,24.282,-34.484,121.49,40.765,-184.07,71.198,-232.71,0,0
11.618,6.6842,4.2667,191.77,492.62,-10.566,-168.3,-17.018,46.02,503.12,24.087,-456.58,-22.733,0,0
11.765,25.03,-0.29247,-16.582,303.53,-37.694,162.3,-264.3,93.299,16.459,211.03,-124.68,-267.38,0,0
-22.95,-9.5832,7.2075,-669.77,228.56,-180.64,222.66,553.68,255.08,-526.39,71.654,125.66,-43.805,181.53,-318.21
9.0933,5.3529,-7.9216,170.83,144.82,211.98,225.29,257.15,242.04,-99.184,-104.29,-26.122,-23.983,-193.14,-1.7321
-2.5981,10.062,-249.98,-12.021,47.648,99.008,199.96,245.16,404.75,-207.14,-83.48,172.21,297.04,-100.16,-1.5523
-5.107e-015,6.8726,-355.49,-165.37,171.89,56.568,188.89,-37.439,113.71,149.21,-132.57,21.364,412.49,-87.776,-8.9617
6.9282,12.183,12.641,-721.22,313.54,165.77,-177.15,-1.1736,277.61,-520.87,-9.1283,14.774,-80.166,252.64,-322.25
7.3612,6.5245,-254.84,72.953,11.636,38.184,1.7548,36.091,2.8061,119.55,-106.88,16.801,246.23,-70.434,-0.86603
-3.4641,-11.312,-10.279,225.86,359.86,81.792,132.14,172.83,-328.81,-38.383,211.79,-85.529,-14.678,-117.73,-6.4952
-5.6292,-4.7925,0.70753,-247.55,-131.82,29.845,169.51,118.25,23.627,-174.27,69.558,-26.46,-96.896,278.48,-326.49
-1.7321,8.8792,8.0784,-114.37,221.11,-45.418,-208.48,-12.959,73.245,243.12,-277.4,-96.53,4.3042,-193.14,-1.7321
19.053,15.23,-12.721,-173.85,120.02,-75.363,-169.16,93.169,-47.347,149.84,251.06,-1.3972,-77.582,0,0
4.7631,-6.1357,-8.6944,211.43,-298.77,54.806,-123.88,177.49,-86.477,30.3,85.901,-109.67,-208.14,0,0
-5.6292,8.4952,-338.29,-18.905,133.53,-8.1388,309.08,-69.557,-175.07,198.07,400.22,-72.183,79.646,-55.902,-2.8514
-12.99,15.374,2.4689,308.3,209.35,-56.867,140.41,-48.489,87.576,20.434,-294.49,104.6,72.071,-150.77,-4.8367
2.5981,5.3415,-0.48862,163.37,248.87,-62.565,-21.016,89.914,89.618,168.49,-392.81,-14.116,-16.481,-193.14,-1.7321
-18.187,-8.7793,-1.9934,-55.01,-0.85946,-175.05,52.915,79.365,78.029,433.28,-116.68,-77.115,24.919,-152.85,-2.6645e-015
-9.0933,8.4527,0.10289,-857.01,611.87,-197.95,171.63,350.35,-71.94,36.749,15.604,60.578,-22.681,103.8,-209.15
-15.155,-0.27276,4.5,-498.89,325.68,-202.48,-12.175,292.65,169.07,-114.8,-2.3332,-12.214,4.1112,103.8,-209.15
-3.0311,16.422,0.67644,328.86,-121.35,142.75,-167.59,114.83,-297.85,1.4942,63.542,-126.3,-61.372,-193.14,-1.7321
-6.9282,-3.0179,-421.91,340.46,-106.03,-40.257,53.368,229.69,118.6,-328.4,10.888,23.118,239.45,-76.725,-2.4183
-14.289,-1.0897,11.141,-561.34,609.98,149.07,176.89,72.98,349.64,-102.15,-14.483,-78.446,83.852,261.85,-350.83
0,0,0,0,-4.7547,-647.85,396.43,-150.89,160.2,-118.98,2.6911,19.911,-143.5,0,0
-26.414,-25.536,5.0998,68.35,131.02,108.15,74.407,-33.791,51.284,-463.91,-19.653,98.092,14.885,-194.17,0.69199
-10.825,29.979,13.621,34.28,-90.131,96.95,35.22,60.997,-87.425,316.06,108.77,-385.74,-137.1,0,0
0.86603,4.0915,-255.36,69.13,-408.27,433.48,23.838,-253.23,107.2,-108.46,15.154,-52.78,255.08,-66.953,-9.3947
5.1962,5.8905,-254.44,-170.98,-31.63,69.449,83.551,32.117,377.72,27.252,-151.28,-0.31523,242.18,-70.434,-0.86603
-2.5981,1.3481,-340.24,96.153,-293.42,106.26,60.527,-297.98,119.06,37.761,-289.56,-2.4285,254.96,-66.953,-9.3947
4.7631,9.549,2.3104,197.76,24.115,-21.824,37.498,-269.12,166.95,-240.8,70.803,-36.035,-13.359,-117.73,-6.4952
-7.7942,-5.9264,0.43301,-257.86,223.74,134.47,-205.13,235.53,-2.3236,236.71,-90.67,-7.9151,-10.975,255.63,-322.16
-6.9282,2.3122,-13.508,-11.079,320.63,137.38,-89.239,181.69,-101.49,234.03,229.32,-102.56,-15.646,-262.13,5.1962
-12.557,10.1,100.93,-59.201,-242.72,104.23,-3.4622,108.66,40.102,341.93,-59.629,-168.59,-208.74,0,0
-0.43301,0.59808,-254.41,-184.9,-46.181,21.585,-106.56,-265.41,290.57,89.638,-89.598,-4.4886,175.33,-70.434,-0.86603
22.522,26.219,-7.1235,-459.25,363.56,-632.93,172.37,-13.472,-119.22,307.7,708.13,-194.18,-206.36,0,0
-10.825,1.1782,-406.36,86.688,106.8,-93.202,13.647,-366.16,365.76,446.55,-344.12,33.136,194.11,-66.953,-9.3947
-2.5981,-9.8546,-8.9934,-27.036,372.13,56.635,-92.9,-147.13,292.72,-12.577,163.99,-108.23,-25.52,-240.13,-5.8032
-1.7321,0.75,-358.51,-151.73,213.07,188.55,-2.7707,19.712,36.3,272.12,-525.89,85.784,-192.08,0,0
6.4952,-4.4282,-19.397,114.82,264.13,211.34,-20.529,108.95,287.18,-139.9,-1.5903,21.053,3.4511,-218.47,2.3448
6.0622,22.605,-411.45,426.47,-509.03,-28.26,225.23,275.14,253.92,423.98,-222.19,333.69,-118.83,0,0
7.7942,7.2859,-605.99,116.3,-49.643,-10.156,171.12,-328.91,521.65,146.64,-613.2,39.856,325.68,-94.548,-4.5679
-11.258,-250.42,-98.378,252.98,65.138,35.293,-0.49311,-69.185,-27.708,-196.83,214.68,218.03,-181.78,0,0
-17.68,6.532,410.63,89.623,-116.75,250.59,-224.11,66.417,-100.58,337.71,364.81,339.52,-311.63,0,0
2.1651,0.35946,-9.2452,104.07,87.54,57.44,-130.27,220.24,22.071,-308.39,198.57,304.16,-200.95,0,0
-27.713,-16.425,0.18301,-164.31,86.347,-16.56,178.39,-91.81,-239.56,713.94,300.7,-511.01,-24.901,0,0
-4.7631,-9.549,-156.89,176.47,61.674,85.848,-165.28,38.45,117,-75.149,-203.87,-61.095,79.669,-55.902,-2.8514
9.1668,5.651,-9.0179,-235.79,-61.54,247.31,67.075,102.65,5.9034,-124.5,403.19,-324.5,-90.872,0,0
-12.99,-14.884,-168.33,-75.832,326.38,0.0102,12.588,-59.223,-190.09,458.2,231.37,-306.03,-170.87,0,0
-1.7321,-338.88,-69.216,159.78,108.16,-145.9,250.73,-4.6516,-26.578,-114.72,177.86,444.9,-197.97,0,0
-0.43301,-0.40849,100.12,-127.79,7.9579,235.94,137.79,-173.02,-128.78,545.1,379.41,-91.018,-171.32,0,0
2.1651,10.141,-3.2386,-354.7,332.72,184.47,-86.472,-253.07,-416.78,315.08,333.25,-167.89,-25.828,0,0
-6.9282,-4.0359,-0.13397,255.18,112.75,365.25,215.08,-33.718,290.72,399.77,-132.44,-440.45,-22.861,0,0
-12.124,-18.007,-274.22,-49.403,44.07,52.649,-150.78,-16.847,81.677,-72.912,-13.32,84.272,-112.3,0,0
-1.7321,6.5556,0.87083,-447.52,257.36,149.79,4.4675,-42.11,-107.7,618.36,423.43,-199.24,-20.94,0,0
-7.3612,-28.234,-272.55,-4.3529,53.042,288.23,-115.61,-124.18,2.6905,-70.696,-8.6648,-68.146,-86.014,0,0
2.5981,23.91,5.7728,60.636,192.88,16.447,37.328,-74.125,6.4039,233.02,-167.31,104.53,-187.74,0,0
6.4952,5.1095,4.1585,188.75,9.8998,-500.7,206.43,429.56,-312.53,299.26,-53.811,-244.3,-22.752,0,0
2.1651,-3.5981,1.7075,78.372,247.12,68.529,-9.9373,287.69,-12.091,-27.98,-136.59,19.217,-332.72,0,0
-17.321,3.1848,5.0066,-17.966,75.328,-130.05,216.92,174.85,-391.72,-49.099,-10.707,-110.18,113.26,-261.93,-8.5018
0,0,0,0,246.53,260.82,1.2747,66.644,258.09,-145.62,-122.69,-225.62,-22.744,0,0
0,0,0,0,45.12,-6.6351,-235.73,252.04,67.819,-39.281,-130.2,-216.37,-20.4,0,0
-1.7321,3.0066,-166.75,-226.55,-130.12,-50.877,-42.421,139.17,132.92,52.062,-360.8,200.97,-256.88,0,0
-8.6603,15.575,-7.5328,17.566,206.55,138.19,-174.5,149.2,193.67,-217.7,32.209,-32.45,71.538,-113.8,3.3481
4.7631,3.7859,-5.384,163.9,-308.42,209.71,28.167,-70.185,80.917,-51.492,-503.96,165.78,-191.99,0,0
3.0311,6.5,3,-329.38,104.38,36.658,-83.05,-187.93,225.46,367.55,-143.79,34.335,-59.203,0,0
-1.299,-13.672,2.7207,-259.24,-325.05,-62.295,-67.395,326.78,67.805,-192.3,164.3,147.54,64.589,-40.772,-7.2296
0.43301,14.629,-409.69,137.91,-311.75,80.61,-139.48,199.57,73.508,18.238,-47.16,6.9779,261.45,-94.548,-4.5679
19.919,22.487,-14.111,-143.36,153.61,524.86,233.71,-283.57,36.811,-22.291,-634.51,122.73,-63.829,0,0
-5.6292,-4.7925,0.70753,-247.55,228.08,116.69,-23.374,63.209,153.98,-121.76,-101.83,-43.827,174.88,-68.368,-2.4028
-5.6292,-4.7925,0.70753,-247.55,-176.68,153.14,-56.131,-101.93,183.89,333.34,-551.1,121.74,-91.257,0,0
-5.1962,8.6962,3.5,-352.25,165.25,84.837,-177.93,-21.866,374.1,-262.74,7.7952,-24.075,-22.35,99.539,-209.04
4.7631,9.549,2.3104,197.76,-555.59,150.41,225.27,-16.809,-110.58,289.71,-178.7,41.036,-26.878,-194.17,0.69199
7.7942,8.384,5.5,39.458,-373,162.23,191.13,302.04,-229.26,-14.025,-4.9689,76.926,-29.45,-117.73,-6.4952
6.9282,35.526,16.938,68.404,72.681,108.77,158.53,-120.85,-41.778,54.184,-2.4209,-35.377,91.639,-145.01,-9.9593
0.86603,11.672,-242.24,-24.749,-389.48,299.58,331.8,-198.08,173.14,89.247,-419.95,20.263,97.154,-49.344,4.2721
17.754,12.438,-6.0556,254.24,-84.104,149.21,34.308,53.956,167.28,312.11,-133.61,-0.70096,-17.401,-194.17,0.69199
13.856,16.926,2.5849,-463.51,-193.72,-89.2,211.65,70.355,320.87,-93.567,25.999,1.3846,0.69527,167.55,-299.72
3.8971,-1.3971,-8.9886,-260.99,318.39,-29.338,14.652,-226.83,150.48,272.08,-46.107,4.4019,-80.834,-194.17,0.69199
-27.106,-7.6032,-334.27,-261.27,350.71,-58.046,412.41,55.945,166.72,0.86907,59.706,-39.427,197.22,-66.953,-9.3947
12.996,10.469,-3.4273,-641,193.51,172.37,-143.28,-110.98,83.346,172.2,-283.98,14.604,44.622,-40.772,-7.2296
-5.6292,-4.7925,0.70753,-247.55,-271.59,205.4,366.7,67.635,-81.834,14.165,-41.85,1.5452,-108.36,-26.665,6.3522
2.5981,30.441,13.706,79.551,180.44,272.78,2.2928,-179.04,203.58,-116.45,65.283,1.6521,-20.571,-193.14,-1.7321
6.9282,-5.9282,-401.77,125.68,191.78,131.9,76.581,6.6534,51.762,-2.0108,-87.944,7.3905,90.613,-55.902,-2.8514
0.43301,24.917,-306.86,107.35,61.113,-157.49,207.34,-169.02,-17.971,255.19,-69.637,7.686,323.32,-94.548,-4.5679
2.1651,-1.0245,-254.31,162.97,-152.05,-66.291,-49.889,467.46,-304.61,-155.96,20.213,9.8301,251.33,-70.434,-0.86603
0.86603,-10.654,-258.34,132.02,61.679,-27.012,-20.392,-102.42,251.31,-386.42,-33.799,23.453,254.85,-66.953,-9.3947
5.1962,1.451,-337.93,264.27,137.83,205.98,-201.69,528.76,378.04,-78.838,-15.33,2.1537,245.82,-70.434,-0.86603
-18.62,-5.0897,-425.29,23.598,119.83,50.635,192.3,-84.717,240.57,-10.981,-288.74,-68.629,379.9,-87.776,-8.9617
-1.7321,3.3481,-3.1896,-239.13,71.85,210.68,15.316,238.78,-152.48,109.22,-20.702,-3.433,-2.0915,159.99,-204.82
0,0,0,0,300.01,32.55,344.2,-334.4,-69.147,-3.201,2.8415,6.5981,-65.44,-3.0381e-014,-3.0381e-014
-9.0933,-7.1651,-18.127,-120.09,-285.14,350.18,26.462,-77.07,69.854,143.9,224.74,-142.21,236.44,-68.368,-2.4028
-7.2877,-0.6528,-19.127,-135.39,-150.93,319.81,-137.96,-19.437,76.211,49.525,205.54,-141.79,-227.8,0,0
-31.04,-6.9349,-5.9273,-458.84,406.5,11.038,-149.58,131.82,-50.528,109.25,10.639,396.97,-342.87,0,0
0.35946,-11.206,212.39,272.25,134.39,199.76,-20.524,-67.476,-116.5,109.15,393.27,279.88,-374.99,0,0
16.027,-17.247,-20.354,351.18,108.64,222.66,-79.802,43.915,-75.127,-104.1,-46.891,-200.4,-44.473,-190.31,3.6226
-15.588,-38.618,-22.639,-331.32,363.36,144.2,296.76,-33.972,240.35,-122.78,527.47,-126.68,168.21,-68.368,-2.4028
-4.7631,-14.513,15.907,-7.5638,-460.67,369.22,-294.73,95.346,337.98,-232.88,81.601,90.051,-176.42,0,0
4.7631,5.567,-2.2566,-201.4,190.21,-215.08,-211.74,77.386,50.551,121.94,201.62,-374.16,253.79,-66.953,-9.3947
0,0,0,0,235.94,442.94,-85.422,-110.15,-132.52,6.4734,281.85,-298.77,-23.758,0,0
-6.0622,-16.83,-95.363,289.23,253.62,28.513,-106.44,-62.744,53.509,202.84,-126.03,23.398,316.29,-94.548,-4.5679
-14.722,-15.658,-5.3774,-251.32,302.85,-66.233,-17.478,-61.397,1.1651,143.69,296.8,-507.33,-207.9,0,0
3.0311,6.5,3,-329.38,540.54,-25.344,-398.44,-176.44,171.72,137.7,-636.14,135.39,50.206,-55.902,-2.8514
-9.0933,8.4527,0.10289,-857.01,561.12,3.2108,-177.89,-168.85,64.573,735.08,-144.87,81.917,-43.824,255.33,-320.8
-24.544,-20.254,-75.021,-81.819,192.55,330.36,-113.46,-213.08,12.723,-45.306,259.88,24.773,-130.13,0,0
1.299,3.433,0.29247,159.51,185.43,-159.51,-455.75,256.72,119.83,-177.91,-61.833,141.41,-38.896,-194.17,0.69199
5.1962,7.701,5.1405,314.73,-257.81,129.37,-5.5465,133.48,117.97,-364.6,-73.721,5.1881,-18.082,-262.13,5.1962
-6.9282,-4.0359,-0.13397,255.18,-162.97,79.937,-56.683,159.82,374.13,-279.86,-13.23,-22.511,-20.098,-188.75,3.0311
-3.9968e-015,1.2075,8.5066,194.09,-168.78,49.124,-166.25,168.27,98.948,39.712,-42.279,9.2027,138.64,-196.88,-9.5263
9.9593,7.3774,1.6095,40.188,87.661,-14.775,-148.15,138.94,160.88,-484.24,-11.846,-30.487,-69.157,-188.75,3.0311
0,0,0,0,176.95,115.38,23.68,63.952,-83.319,246.48,-393.66,27.043,-208.2,0,0
2.1651,10.141,-3.2386,-354.7,-199.69,459.27,13.653,-92.741,48.905,390.02,-172.42,-20.637,86.536,-55.902,-2.8514
-7.3612,8.0622,3.9085,-596.19,289.02,52.531,26.746,18.921,-57.24,384.71,-189.48,19.503,24.022,-55.902,-2.8514
2.5981,30.441,13.706,79.551,-101,102.89,10.643,-113.61,71.346,-144.99,-37.702,3.8905,-136.61,-117.73,-6.4952
-9.8857,0.61034,-0.80385,-239.33,67.321,37.921,13.7,136.9,-387.25,2.9551,94.716,-15.792,88.497,-55.902,-2.8514
4.7631,3.7859,-5.384,163.9,-203.72,43.986,-245.51,208.3,148.93,113.81,-226.84,-12.113,-18.953,-190.31,3.6226
2.1651,10.141,-3.2386,-354.7,54.391,-9.6015,-271.68,-52.554,359.61,-324.27,-2.4189,93.737,-70.182,0,0
4.3301,20.281,-6.4772,-709.39,351.4,-215.38,24.443,-118.14,373.19,-41.409,-66.603,0.50657,-73.41,252.64,-322.25
0,0,0,0,-287.58,85.102,16.186,-68.846,410.96,219.09,-8.3713,-123.71,-21.633,0,0
-5.6292,-4.7925,0.70753,-247.55,348.55,120.04,-70.387,12.072,428.05,114.93,-322.31,109.06,77.499,-47.003,-1.7321
13.878,4.8406,-436.33,43.83,-64.02,2.4997,137.89,62.322,314.14,-257.55,-35.463,-7.4689,111.94,-40.772,-7.2296
-11.237,-9.1887,-349.72,86.257,-65.905,93.596,-324.83,132.61,272.53,-130.12,-8.9952,-47.992,262.51,-66.953,-9.3947
-15.155,-7.9869,-15.471,-425.36,191.59,-61.174,227.44,-196.25,376.37,-388.83,-15.636,27.696,-90.331,214.42,-320.36
-1.299,-14.819,228.85,60.928,632.71,16.035,103.63,7.6957,-260.14,241.26,53.069,-89.363,-280.8,0,0
-9.0508,-6.8026,-174.51,-550.97,137.43,195.33,-358.22,-236.3,369.19,229.86,-230.85,-52.924,-138.14,0,0
-21.513,-8.582,6.6283,-857.5,440.64,100.72,22.663,-101.04,-18.383,267.78,293.72,289.63,-143.3,0,0
0.86603,4.0915,-255.36,69.13,-92.966,137.36,60.521,126.55,107.19,23.231,260.36,-124.31,-90.508,-23.365,-0.51795
12.557,-22.207,-64.355,-62.603,-364.89,229.84,82.827,-163.11,-42.618,123.68,332.7,-343.17,-28.699,0,0
1.7321,-11.538,-5.75,93.704,-587.76,112.43,90.523,-573.12,-34.146,181.55,-39.085,-75.013,-20.497,0,0
-6.9282,7.3857,-235.98,-23.072,19.332,552.11,195.61,147.17,-46.476,204.68,310.92,-106.68,-21.666,0,0
-10.392,2.0556,-426.35,401.77,-98.37,70.917,10.319,207.54,-10.037,122.1,-39.483,-115.93,-94.52,0,0
3.4641,11.806,21.007,-74.633,-38.573,-107.88,391.23,371.17,-30.043,207.13,-106.1,87.646,-77.712,0,0
-9.0933,-168.85,23.669,22.486,-2.2954,-185.51,-181.96,300.67,124.03,462.5,-238.24,443.12,-148.14,0,0
-8.2272,-1.1029,-394.75,235.37,-40.101,-481.78,-36.85,279.67,-159.82,175.6,-47.839,111.81,384.97,-121.55,0.67075
-2.0801,5.4037,-340.83,93.852,50.658,201.89,421.91,-127.71,-43.367,-170.41,72.969,26.561,310.8,-94.548,-4.5679
0,0,0,0,-247.75,301.94,235.06,137.97,-77.416,266.5,-335.77,-418.95,-23.64,0,0
4.3301,10.574,156.2,-49.436,-69.36,337.63,-68.569,232.87,103.59,92.053,-114.5,184.83,-258.45,0,0
5.1962,-3.9282,-9.4264,230.82,153.39,388.37,67.368,80.524,140.25,151.06,398.01,-132.83,318.79,-94.548,-4.5679
3.4641,-1.6471,-1.7679,-92.006,121.11,-66.955,195.66,157.64,-90.749,-347.27,-42.999,-69.162,110.98,-191.99,-14.03
-10.825,3.9037,4.2075,-599.8,149.03,95.486,330.51,123.63,636.81,-283.87,13.18,-14.518,76.352,156.88,-226.03
-3.4429,1.7096,-6.3825,-55.108,371.17,45.659,185.3,-117.04,163.93,-493.22,14.995,50.2,-16.838,-190.31,3.6226
-9.9593,-7.3774,8.7631,-642.61,225.19,-74.778,77.209,-113.07,-399.11,122.76,-113.58,114.39,50.628,167.55,-299.72
-8.5753,-8.7303,-344.17,188.54,-163.93,132.42,-2.7253,-65.752,155.71,223.87,-90.123,-14.156,314.5,-94.548,-4.5679
2.1651,15.647,-352.83,-270.34,-56.74,104.95,90.009,244.68,268.84,-293.72,-353.43,-123.94,349.01,-94.548,-4.5679
-2.1651,-0.63397,0.40849,-243.93,-232.18,63.507,225.69,256.41,-105.69,-263.3,68.513,12.173,63.119,261.85,-350.83
-21.91,-14.476,1.7509,-328.93,101.75,172.96,166.31,327.8,505.64,-674.56,12.651,-54.685,-27.323,-193.14,-1.7321
2.1651,10.141,-3.2386,-354.7,-25.917,448.36,-11.358,-166.03,83.091,84.859,116.03,-252.89,-20.474,0,0
-7.7942,-5.9264,0.43301,-257.86,-83.877,57.457,49.07,-220.74,138.59,141.41,-196.82,-16.176,-12.326,71.981,-193.2
3.4641,0.56042,-7.2141,-76.724,-73.104,-48.59,171.42,224.21,199.28,-83.676,1.75,41.008,-10.778,-192.99,1.7321
7.7942,19.69,-7.9593,268,72.026,9.8096,-127.4,14.862,162.08,2.0517,-148.81,119.84,-43.72,-147.18,4.7631
-2.1651,0.57356,8.9151,-49.842,30.897,-76.75,-243.78,412.97,-14.84,-135.44,-7.4874,-6.3619,-79.494,-147.18,4.7631
-2.1651,-8.1405,-3.3905,236.92,121.48,-286.9,17.075,318.18,148.49,-155.8,59.008,-62.711,-83.414,-147.18,4.7631
-6.9282,-6.0849,-337.25,11.435,-111.17,-22.856,-204.46,240.98,-199.03,-196.2,-74.303,0.58758,106.03,-47.003,-1.7321
-0.86603,3.3056,-232.91,193.22,-215.24,-74.084,-393.9,194.25,254.98,-175.37,-34.867,69.799,223.76,-76.725,-2.4183
1.299,7.8905,-11.428,95.771,-296.49,130.7,-198.14,535.48,-110.98,-141.82,-145.67,98.067,-46.036,-147.18,4.7631
6.0622,16.391,-342.15,148.55,21.581,301.97,49.921,-220.97,166.12,141.57,12.278,17.672,195.32,-66.953,-9.3947
5.1962,0.26795,15.257,19.07,-80.758,-120.2,32.31,408.9,-11.304,-28.089,166.42,13.955,83.853,-145.01,-9.9593
-11.258,-9.5849,1.4151,-495.1,298.79,-192.32,135.15,64.679,-116.91,146.93,-367.76,2.5335,-212.95,0,0
-3.9968e-015,1.2075,8.5066,194.09,253.06,-100.7,-20.029,95.189,-63.759,-101.42,-109.24,167.92,48.429,-146.55,-4.0712
-0.86603,18.562,-325,-277.63,182.84,-236.28,-72.036,-105.28,-243.93,419.89,388.9,-375.17,-64.547,0,0
6.9282,2.1208,-5.5425,315.02,69.861,-152.51,33.579,126.32,-268.83,-71.257,300.43,-159.02,70.718,-152.21,6.3792
-5.6292,-0.39535,-259.37,29.289,57.919,61.436,4.7238,-95.731,353.07,109.41,-274.44,101.44,146.95,-40.772,-7.2296
-9.5263,9.4348,-417.07,-64.832,35.45,48.97,-41.702,-44.241,70.396,160.91,397.15,-196.56,243.9,-69.373,-3.0736
4.7631,6.7925,2.433,162.42,-52.817,170.53,-107.38,22.715,399.36,-517.12,27.343,-62.769,-17.084,-147.18,4.7631
5.6292,-7.5197,-507.13,277.58,-401.83,308.33,56.572,-333.64,-244.72,307.21,439.87,-178.39,237.56,-69.373,-3.0736
3.8971,2.5604,-440.3,41.789,32.218,18.977,51.533,-201.51,5.0573,526.88,-572.98,75.504,84.492,-55.902,-2.8514
-27.713,-8.2596,-338.46,59.641,25.322,-104.37,28.454,-83.865,24.455,181.42,-267.54,-106.35,276.99,-66.953,-9.3947
1.299,3.433,0.29247,159.51,8.6205,156.98,529.74,81.544,-866.74,-37.249,-13.652,-11.042,15.61,-157.66,2.5188
2.5981,21.093,-79.22,117.97,-612.56,377.09,109.74,-157.45,65.034,285.88,520.78,-605.88,-24.852,0,0
17.394,18.517,-3.3595,-19.173,82.958,-955.41,424.51,968.25,-291.43,-58.163,-47.725,-2.3122,109.47,-49.344,4.2721
-5.1962,8.6962,3.5,-352.25,188.9,115.54,-166.4,643.5,-599.97,59.109,59.845,129.13,-57.93,0,0
1.299,-6.8546,-9.567,14.644,47.142,-440.24,312.07,7.0983,41.445,-35.328,-14.472,-34.43,47.308,-244.59,-8.3857
-2.1651,-0.63397,0.40849,-243.93,5.0424,84.782,20.948,600.77,-858.33,-115.55,-57.496,20.712,-198.44,0,0
-2.1651,-0.63397,0.40849,-243.93,134.01,-115.33,260.95,151.11,-48.474,-277.55,17.66,81.449,-168.46,0,0
3.0311,-16.77,-253.24,128.53,-45.02,-6.2892,558.3,1000.3,-332.47,-6.1247,45.138,-57.777,114.88,-40.772,-7.2296
0,0,0,0,-334.52,88.022,140.45,287.5,76.998,52.498,90.613,-19.242,-20.297,0,0
-2.1651,-8.1405,-3.3905,236.92,101.22,-94.076,490.42,-392.79,-3.5,-145.93,17.218,86.944,-31.859,-119.76,-3.8971
-2.1651,-0.63397,0.40849,-243.93,-269.55,508.93,-58.539,100.02,181.83,139.54,112.96,-104.34,-29.165,0,0
-9.9593,11.459,-27.381,115.99,-47.784,58.08,-34.917,-89.565,253.7,288.18,-71.229,-83.074,-19.455,0,0
-1.299,9.5556,-3.7141,-573.99,181.31,324.17,-83.173,-63.072,666.24,-36.292,-491.4,324.06,-114.56,0,0
12.99,17.743,-4.0556,-401.06,313.89,280.79,11.493,22.519,202.02,-235.08,461.88,-146.73,-22.464,0,0
7.4348,13.506,-506.52,64.383,-761.41,368.53,13.417,438.07,187.73,235.41,-129.82,3.8947,313.69,-100.16,-1.5523
3.8971,5.683,9.6405,-391.83,-148.71,120.44,-270.35,359.2,156.45,-337.23,-7.7386,50.243,-7.2793,186.42,-318.26
-0.64952,-13.37,-11.57,100.06,150.56,97.761,124.14,-39.928,52.437,315.83,372.8,-427.26,-23.498,0,0
0,0,0,0,-208.42,240.01,104.46,-308.66,148.4,168.19,-395.89,27.428,94.811,-47.003,-1.7321
3.0311,6.5,3,-329.38,251.43,131.22,-48.931,-68.678,147.72,262.76,-17.529,-17.099,66.302,160.57,-227.01
0,0,0,0,-493.47,379.17,38.712,-191.64,218.01,215.45,51.073,-57.953,-20.926,0,0
11.374,28.429,-577.65,508.67,149.52,-114.45,137.07,128.6,125.87,100.34,7.6716,54.655,199.48,-109.32,-8.5287
14.289,23.817,0.1633,217.03,-83.854,29.763,-93.981,-148.35,87.627,93.194,-313.8,-18.721,-2.8367,-232.58,-8.2272
-5.6292,-4.7925,0.70753,-247.55,-48.548,210.94,-7.9417,132.29,603.65,329.51,-166.91,252.08,-88.279,0,0
-11.258,-12.469,10.605,-102.7,-220.19,198.68,36.964,71.414,168.07,-53.548,-31.125,157.5,-191.85,0,0
3.0311,6.5,3,-329.38,-285.36,304.84,-131.28,-213.27,56.203,-16.635,-44.223,-110.98,-22.268,0,0
13.878,-10.562,-342.67,184.12,11.339,-64.356,-155.47,-60.513,-84.045,101.35,176.19,47.482,258.62,-94.548,-4.5679
10.847,5.1899,-506.99,309.28,189,-86.693,226.21,71.319,39.592,276.91,165.79,-138.22,168.45,-68.368,-2.4028
