0,0,0,0,-101.74,-270.68,17.648,129.99,-92.602,146.5,-114.54,-189.55,23.8,0,0
0,0,0,0,-17.747,166.77,535.83,-261.78,-45.081,-36.481,-298.66,144.55,-27.18,0,0
0,0,0,0,-165,117.18,-115.43,226.04,85.811,44.137,-26.881,5.8956,-0.06338,0,0
0,0,0,0,22.728,28.089,137.67,-278.13,69.655,-81.156,90.69,-70.511,23.423,0,0
12.99,-17.149,10.252,54.728,260.69,-294.96,-58.979,-245.61,-47.42,334.57,87.569,49.828,-21.77,0,0
-5.0801,-11.192,-19.645,-127.18,-43.526,92.383,-44.211,-285.4,-40.521,116.45,-42.833,-15.941,-0.054083,0,0
-4.7631,-4.1095,29.015,-95.411,-283.68,123.29,4.4652,244.52,-123.62,107.54,-48.946,53.131,-7.9679,0,0
-7.7942,-10.56,-8.0131,-35.99,116.36,138.63,-35.415,9.3366,-36.215,-83.311,-125.98,122.04,-24.28,0,0
21.123,-2.9659,146.19,223.73,-180.61,-84.532,-222.11,-247.82,-74.005,-184.04,160.99,155.41,73.193,5.1319,-19.016
-5.6292,-13.018,-6.5867,28.402,-39.938,150.48,-34.276,-39.028,-96.329,-98.189,-15.128,-13.739,4.2688,0,0
19.919,-23.077,-45.966,-69.215,-85.402,-241.15,-51.746,206.09,-42.373,44.841,-147.37,-63.552,-8.9283,0,0
2.1651,-20.953,-20.464,129.73,101.15,-192.24,-171.79,-191.31,-27.245,106.36,-104.17,-87.232,-9.8954,0,0
12.99,9.6208,53.099,-121.55,-37.234,-241.12,175.71,116.06,48.761,-8.7703,-154.89,-21.222,-1.8502,0,0
0,0,0,0,-375.36,-135.52,109.86,182.08,-41.026,41.059,37.929,-14.273,-3.654,0,0
2.6368e-016,6.6613e-016,1.4988e-015,1.6209e-014,-121.86,-26.81,85.735,-150.39,149.72,-106.96,42.843,34.875,-0.35039,0,0
-5.1962,-7.7679,-0.68301,65.759,15.14,182.23,198.45,-154.12,-74.679,73.75,-135.81,46.782,6.4675,0,0
7.3612,2.7075,-10.783,129.47,-159.18,81.209,174.95,43.75,146.45,249.59,77.453,49.549,7.3577,0,0
0,0,0,0,-98.703,105.42,-159.01,-162.01,67.949,-177.67,35.669,21.002,2.6367,0,0
0,0,0,0,63.193,-91.74,-118.93,1.6398,389.57,-146.76,40.81,22.572,-1.395,0,0
-2.1651,19.489,16.752,-135.97,35.195,-121.74,26.805,-255.01,195.6,28.023,216.53,51.562,-5.3208,0,0
-27.28,17.553,-55.2,191.7,70.005,-109.34,-80.529,84.61,44.326,-205.62,98.98,-124.84,21.567,0,0
25.981,23.425,-0.21891,-27.26,-80.03,-69.505,151.71,118.23,46.937,1.9083,44.616,-34.849,0.02235,0,0
28.579,3.9115,-11,-3.1046,-151.01,171.85,143.25,-121.71,-25.4,-122.55,-139.28,4.3622,-8.5497,0,0
-17.321,15.997,-4.8792,-59.064,-106.33,-7.5378,104.72,-98.057,-126.83,190.21,47.645,40.163,-5.9836,0,0
0,0,0,0,-32.321,0.57171,-91.2,150.83,-33.644,-56.631,-84.336,17.227,3.0006,0,0
0,0,0,0,116.17,196.57,-203.7,252.21,-83.547,48.424,61.864,-33.754,-5.6633,0,0
-8.2272,11.343,-16.118,-70.997,-98.243,-35.365,120.14,-47.886,-46.46,141.9,7.6188,-5.0277,-5.9202,0,0
0,0,0,0,-16.284,0.81858,25.361,110.52,-17.776,96.926,-9.8942,27.896,-3.3866,0,0
1.7321,1.384,4.2321,30.021,-353.3,-133.43,264.61,125.05,76.586,0.9214,-37.375,-2.126,7.8995,0,0
0,0,0,0,64.144,172.4,10.603,-153.67,165.95,-65.362,3.8989,9.7419,-2.3023,0,0
-13.423,14.99,-15.301,-66.156,-106.77,-140.65,309.44,-252.08,-198.99,91.484,-145.11,149.76,-17.456,0,0
5.5511e-016,1.2768e-015,9.992e-016,1.1269e-014,64.451,56.753,234.04,-114.75,-47.999,31.017,-7.4309,-16.362,-3.4749,0,0
13.423,-14.99,15.301,66.156,-221.19,-87.03,-12.042,197.92,236.11,-31.134,-94.764,22.388,-2.9955,0,0
6.0622,14.263,14.426,-200.93,-287.37,26.101,74.611,56.152,118.81,-62.893,136.25,113.22,9.4014,0,0
3.4641,33.776,25.208,-225.09,74.051,-23.298,-42.028,99.911,-17.652,66.19,-198.71,-8.8369,5.8837,0,0
-4.7631,-4.1095,29.015,-95.411,-62.317,-59.857,-260.57,284.78,103.32,-75.735,93.786,-7.0771,-1.8942,0,0
-22.745,-35.625,-124.13,-141.7,-92.122,93.258,22.989,176.5,-73.938,126.91,91.667,89.08,-4.566,0,0
-7.7942,28.979,-4.4479,-52.179,-146.74,-151.01,294.94,234.89,86.052,-108.75,-93.885,46.567,7.3,0,0
2.6368e-016,6.6613e-016,1.4988e-015,1.6209e-014,222.18,-333.71,-109.86,143.4,49.489,-38.566,110.18,-10.663,-1.4755,0,0
13.423,-14.99,15.301,66.156,205.06,153.65,-29.739,42.041,-379.58,-193.46,13.248,-9.2036,-1.0069,0,0
4.3301,24.879,14.775,-113.93,-6.7963,-145.54,71.074,-103.81,-22.273,35.722,-2.7192,-46.908,2.7667,0,0
0.43301,1.6405,16.422,-23.51,-54.103,74.705,237.86,-171.6,-24.276,-145.16,3.5037,7.5927,0.071475,0,0
0,0,0,0,-93.928,-114.79,-42.141,540.79,-234.84,-6.5423,9.3561,-10.144,-1.2231,0,0
0,0,0,0,-38.312,-165.76,114.39,95.282,-18.83,-0.93838,-5.1899,-13.786,-0.8508,0,0
3.0311,13.422,-5.1782,-41.146,-249.94,54.618,-74.405,-80.651,-64.719,-140.37,-173.43,13.678,-12.077,0,0
0,0,0,0,-98.675,-189.4,169.98,103.76,-319.48,-100.7,4.2062,8.2198,-7.3909,0,0
0,0,0,0,-89.651,-22.183,38.013,199.88,-46.261,-45.526,21.549,10.665,-0.94407,0,0
7.1504,-23.588,-5.7318,-2.7506,-228.5,-38.138,101.88,-153.92,112.76,290.44,116.47,-10.875,-4.6062,0,0
0.86603,-12.915,-23.301,35.938,-61.339,117.41,-63.232,-84.366,-152.58,107.1,-33.035,-8.1274,-0.048158,0,0
5.5511e-016,-5.5511e-017,9.992e-016,1.1269e-014,-60.26,179.09,46.36,174.92,79.586,28.624,-15.947,144.84,-27.861,0,0
3.0311,13.422,-5.1782,-41.146,56.389,-31.056,-19.113,159.08,10.091,-85.992,-136.18,25.663,-2.0024,0,0
0,0,0,0,-85.715,-163.71,-144.25,30.696,-112.67,194.73,-31.692,21.958,7.5518,0,0
-4.5409,-12.757,5.1994,39.105,-111.06,71.387,-81.489,113.03,-118.94,139.67,199.54,-49.194,3.2892,0,0
0,0,0,0,-31.445,113.62,68.111,2.8524,-31.184,135.65,1.2926,-28.212,-5.6571,0,0
5.1962,-28.912,1.2045,-94.997,142.98,189.24,-315.02,-13.022,-79.155,-74.706,-3.8668,9.3899,-0.13573,0,0
-19.053,13.838,-12.368,-49.929,-60.457,-41.175,-91.585,330.92,106.09,63.932,-22.26,20.365,-1.1752,0,0
-8.2272,22.173,-15.722,15.502,65.122,-92.949,31.039,170.18,-287.17,-69.162,22.356,-28.05,-6.2551,0,0
0,0,0,0,23.758,200.49,-55.749,17.848,187.39,-77.664,38.678,3.6103,-6.0739,0,0
23.816,1.4426,94.091,181.79,49.79,22.25,-31.637,27.97,-185.57,24.29,11.836,6.7829,6.0338,0,0
5.6292,-22.106,12.479,-162.68,76.283,183.02,-216.92,-197.85,40.411,-102.75,25.473,-26.24,2.7407,0,0
-21.861,-1.1322,-150.98,144.52,-132.36,-34.878,-7.6716,222.99,133.37,44.998,26.755,12.142,-8.6238,0,0
-17.754,1.4234,-72.231,53.081,-289.55,111.99,326.96,-267.38,-153.76,24.736,179.13,-19.495,6.2659,0,0
6.0622,25.544,8.3888,-101.84,-133.59,-186.01,-183.09,-114.05,-154.28,-121.46,179.07,47.997,5.2563,0,0
3.0311,-8.1471,12.221,-15.923,0.52059,59.752,-10.564,170.24,32.33,-74.64,35.627,24.965,6.5599,0,0
13.423,-14.99,15.301,66.156,13.23,72.659,8.7901,-70.65,202.9,109.37,-69.159,11.472,2.7859,0,0
9.9225,4.797,114.24,67.304,94.496,27.298,-64.201,21.479,-39.427,-65.715,33.599,2.6554,3.1519,0,0
9.5263,14.975,-35.004,93.173,145.29,101.64,28.532,-77.156,37.457,-2.9891,50.726,32.783,-2.4982,0,0
11.258,12.292,-27.571,77.36,283.18,-185.31,98.739,279.78,109.66,-166.3,11.877,4.2341,-0.51346,0,0
-11.258,-12.292,27.571,-77.36,-125.43,16.303,-10.615,-4.1723,91.536,41.419,-20.513,28.776,1.8496,0,0
0,0,0,0,-15.082,-9.6343,104,84.747,83.586,-113.87,35.365,-0.80801,1.7111,0,0
13.423,-14.99,15.301,66.156,-20.308,-84.014,96.693,-133.22,161.01,-66.679,-63.101,-12.135,-6.0751,0,0
-7.7942,28.979,-4.4479,-52.179,-94.914,-88.528,56.476,-294.43,-103.52,-116.12,43.151,-0.38125,-1.5221,0,0
0,0,0,0,129.47,139.14,-316.92,134.26,-161.65,239.44,-1.5947,-5.4228,-5.3272,0,0
2.1651,30.234,28.116,-223.18,-167.6,-227.28,-127.11,168.53,-26.971,90.425,-24.611,-0.6633,-1.8206,0,0
-24.682,16.115,-93.496,-25.414,161.31,110.03,-177.55,-58.989,-42.272,149.61,-134.18,-178.95,-115.9,27.634,10.731
5.5511e-016,-5.5511e-017,9.992e-016,1.1269e-014,-96.243,10.419,-21.234,-224.74,24.318,37.624,-0.92732,-1.5356,2.7733,0,0
-13.856,19.851,49.609,-64.344,-2.9599,-80.177,69.579,184.71,-249.61,-119.57,42.743,-10.216,1.1471,0,0
0,0,0,0,59.546,-60.773,11.468,-164.18,-160.15,115.98,27.048,-39.315,-9.0769,0,0
7.7942,-1.8546,-11.806,-70.804,-222.73,39.44,-139.86,-66.345,-8.436,4.153,14.069,33.381,1.693,0,0
0,0,0,0,79.507,-60.227,-80.267,-5.9629,-11.058,4.5639,5.189,9.3358,-9.355,0,0
2.6368e-016,6.6613e-016,1.4988e-015,1.6209e-014,-242.88,240.87,18.887,89.259,157.8,203.04,-20.234,-8.244,-8.3643,0,0
-9.5263,41.017,23.907,146.7,-38.176,-128.92,123.76,-179.97,244.51,-180.79,20.259,15.033,4.258,0,0
-8.2272,22.173,-15.722,15.502,-104.72,-127.02,-13.678,108.07,-159.38,175.77,-216.29,27.739,-3.9363,0,0
0,0,0,0,-155.24,-23.479,-68.679,-133.95,-74.971,137.48,-32.213,41.286,-5.9144,0,0
0,0,0,0,120.82,268.69,42.462,108.67,-29.636,-141.54,-42.965,76.575,-3.9686,0,0
13.423,-14.99,15.301,66.156,129.78,319.22,-167.41,273.75,238.39,52.514,49.191,-4.4757,-3.8116,0,0
-0.43301,-1.6405,-16.422,23.51,-278.35,-192.11,-118.44,134.18,-111.77,10.848,-168.65,13.769,7.433,0,0
-19.486,4.8923,-31.575,247.39,21.835,-189.49,90.11,26.95,-190.05,88.027,-125.37,-17.853,1.0595,0,0
0,0,0,0,59.268,71.223,-78.995,-132.29,126.43,55.357,-136.14,-66.189,3.5568,0,0
0.43301,1.6405,16.422,-23.51,-121.13,-193.14,335.57,77.505,-16.481,-0.32212,82.927,-3.7762,-1.971,0,0
-8.2272,22.173,-15.722,15.502,207,260.35,-30.458,65.164,-122.31,-60.323,83.843,-38.555,-0.96266,0,0
-4.7631,-4.1095,29.015,-95.411,72.049,54.425,47.255,-116.54,25.044,-153.82,3.1361,14.659,-8.337,0,0
9.9593,-20.789,19.954,14.52,168.36,-265.94,225.92,237.05,17.041,74.24,-213.69,32.445,-4.0972,0,0
6.0622,6.116,1.2925,-98.965,50.19,14.406,-81.648,29.44,70.021,208.89,-111.89,-38.213,-3.2405,0,0
0,0,0,0,-34.409,225.41,-69.177,115.29,43.675,27.104,-40.494,2.3331,-2.2635,0,0
-9.5263,4.9952,40.726,-101.5,75.292,130.15,-48.919,100.41,-30.495,72.788,88.003,59.113,-16.981,0,0
-22.084,8.912,-23.046,44.268,240.34,37.61,-89.865,53.126,-31.272,-129.62,-57.082,45.813,-0.041502,0,0
3.4641,33.776,25.208,-225.09,60.882,10.235,-77.718,24.577,-191.15,-73.4,25.418,9.5311,-1.5801,0,0
-3.0311,-8.6046,-5.3218,-154.12,207.06,-91.887,137.79,-216.02,-38.813,20.675,211.31,-14.656,-7.2476,0,0
2.5981,6.616,-16.453,26.535,14.063,-164.24,62.82,-2.1051,325.08,-10.476,121.35,-47.395,3.5598,0,0
0,0,0,0,21.823,117.14,29.783,-25.68,23.505,109.48,45.209,11.743,3.0093,0,0
0,0,0,0,-32.145,203.79,-17.715,14.009,23.498,-22.009,-24.098,11.849,-7.6675,0,0
-28.146,27.932,-17.613,162.26,161.73,-162.62,139.45,-37.783,-53.589,-37.696,86.688,0.81819,9.8137,0,0
0,0,0,0,160.08,65.378,-185.3,229.94,-38.914,-96.184,-1.7838,19.43,6.0709,0,0
-0.86603,-6.7811,-17.69,-0.14535,61.878,-3.6473,235.38,206.85,-5.342,153.06,44.545,-9.5412,-3.3945,0,0
0,0,0,0,-68.994,19.913,-190.25,-144.25,125.85,-152.25,-22.241,-18.003,-2.2204,0,0
0,0,0,0,29.522,150.71,-45.514,-108.83,1.7635,73.167,-11.059,2.6687,-3.1573,0,0
0,0,0,0,-28.637,-136.1,131.74,-250.33,320.87,209.16,1.2637,-5.1492,1.2365,0,0
0,0,0,0,-97.78,-246.02,168.35,18.679,52.694,26.915,-0.76915,-0.76346,-2.1977,0,0
0,0,0,0,-2.1304,-4.4081,-170.99,38.687,-177.63,198.74,32.183,0.2202,3.6809,0,0
-8.005,-2.6208,-6.224,120.33,-0.35623,-127.68,-173.44,-87.525,19.754,70.558,-27.438,-113.14,9.8267,0,0
0,0,0,0,-0.13277,-362.73,388.66,-269.67,-189.14,-57.304,24.264,11.405,-1.2419,0,0
0,0,0,0,-92.918,-158.38,-257.94,-30.752,7.2042,4.3212,-8.5523,-2.1483,-2.3505,0,0
-8.2272,22.173,-15.722,15.502,-279.99,1.1188,62.047,124.25,0.31164,-106.54,-193.99,9.0225,2.6471,0,0
0,0,0,0,7.4171,1.6542,172.58,197.11,3.9656,-89.498,-15.091,-2.1875,0.078044,0,0
0,0,0,0,39.994,-153.98,3.9935,-128.77,47.698,44.352,-7.139,-16.779,-10.641,0,0
-25.548,-2.3511,-117.93,-223.28,155.79,-73.6,-244.44,-110.67,-129.52,-38.13,126.86,-73.465,-43.947,0,0
0,0,0,0,17.748,25.37,128.03,8.3998,58.418,-174.14,48.896,-1.9336,-2.038,0,0
0,0,0,0,-17.587,113.43,62.278,-123.46,-63.029,70.057,-12.404,-39.362,-12.521,0,0
0,0,0,0,259.29,-188.02,72.158,98.308,13.208,-63.517,-9.8335,18.593,7.7115,0,0
0,0,0,0,-15.98,-43.972,-313.17,-427.09,-48.612,33.542,-178.31,-11.281,-4.791,0,0
6.4952,1.7255,-7.8546,-3.549,44.84,-71.582,157.72,141.3,-177.95,28.73,-96.375,-114.41,-41.805,0,0
-9.9593,20.789,-19.954,-14.52,-13.995,-358.53,-56.241,-57.607,180.43,161.34,-42.252,-11.627,7.3893,0,0
0.86603,-20.1,17.394,72.06,-47.959,15.93,202.66,13.55,85.691,15.172,57.595,220.57,14.415,0,0
2.2204e-016,0,1.2212e-015,2.8422e-014,-33.544,-102.32,-71.269,-133.67,1.3966,181.84,5.6252,18.8,1.2106,0,0
0,0,0,0,-98.943,-158.93,0.62627,55.579,-84.579,59.311,14.375,-17.35,-7.1343,0,0
-20.352,-28.922,-73.217,-79.662,122.96,140.87,313.18,-135.8,-90.054,-241.93,135.97,128.84,-15.249,0,0
0,0,0,0,-106.8,-138.04,87.028,-20.842,-6.4351,-375.99,-7.296,18.371,5.4292,0,0
14.289,5.1567,16.02,154.63,-26.678,67.031,-49.664,67.798,-34.33,-40.723,-51.835,-6.614,2.3519,0,0
2.2204e-016,0,1.2212e-015,2.8422e-014,100.14,-68.416,41.32,109.63,-166.71,-71.784,28.46,-13.95,6.2464,0,0
0.76554,-9.9539,-6.7222,43.163,-92.822,-23.692,-203.97,-143.45,51.31,90.103,113.56,159.23,-25.51,0,0
0,0,0,0,175.68,-93.783,-173.24,253.28,-185.9,-172.9,30.546,-3.7623,3.6184,0,0
0,0,0,0,-194.89,132.94,-2.3937,177.26,-249.19,-235.89,-83.003,-24.211,-15.102,0,0
-21.879,26.47,30.921,-218.28,-83.812,185.71,-261.11,3.3998,79.935,129.53,2.3385,-16.832,-6.3164,0,0
0,0,0,0,-63.46,-167.26,36.237,214.59,22.28,175.51,57.26,-4.3098,-1.3206,0,0
0.86603,11.373,16.904,-121.21,-34.148,-164.95,234.22,-26.11,215.71,-60.851,-4.924,9.1668,-3.8971,0,0
-1.7321,-1.384,-4.2321,-30.021,-70.452,62.592,62.896,19.058,-149.2,-53.636,-159.58,31.145,-2.5353,0,0
0,0,0,0,-223.75,-21.881,114.72,35.808,111.26,-19.285,-0.16571,-33.798,9.5487,0,0
0,0,0,0,-36.483,-298.24,-137.97,-188.98,31.165,-27.236,12.133,-18.073,7.078,0,0
-6.0622,-6.1405,-9.3481,-89.942,-184.64,-202.16,139.85,-129.62,104.89,70.754,-11.031,-5.0849,-1.9007,0,0
19.053,5.1992,71.279,179.42,155.78,-88.281,-236.16,-219.55,14.245,-15.354,-85.762,88.306,3.5087,0,0
61.055,-19.368,-116.17,-64.563,-168.44,-253.9,218.64,-167.63,-28.728,61.499,167.03,46.989,-6.6764,0,0
4.3301,-10.739,-4.8726,4.4772,-77.755,-167.23,-244.31,346.64,-123.43,-98.838,116.45,-5.3821,9.7793,0,0
4.3301,24.879,14.775,-113.93,76.433,-53.726,-46.812,-14.269,309.72,245.25,-119.44,46.773,5.6851,0,0
-19.053,13.838,-12.368,-49.929,-200.23,-55.26,82.927,21.304,-49.051,140.75,253.65,-39.849,-2.4325,0,0
-22.834,19.356,12.909,29.039,-111.2,98.259,-31.022,-130.35,-105.72,-3.6034,-50.716,6.6974,-122.51,18.442,0.43301
0,0,0,0,106.96,241.18,96.856,72.965,-21.303,4.3212,-8.5523,-2.1483,-2.3505,0,0
0.43301,-26.905,6.1195,139.74,-193.76,54.082,325.13,-181.52,-51.538,-130.56,0.44439,-22.894,1.8143,0,0
0,0,0,0,47.073,-15.62,-76.42,-154.19,21.445,70.851,1.8577,-35.494,3.572,0,0
13.856,-8.1848,26.575,-1.5245,-163.97,-181.17,-250.35,261.92,-103.49,30.71,-1.497,-1.1597,0.049038,0,0
0.43301,6.8056,11.275,-67.68,-143.63,-271.72,-72.283,122.16,-6.2736,-190.6,150.76,-20.179,2.7871,0,0
-5.407,-2.817,2.1683,103.1,196.74,152.47,171.67,-296.35,119.83,-31.985,91.138,-0.69134,-5.9955,0,0
19.053,-13.838,12.368,49.929,52.222,-121.06,-12.169,28.696,47.182,-81.142,59.399,-13.464,2.3056,0,0
0,0,0,0,41.898,-45.84,54.973,172.52,-154.46,38.151,-44.772,31.732,-6.9973,0,0
-4.3301,22.521,-3.1865,-196.18,-45.218,302.6,31.23,63.072,100.06,69.784,128.19,-11.806,-4.811,0,0
-19.919,16.588,-1.4952,233.25,74.913,-51.259,0.68662,2.1663,-94.01,87.659,15.082,-16.138,10.049,0,0
0,0,0,0,34.626,27.921,-126.5,-262.65,76.148,-59.823,23.469,-6.6934,0.87708,0,0
0,0,0,0,-37.311,-283.41,-143.73,-59.78,-130.94,-161.75,28.673,-4.5425,-1.0894,0,0
0,0,0,0,24.226,245.21,362.7,-396.7,-22.908,4.8112,-16.396,-9.7978,-5.3786,0,0
-22.084,31.737,1.5079,222.13,134.29,-228.02,-30.327,-121.26,-47.497,-84.366,-208.35,82.447,-7.2344,0,0
0,0,0,0,-13.869,-111.18,-174.7,139.29,179.42,-185.2,15.404,31.524,1.1182,0,0
0,0,0,0,-53.263,77.363,-163.54,-202.72,130.35,-1.2168,-7.1238,-0.3762,-0.35946,0,0
0,0,0,0,-199.18,86.807,9.6578,58.593,10.545,176.41,23.437,-2.7506,2.6842,0,0
0.43301,1.6405,16.422,-23.51,-270.16,-180.86,22.561,-30.988,84.308,-225.71,-124.66,43.905,8.4148,0,0
0,0,0,0,-6.7452,-41.253,155.63,-195.55,76.653,-62.42,-43.287,-11.007,0.80561,0,0
0,0,0,0,88.441,66.324,217.3,-376.6,-29.908,-82.023,84.603,-31.91,-1.5167,0,0
-1.9429,-6.1405,-11.253,65.639,36.393,3.192,-6.6417,-68.873,1.8272,167.78,-40.85,36.765,0.71026,0,0
2.2204e-016,-5.7732e-015,4.885e-015,1.6431e-014,-266.16,10.651,-226.49,108.69,125.03,-82.908,-44.473,-40.722,6.8789,0,0
-1.9429,-6.1405,-11.253,65.639,-32.505,3.5369,-58.008,-25.151,105.6,-158,-90.459,12.725,-1.5739,0,0
0,0,0,0,220.91,47.703,129.31,344.79,-158.83,-283.95,43.949,-50.193,1.4521,0,0
0.43301,1.6405,16.422,-23.51,-129.1,227.74,37.618,-73.971,36.249,-138.64,-30.114,-3.7635,-6.6776,0,0
13.856,-8.1848,26.575,-1.5245,-14.363,-13.023,-238.67,20.163,-185.73,93.331,-63.353,35.654,-7.5667,0,0
-22.084,31.737,1.5079,222.13,-94.126,-42.886,-175.74,25.662,-153.2,14.739,-67.084,-70.733,19.531,0,0
0,0,0,0,81.02,-10.261,237.41,374.6,-119.59,42.625,-105.98,-8.7752,7.2835,0,0
4.7631,7.5066,-9.2338,-89.265,-164.17,-291.84,-192.81,13.223,-79.433,-15.519,-3.5977,-60.954,-2.0278,0,0
0,0,0,0,-92.901,2.673,-139.03,-82.269,93.259,22.951,-24.943,28.464,1.1681,0,0
-2.1651,-23.788,-22.629,58.138,106.25,-63.842,86.698,-126.68,-118.95,-119.4,18.34,19.056,-2.4204,0,0
0,0,0,0,0.39864,9.555,80.069,-186.89,69.04,47.239,-31.763,38.526,0.064025,0,0
-4.7631,-4.1095,29.015,-95.411,8.2098,350.3,-291.72,94.531,218.63,-201.69,-12.325,-5.9237,-7.1478,0,0
1.1986,-3.1483,4.5523,-24.517,-131.53,42.348,-34.895,-491.56,-111.66,108.77,91.313,10.645,-5.1357,0,0
27.28,-2.845,-34.66,108.56,-103.81,-161.42,5.8158,0.16289,22.142,26.761,78.234,25.765,14.35,0,0
4.7631,-7.4348,-1.9313,-99.39,20.853,165.79,239.75,-38.911,-85.544,-55.025,159.66,-14.98,-7.4988,0,0
0,0,0,0,-30.719,-47.051,-12.737,167.74,-30.042,-195.99,-123.33,17.76,-2.6531,0,0
0,0,0,0,111.88,143.92,-83.606,-133.56,-268.23,-75.921,-31.649,-19.148,-0.61186,0,0
11.691,-20.99,-19.255,-233.71,9.9384,104.99,80.329,-74.194,-73.111,39.072,88.535,69.359,-6.5841,0,0
2.1651,-20.953,-20.464,129.73,55.197,93.092,187,11.315,134,-20.753,23.365,-23.552,10.308,0,0
0,0,0,0,110.71,102.73,188.37,163.05,124.29,-23.392,-39.896,32.265,-3.8666,0,0
0,0,0,0,-2.5813,128.7,-177.75,95.604,16.373,74.574,53.256,15.187,-2.0727,0,0
-5.1962,-7.7679,-0.68301,65.759,-62.824,60.898,51.281,-23.142,10.562,256.56,-107.21,-14.537,-5.3996,0,0
0,0,0,0,-21.83,29.75,-217.92,-95.969,103.1,-71.736,3.1465,9.505,2.4432,0,0
0,0,0,0,-61.515,-244.02,176,-145.15,48.528,-129.7,21.66,-3.6229,-1.5069,0,0
0,0,0,0,-72.142,0.18789,-133.23,185.46,21.472,45.094,-10.934,3.3424,-0.93301,0,0
0,0,0,0,3.2868,-66.322,-144.41,183.08,-115.87,-102.34,35.46,2.6983,-8.6768,0,0
-16.454,33.517,-31.84,-55.496,-140.77,139.72,13.376,-152.97,234.84,-38.948,-40.615,-7.073,-5.3439,0,0
0,0,0,0,0.041266,-144.52,68.309,-78.71,3.4539,-55.649,0.39407,-14.844,-1.4611,0,0
8.2272,-22.173,15.722,-15.502,-50.346,198.92,31.889,40.264,-33.648,-134.29,-159.66,89.416,-1.5885,0,0
0,0,0,0,96.165,-94.444,-50.357,-103.03,99.649,-43.975,-56.708,8.8205,0.76018,0,0
0,0,0,0,115.39,95.405,115.01,253.08,-100.36,-85.39,21.441,19.695,-2.9381,0,0
0,0,0,0,7.7476,-70.453,46.025,130.42,-92.509,322.77,15.952,11.788,-6.6737,0,0
6.0622,2.4199,-2.7925,-71.192,-99.562,-396.85,104.85,-11.729,254.19,201.43,56.819,-1.549,10.067,0,0
-7.7942,-2.6699,0.35946,65.301,-128.02,51.985,-66.806,68.146,43.243,14.5,53.577,8.5514,0.37796,0,0
3.8971,-10.678,23.954,-68.024,-52.415,-193.45,-106.67,-11.524,2.885,294.95,31.715,2.0787,-4.4031,0,0
0,0,0,0,99.927,19.331,-154.56,45.752,-68.169,-65.927,-36.251,-16.84,-1.6845,0,0
-4.7631,68.698,173.94,-113.19,-61.887,-116.77,74.363,66.433,149.24,-16.895,-57.008,-57.033,-7.1624,0,0
0,0,0,0,21.156,-186.54,-30.219,-269.25,181.41,236.13,109.16,-116.81,30.313,0,0
2.5981,-0.68301,-24.74,-51.606,-105.42,299.29,-275.42,-4.5879,-121.42,-109.35,-114,0.63181,6.3583,0,0
19.053,-13.838,12.368,49.929,88.159,86.022,75.201,-23.927,-80.381,-7.3446,-66.429,44.396,-3.3322,0,0
0,0,0,0,43.738,241.12,-47.33,-119.33,190.19,-17.549,-35.288,17.732,-1.5233,0,0
-9.9593,20.789,-19.954,-14.52,9.5702,-108.04,68.088,151.94,1.6072,-83.948,-35.214,8.9557,1.6188,0,0
-0.43301,-6.8056,-11.275,67.68,251.89,-47.46,351.95,-320.53,-51.374,-27.403,0.067867,-20.88,-2.4647,0,0
-8.8818e-016,-15.598,-7.1226,20.479,-84.693,32.871,-340.85,-76.323,43.969,-166.02,-26.475,-5.2946,5.7913,0,0
4.3301,0.70096,-20.508,-21.585,7.7081,-20.632,-343.62,74.796,140.79,150.16,-111.52,129.04,35.401,0,0
1.299,-15.806,-84.694,-70.382,-193.5,285.16,-113.03,105.97,166.82,17.999,-34.562,-27.303,-1.5027,0,0
-0.43301,18.714,19.801,-145.51,-85.568,-21.271,279.84,-222.28,-135.81,18.066,-280.63,72.67,-7.0687,0,0
0,0,0,0,6.9728,-136.61,35.289,-137.85,-6.7008,62.366,-27.602,15.076,-1.9273,0,0
0,0,0,0,19.02,-31.28,180.32,-219.34,96.196,17.371,3.4393,8.4928,2.332,0,0
0,0,0,0,165.48,79.904,-90.377,239.68,-50.2,-13.819,9.2352,0.88694,2.4244,0,0
-9.9593,67.796,67.704,-117,34.921,-69.218,-95.681,-55.75,-72.322,184.46,241.56,-77.5,21.631,0,0
19.486,-4.8923,31.575,-247.39,-11.323,-39.046,-74.902,-204.49,19.935,-193.72,-47.757,-30.546,8.212,0,0
-10.392,-8.75,89.506,-65.583,-107.55,-65.493,112.43,-238.71,144.92,-320.63,-31.675,-59.459,4.5209,0,0
-10.392,4.2027,31.002,-216.16,-63.1,22.724,-22.202,-141.61,0.28684,-104.13,-132.26,9.0467,8.8974,0,0
0,0,0,0,109.64,275.33,-74.503,-4.7082,182.5,48.248,81.481,-3.0067,-4.6468,0,0
0,0,0,0,-260.83,-91.132,-141.38,203.72,-272.11,123.55,-39.439,-50.127,-1.7991,0,0
0,0,0,0,-122.22,16.284,328.19,-81.149,-145.02,110.63,42.44,-39.935,2.0304,0,0
13.423,-14.99,15.301,66.156,25.524,-13.656,18.897,-155.68,64.378,-61.424,1.5298,34.41,2.997,0,0
13.423,-14.99,15.301,66.156,33.024,-63.795,35.24,-95.81,16.395,85.367,87.144,-7.4777,-2.9907,0,0
0,0,0,0,37.158,372.58,-102.46,39.706,-68.448,-112.81,-8.1221,27.401,4.0823,0,0
4.3301,-10.739,-4.8726,4.4772,-5.2252,-172.08,-138.1,90.356,15.712,-64.748,-2.2872,37.05,-0.25296,0,0
9.9593,-20.789,19.954,14.52,12.385,133.55,35.317,21.387,-102.02,46.21,-78.891,-166.1,14.356,0,0
0,0,0,0,-36.887,3.7329,161.9,-4.0326,13.821,-96.551,14.926,-2.6552,3.3807,0,0
13.423,-14.99,15.301,66.156,49.056,-59.766,219.51,-286.78,-129.66,-41.101,4.0748,6.2255,5.2213,0,0
5.5511e-016,-5.5511e-017,9.992e-016,1.1269e-014,-8.2084,73.311,162.05,-180.13,-0.55827,-141.96,33.642,-21.093,8.5066,0,0
0,0,0,0,82.51,-50.978,-103.15,140.75,176.47,-88.206,-56.455,74.718,1.0673,0,0
6.4952,12.946,20.623,22.261,110.97,89.848,63.176,-57.065,164.64,46.989,9.6736,-24.737,-6.0272,0,0
3.0311,13.422,-5.1782,-41.146,-115.46,-105.76,106.69,178.5,71.579,-168.85,-35.343,40.337,7.3413,0,0
0,0,0,0,-235.14,-67.013,108.72,2.4716,-173.48,-169.39,-3.4139,14.826,-4.3032,0,0
3.8971,-19.557,-5.0832,138.8,279.11,139.16,11.736,65.23,-83.237,108.73,61.332,48.986,8.1292,0,0
0,0,0,0,139.14,44.872,-223.16,-337.61,-172.81,268.07,38.356,-14.399,1.7072,0,0
-9.9593,-7.8104,-7.8971,-141.28,125.36,183.38,123.22,37.063,-63.058,-85.976,-36.556,-17.64,-2.7123,0,0
-0.43301,18.714,19.801,-145.51,159.45,-192.72,-122.96,-149.3,-55.905,-177.84,173.08,6.0946,-4.4567,0,0
6.4952,12.946,20.623,22.261,234.35,28.382,-163.43,-269.35,-23.792,-107.9,19.148,1.9689,-1.8741,0,0
0,0,0,0,-56.48,44.028,132.65,-329.57,-234.42,-392.54,6.4928,-31.079,2.7796,0,0
-19.053,13.838,-12.368,-49.929,-228.17,-54.469,216.26,-90.667,14.302,-30.892,-167.52,41.18,0.29399,0,0
8.6603,-4.5377,27.392,3.317,43.81,-308.21,0.98385,-181.78,-40.262,-45.66,32.99,-24.561,0.95929,0,0
-40.048,9.6817,90.764,260.35,-29.015,-145.67,-142.48,169.35,35.141,-168,-20.594,-1.6583,2.7401,0,0
-8.2272,22.173,-15.722,15.502,215.67,-89.154,-248.76,17.454,63.187,-266.04,-206.5,53.045,4.6813,0,0
2.1651,-26.637,75.771,-11.573,-37.556,-31.52,-44.119,-77.728,-28.187,92.342,28.502,7.3196,2.2647,0,0
0,0,0,0,108.36,306.61,-194.69,-58.497,-245.14,-93.991,7.5899,17.363,-2.7341,0,0
6.0622,6.1405,9.3481,89.942,137.95,70.255,-5.1788,-145.2,-172.7,1.7934,91.886,-3.7912,-4.6633,0,0
-4.7631,-4.1095,29.015,-95.411,121.58,235.16,102.81,152.92,19.347,94.054,-9.0923,-4.6956,-0.64054,0,0
3.8971,-2.0736,-14.214,-61.306,-190.17,228.13,-81.523,-163.86,235.33,-208.7,34.136,-14.163,-0.89207,0,0
2.1651,30.234,28.116,-223.18,45.569,-3.3407,212.84,46.339,-53.068,-42.837,-73.581,21.61,-3.6034,0,0
0,0,0,0,-26.159,249.85,-150.93,55.219,-40.706,54.97,-21.171,2.3038,2.4677,0,0
-16.887,-0.11427,205.74,91.955,61.96,-21.459,178.43,-49.025,186.49,111.46,-186.01,53.385,0.016747,0,0
8.2272,-7.0197,-11.232,7.4593,-25.251,6.5148,-48.986,-147.38,13.048,38.325,-2.0858,2.4465,-0.43422,0,0
1.7321,1.384,4.2321,30.021,238.63,-3.0647,-367.92,-183.66,122.63,312.34,11.521,-35.457,-6.5688,0,0
-7.7942,28.979,-4.4479,-52.179,52.129,-77.11,-253.36,-163.43,-52.567,-31.069,-19.161,-36.702,-0.92251,0,0
4.3514,-23.69,79.799,-102.24,10.85,130.42,1.4015,106.58,-58.671,-58.625,-210.6,43.911,-6.9793,0,0
-29.012,-0.89359,-21.964,-367.21,-187.09,-8.0045,20.134,33.299,-71.639,61.714,-104.28,47.828,7.1591,0,0
19.053,-13.838,12.368,49.929,117.47,-81.081,-242.97,-250.04,101.05,246.42,-63.533,-77.003,15.232,0,0
13.423,-14.99,15.301,66.156,189.63,-2.0806,-258.62,114.36,12.259,36.042,-3.6059,-36,-1.2775,0,0
-19.053,2.7715,-76.945,-32.238,-207.9,62.545,-115.9,109.83,-236.7,-182.34,198.35,-23.873,0.04848,0,0
-16.454,33.517,-31.84,-55.496,-138.3,309.56,-216.54,-204.58,-142.75,175.06,116.22,-47.133,7.4575,0,0
0,0,0,0,-122.87,67.003,-47.92,133.2,164.51,-77.782,-96.997,-45.655,-5.2165,0,0
1.7321,-28.789,13.407,36.69,72.422,-122.51,141.68,-357.22,124.45,-92.27,39.941,16.486,1.0676,0,0
2.5981,6.616,-16.453,26.535,30.401,37.957,-81.415,325.17,98.405,-125,28.018,42.544,-4.9351,0,0
2.5981,6.616,-16.453,26.535,154,-292.33,-105.22,37.559,-316.88,-173.88,338.56,-69.705,-5.4818,0,0
0,0,0,0,-1.349,151.44,132.82,12.197,39.598,92.487,-13.004,5.1115,0.35825,0,0
3.8971,23.758,6.2417,-58.741,-231.84,-8.6665,-23.518,48.26,184.5,-78.201,-19.846,-28.367,-5.1077,0,0
-19.053,13.838,-12.368,-49.929,-1.2763,-70.19,-45.374,-17.538,-77.635,-65.66,-50.777,17.182,-4.4423,0,0
8.2272,41.423,-94.905,-259.58,59.303,12.743,-101.32,-84.019,-95.74,88.457,91.836,-8.8224,-5.2724,0,0
8.2272,41.423,-94.905,-259.58,401.56,67.923,39.934,-30.479,-193.96,129.52,-24.662,3.2377,-9.1699,0,0
0,0,0,0,100.04,18.205,124.5,-130.46,89.371,-10.245,-13.595,6.663,-3.8059,0,0
2.9306,-1.7643,8.7844,5.5042,93.65,-141.58,-64.944,367.48,-106.6,193.83,167.79,-6.6816,1.4504,0,0
-1.299,2.3236,-4.1782,-97.754,-280.27,116.98,184.14,-43.82,-62.153,32.669,-165.33,173.65,-19.823,0,0
0,0,0,0,-223.03,-23.306,-16.08,-190.2,-29.204,-192.65,-21.321,-21.589,-2.7928,0,0
0,0,0,0,94.469,-303.89,-64.783,-66.068,32.531,69.871,60.89,-58.988,-2.8974,0,0
5.5511e-016,-5.5511e-017,9.992e-016,1.1269e-014,-217.22,184.66,244.91,-200.27,5.3243,-10.605,-159.89,27.557,0.47877,0,0
0,0,0,0,46.162,49.984,-19.12,-233.45,-34.76,85.501,16.111,-11.858,-5.4958,0,0
0,0,0,0,-21.705,51.723,4.8772,135.86,-126.46,194.28,45.686,-7.6076,8.5192,0,0
6.9282,1.3284,-14.154,41.123,39.943,-72.081,-2.0284,49.301,-144.44,-45.257,-78.815,-77.376,21.803,0,0
0,0,0,0,220.57,25.166,67.302,-50.335,-83.093,98.884,-11.748,4.7524,-0.81578,0,0
0,0,0,0,7.3881,-78.152,-139.24,124.07,-123.45,-12.567,-66.225,-25.685,3.7724,0,0
-8.2272,-7.9821,9.1489,23.549,9.6229,-231.37,139.33,-76.172,-257.98,0.87111,121.17,32.787,-11.787,0,0
-22.517,-0.29552,11.346,-95.779,35.992,65.654,-23.858,71.119,6.8272,262.44,107.85,-84.783,-8.5631,0,0
0,0,0,0,-30.097,-5.1538,-4.6309,17.017,-107.35,-154.24,-46.834,-18.338,-4.3164,0,0
0,0,0,0,-47.8,92.446,275.03,151.21,-135.1,13.076,56.194,10.953,-6.7611,0,0
9.5263,14.975,-35.004,93.173,44.463,-152.17,72.812,86.121,-157.58,19.478,12.813,2.5404,-1.5221,0,0
-3.8971,20.209,-24.497,56.417,92.69,-23.232,-285.31,117.35,-114.14,-1.6995,72.131,-6.7331,4.8984,0,0
16.454,6.4378,27.6,103.54,213.33,17.578,215.58,-103.09,378.71,-126.73,-143.1,13.604,-1.3681,0,0
4.3301,-10.739,-4.8726,4.4772,-8.1435,26.274,36.028,20.342,4.5921,-23.601,173.45,1.5923,6.9579,0,0
3.0311,-8.1471,12.221,-15.923,-86.65,-96.768,81.198,-50.402,-132.92,277.28,-24.386,-0.2004,2.4264,0,0
-0.86603,-5.2321,20.685,3.4869,33.783,-135.09,22.942,6.5828,-94.285,-39.03,1.1008,-153.35,26.418,0,0
-17.754,-3.7596,13.286,-95.035,-112.83,-3.9321,-18.085,-44.467,178.02,-24.572,-44.001,-3.6935,4.4833,0,0
4.3301,24.879,14.775,-113.93,-77.362,53.554,-49.157,-33.397,19.504,-106.32,-44.51,5.4288,-0.76883,0,0
0,0,0,0,-3.0356,-63.442,-30.833,178.58,142.95,18.627,-19.55,13.912,-6.4384,0,0
5.1962,-25.74,-132.23,52.872,-82.966,-237.33,164.28,17.724,54.181,41.112,-249.8,67.448,-1.907,0,0
4.3301,4.7566,5.116,59.92,-69.314,228.33,-36.899,-81.419,66.57,106.84,-104.27,-6.549,-7.3269,0,0
-4.7631,-4.1095,29.015,-95.411,28.015,140.95,101.52,161.27,-31.19,29.621,8.1968,-8.5921,-8.0673,0,0
0,0,0,0,14.497,71.43,224.48,118.09,85.362,66.651,-21.845,33.149,3.093,0,0
30.966,-11.175,-185.64,146.67,228.31,19.422,36.484,86.915,-96.08,150.49,-133.59,38.528,-4.5059,0,0
26.636,-2.229,-22.253,62.535,-6.8761,-67.868,93.778,-234.07,110.61,19.052,86.489,-25.894,5.3864,0,0
0,0,0,0,-20.782,52.272,-336.12,62.447,87.989,122.07,-24.81,5.3092,0.97011,0,0
1.299,5.0556,-7.2631,-66.843,265.41,167.34,-31.604,37.747,72.769,-91.847,-215.05,-11.9,1.5045,0,0
-9.9593,20.789,-19.954,-14.52,-69.541,-109.09,49.009,225.91,77.995,-59.458,-44.913,6.5618,-5.5473,0,0
20.352,-2.2828,78.912,171.82,67.347,-73.789,-20.581,143.94,11.54,13.029,-46.19,165.81,-25.319,0,0
6.6112,5.5045,-83.638,64.553,102.56,15.45,47.562,-20.371,26.041,-42.852,-10.928,22.469,-1.3092,0,0
13.423,-14.99,15.301,66.156,-39.343,20.409,-80.449,1.3898,109.74,-34.156,-35.235,17.066,4.9202,0,0
34.208,-10.126,28.765,116.96,-7.5762,50.652,135.05,-51.127,-180.18,-58.454,144.33,54.135,-0.028362,0,0
-3.2419,29.454,-13.386,-38.731,-3.945,-26.468,157.61,-55.452,-136.26,-282.18,4.8436,17.753,6.0231,0,0
0.43301,1.6405,16.422,-23.51,-62.72,31.926,4.0207,-156.82,59.357,-117.97,-35.17,12.808,1.5195,0,0
-9.9593,20.789,-19.954,-14.52,-44.571,-23.429,24.166,-18.908,-67.57,218.55,147.87,91.179,-31.595,0,0
5.1962,6.8349,-39.01,71.166,6.9464,41.12,174.77,-45.388,131.56,-87.168,126.29,-18.82,11.438,0,0
0,0,0,0,-126.56,105.02,-258.14,-200.89,14.085,-14.828,-150.69,5.6287,6.2545,0,0
29.878,-16.603,51.28,-2.3424,-106.67,-95.605,-11.383,36.349,183.21,-117.51,223.92,36.038,1.5942,0,0
0,0,0,0,-235.77,-388.7,133.65,-35.47,113.82,90.666,75.145,0.13855,-5.1244,0,0
-26.625,19.028,102.69,42.494,-154.43,24.192,-32.592,-16.761,35.766,161.7,-60.701,-3.3806,-0.71651,0,0
6.0622,1.0897,79.604,-224.47,-79.052,16.964,-154.1,99.52,-232.19,-106.64,2.9258,205.41,-22.518,0,0
-7.7942,-3.8038,-1.4396,41.17,188.68,-158.27,-139.83,67.927,176.4,-104.86,-14.878,-19.612,1.0239,0,0
3.0311,13.422,-5.1782,-41.146,-42.221,126.56,84.82,-203.8,-58.02,-152.26,-16.861,6.5347,-8.0192,0,0
0,0,0,0,-98.209,-31.149,-31.05,30.581,240.39,-95.62,4.2619,-27.159,3.6029,0,0
-2.1651,-0.90192,-1.8481,16.904,-23.918,130.68,93.83,-43.407,-183.59,-16.939,65.178,-10.418,1.3681,0,0
5.5511e-016,-5.5511e-017,9.992e-016,1.1269e-014,42.622,19.232,167.04,46.361,151.71,250.63,-112.3,8.2406,-8.9112,0,0
8.2272,-11.343,16.118,70.997,24.743,161.1,-150.97,315.37,126.89,-91.467,16.027,-3.6737,-0.90225,0,0
1.7321,-28.789,13.407,36.69,-249.95,-46.663,-9.7741,-85.308,-121.58,35.983,28.367,14.986,-12.397,0,0
-3.0311,8.1471,-12.221,15.923,48.113,94.779,-235.85,111.02,79.86,23.369,-35.82,43.587,7.0288,0,0
-8.4381,-13.306,-156.7,117.05,56.315,-95.662,-193.66,183.04,-288.35,-172.17,3.6122,-211.04,-22.195,0,0
0,0,0,0,54.385,78.473,-163.69,-26.962,-61.187,-143.59,46.691,8.7506,-2.5634,0,0
0,0,0,0,182.16,212.46,113.94,61.52,112.32,-70.956,11.232,-34.569,3.2996,0,0
-30.311,0.27147,105.25,-32.381,58.964,-218.86,71.719,133.67,143.03,-126.07,-160.56,53.992,3.193,0,0
0,0,0,0,-95.765,-126.74,49.099,-1.4746,-169.25,146.33,-47.433,24.773,-1.7697,0,0
0,0,0,0,-74.279,-7.6277,-64.03,217.46,17.65,98.788,57.818,26.141,5.588,0,0
4.3301,-10.739,-4.8726,4.4772,-112.94,-191.85,228.75,-8.851,41.537,148.67,-47.119,40.902,-7.9142,0,0
6.4952,1.4199,5.0556,-67.723,-14.255,78.262,-92.442,165.69,-100.53,139.68,60.464,-30.527,0.59415,0,0
1.7321,23.428,16.842,-155.5,-35.409,-44.223,-73.411,-217.11,-131.19,14.825,-9.4715,19.93,-1.418,0,0
-7.572,-13.598,-14.405,198.89,51.273,-63.453,-27.966,-51.158,-176.92,-129.53,-3.6143,-35.488,0.67284,0,0
0,0,0,0,58.684,-55.255,176.39,130.68,-46.24,127.61,-27.063,19.639,2.7022,0,0
12.753,-13.934,9.2084,61.932,55.141,149.38,18.249,13.352,95.811,-86.928,-150.25,58.563,4.9785,0,0
0,0,0,0,155.23,162.72,-190.76,-148.54,-130.44,-53.773,195.43,-45.932,-2.18,0,0
0,0,0,0,-22.513,55.007,-4.1258,-81.366,13.261,48.935,-2.253,-4.3448,-2.1005,0,0
13.423,-14.99,15.301,66.156,195.58,212.42,-109.9,-11.354,197.36,-143.8,19.487,25.53,4.0889,0,0
0,0,0,0,-101.56,85.311,43.057,-104.51,-89.052,75.769,-12.717,13.323,1.5649,0,0
-18.973,-13.342,-115.59,105.02,-295.44,-14.222,-67.069,213.45,48.047,198.92,-185.13,-13.51,-1.4672,0,0
3.4641,33.776,25.208,-225.09,-18.526,83.196,174.75,-461.77,-99.126,-34.7,-143.13,10.03,4.2204,0,0
0,0,0,0,-20.113,-144.3,-80.512,181.76,-78.232,31.318,0.24495,3.9853,-2.2635,0,0
-12.557,20.49,-0.5867,140.85,-53,-242.9,74.408,-39.867,149.72,-129.33,-353.56,14.88,2.4946,0,0
2.2204e-016,-5.7732e-015,4.885e-015,1.6431e-014,-146.03,-78.144,27.723,-68.88,-90.086,87.127,48.998,-7.8982,-9.669,0,0
16.454,6.4378,27.6,103.54,261.74,80.392,-181.93,145.91,150.38,21.046,170.65,-20.878,4.6821,0,0
0,0,0,0,253.99,-222.42,50.536,-147.5,35.907,-69.201,21.842,-21.629,0.13485,0,0
9.3155,4.8463,40.713,-137.61,171.5,-178.92,14.484,-44.538,-20.091,55.825,65.986,158.65,65.075,-26.378,7.6782
15.155,-11.783,-38.474,-4.1694,-152.3,71.543,-55.411,95.7,-140.53,-89.431,-259.98,-44.301,18.135,0,0
0,0,0,0,-2.6103,-165.1,54.921,104.24,-87.189,-123.67,85.908,-60.033,-0.74768,0,0
7.7942,-28.979,4.4479,52.179,-50.044,-218.66,-245.4,-93.721,-99.131,-103.84,-136.22,32.859,-13.978,0,0
0,0,0,0,-25.878,-72.878,221.2,-110.09,-27.476,188.52,-25.816,-0.26226,-2.3897,0,0
-10.392,-29.386,-59.753,158.77,23.866,24.528,161.75,4.014,-64.31,22.256,171.48,-23.013,-41.265,0,0
23.383,1.021,-8.5228,76.618,22.361,-51.542,260.77,-216.64,231.2,-9.9295,-32.271,-26.977,2.6827,0,0
3.4641,-30.296,-3.0276,-125.02,260.94,-47.354,118.51,-36.674,247.1,-97.7,102.15,-42.141,-1.3688,0,0
1.7321,23.739,24.051,-165.38,63.205,-38.023,-43.018,-231.01,-168.15,-71.317,28.271,228.05,24.218,0,0
0,0,0,0,-100.62,141.77,-213.42,-198.33,89.767,-104.73,-33,39.693,-0.71105,0,0
13.856,-8.1848,26.575,-1.5245,204.06,339.16,57.342,-76.166,75.02,68.651,-13.531,12.895,-4.9644,0,0
2.5981,6.616,-16.453,26.535,-100.25,-160.32,-24.838,115.51,272.82,-39.04,-194.73,23.301,8.6899,0,0
0,0,0,0,129.31,81.841,-51.459,-97.202,20.283,137.32,-20.879,-12.086,3.9845,0,0
13.856,-8.1848,26.575,-1.5245,146.25,148.68,-89.463,-12.678,-127.93,-205.79,10.611,114.69,-28.57,0,0
-8.8818e-016,-15.598,-7.1226,20.479,-85.937,-275.68,-100.56,148.15,318.4,-107.93,-113.44,4.3431,9.5216,0,0
-19.053,13.838,-12.368,-49.929,210.37,-60.591,78.501,-210.91,34.648,-280.33,-134.3,-8.3569,6.1573,0,0
-11.258,-12.292,27.571,-77.36,-113.84,107.04,-60.29,-98.299,-0.32077,229.57,-38.602,3.6426,-5.9522,0,0
13.856,-8.1848,26.575,-1.5245,-27.648,-9.11,-183.02,182.5,-1.7062,51.092,7.2934,-15.076,-8.3087,0,0
3.8971,-34.144,0.065699,145.94,-147.15,-131.06,131.07,201.38,30.799,-75.821,-37.984,25.361,2.1573,0,0
2.1651,8.1896,15.507,-37.659,-237.85,-116.85,179.11,-32.166,106.19,-11.704,-45.495,-4.2409,-8.6517,0,0
-0.86603,0.32356,12.098,41.311,248.49,179.24,73.544,5.5107,95.341,87.247,-107.39,16.745,-7.0957,0,0
13.856,-8.1848,26.575,-1.5245,-122.19,-208.26,-103,208.4,-93.476,-102.62,61.458,-3.0125,1.9471,0,0
3.4641,14.848,-6.3367,-113.56,-65.621,43.677,243.64,-85.515,90.474,140.66,-24.964,-16.855,-1.3912,0,0
0,0,0,0,-28.048,195.32,-114.81,135.5,-12.505,-63.794,11.595,10.272,-4.5646,0,0
5.5511e-016,1.2768e-015,9.992e-016,1.1269e-014,-209.45,-110.29,-117.8,-3.1296,-93.131,233.77,89.884,4.4767,2.4154,0,0
0,0,0,0,49.433,52.024,-132.64,-189.84,43.293,44.104,0.43486,-12.503,-5.6388,0,0
7.7942,32.605,20.623,-149.53,-81.154,-192.9,-164.62,164.36,84.495,348.19,-131.9,130.92,-67.245,0,0
0,0,0,0,-157.52,140.87,-27.149,109,-49.087,14.547,43.052,0.28285,4.0359,0,0
0,0,0,0,86.132,63.1,-122.73,-28.686,0.52587,-188.54,-12.469,1.3341,-7.3663,0,0
7.3612,-3.5556,13.83,-5.2207,68.828,-100.26,260.38,37.334,81.771,-44.013,-52.405,22.713,-3.3726,0,0
13.856,-8.1848,26.575,-1.5245,-3.7167,188.68,202.2,-171.26,-153.53,-44.212,5.5935,7.3035,0.75481,0,0
-10.392,11.783,1.0538,-66.582,-194.19,-157.68,-151.59,234.07,23.886,324.18,53.988,-80.663,-1.5706,0,0
-30.311,-18.07,-13.368,243.68,200.28,-107.76,-9.4805,156.32,33.484,85.635,-137.66,13.684,-6.3149,0,0
0,0,0,0,43.504,159.64,237.61,184.81,300.03,-219.02,25.389,-19.09,4.2583,0,0
1.6098e-015,-2.498e-016,4.4409e-016,1.5543e-014,-182.36,119.44,-127.16,100.25,-231.43,-224.92,105.89,-208.01,15.834,0,0
-7.7942,28.979,-4.4479,-52.179,-139.82,52.763,-367.91,-43.004,-68.431,-183.99,136.65,-6.894,3.1478,0,0
0,0,0,0,-102.24,78.638,188.91,286.53,114.72,47.583,-32.594,0.77684,7.4354,0,0
0,0,0,0,99.22,-256.21,-103.72,451.44,85.797,-143.15,18.096,22.498,-3.5263,0,0
-8.2272,22.173,-15.722,15.502,144.15,32.111,133.87,-105.02,-6.1008,141.54,163.52,-33.236,4.9943,0,0
-1.7321,41.454,-46.775,9.1016,222.12,119.72,-138.43,2.9052,65.166,4.3212,-8.5523,-2.1483,-2.3505,0,0
22.517,-25.95,-32.549,218.31,-333.92,10.148,368.75,120.77,133.97,12.492,67.534,-14.271,-5.0661,0,0
0,0,0,0,79.804,156.41,-43.909,-42.037,-111.26,84.136,-0.58485,21.251,-4.6226,0,0
1.7321,1.384,4.2321,30.021,104.77,80.634,7.8102,-159.4,-200.1,-215.06,171.59,-0.40768,2.8577,0,0
1.7321,-28.789,13.407,36.69,-245.38,109.01,-6.7146,-118.29,-50.442,34.809,4.4545,-237.8,84.819,34.03,8.6603
0,0,0,0,15.147,-154.87,-158.91,-8.702,-69.114,-116.64,-43.92,34.516,-2.3866,0,0
-2.1651,-23.788,-22.629,58.138,-228.02,58.138,-222.74,90.883,144.89,-94.717,-17.402,5.8543,-1.1635,0,0
0,0,0,0,-131.74,-142.5,-603.85,5.5731,-290.62,107,-47.675,9.5287,-11.67,0,0
19.053,-13.838,12.368,49.929,-156.32,21.024,84.007,-417.79,-324.47,-76.482,-62.854,2.836,1.6663,0,0
0,0,0,0,27.378,-11.437,-91.061,282.43,-56.72,-104.53,16.647,8.4551,-2.2913,0,0
0.43301,1.6405,16.422,-23.51,84.778,38.649,-77.918,-40.521,92.334,-98.044,-88.316,15.491,-2.1932,0,0
0,0,0,0,7.4249,-38.085,-125.16,174.15,-24.492,22.283,-24.892,8.2108,-1.6238,0,0
-28.579,-0.57661,-39.276,36.876,143.57,77.083,323.11,-311.65,-24.437,44.809,-197.39,7.6688,-3.3332,0,0
0,0,0,0,-17.853,33.795,-235.09,236.44,157.3,-8.4328,25.48,-25.036,0.79872,0,0
28.579,-4.2356,-24.134,98.865,65.968,3.0364,157.64,370.05,46.007,-63.517,-50.191,7.5457,1.669,0,0
0,0,0,0,51.537,151.23,110.84,323.33,-12.497,161.99,-58.181,-4.0575,-0.9399,0,0
9.9593,26.123,16.275,-228.15,157.03,4.4703,231.33,61.721,84.934,-145.49,-90.38,46.36,10.018,0,0
0,0,0,0,-17.998,109.49,-265.4,-105.34,-81.329,23.362,-28.398,11.192,-4.3615,0,0
0,0,0,0,-18.386,-36.153,132.49,-53.434,-19.858,28.045,72.885,-4.7846,-7.3544,0,0
0,0,0,0,44.243,-220.46,-242.48,107.41,-33.717,-42.97,7.5134,-0.084936,-9.0506,0,0
13.265,-14.329,20.386,4.4821,0.90914,-180.68,237.92,386.32,22.684,52.266,-131.26,16.13,4.1454,0,0
-0.43301,-1.6405,-16.422,23.51,116.51,-23.325,-0.79751,36.365,-147.23,140.12,67.39,-9.2425,1.7619,0,0
0,0,0,0,-42.503,104.03,-132.6,122.03,69.202,4.8703,28.253,-37.518,7.3849,0,0
-21.651,14.387,-29.303,-54.985,142.54,-108.03,99.087,57.237,-2.3157,-389.49,-22.235,82.49,37.917,0,0
0,0,0,0,-4.9898,85.556,355.46,-13.271,-17.707,119.62,50.427,-11.699,3.049,0,0
0,0,0,0,18.128,-12.498,103.8,-45.514,123.74,-154.16,21.896,-11.252,-1.9333,0,0
0,0,0,0,57.705,44.36,-110.14,212.32,-85.799,-10.107,46.066,-4.6725,1.8056,0,0
7.9103,19.975,-226.72,-118.67,29.998,6.497,-72.019,16.64,-54.259,-2.9256,137.15,-15.699,-6.2611,0,0
-23.267,-6.1881,231.83,141.3,113.82,56.723,121.08,-73.762,-268.24,-168.22,-42.573,167.01,-21.743,0,0
-10.392,5.0442,-15.819,-83.455,-261.66,-57.105,263.62,-15.971,133.67,72.594,22.917,-68.728,38.938,-2.0215,-3.4641
0,0,0,0,-91.026,-71.897,-158.49,55.88,-35.521,-18.619,58.987,9.2191,1.5248,0,0
-0.43301,33.053,-13.847,-148.49,-64.022,-40.524,-143.47,185.53,-60.4,27.431,-205.47,26.674,5.8762,0,0
0,0,0,0,-128.48,183.26,-83.7,-24.335,11.853,-129.35,8.5924,24.74,-3.3657,0,0
0,0,0,0,38.891,69.491,202.57,130.65,-123.1,31.021,-0.70096,2.0219,-7.7617,0,0
0,0,0,0,31.669,-68.514,327.56,-79.742,103.51,93.659,-24.068,23.298,-6.3453,0,0
15.588,-45.994,-13.825,-181.99,128.17,69.808,69.036,-154.49,6.6313,9.3121,-63.895,-21.156,-3.2258,0,0
2.9306,-1.7643,8.7844,5.5042,96.741,3.0982,413.22,282.13,35.476,84.851,366.7,138.64,129.54,-25.997,-9.5263
31.61,-31.427,-89.331,-184.27,105.41,-13.648,317.08,-79.42,233.33,-63.437,-106.62,-163.76,17.725,0,0
-17.321,-8.6143,-33.423,28.309,-6.1716,269.54,62.17,102.47,-244.23,90.937,-150.55,22.42,3.6531,0,0
15.588,-23.321,-101.81,-121.54,-75.75,242.72,44.665,260.27,8.8465,-200.98,182.63,-0.27385,-5.0195,0,0
5.5511e-016,-5.5511e-017,9.992e-016,1.1269e-014,-51.753,30.437,-230.04,40.553,12.181,-170.2,19.441,47.812,4.6398,0,0
2.5981,6.616,-16.453,26.535,33.927,-327.81,65.704,-80.762,412.1,203.75,-154.66,1.4316,3.9784,0,0
0,0,0,0,-141.58,55.278,-91.217,218.02,-158.21,-122.94,-76.089,19.265,4.4405,0,0
13.856,-8.1848,26.575,-1.5245,188.31,52.907,-116.91,151.17,80.789,-171.65,129.06,-48.73,-3.8107,0,0
-3.0311,-8.6046,-5.3218,-154.12,168.57,-43.28,-3.0108,-65.425,-249.18,96.938,43.737,-22.001,-6.0272,0,0
0,0,0,0,-85.955,-98.916,-52.354,-79.03,153.89,-143.23,77.626,-2.6603,5.134,0,0
-11.469,-5.6699,-3.6797,106.42,95.958,-92.259,-3.8792,70.191,299.28,-74.257,114.79,88.062,-8.4588,0,0
0.86603,-6.9151,8.6962,18.415,7.1564,81.892,-11.966,104.91,-13.249,57.435,36.747,-58.572,-1.5592,0,0
0,0,0,0,160.88,-90.496,88.632,62.621,20.821,21.238,-2.503,26.282,-2.2583,0,0
0,0,0,0,165.31,-318.32,-171.19,79.477,83.08,14.659,51.624,-2.9895,-0.21859,0,0
-6.9282,5.9216,-3.366,-65.136,-155.5,-95.883,-228.63,39.439,-37.655,-108.07,98.509,-36.991,0.36362,0,0
14.722,-0.39887,12.381,123.86,-147.94,115.98,-289.42,6.6646,-17.029,-21.295,-4.4674,-67.64,18.472,0,0
20.901,-4.883,-12.089,88.237,21.783,-83.599,102.53,29.913,26.884,-98.056,75.777,-16.548,7.6974,0,0
19.053,-13.838,12.368,49.929,47.265,11.397,143.54,292.08,42.082,86.046,-14.901,-9.1148,-1.971,0,0
0.86603,11.373,16.904,-121.21,-44.686,33.486,-342.48,-57.254,-1.478,309.11,-129.51,54.548,-1.2763,0,0
0,0,0,0,166.01,-81.175,-93.844,25.841,-4.768,32.14,-34.411,-29.127,-3.7976,0,0
2.5981,6.616,-16.453,26.535,-190.57,-205.31,64.14,202.77,66.199,-115.04,-20.668,-12.243,-13.311,0,0
1.7321,0.073557,6.6764,211.18,271.42,-331.84,-72.417,262.56,-127.48,-49.215,13.913,11.762,-2.5658,0,0
6.0622,-3.9282,74.243,-43.191,-149.88,95.925,-102.8,-167.4,132.12,83.55,-180.88,14.798,0.67732,0,0
14.289,-23.088,-34.544,-141.8,-252.54,39.038,-13.074,-84.834,-146.36,-165.2,34.152,110.88,-25.969,0,0
11.258,12.292,-27.571,77.36,17.842,82.77,49.868,48.058,-139.5,-50.484,-123.54,-29.395,3.0574,0,0
0,0,0,0,113.18,-35.099,500.39,212.25,-73.603,-76.436,64.719,26.879,-7.1836,0,0
0,0,0,0,-40.525,-136.97,163.74,-39.121,22.761,-47.931,145.83,-36.25,-4.0057,0,0
1.7321,-41.454,46.775,-9.1016,-87.374,-41.528,-67.722,41.641,-8.9632,-32.986,-16.748,66.636,-4.8905,0,0
9.9593,26.123,16.275,-228.15,81.698,-36.961,273.81,228.59,-288.23,-101.55,-106.22,36.495,-0.91835,0,0
-29.012,36.402,94.868,206.68,-14.921,-159.06,85.342,-11.964,121.78,66.141,-164.63,-30.172,4.2973,0,0
3.0311,-8.1471,12.221,-15.923,2.8473,-32.061,-6.3034,-244.49,-25.603,-21.042,18.636,-19.652,-0.23446,0,0
-4.5409,-12.757,5.1994,39.105,286.92,-12.343,142.81,-131.58,90.573,-25.446,49.267,46.26,0.020676,0,0
9.9593,15.475,2.1944,-126.1,117.38,28.46,14.882,-155.49,115.61,218.43,27.264,-15.169,-7.4737,0,0
0,0,0,0,78.598,-43.872,-185.32,146.78,95.575,50.983,-33.763,-7.4085,-6.6833,0,0
6.9282,8.201,-1.183,19.922,104.84,1.5201,101.85,-66.087,104.05,-151.92,23.358,-11.858,-5.18,0,0
0,0,0,0,95.093,96.218,-104,150.6,79.016,-88.998,50.187,-41.768,-2.5467,0,0
0,0,0,0,182.83,35.729,-241.64,-42.578,77.38,1.416,-5.0834,19.896,1.0264,0,0
-4.7631,-4.1095,29.015,-95.411,-227.73,154.04,-241.99,43.132,-110.27,-125.28,-128.67,5.684,-4.7841,0,0
-0.43301,-1.6405,-16.422,23.51,-57.895,-160.17,-70.344,-189.55,93.641,-139.08,-50.864,-13.141,-6.2728,0,0
7.3612,-26.419,5.9138,110.34,288.25,84.653,-61.162,-181.53,-97.603,-51.066,419.11,83.253,70.327,34.03,8.6603
8.2272,-7.0197,-11.232,7.4593,-14.485,130.23,-232.89,-16.608,-29.475,50.812,-4.2852,-11.474,2.7353,0,0
3.8971,-10.678,23.954,-68.024,80.408,-110.88,168.54,251.91,58.943,-221.56,-11.328,21.343,-2.695,0,0
2.6368e-016,6.6613e-016,1.4988e-015,1.6209e-014,71.297,80.227,81.028,-263.27,-95.951,-76.175,23.369,-0.83494,1.6764,0,0
-7.7942,28.979,-4.4479,-52.179,-56.194,-123.18,162.95,-16.8,15.672,-291.96,-160.81,12.149,0.71859,0,0
0,0,0,0,-9.907,-16.812,-153.28,217.64,20.002,-9.2156,4.6429,3.4115,0.60737,0,0
-7.7942,28.979,-4.4479,-52.179,52.335,236.62,-134.48,103.52,51.382,107.98,-60.648,-25.787,-3.3768,0,0
0,0,0,0,-140.37,-162.09,-16.315,112.23,-52.573,144.98,47.551,16.22,-2.1962,0,0
13.423,-14.99,15.301,66.156,180.96,297.12,-159.28,207.64,-223.18,14.352,20.976,-13.888,2.366,0,0
8.2272,-11.343,16.118,70.997,274.62,-97.885,-326.16,393.03,-106.76,-211.66,-68.185,19.505,-1.8562,0,0
-9.9593,20.789,-19.954,-14.52,-10.745,48.001,-163.99,133.85,32.816,71.289,25.841,-14.697,-12.879,0,0
17.754,30.232,-136.46,-61.348,118.31,17.225,-48.483,-4.7662,98.725,16.953,-56.463,-135.14,1.4525,0,0
2.5981,6.616,-16.453,26.535,45.526,-295.41,75.503,240.35,-10.547,156.63,136.27,-35.145,-3.5015,0,0
-8.2272,-0.55385,11.397,-32.925,10.462,-4.6974,64.418,-270.16,-15.511,26.127,-121.44,18.89,6.6994,0,0
-5.6292,-2.3708,7.4934,-73.649,8.6864,-160.1,56.672,-84.452,-50.454,16.686,191.18,18.544,-3.2557,0,0
4.7631,4.1095,-29.015,95.411,307.15,-285.02,-107.25,36.195,-73.042,-178.54,61.261,7.2225,0.77933,0,0
0,0,0,0,22.974,217.19,33.602,181.97,-92.764,192.7,-107.2,72.79,0.61394,0,0
32.476,15.771,-9.1519,-30.321,-89.272,-188.83,-45.922,-129.54,170.34,117.46,68.873,-2.2634,-2.9303,0,0
3.4641,-12.696,-16.239,133.55,63.628,259.03,181.18,-117.89,-101.27,-10.913,42.09,-23.907,-36.005,0,0
2.5981,-0.68301,-24.74,-51.606,-4.5482,90.075,85.084,-199.31,164.3,-21.646,146.19,-2.72,4.0619,0,0
4.3301,31.513,-18.68,-5.6322,192.73,128,96.348,-172.91,124.33,179.32,-357.53,70.502,-13.407,0,0
-1.299,3.183,1.3971,-83.553,123.68,46.272,92.627,10.367,-238.85,303.36,105.24,5.0791,0.075404,0,0
12.124,20.768,2.933,-118.9,-0.76973,-35.825,163.74,99.668,165.17,165.95,184.95,-56.98,-4.5022,0,0
2.1651,-20.953,-20.464,129.73,47.965,-319.83,-1.5712,-172.72,178.93,90.603,-158.47,46.748,-5.13,0,0
-19.053,13.838,-12.368,-49.929,-3.7902,125.26,-99.034,-17.078,444.13,-149.91,43.067,0.93037,-11.451,0,0
-11.258,-12.292,27.571,-77.36,113.03,-32.935,147.75,-75.964,-122.8,-7.2213,28.119,-28.72,-0.68902,0,0
0,0,0,0,-21.504,18.481,-17.672,-220.31,-267.55,7.8452,269.67,14.467,1.6417,0,0
0.43301,1.6405,16.422,-23.51,174.75,180.38,63.001,-140.24,208.12,5.7002,2.8355,-57.062,27.771,0,0
25.981,-31.92,8.8026,-44.968,49.152,-71.733,-280.46,304.27,-276.74,99.959,-58.094,26.364,-4.5577,0,0
6.4952,5.2566,15.152,226.36,164.39,-5.8936,-281.12,-315.04,-6.5723,-56.017,-115.85,1.0093,13.612,0,0
4.3301,-10.739,-4.8726,4.4772,-100.48,102.54,-133.2,-227.22,-11.984,62.227,-98.932,-8.7703,-4.1857,0,0
1.6098e-015,-2.498e-016,4.4409e-016,1.5543e-014,-1.5915,103.78,-126.37,-172.52,119.59,-67.513,53.651,86.317,-29.052,0,0
13.856,-8.1848,26.575,-1.5245,-119.69,-185.9,-304.59,13.969,182.73,113.31,15.722,118.89,-32.133,0,0
-4.7631,-4.1095,29.015,-95.411,-123.28,-89.609,92.79,-274.44,-105.99,68.135,110.15,-22.868,3.9276,0,0
8.6603,-4.5377,27.392,3.317,-122.36,0.95367,16.441,48.542,-62.701,-287.18,24.991,85.396,-2.4916,0.94888,-0.39623
8.2272,-7.0197,-11.232,7.4593,241.35,55.547,64.276,281.07,-56.967,121.32,-76.499,32.645,-6.3627,0,0
13.423,-14.99,15.301,66.156,123.91,-25.09,71.343,10.146,-183.14,7.3258,18.65,0.47548,-1.049,0,0
0,0,0,0,-113.84,-217.09,-53.543,253.13,-276.62,200.05,83.851,-94.208,4.0454,0,0
0,0,0,0,31.823,-50.196,243.88,18.531,-79.143,-17.428,132.49,41.677,5.2821,0,0
0,0,0,0,143.56,112.4,-243.07,212.19,-40.121,55.757,-19.073,14.848,-0.73413,0,0
-8.8818e-016,-4.2188e-015,-2.4425e-015,3.1974e-014,88.503,-123.87,14.753,218.66,-138.81,29.646,3.2587,-19.939,-0.5452,0,0
0,0,0,0,-18.251,41.204,-123.58,169.91,-160.09,250.2,-204.56,10.946,-12.074,0,0
6.9282,12.062,26.426,158.68,158.34,243.72,188.61,2.2169,5.6749,-12.367,19.545,-3.5212,-2.3783,0,0
0,0,0,0,-155.97,199.43,-7.0614,212.52,-60.931,-62.018,18.91,-7.1097,2.9812,0,0
4.7631,4.1095,-29.015,95.411,116.24,-35.713,-219.06,-38.082,79.214,-90.806,181.23,-6.4598,-2.9695,0,0
0,0,0,0,77.795,88.485,315.79,-244.42,161.42,58.652,-45.128,16.214,1.7282,0,0
0,0,0,0,72.155,-270.55,261.02,31.192,231.8,105.1,-46.802,-8.8825,5.8595,0,0
-25.759,-4.1926,-96.362,-100.08,64.356,-114.06,-4.1361,116.22,154.2,-25.062,87.061,-4.1408,-4.9106,0,0
8.2272,-22.173,15.722,-15.502,52.931,69.328,373.82,96.499,24.821,47.424,-117,110.47,-29.084,0,0
0,0,0,0,20.227,104.81,211.23,223.14,111.05,-212.99,120.06,74.868,-13.56,0,0
0.43301,-26.905,6.1195,139.74,-11.27,-296.76,125.71,4.7345,-6.9997,255.04,-0.77681,-15.835,-2.7315,0,0
19.053,-13.838,12.368,49.929,259.85,239.52,30.268,-1.68,47.859,45.634,4.9235,19.478,-4.1262,0,0
-11.258,-12.292,27.571,-77.36,-241.97,167.99,175.47,-253.26,-82.245,23.934,-27.084,15.678,-5.2799,0,0
0,0,0,0,-84.885,-8.0606,-245.76,-78.305,44.433,-135.63,35.869,25.819,6.6567,0,0
3.0311,4.3726,4.0849,86.979,57.248,-98.685,186.76,-246.98,89.057,108.86,-37.423,57.52,-3.5998,0,0
-0.86603,-36.986,1.2242,139.17,53.75,-67.536,354.55,63.718,-82.714,26.161,115.88,51.253,2.9684,0,0
9.9593,6.3349,3.701,-108.46,101.6,67.746,99.343,339.04,-45.694,85,57.693,-4.8878,2.4073,0,0
1.7321,23.428,16.842,-155.5,125.52,-169.75,-30.969,7.1644,-133.72,-149.96,250.03,-4.3416,-6.6244,0,0
0,0,0,0,85.92,-36.244,-87.97,255.47,-15.368,44.382,-18.21,15.546,0.61723,0,0
16.021,9.8218,72.705,99.112,148.22,118.94,-491.45,270.06,-431.32,-91.172,42.54,5.491,-6.5278,0,0
0,0,0,0,-149.86,-95.7,184.33,285.37,12.273,-0.93838,28.413,-39.157,9.1651,0,0
38.105,-15.822,-102.02,-194.71,130.02,175.41,-83.483,-97.579,11.943,34.893,207.95,-11.695,3.1442,0,0
-28.579,-8.3446,5.4085,-64.259,55.194,-30.256,125.67,-9.4929,-62.63,-79.208,-35.752,5.5873,-15.611,0,0
5.5511e-016,-5.5511e-017,9.992e-016,1.1269e-014,11.8,-196.91,-33.526,45.59,36.499,19.135,-15.23,15.85,3.9247,0,0
11.258,12.292,-27.571,77.36,150.48,-109.04,112.08,-278.09,-74.305,53.613,-285.11,-52.068,-9.9385,0,0
0,0,0,0,-144.3,140.89,204.71,-173.13,213.05,-137.35,-8.9571,-18.95,-8.7372,0,0
9.9593,26.123,16.275,-228.15,164.42,-98.065,-51.454,159.26,-27.206,-73.341,-91.672,27.652,-5.2533,0,0
-2.5981,-10.232,36.608,17.655,-9.8379,-147.08,-121.64,169.97,4.4298,-174.14,0.78547,-11.385,-4.3909,0,0
-4.7631,-4.1095,29.015,-95.411,-120.75,-121.63,-80.851,-52.894,-80.081,-108.68,164.32,-22.57,1.547,0,0
0,0,0,0,94.116,5.5519,170.59,331.4,43.757,370.8,-24.196,-58.706,-7.8398,0,0
11.258,12.292,-27.571,77.36,39.324,211.72,-247.22,270.88,177.68,153.39,-41.839,32.851,-0.3274,0,0
-5.6292,-29.886,-15.578,109.6,82.34,-231.69,-122.77,2.9154,73.014,4.9073,-32.761,7.4039,8.0697,0,0
19.053,7.8888,25.533,145.11,67.118,69.101,-212.12,116.31,-188.38,101.08,39.937,294.98,-49.397,0,0
-3.2419,29.454,-13.386,-38.731,-39.781,-58.518,51.344,-101.32,-48.896,-5.2125,-47.16,8.1687,-2.9943,0,0
0,0,0,0,154.92,177.74,-61.354,20.657,-1.7914,-6.6606,2.8035,-0.45304,1.1038,0,0
8.6603,-4.5377,27.392,3.317,-197.47,-145.33,34.386,251.22,25.905,220.18,-123.55,-30.337,2.3561,0,0
1.9984e-015,8.3267e-017,-1.1102e-015,6.1062e-015,-253.5,29.679,-157.59,-203.01,52.583,-44.161,119.69,-25.735,-3.1899,0,0
2.5981,6.616,-16.453,26.535,167.21,-117.19,-70.211,145.24,-11.932,4.3212,-8.5523,-2.1483,-2.3505,0,0
5.1962,-28.912,1.2045,-94.997,211.83,-122.59,-21.587,23.296,-67.664,34.714,117.47,-52.469,-11.717,0,0
0.86603,5.2321,-20.685,-3.4869,-147.14,84.66,372.04,-273.23,-40.746,37.868,-217.91,42.632,1.678,0,0
-8.2272,22.173,-15.722,15.502,-98.112,103.87,125.65,-55.737,-4.7605,9.2075,55.841,-32.01,0.67099,0,0
6.0622,6.116,1.2925,-98.965,83.644,124.97,-67.937,38.038,136.73,-104.01,46.66,-16.394,2.5948,0,0
-11.258,-12.292,27.571,-77.36,-67.008,8.9329,-131.58,-68.559,-181.4,-26.303,41.365,7.8193,10.187,0,0
0,0,0,0,222.92,-125.7,-29.771,-9.8611,-57.26,-61.792,7.0392,-27.8,-4.4872,0,0
0,0,0,0,-75.266,-176.49,-112.61,14.079,-9.8555,-46.282,17.458,-10.936,-14.227,0,0
0,0,0,0,82.339,-117.46,203.17,338.04,-108.17,-26.79,44.149,-5.1988,1.0703,0,0
0,0,0,0,-149.23,23.432,124.93,-69.012,-31.994,-104.78,-3.7005,51.681,8.0377,0,0
0,0,0,0,25.01,-75.508,85.121,57.529,-84.607,-108,-4.1614,29.01,-7.3935,0,0
0,0,0,0,-84.504,-111.96,-221.19,68.763,-49.891,-31.531,-3.7595,33.514,-1.5998,0,0
0,0,0,0,-55.948,-223.12,27.543,-212.81,174.13,77.658,-39.602,16.12,-5.3256,0,0
2.5981,6.616,-16.453,26.535,25.187,-213.09,73.587,-116.24,-37.969,100.46,24.101,31.746,-3.255,0,0
0,0,0,0,-153.04,258.47,-200.5,36.104,-13.339,39.783,-67.682,-7.2996,-4.5407,0,0
8.2272,-22.173,15.722,-15.502,-71.485,-31.314,-90.584,21.163,-102.15,158.32,17.43,21.037,1.6816,0,0
-5.6292,4.3857,14.067,3.5114,102.79,116.58,-62.602,16.371,-50.597,-102.09,17.248,10.402,0.54936,0,0
0,0,0,0,208.52,-49.936,77.227,128.55,-183.55,207.64,-21.81,-25.552,-91.774,-35.3,0.86603
3.8971,-10.678,23.954,-68.024,-140.99,-254.92,-100.83,125.23,120.13,-107.69,3.7048,27.821,6.7163,0,0
0,0,0,0,115.71,61.744,-195.11,120.21,-27.642,21.884,89.537,-0.27074,-5.0152,0,0
0,0,0,0,-22.914,-41.571,-269.29,263.3,4.533,-27.596,50.72,21.169,-8.4025,0,0
2.1651,-20.953,-20.464,129.73,-21.61,-249.82,180.42,-9.368,-80.827,164.75,252.65,-43.15,-5.3861,0,0
29.878,-2.3516,-15.134,16.801,-80.126,191.57,73.758,48.243,-149.77,83.71,-69.422,26.041,-5.2811,0,0
-19.919,-5.1143,-11.884,40.193,197.9,-91.77,-35.285,10.847,202.35,18.531,47.079,-17.091,4.4755,0,0
0,0,0,0,166.42,-90.111,8.8659,19.564,13.151,73.716,-229.25,-21.319,1.6896,0,0
4.7631,7.5066,-9.2338,-89.265,214.16,-2.9416,155.52,100.99,-183.23,82.844,118.5,-18.187,-4.029,0,0
0.86603,5.2321,-20.685,-3.4869,-197.41,259.54,205.91,-193.39,-12.745,8.545,52.135,-19.967,-0.98686,0,0
22.517,-25.95,-32.549,218.31,33.845,42.037,177.97,49.658,-165.11,-139.23,8.2516,130.44,-28.48,0,0
-4.7631,-4.1095,29.015,-95.411,-41.749,63.893,-99.413,-63.115,-5.7511,51.578,-83.554,-0.24976,-10.723,0,0
-6.0622,-2.4199,2.7925,71.192,-8.1463,-232.81,77.795,-164.47,159.24,-320.75,-39.656,24.336,-6.3032,0,0
24.249,-39.141,-12.019,234.52,-52.573,27.84,158.65,146.93,-8.3901,124.15,57.606,72.088,1.7249,0,0
0,0,0,0,49.907,41.932,-223.73,-197.52,-30.63,-8.9471,15.406,10.293,4.4635,0,0
-19.486,23.394,9.7793,165.57,-151.78,-77.863,-272.29,3.5287,-311.43,17.322,162.89,-15.124,-7.1017,0,0
6.9282,-10.361,2.5556,62.46,41.248,257.47,-0.084505,24.917,-5.5546,-115.23,8.8939,2.9474,-3.759,0,0
12.124,-6.1489,5.5753,-18.332,-28.091,99.518,-229.79,290.24,64.419,-70.132,164.67,29.316,-7.837,0,0
0,0,0,0,-0.58045,44.94,-21.675,105.31,-162.17,26.444,186.2,10.191,-3.8296,0,0
8.6603,-4.5377,27.392,3.317,-80.346,-186.81,45.212,137.91,-81.794,-220.32,210.19,-21.738,-1.3926,0,0
0.43301,1.6405,16.422,-23.51,-186.43,-11.194,16.764,14.667,-4.6295,142.53,3.3605,-19.398,-9.4459,0,0
8.2272,-11.343,16.118,70.997,-28.189,252.98,56.229,-126.76,229.08,-340.09,183.27,-61.782,-11.682,0,0
3.8971,6.0736,-1.0801,-163.28,181.07,116.96,-115.1,-7.7205,23.619,55.834,-29.846,6.2745,-1.9028,0,0
18.62,9.9737,28.796,11.394,107.63,68.312,-97.364,54.294,9.3201,-235.29,168.43,-134.08,16.066,0,0
8.2272,-11.343,16.118,70.997,42.476,86.62,-156.28,319.47,78.912,-101.19,-107.78,51.026,-7.8534,0,0
-4.7631,-4.1095,29.015,-95.411,-173.25,33.517,-76.999,56.487,-79.01,-47.388,-40.139,31.567,78.706,43.124,-2.1071
-1.9429,-6.1405,-11.253,65.639,-53.687,5.9974,41.96,-64.255,145.19,-125.11,146.83,117.35,-91.472,24.523,-8.0744
0,0,0,0,-225.35,11.427,-153.58,95.985,-13.73,160.72,74.799,-15.553,-2.2357,0,0
-13.423,14.99,-15.301,-66.156,39.211,-51.838,-2.5389,16.757,-170.42,68.074,-152.48,56.127,-10.185,0,0
6.4952,12.946,20.623,22.261,28.774,59.011,-77.352,51.069,-6.303,-119.12,63.571,-4.4549,1.2572,0,0
0,0,0,0,-25.435,-167.14,192.61,-179.05,-114.28,55.798,-22.724,13.182,-1.0933,0,0
0,0,0,0,-46.957,-176.16,-61.104,-73.228,74.387,52.205,-167.35,48.649,5.1792,0,0
0.65521,-4.6896,-13.32,107.21,-82.927,-31.723,-21.722,-101.23,157.44,-56.41,-67.735,60.581,-5.9106,0,0
3.0311,13.422,-5.1782,-41.146,113.58,120.17,68.817,-21.019,3.9021,80.019,-24.685,-109.57,13.912,0,0
0,0,0,0,-142.08,183.38,-37.061,69.549,-52.221,16.568,-62.779,3.6348,2.3373,0,0
2.2204e-016,1.1102e-016,1.2212e-015,1.4211e-014,-52.914,-187.84,19.279,-186.09,43.646,-51.728,-67.347,6.4013,3.2856,0,0
11.258,12.292,-27.571,77.36,42.93,-135.04,74.284,30.903,30.766,-15.915,39.872,-60.654,12.72,0,0
0,0,0,0,182.91,72.262,45.425,41.121,205.08,-80.629,6.6217,14.118,-0.70961,0,0
-2.5981,-6.616,16.453,-26.535,-26.864,223.64,-52.966,-239.53,-88.138,87.879,74.105,56.172,-13.397,0,0
5.5511e-016,-5.5511e-017,9.992e-016,1.1269e-014,82.126,-186.44,21.896,229.17,-221.05,-62.715,34.666,2.599,-0.095671,0,0
22.596,57.047,21.222,0.45152,-235.92,201.29,-102.88,219.93,-52.591,-52.469,141.5,13.182,-6.5709,0,0
-20.437,-0.053848,-14.167,-148.57,-58.041,22.816,85.446,-82.838,-23.926,-300.68,-50.158,87.26,-23.201,0,0
1.7321,0.073557,6.6764,211.18,13.536,22.588,-0.87227,-24.178,13.448,139.21,-26.239,-8.5389,-1.0269,0,0
16.729,-13.951,-8.799,-132.55,22.816,-153.37,91.538,56.753,-328.84,-88.402,6.315,-102.51,7.7697,0,0
6.7697,-1.6014,8.5,-36.494,-130.27,121.45,83.431,-262.93,110.78,-280.17,13.116,-7.6666,5.8717,0,0
8.0164,1.6699,-3.3562,206.92,56.133,34.531,107.29,-78.034,-88.079,-2.7794,-200.55,-23.597,8.2046,0,0
-19.053,13.838,-12.368,-49.929,-3.0934,36.301,-72.082,-50.873,272.77,-39.751,-65.98,119.04,-17.335,0,0
2.7933,-11.639,-22.331,129.32,-107.55,-106.82,-34.896,-113.03,119.19,-252.06,-138.95,-67.718,-33.928,0,0
-3.4159,-53.883,-49.158,-1.6944,143.97,53.986,-262.24,147,-170.38,-285.34,-102.79,185.01,-22.85,0,0
0.48117,8.5275,7.5853,158.74,4.4311,312.71,58.458,91.21,10.312,254.59,84.376,-78.812,19.088,0,0
2.9462,-48.858,-12.698,7.3307,202.31,150.89,-223.48,-86.639,61.982,158.33,160.88,189.86,23.665,-15.035,10.825
25.627,-31.056,-3.4531,-154.57,214.59,-54.356,-72.711,-64.158,71.32,-0.073557,71.576,143.66,47.109,0,0
11.258,12.292,-27.571,77.36,44.825,-50.338,58.863,87.298,-245.46,153.14,31.726,-23.197,-9.7665,0,0
7.7716e-016,6.1716,-115.59,103.85,-146.98,201.25,-98.951,157.3,251.03,70.717,-158.74,51.321,1.0721,0,0
6.0622,6.116,1.2925,-98.965,32.184,-48.494,20.658,277.56,-196.88,75.332,82.002,3.6396,-7.2677,0,0
6.0622,6.1405,9.3481,89.942,91.79,-183.73,117.11,-90.575,179.38,51.256,-36.741,0.38181,-12.873,0,0
-4.7631,-4.1095,29.015,-95.411,-50.547,135.67,-212.52,-6.5757,-35.864,2.7799,75.132,22.884,5.3344,0,0
0.43301,1.6405,16.422,-23.51,-42.401,-102.24,147.72,33.11,-99.688,91.548,8.2823,10.36,-2.0266,0,0
13.856,-15.887,-56.356,-25.427,-248.14,186.99,-158.62,-47.334,123.4,-152.13,217.39,-14.392,-3.23,0,0
0,0,0,0,26.573,-79.611,72.567,-245.34,257.29,182.02,-74.59,8.4707,-5.8571,0,0
-19.919,-5.1143,-11.884,40.193,-133.54,-216.31,11.419,-68.068,6.4503,29.553,-25.94,0.91682,5.5126,0,0
1.7321,-41.454,46.775,-9.1016,4.9821,5.0268,-118.48,-295.32,-12.941,-101.01,4.8373,-37.318,2.3119,0,0
-19.053,13.838,-12.368,-49.929,10.878,-272.68,-21.281,328.78,-75.405,-195.26,-13.972,41.305,-5.4144,0,0
-19.053,13.838,-12.368,-49.929,-55.395,-134.32,-50.329,123.91,72.212,-192.98,-200.39,-106.91,17.524,0,0
0,0,0,0,-220.47,-158.78,-124.95,-150.56,66.805,56.923,11.677,5.022,10.291,0,0
0.43301,0.63397,126.86,-171.53,207.15,165.14,90.858,0.82309,48.997,226.98,-66.63,11.68,104.65,2.9209,-27.121
-7.7942,28.979,-4.4479,-52.179,-10.997,376.54,151.84,-33.454,100.26,42.508,23.208,-31.923,10.338,0,0
0,0,0,0,23.466,114.12,-194.81,-167.04,18.385,159.47,-84.49,36.768,0.42917,0,0
0,0,0,0,109.3,254.02,-170.45,99.15,-129.54,102.57,22.11,-29.975,-5.5353,0,0
13.856,-8.1848,26.575,-1.5245,8.0754,-162.29,28.849,-181.51,-134.5,-100.47,-86.943,14.968,6.9204,0,0
0,0,0,0,11.36,273.69,139,157.98,50.521,-18.552,-24.813,-1.5297,-2.8639,0,0
8.6603,-4.5377,27.392,3.317,-211.5,-189.76,-9.8031,89.651,-87.058,-103.32,-54.327,-1.0488,2.2566,0,0
0,0,0,0,-37.814,-160.18,141.75,412.12,-94.596,92.986,-18.669,-33.918,7.3624,0,0
2.1651,8.1896,15.507,-37.659,50.217,-199.84,-70.388,46.509,-45.59,-199.35,-143.48,29.912,-3.0087,0,0
0,0,0,0,-5.2443,122.2,152.78,-87.606,6.2131,-21.738,171.51,-34.604,8.9686,0,0
-9.9593,20.789,-19.954,-14.52,-112.63,-280.8,-16.277,85.76,-67.265,124.31,-33.259,6.017,-3.2084,0,0
-10.825,-21.342,-21.538,69.285,134.06,160.42,-130.51,13.945,50.856,21.273,-55.631,19.862,-1.7195,0,0
1.7321,-41.454,46.775,-9.1016,-184.42,22.572,-110.85,-177.23,-22.512,-20.302,-89.35,46.038,-3.5138,0,0
13.856,-8.1848,26.575,-1.5245,39.096,-113.93,-15.977,-82.906,124.66,64.332,27.553,-2.2703,5.5374,0,0
2.5981,6.616,-16.453,26.535,41.997,107.46,-160.5,-155.44,-79.931,240.97,95.303,68.259,-9.3845,0,0
6.4952,-12.727,11.886,40.976,-232.92,163.77,-279.72,-103.8,24.205,73.11,-35.673,14.697,-5.5957,0,0
-9.5263,-14.975,35.004,-93.173,-317.57,-129.01,-229.46,-39.21,-85.268,-139.17,-78.834,41.59,-2.3139,0,0
22.95,8.4067,154.22,-197.1,-77.862,-184.98,86.95,46.283,210.67,43.36,122.53,-31.529,-5.1445,0,0
6.4952,13.743,9.4103,-47.562,-14.137,-118.14,-55.266,-50.582,19.838,125.22,229.02,6.3637,-8.6636,0,0
11.258,12.292,-27.571,77.36,-18.287,-110.64,296.09,-232.9,128.37,98.188,-114.48,27.425,-10.874,0,0
-12.557,18.374,6.0114,144.08,-104.59,-197.69,169.63,-250.6,-276.47,63.95,128.14,-99.132,66.255,0,0
-19.053,13.838,-12.368,-49.929,-204.39,19.737,109.75,-225.1,215.87,-11.119,-183.61,21.561,5.1875,0,0
22.517,0.29552,-11.346,95.779,-128.8,-233.88,-36.04,-146.62,-67.618,-198.6,-80.773,40.86,1.4474,0,0
3.0311,26.971,13.933,-157.41,177.65,-81.437,197.86,-5.3775,-144.98,4.8662,-40.033,49.231,0.65192,0,0
-13.856,-6.9199,-21.897,-4.5,-2.4447,9.683,-278.26,61.414,2.883,-21.803,73.349,-53.742,2.2957,0,0
0,0,0,0,-173.98,-75.919,61.86,-156.66,-75.377,-100.97,-99.347,-23.161,-3.4617,0,0
0,0,0,0,-17.339,-48.705,-6.7648,-39.432,-246.36,183.14,13.902,-42.03,-0.52428,0,0
0,0,0,0,68.799,37.352,-139.38,-237.03,94.653,-48.591,63.094,12.813,-1.9662,0,0
0,0,0,0,110.53,138.31,-3.5722,-414.01,109.78,-157.04,90.789,-24.742,5.5111,0,0
0,0,0,0,-86.69,-215.79,-38.264,133.67,-390.87,-47.113,-26.951,-17.523,2.3481,0,0
0,0,0,0,71.148,-108.14,-303.66,427.45,-243.24,-42.237,7.5941,22.911,-2.3926,0,0
3.0311,16.397,21.154,-141.08,129.42,-71.405,143.14,145.66,3.691,-145.5,-124.25,11.858,6.5724,0,0
-13.856,10.051,8.1716,-101.78,-137.32,76.677,-94.952,227.5,-133.98,-15.369,51.474,-12.286,-1.3194,0,0
0,0,0,0,122.53,-78.014,-78.646,-43.955,18.65,28.278,-11.093,-4.3161,-2.8876,0,0
0,0,0,0,26.372,-95.477,114.66,393.56,-120.8,156.25,2.792,-6.1064,-66.969,0,0
26.82,-8.2589,106.16,167.89,-37.318,247.34,32.883,-97.29,133.24,-93.135,-126.09,-140.13,24.641,-2.2518,10.825
-16.021,32.711,-228.79,-0.92984,243.84,-25.226,168.59,76.671,132.2,-6.2918,-5.2201,-80.015,-39.312,0,0
-8.2272,22.173,-15.722,15.502,-2.692,-111.67,92.97,-217.82,218.77,198.5,32.331,-188.33,22.178,0,0
-1.0245,-25.314,-29.548,147.88,-18.612,-137.93,-375.84,126.15,3.1756,-126.66,-130.72,40.372,-4.0299,0,0
8.2272,-11.343,16.118,70.997,71.968,-136.78,219.02,26.565,103.31,115.83,-10.244,-37.446,-3.6552,0,0
6.4952,-12.727,11.886,40.976,216.05,-115.24,99.659,-186.74,-203.09,154.37,155.9,3.0337,-8.0544,0,0
9.4315,1.1896,68.712,342.11,7.3438,208.76,154.97,421.81,-66.832,159.81,23.176,-109.29,174.42,-30.406,-7.7942
-45.466,-33.552,-6.4133,146.89,-2.4667,331.56,-93.762,-31.541,-106.11,-224.98,72.34,111.03,-13.691,0,0
3.0311,-8.1471,12.221,-15.923,-18.165,-52.555,-212.1,75.415,71.189,-16.193,14.97,14.86,-5.6839,0,0
12.99,-18.937,-94.442,-79.674,218.83,-24.968,-209.31,85.174,-266.39,34.22,-176.35,-40.475,-2.25,0,0
22.95,1.5096,-3,73.714,-304.98,-249.13,165.61,-86.869,42.576,204.02,-198.77,49.896,-170.44,54.411,-25.548
0.76554,-9.9539,-6.7222,43.163,-96.287,-62.01,-59.161,-276.54,68.095,-167.5,77.691,127.46,22.638,-2.0215,-3.4641
9.9593,15.475,2.1944,-126.1,-194.42,255.37,252.64,-215.49,38.942,246.75,20.397,137.85,33.449,0,0
0,0,0,0,-186.44,21.804,-35.066,198.28,70.219,54.584,98.961,8.1434,0.78863,0,0
-4.7631,-37.039,4.796,-256.13,-26.671,173.55,-15.928,258.07,56.738,-169.44,120.74,-43.194,-46.345,0,0
0,0,0,0,30.948,155.7,110.33,-307.37,62.916,-102.46,95.935,-13.986,2.8774,0,0
3.0523,-4.5478,9.2195,48.616,-219.63,77.199,-62.55,-175.12,-65.382,105.33,4.3551,-119.09,16.485,0,0
0,0,0,0,231.23,81.094,-95.392,-113.89,100.46,-21.793,-43.743,34.605,-4.0765,0,0
-3.0311,8.1471,-12.221,15.923,159.45,199.16,99.116,-49.956,29.643,-14.18,213.46,-9.6442,-1.5021,0,0
0,0,0,0,54.558,120.61,-150.29,65.966,-184.29,39.432,2.9218,-14.711,-5.4803,0,0
6.9282,8.2189,-34.778,101.19,-19.297,51.675,135.91,43.957,68.211,78.735,-18.058,-1.5915,-0.89623,0,0
0,0,0,0,190.47,-41.59,-191.94,-43.393,-174.98,-18.513,-11.383,21.948,-5.4784,0,0
-13.423,14.99,-15.301,-66.156,-19.451,11.31,-54.426,132.79,-65.002,32.275,-57.249,28.803,5.4863,0,0
0,0,0,0,73.821,-113.76,-234.11,75.278,91.81,-107.32,125.81,-53.522,-5.9898,0,0
0,0,0,0,-11.166,141.86,-138.77,94.691,-224.76,63.763,-6.2015,7.9997,4.8517,0,0
4.7631,4.1095,-29.015,95.411,268.64,-59.62,-1.0433,9.1227,-7.4378,38.325,-2.0858,2.4465,-0.43422,0,0
0,0,0,0,21.954,9.6815,74.865,46.179,-79.537,-27.047,-128.43,-57.799,-3.9333,0,0
0,0,0,0,119.1,-77.731,-84.618,-153,191.98,-38.762,-12.598,5.6749,-5.5323,0,0
0,0,0,0,6.7222,26.858,130.59,-75.095,8.6223,-160.87,14.15,-0.15761,0.97132,0,0
0,0,0,0,96.436,8.6028,-4.1277,-57.204,-13.078,28.918,1.3577,3.1349,-0.30232,0,0
0,0,0,0,36.971,136.78,85.267,46.287,-76.188,-98.238,3.9637,-5.0338,-1.3116,0,0
11.258,19.946,-149.55,52.575,111.91,81.964,-153.03,116.52,67.494,326.77,-60.988,-0.70659,-1.9703,0,0
0,0,0,0,-39.983,-250.11,93.892,160.92,283.54,86.574,-1.8801,18.463,4.6567,0,0
0,0,0,0,178.19,-76.787,-83.799,104.31,-53.287,-238.21,38.35,3.2571,3.5963,0,0
0,0,0,0,-5.4641,-29.762,253.22,74.719,-17.908,-16.951,13.96,35.373,-8.6558,0,0
0,0,0,0,91.657,32.033,95.654,12.127,62.5,63.225,52.409,130.08,12.788,0,0
0,0,0,0,-48.711,-119.6,-317.62,-43.426,-45.961,98.468,63.689,-20.991,-0.073557,0,0
0,0,0,0,-86.762,-23.143,-165.26,-11.956,-119.81,-4.6493,-41.611,16.556,-7.6426,0,0
0,0,0,0,-144.82,145.41,303.72,-36.693,157.98,75.839,36.964,44.663,3.2465,0,0
0,0,0,0,-201.64,-48.255,-43.551,12.184,76.54,-268.56,-7.4875,17.207,-2.8603,0,0
0,0,0,0,49.64,-107.41,136.64,115.36,-167.68,154.43,-30.479,-11.454,4.6998,0,0
0,0,0,0,-80.766,-39.537,-294.26,14.367,268.56,23.951,75.443,11.301,0.058657,0,0
2.1651,-20.953,-20.464,129.73,212.36,-135.06,259.17,-59.938,42.571,195.81,102.2,-64.337,58.848,0,0
0,0,0,0,-60.037,129.52,-8.1066,262.11,-73.999,49.611,-9.2946,-17.801,-8.8401,0,0
0,0,0,0,24.396,120.68,-119.34,-134.49,-38.527,24.276,80.813,11.892,0.48149,0,0
0,0,0,0,33.672,-124.55,-83.631,-108.88,105.93,108.96,0.51821,27.933,-0.81274,0,0
0,0,0,0,22.224,29.908,-31.727,19.451,-27.542,-102.78,16.94,5.4199,-5.9922,0,0
0,0,0,0,121.16,145.81,25.282,-119.43,12.744,78.271,13.143,-14.614,1.2823,0,0
0,0,0,0,-31.238,64.987,50.891,-297.3,-118.79,150.22,-8.4238,47.458,-4.9525,0,0
0,0,0,0,242.17,108.79,-227.97,90.34,142.19,141.23,-56.574,-125.54,15.221,0,0
2.1651,8.1896,15.507,-37.659,62.001,115.04,-238.53,353.49,20.345,-40.265,44.661,29.417,-1.9336,0,0
0,0,0,0,129.39,103.81,71.375,-293.06,81.526,101.22,61.142,42.522,-9.3729,0,0
0,0,0,0,120.61,26.026,148.78,251.14,124.82,33.981,172.61,-20.023,-2.2308,0,0
4.3301,4.7566,5.116,59.92,-36.071,-249.23,-38.628,-186.2,-191.52,-138,2.5375,5.6886,4.3532,0,0
0,0,0,0,43.981,-288.69,-127.23,-219.98,-26.054,-88.841,-151.53,24.191,1.4456,0,0
3.4641,17.502,12.931,243.72,-92.195,102.83,278.14,-132.26,-90.743,-78.388,-9.8283,-26.766,-5.0317,0,0
0,0,0,0,-165.9,-149.59,-84.979,203.73,-14.551,192.92,33.834,15.897,-2.1492,0,0
0.86603,8.2075,5.6471,-103.42,61.226,209.29,131.8,22.34,65.596,-147.62,69.747,7.7555,-4.0948,0,0
-5.6292,-2.3708,7.4934,-73.649,-169.78,-57.702,100.66,-384.73,25.736,-115.53,-142.87,5.8556,-5.4213,0,0
3.4641,4.6896,2.4737,207.72,-37.253,-253.69,-140.87,136.96,108.01,-198.91,11.633,-169.2,25.369,0,0
0,0,0,0,97.262,277.81,-107.35,190.81,170.64,28.571,-189.87,22.624,-6.6184,0,0
0.86603,2.6095,-18.482,94.859,87.772,-7.9559,-132.68,-33.286,117,89.419,-79.678,13.726,2.5057,0,0
10.825,-36.193,-12.668,155.02,-63.242,69.541,-147.13,-147.86,-219.85,7.7321,90.831,-70.433,-3.6619,0,0
22.517,-25.95,-32.549,218.31,54.849,138.48,-149.7,95.158,61.681,-72.86,-88.675,49.211,-0.0050453,0,0
0.43301,12.062,17.433,-192.04,-68.921,50.498,211.05,-130.68,89.347,-15.205,125.95,-13.815,7.2841,0,0
0,0,0,0,73.472,-123.14,-98.979,171.78,-156.41,-36.607,32.769,5.3301,-2.5903,0,0
11.691,-127.66,183.1,9.3532,91.243,-313.74,-225,-43.44,172.31,-139.52,-83.288,34.853,4.8135,0,0
21.651,11.603,18.574,88.355,-176.81,1.1178,149.8,-87.473,109.45,-157.47,17.909,8.6055,-2.4596,0,0
-7.7942,28.979,-4.4479,-52.179,7.3715,-271.85,-304.45,115.81,-13.101,154.61,-114.34,-37.608,-4.8658,0,0
6.0622,6.116,1.2925,-98.965,-42.128,-36.683,122.63,87.526,-305.62,3.7786,45.993,-73.515,-3.2635,0,0
2.5981,6.616,-16.453,26.535,56.258,-268.94,-88.822,-83.799,-172.02,87.957,-28.587,11.052,-5.1606,0,0
7.9838,30.32,-25.62,91.126,24.342,-231.52,223.49,84.77,74.016,-105.17,-77.13,31.283,-2.4369,0,0
-11.258,-12.292,27.571,-77.36,-219.06,-140.62,-165.22,-14.22,-22.181,89.652,-21.44,-23.559,-4.8099,0,0
0,0,0,0,-31.627,13.139,126.02,-16.085,74.129,24.451,-24.19,39.997,1.5865,0,0
0,0,0,0,11.562,79.06,-94.747,-261.8,4.117,-25.887,-24.056,3.4282,-0.07476,0,0
-5.1962,28.912,-1.2045,94.997,156.27,-106.09,54.29,33.808,-45.783,19.68,20.541,-2.9022,-0.95994,0,0
4.3301,24.879,14.775,-113.93,37.931,-200.72,-16.579,105.15,-34.346,167.72,33.137,-26.541,-10.144,0,0
0,0,0,0,13.799,-85.462,147.59,48.778,-258.69,7.6672,-12.684,15.727,4.698,0,0
0,0,0,0,209.32,8.3625,-105.24,221.09,50.096,-136.09,-58.336,-12.417,5.0233,0,0
2.2204e-016,0,1.2212e-015,2.8422e-014,124.13,57.783,197.88,13.593,-129.55,-28.624,5.2467,3.491,1.3786,0,0
0,0,0,0,136.55,55.301,-94.941,-28.484,41.069,69.883,-141.86,34.144,-1.0957,0,0
0.43301,1.6405,16.422,-23.51,17.855,5.0492,27.911,91.32,-169.07,-214.7,-162.16,8.5324,-10.981,0,0
0,0,0,0,269.11,-162.35,-94.13,-115.37,68.778,101.22,61.142,42.522,-9.3729,0,0
0,0,0,0,107.91,-62.518,-153.65,202.33,-91.542,-251.83,-150.59,42.461,-8.5368,0,0
0,0,0,0,5.2455,-112.51,79.533,15.478,-37.243,-37.116,42.755,-13.498,-0.56042,0,0
0,0,0,0,108.5,126.5,-7.5383,150.95,183.78,100.8,59.069,-24.704,-3.4525,0,0
6.0622,2.4199,-2.7925,-71.192,-182.56,44.112,-18.137,52.506,166.33,-83.24,229.79,-47.129,1.2398,0,0
0,0,0,0,5.0636,-279.96,72.432,184.62,-255.23,167.24,56.359,-18.619,14.44,0,0
0,0,0,0,-87.371,26.886,236.38,150.22,-124.45,-201.58,11.633,-63.901,-1.4465,0,0
6.4952,1.4199,5.0556,-67.723,-98.663,-28.683,44.131,58.385,-318.99,282.53,103.73,50.814,-1.7889,0,0
0,0,0,0,-139.71,241.42,-168.99,204.48,21.638,-19.451,81.778,14.108,-0.77836,0,0
-24.154,3.921,-12.049,-129.51,61.399,201.36,140.47,304.54,139.79,118.65,193.14,3.793,-142.65,38.7,-13.603
0,0,0,0,58.131,-45.632,-37.417,350.7,-165.65,27.73,-10.194,-40.161,-2.9462,0,0
0,0,0,0,-219.43,-168.33,227.13,343.55,-182.15,101.12,129.66,-49.735,-0.92677,0,0
0,0,0,0,-26.921,-19.614,-0.30177,-267.74,114.59,86.571,7.1632,-4.5786,-8.2067,0,0
0,0,0,0,9.0993,62.839,-110.72,294.83,192.8,20.026,-30.215,4.43,5.625,0,0
0,0,0,0,249.9,121.31,-216.85,-220.14,31.485,1.2822,32.297,-9.6564,1.5535,0,0
13.423,-14.99,15.301,66.156,-13.393,-194.3,9.1891,85.061,63.018,-98.675,48.1,-17.248,-2.006,0,0
1.7321,-41.454,46.775,-9.1016,-209.81,-252.27,-291.39,55.643,133.03,-51.485,159.21,-63.695,10.055,0,0
0,0,0,0,-29.996,54.972,269.33,123.42,4.7473,-27.355,52.808,-11.991,-4.218,0,0
0,0,0,0,178.87,224.42,241.44,21.807,-54.867,-131.32,-39.407,-26.031,2.6962,0,0
0,0,0,0,234.86,-5.0344,-45.779,49.554,-96.184,4.4422,11.795,24.927,-4.2619,0,0
0,0,0,0,-17.118,82.115,-27.155,296.16,143.51,-17.207,42.87,-4.8148,-9.7524,0,0
8.6603,-4.5377,27.392,3.317,90.161,-166.35,-49.992,31.187,-18.062,-8.1755,36.251,11.497,-18.6,0,0
6.4952,-12.727,11.886,40.976,27.43,412.95,-77.168,266.1,89.062,64.674,40.746,-48.431,-4.3849,0,0
1.7321,23.739,24.051,-165.38,294.39,171.41,79.136,201.12,-190.19,43.321,12.751,48.073,10.811,0,0
0,0,0,0,-31.082,228.1,-202.04,17.749,-5.3998,23.153,-29.567,2.6785,2.4979,0,0
2.1651,8.1896,15.507,-37.659,-48.256,311.99,-64.279,193.98,156.49,-174.23,-313.3,64.663,-5.5598,0,0
0,0,0,0,10.904,264.08,-214.73,-195.03,-95.916,-42.12,39.596,-38.98,6.5622,0,0
0,0,0,0,49.718,256.62,195.51,-486.64,155.66,-116.69,18.092,-14.555,-4.5003,0,0
0,0,0,0,61.682,-49.836,94.284,30.162,10.764,-81.995,13.807,12.742,-1.0152,0,0
13.423,-14.99,15.301,66.156,42.733,-93.699,144.56,-134.95,89.934,-95.608,-47.773,40.653,-2.1306,0,0
0,0,0,0,-58.846,191.84,-72.388,-20.784,201.2,-78.386,-39.864,-8.9178,9.029,0,0
-4.7631,-4.1095,29.015,-95.411,-111.88,-183.08,20.784,87.922,37.783,-27.466,11.804,31.632,1.218,0,0
0,0,0,0,-84.772,-58.78,-265.79,254.38,-106.98,121.85,-1.4694,-34.923,-2.8257,0,0
0,0,0,0,-175.07,214.29,350.33,-66.915,33.014,-219.62,121.8,-27.175,3.8098,0,0
0,0,0,0,151.92,-190.86,46.983,-49.69,-202.58,173.31,1.8893,2.9869,-11.788,0,0
0,0,0,0,5.6103,258.87,-4.0672,185,-167.89,182.3,-33.374,16,0.5996,0,0
0,0,0,0,88.931,16.82,88.531,60.559,268.5,44.393,-40.435,-28.091,0.69583,0,0
-16.021,9.6913,-12.178,-50.197,-131.28,213.4,-177.34,213.03,-8.3001,-96.563,15.601,8.837,-1.7578,0,0
0,0,0,0,-6.9393,146.41,-77.291,308.28,-26.173,-177.83,14.189,17.919,8.2886,0,0
0,0,0,0,-95.384,138.09,-363.65,145.17,82.173,186.92,13.159,-8.3635,-10.041,0,0
0,0,0,0,263.85,-49.825,257.19,150.13,390.04,-36.071,2.8441,9.7975,4.9387,0,0
0,0,0,0,44.881,-157.54,-153.44,34.798,95.418,-97.825,-168.9,-40.581,17.122,0,0
11.258,12.292,-27.571,77.36,-176.48,192.25,-155.22,159.13,209.36,-134.91,195.53,-89.152,24.773,0,0
1.1986,-3.1483,4.5523,-24.517,79.067,-148.03,20.362,-102.35,303.04,-62.272,177,11.834,-7.2635,0,0
0,0,0,0,66.23,-4.045,-97.259,27.853,-56.659,45.223,-61.047,6.5147,-4.8304,0,0
19.486,-4.8923,31.575,-247.39,77.085,-36.396,127.81,-81.755,-126.71,-177.54,17.28,-81.627,-4.7192,0,0
8.2272,-11.343,16.118,70.997,172.52,190.62,56.363,98.322,-64.74,58.304,51.992,-15.684,7.2921,0,0
0,0,0,0,198.15,257.46,-87.99,216.58,-28.275,10.164,-21.949,-18.384,1.7877,0,0
-21.751,0.39767,18.704,-154.67,118.63,93.23,213.4,146.75,-105.51,37.115,-217.57,59.453,-6.7069,0,0
0,0,0,0,230.79,183.19,-97.465,-38.853,-54.555,-19.452,-27.785,12.119,-0.97756,0,0
-19.053,13.838,-12.368,-49.929,44.05,-93.46,217.66,-17.919,10.067,-66.904,129.9,-143.56,20.461,0,0
4.7631,4.1095,-29.015,95.411,21.607,-76.514,-342.73,191.64,149.22,55.108,25.933,8.0294,-7.0413,0,0
-19.486,4.8923,-31.575,247.39,70.222,-200.24,47.145,10.934,125.46,33.759,1.7219,0.36186,-12.698,0,0
13.856,-8.1848,26.575,-1.5245,67.905,124.39,-338.62,55.822,-76.772,172.56,157.35,-34.88,-8.5885,0,0
0,0,0,0,132.3,134.23,7.0374,99.279,104.68,174.48,-11.266,11.1,-0.11658,0,0
16.887,-12.722,-17.933,124.18,97.685,250.49,74.038,-292.46,-25.174,-101.66,97.384,-40.318,2.8812,0,0
0,0,0,0,75.798,71.916,-205.26,34.781,68.086,107.61,-193.31,5.5563,-7.2862,0,0
3.4641,13.245,8.2434,-104.5,13.971,-120.58,65.358,-28.343,5.3025,116.17,49.007,5.0461,0.42765,0,0
30.311,-2.9186,-28.964,123.22,-220.78,-277.74,50.596,171.79,-187.16,108.28,-74.651,49.032,1.663,0,0
11.691,-16.374,11.069,36.134,-13.481,39.127,-368.73,301.22,288.75,-197.04,-45.131,12.504,-33.962,0,0
10.825,-36.193,-12.668,155.02,94.934,-188,-76.145,259.21,52.245,-266.29,-12.843,11.264,-2.349,0,0
25.115,20.895,-20.979,66.941,-148.9,70.016,-150.31,-196.52,-93.425,-21.818,94.993,169.24,-30.223,0,0
0,0,0,0,-106.92,137.39,-166.74,79.077,18.29,67.837,202.4,-27.875,5.5012,0,0
2.1651,41.118,28.105,-249.39,-118.73,83.718,176.11,-29.188,-42.874,-0.31699,-81.031,36.092,-8.2082,0,0
-19.053,13.838,-12.368,-49.929,-183.29,368.18,-123.59,-127.99,42.847,-134.27,-22.799,9.3358,-4.6872,0,0
0,0,0,0,-21.345,-305,-56.766,34.014,-64.882,145.03,7.8729,12.453,-8.4498,0,0
0,0,0,0,-18.435,155.07,63.839,-161.08,-45.456,150.42,-9.6114,9.3819,0.57147,0,0
-19.053,13.838,-12.368,-49.929,-110.63,-109.47,133.29,151.95,-59.249,279.5,5.5606,25.74,6.1792,0,0
8.2272,-7.0197,-11.232,7.4593,-60.258,180.65,-20.217,-76.008,-28.705,129.74,13.369,-12.098,-1.0359,0,0
0,0,0,0,182.7,-243.01,-75.353,-34.717,53.938,-49.553,-152.56,-38.644,4.0155,0,0
0.43301,1.6405,16.422,-23.51,-287.19,220.85,-65.597,312.46,-27.055,163.69,43.585,-29.446,-5.5317,0,0
-0.43301,-22.404,-18.397,88.159,26.343,-110.99,235.92,-118.4,31.998,47.641,12.228,9.616,1.6531,0,0
0,0,0,0,-6.9474,160.01,-156.9,-91.781,9.5417,125.01,149.17,-56.194,1.8576,0,0
-0.86603,-36.986,1.2242,139.17,-51.874,-12.649,97.001,-43.452,11.052,-80.905,261.52,15.182,-3.0837,0,0
-19.486,4.8923,-31.575,247.39,-253.34,-113.53,295.53,-3.7443,-92.054,-64.79,-163.19,-43.186,1.683,0,0
0,0,0,0,47.517,-11.558,-68.355,-86.049,-17.754,168.84,-34.051,10.387,6.0694,0,0
0,0,0,0,16.832,65.621,105.65,-145.17,-103.69,-33.168,-2.1803,33.333,-1.4111,0,0
5.6292,7.4575,3.1519,-133.25,130.02,140.79,-144.99,101.36,-31.006,-64.562,-4.4988,58.443,-0.95304,0,0
0,0,0,0,96.05,-74.959,-136.77,3.2761,107.78,105.36,-15.716,-9.119,1.4833,0,0
0,0,0,0,171.37,11.431,-326.88,36.919,27.862,16.848,3.9998,-8.2476,-8.1107,0,0
0,0,0,0,-233.18,165.8,85.232,120.34,-31.078,5.4919,-3.0326,1.6119,0.63069,0,0
0,0,0,0,78.588,145.56,-184.46,54.706,139.51,95.974,120.19,-45.758,2.4198,0,0
0,0,0,0,-37.426,-113.67,-5.472,-83.73,128.45,20.499,-17.008,29.347,-1.3648,0,0
8.2272,-11.343,16.118,70.997,133.05,103,197.62,76.462,67.5,-227.93,-149.45,24.918,3.5114,0,0
0,0,0,0,64.835,194.24,-167.79,1.3208,-52.642,-48.55,18.078,1.7079,4.9913,0,0
-12.557,-3.3954,102.85,-174.84,96.185,-214.46,42.374,-141.78,33.969,166.53,-30.63,30.838,-33.835,0,0
-6.0622,-2.4199,2.7925,71.192,152.54,-156.13,-70.599,87.684,-222.88,153.18,-6.4243,-205.73,14.089,0,0
0,0,0,0,64.792,219.64,-277.38,427.49,-50.81,45.505,-78.958,-0.067309,5.9755,0,0
28.579,11.449,18.208,-109.25,-0.69257,-99.077,63.51,-160.56,-115.71,-122.24,-69.272,0.97179,-2.5195,0,0
-4.7631,-4.1095,29.015,-95.411,84.47,126.68,225.12,-75.284,-135.82,-101.16,74.132,24.749,6.5255,0,0
10.392,-6.0622,4.3905,-41.351,347.38,-39.239,164.45,-111.78,8.0991,118.69,-0.11345,22.06,19.038,-12.459,9.5263
-0.10048,-10.369,3.4626,-148.62,-134.33,-281.5,-27.004,-48.047,344.15,158.17,-39.071,114.41,-18.915,0,0
-12.99,2.5131,5.3187,88.04,-58.494,-119.25,-122.44,-18.169,265.21,62.991,53.521,-29.633,-4.6143,0,0
0,0,0,0,59.845,-273.23,92.584,12.077,140.95,-25.468,32.741,13.789,-2.1905,0,0
1.9984e-015,8.3267e-017,-1.1102e-015,6.1062e-015,-113.1,4.8177,203.83,-118.01,258.12,114.52,-16.975,42.394,-4.9099,0,0
-9.9593,32.845,-153.65,124.32,190.33,-115.61,252.39,-318.67,-30.784,35.481,-159.27,-29.374,2.0502,0,0
13.423,-14.99,15.301,66.156,74.841,-206.14,-4.6605,-68.617,71.869,-71.992,-302.17,-72.824,28.082,0,0
2.5981,6.616,-16.453,26.535,-68.943,198.1,-247.25,-55.546,156.08,95.656,-40.967,-130.61,23.107,0,0
-7.7942,28.979,-4.4479,-52.179,-55.584,-152.51,-156.17,187.93,-157.41,81.809,-5.3197,142.19,-19.538,0,0
0.86603,5.3236,-22.35,-11.92,-164.7,23.259,4.449,-34.653,-31.633,73.657,34.417,-28.87,-6.7189,0,0
-19.053,13.838,-12.368,-49.929,-254,157.83,-11.044,-62.381,170.79,-214.43,76.349,252.91,-153.95,48.024,-22.95
-19.486,4.8923,-31.575,247.39,-168.06,-32.582,-107.56,129.21,-42.72,-86.917,-17.44,-29.468,-32.653,0,0
-6.0622,-14.384,-12.422,-31.85,-100.13,-84.934,18.718,40.176,59.865,-87.456,-26.156,-286.16,42.913,0,0
0,0,0,0,192.46,-210.83,238.92,90.261,-58.906,310.7,135.18,-11.041,-6.4889,0,0
13.423,-14.99,15.301,66.156,105.21,-34.345,-45.422,130.05,213.44,-113.96,-126.8,29.917,-7.8215,0,0
0,0,0,0,2.1127,109.17,-76.273,-185.97,-53.508,-72.277,-66.331,24.551,-0.19791,0,0
12.99,-12.977,-50.94,-32.12,-103.46,-192.37,182.14,-215.44,-56.101,48.698,226.71,10.831,104.32,-54.411,25.548
8.3433,3.5583,-63.397,56.795,30.28,-184.11,30.35,73.224,-144.8,181.42,-95.675,119.79,-8.8801,0,0
9.9593,26.123,16.275,-228.15,-72.658,-16.775,26.526,-283.72,41.832,172.82,149.17,-52.45,-2.3152,0,0
-8.2272,-0.55385,11.397,-32.925,314.38,61.328,-160.67,121.96,-103.65,-124.58,92.499,20.279,2.4106,0,0
17.754,-2.5933,-58.527,57.015,-0.2781,114.1,-169.41,49.361,334.21,-233.85,71.704,-31.548,-6.044,0,0
-8.8818e-016,-15.598,-7.1226,20.479,49.146,-267.4,227.17,161.59,-4.2979,-107.81,119,223.42,-26.859,0,0
-0.86603,15.337,-221.19,-75.247,280.15,3.4161,289.75,177.58,-46.06,-190.95,147.54,63.961,36.945,0,0
-6.4952,17.838,13.358,10.915,183.52,-132.53,-108.55,95.961,-76.312,-78.402,-36.546,128.49,-24.737,0,0
-18.62,32.541,18.67,-59.613,106.32,99.684,-362.77,-34.383,45.137,14.596,41.891,-56.344,-1.6385,0,0
0.86603,-20.1,17.394,72.06,-107.31,-103.23,126.17,-55.354,-141.6,-28.498,-83.542,72.299,9.0061,0,0
-29.857,9.3594,0.51587,-82.902,-63.2,-158.63,-56.811,-187.87,143.99,25.866,-75.813,5.1072,5.7643,0,0
7.3612,-25.198,-265.27,-67.54,-91.951,-11.986,-129.35,37.285,113.14,84.531,-40.087,-83.376,-4.434,0,0
17.321,-4.3253,93.524,-89.423,-74.631,-170.7,52.591,35.05,21.84,165.11,-84.741,116.89,39.372,0,0
1.299,-35.595,2.1327,104.37,-114.29,-49.227,-146.08,78.102,-172.46,136.99,-57.384,16.216,3.5933,0,0
-2.8089,-16.08,-15.954,199.58,23.389,-197.59,158.64,111.6,142.36,-0.80183,-103.23,-123.04,25.765,0,0
18.187,-4.4904,60.607,27.137,18.852,349.64,-53.882,-69.706,62.309,57.707,-6.4348,-7.2132,-3.9423,0,0
-4.4409e-016,8.8818e-016,-2.2204e-015,-2.3093e-014,77.87,57.222,223.34,399.12,156.11,-104.24,227.6,-42.029,9.7093,0,0
3.4641,1.0425,-22.533,87.61,8.4419,44.361,118.31,-16.029,32.525,-167.33,-23.628,-11.441,-3.7168,0,0
0,0,0,0,39.793,-88.494,-68.1,-39.625,26.71,-73.018,-19.026,-9.1064,4.8403,0,0
0,0,0,0,10.682,73.893,225.28,-44.004,-18.162,-38.868,51.175,-4.0636,-8.7548,0,0
4.7631,-3.933,6.4019,-63.203,-71.77,-74.292,-136.56,48.934,5.0617,126.66,-27.093,39.695,-4.8441,0,0
0,0,0,0,159.93,-102.47,81.958,0.79414,-8.0705,13.175,-26.635,37.347,-0.86001,0,0
-8.4381,-11.397,-26.405,-160.72,-94.85,200.79,27.129,-171.1,22.397,-88.144,86.39,11.983,-1.9722,0,0
8.6603,-4.5377,27.392,3.317,3.1905,-120.64,-2.9076,86.088,56.24,-99.611,-74.09,6.2646,3.5416,0,0
8.2272,-7.0197,-11.232,7.4593,39.131,-66.475,134.93,-96.883,-141.76,-70.247,57.486,-21.614,5.0021,0,0
-3.0311,12.158,-76.442,87.372,-173.2,-60.917,-191.89,-94.69,74.491,8.7499,139.6,-21.731,4.3571,0,0
0,0,0,0,-0.13694,-80.306,53.716,-8.5185,108.84,22.848,24.087,33.317,-4.3609,0,0
0,0,0,0,-114.79,91.695,-31.087,-212.05,-16.54,179.03,17.972,-12.018,-13.108,0,0
-9.9593,20.789,-19.954,-14.52,44.968,246.62,-105.07,67.815,-92.4,34.367,220.89,-56.77,0.35969,0,0
-0.43301,-22.404,-18.397,88.159,84.694,-28.918,-6.4528,91.161,110.03,-170.98,181.31,-20.931,3.9381,0,0
13.423,-14.99,15.301,66.156,79.179,170.12,-146.23,452.19,-78.933,-208.38,-19.527,25.884,7.4047,0,0
12.557,-20.49,0.5867,-140.85,202.98,134.61,104.93,-111.88,-184.53,128.36,-159.86,83.82,-4.0305,0,0
0,0,0,0,-24.488,-121.41,29.359,-509.96,-59.097,172,12.72,-14.32,-5.698,0,0
-19.919,-5.1143,-11.884,40.193,-240.52,-60.12,-301.66,40.595,-255.14,149.9,-127.04,35.511,-12.698,0,0
6.0622,6.1405,9.3481,89.942,-63.403,10.753,-154.5,-269.77,-7.0058,-96.29,59.401,11.025,-3.3367,0,0
5.6292,7.4575,3.1519,-133.25,331,136.43,139.35,-16.038,-117.61,105.42,3.8539,-49.453,3.7562,0,0
-19.053,13.838,-12.368,-49.929,-198.1,180.8,-11.466,10.512,-23.391,41.245,140.36,-35.84,4.3179,0,0
0,0,0,0,130.35,122.88,141.57,-204.53,46.518,15.882,28.857,1.6522,9.4055,0,0
3.0311,-8.1471,12.221,-15.923,-12.015,-27.751,174.76,-127.61,18.624,59.625,23.867,7.2123,-7.4007,0,0
-7.7942,28.979,-4.4479,-52.179,-122.82,21.198,-45.697,-7.8135,63.484,37.775,-101.09,-21.419,-6.4262,0,0
0.43301,1.6405,16.422,-23.51,-39.612,-221.69,128.26,-18.815,275.05,22.881,-1.1286,38.61,8.0982,0,0
0,0,0,0,16.772,147.25,-215.88,80.357,60.795,-195.91,5.9452,-6.418,-1.0981,0,0
-6.0622,-2.4199,2.7925,71.192,24.492,160.23,-27.816,-74.764,55.166,124.09,168.66,-16.45,13.126,0,0
-5.1962,7.3056,0.86603,-35.114,-41.914,124.26,-237.42,-20.021,-186.32,48.976,-125.53,45.953,-4.177,0,0
-19.053,13.838,-12.368,-49.929,-270.56,48.886,236.95,-1.069,-118.58,98.323,-45.317,-15.155,-7.8385,0,0
0,0,0,0,-157.39,300.68,-158.24,48.137,90.757,6.1034,-131.96,24.124,-5.6429,0,0
8.2272,-7.0197,-11.232,7.4593,16.051,-204.7,104.34,20.7,-100.64,285.86,32.067,-32.209,-2.6959,0,0
19.053,-13.838,12.368,49.929,127.9,-67.902,-94.694,106.34,-146.87,-94.13,-105.39,43.255,-15.847,0,0
0,0,0,0,-162.55,44.042,89.4,-338.24,-1.1127,-53.087,82.157,-7.6955,-1.0248,0,0
-4.7631,-4.1095,29.015,-95.411,-294.93,-270.78,-163.23,-63.336,33.919,114.94,-1.0315,-24.252,3.1426,0,0
13.423,-14.99,15.301,66.156,-124.23,-73.81,76.151,245.62,163.85,-121.52,-11.023,-9.9755,0.875,0,0
0,0,0,0,-1.549,160.64,-73.091,117.03,190.57,-73.827,-120.84,25.126,-6.5661,0,0
0,0,0,0,196.93,-177.36,-277.96,83.742,89.259,-112.13,0.36729,11.314,3.0105,0,0
0,0,0,0,-2.6495,-238.03,-204.47,-168.75,-120.11,94.94,-13.605,-9.3448,-2.8472,0,0
0,0,0,0,-15.141,5.9192,-135.4,38.391,136.51,236.88,-31.394,-9.7578,-1.4812,0,0
0,0,0,0,-7.7165,-62.498,351.61,-39.099,-140.94,-41.836,-120.21,32.335,4.6783,0,0
4.3301,-10.739,-4.8726,4.4772,-27.668,240.64,-48.483,50.908,-85.634,0.66521,-36.581,-82.919,24.408,0,0
0,0,0,0,23.941,33.214,-105.81,67.145,23.84,138.13,103.66,-11.983,-5.2486,0,0
-9.9593,20.789,-19.954,-14.52,-68.501,74.912,76.496,262.36,136.95,-115.77,-8.3914,-8.4082,1.3047,0,0
4.7631,-29.874,52.494,-54.981,28.974,242.44,11.606,12.465,42.995,180.77,-21.477,-147.13,17.938,0,0
0,0,0,0,42.638,302.78,-69.443,90.103,-19.201,76.296,31.081,-88.222,-52.284,0,0
-7.7942,28.979,-4.4479,-52.179,-75.606,-204.24,165.5,222.17,-87.337,10.986,69.418,-200.71,17.737,0,0
0,0,0,0,-150.15,-116.04,2.9543,-156.64,78.381,-86.252,-82.969,-81.683,-8.0766,0,0
0,0,0,0,-157.46,182.74,-51.845,149.41,-284.7,50.562,-59.849,55.716,-5.9141,0,0
-0.86603,-15.66,-17.328,130.54,-102.85,-111.14,243.94,28.673,21.993,75.349,16.927,111.52,-26.961,0,0
0,0,0,0,62.347,66.142,191.09,-84.734,109.89,-68.463,-20.634,19.652,-3.6325,0,0
1.7321,-41.454,46.775,-9.1016,-88.502,-45.372,-120.03,-82.883,136.96,46.626,64.279,-132.68,18.821,0,0
-7.7942,-2.6699,0.35946,65.301,73.354,-354.1,89.649,114.07,293.01,-26.499,88.252,-147.45,11.165,0,0
27.28,-2.845,-34.66,108.56,-76.281,-106.35,-36.904,149,-66.812,-156.44,-0.10332,7.6559,-5.3484,0,0
-12.557,9.3187,16.593,20.359,-34.28,-126.06,12.886,-71.828,-37.198,-104.38,104.36,214.01,-27.054,0,0
0,0,0,0,24.557,-12.792,27.499,-120.2,115.69,68.996,6.8773,-90.214,-2.1926,0,0
-6.0622,-0.042468,-0.77933,-30.387,83.002,-103.51,243.91,20.581,37.759,2.2752,-16.168,-53.876,27.868,0,0
0,0,0,0,101.01,253.72,61.244,-181.57,-216.35,-1.6177,57.324,-8.9922,-7.4809,0,0
13.423,-14.99,15.301,66.156,210.65,359.06,-35.705,-176.62,-50.11,164.08,93.74,72.453,-9.1333,0,0
-8.2272,22.173,-15.722,15.502,138.12,-365.77,-31.309,148,-21.356,-83.214,50.083,-21.597,-11.629,0,0
-8.8187,19.263,-26.873,75.224,-49.903,-249.24,106.55,202.57,-198.96,142.49,88.161,15.773,39.562,-16.76,12.557
0,0,0,0,145.46,-180.69,-46.059,-16.628,54.062,95.061,155.11,-55.664,-0.18486,0,0
-5.1962,-2.7811,94.561,131.48,-206.69,-24.743,186.13,-312.31,-244.95,-260.81,-88.263,-182.5,-14.091,0,0
-22.95,-24.426,-227.26,-62.834,-114.49,145.67,-141.07,0.82338,-156.69,70.544,174.94,-11.384,-3.0066,0,0
-10.825,15.332,24.013,155.12,4.1235,-197.78,-79.355,-138.47,-192.76,-118.64,-120.37,-83.703,40.989,0,0
11.258,12.292,-27.571,77.36,177.18,-84.452,186.1,-153.64,-42.62,-113.14,-16.683,11.84,2.6089,0,0
2.6368e-016,6.6613e-016,1.4988e-015,1.6209e-014,-103.41,89.083,151.22,59.229,-227.55,-10.103,158.65,14.881,4.0386,0,0
-19.053,13.838,-12.368,-49.929,-116.23,89.689,132.23,-106.41,-45.863,114.68,157.37,-124.01,18.884,0,0
13.856,-6.1244,-18.384,-19.642,-38.364,-283.7,-55.879,35.183,-9.9266,-196.38,138.96,-120.63,21.891,0,0
0,0,0,0,-81.964,-126.61,142.47,-6.4444,-103.07,121.93,89.299,2.1633,0.57476,0,0
3.0311,13.422,-5.1782,-41.146,-119.48,212.29,76.017,125.58,-156.44,-24.11,219.02,-3.4382,7.3888,0,0
2.5981,6.616,-16.453,26.535,-112.2,-76.446,-188.56,-73.158,60.556,10.291,-315.91,72.964,5.7192,0,0
3.0311,8.6046,5.3218,154.12,-96.734,-201.58,108.73,80.753,235.38,-272.64,25.233,-14.533,-0.22877,0,0
0,0,0,0,247.51,-24.825,-120.6,180.99,-33.216,42.356,-33.605,9.2661,-2.587,0,0
0,0,0,0,20.56,63.6,-36.753,-83.613,114.99,-161.92,48.252,29.992,11.959,0,0
0,0,0,0,-6.9339,-134.24,-104.93,323.12,152.48,122.78,-94.117,-10.119,0.36723,0,0
0,0,0,0,123.91,-173.63,132.09,136.11,-5.6147,93.56,12.949,-0.42636,2.9946,0,0
0,0,0,0,-117.25,80.177,-211.39,0.12545,-71.362,279.93,67.546,-9.0047,-5.4504,0,0
0,0,0,0,91.307,-40.059,439.02,85.059,254.18,82.486,-68.787,9.4686,-4.6405,0,0
-12.103,12.59,-15.864,-18.382,-200,-49.146,-85.36,-425.8,-22.391,-281.95,-127.99,-95.736,-9.0228,0,0
-12.673,-23.442,29.641,111.23,-84.135,49.852,90.521,151.86,-10.822,-56.964,147.47,78.45,-54.693,0,0
-10.023,30.058,-24.562,-10.483,-138.42,31.218,130.21,30.726,97.284,-9.7444,27.789,-52.124,184.44,-30.18,9.0933
-13.402,-9.4055,7.9073,-104.1,-22.484,206.39,-60.152,14.065,1.9071,26.288,7.7788,33.239,1.817,0,0
2.2204e-016,0,1.2212e-015,2.8422e-014,-99.649,40.009,52.819,70.526,-158.27,-108.85,205.8,-11.012,0.21683,0,0
-4.7631,-4.1095,29.015,-95.411,-277.39,-137.5,420.41,-53.999,-119.55,184.24,-110.7,-176.29,18.495,0,0
1.0882,-15.777,-48.155,133.84,234.32,167.78,-223.67,177.73,152.82,130.1,-109.39,-160.23,24.912,0,0
-4.4306,-5.5192,12.046,-98.167,-253.28,-14.594,456.92,-97.355,-124.64,-44.712,54.419,24.956,-5.3979,0,0
2.4976,-8.57,-2.4901,73.185,269.5,348.27,250.55,138.38,-66.631,203.24,191.17,-195.54,19.654,0,0
0.76554,-9.9539,-6.7222,43.163,175.2,-51.152,132.03,125.27,-74.938,149.43,-151.41,-166.79,14.689,0,0
-10.804,2.186,10.286,-180.75,-331.67,-131.22,48.81,27.199,-44.49,96.63,6.7974,-11.829,0.81667,0,0
0,0,0,0,29.795,-3.8328,-73.94,144.28,-99.659,19.105,-2.4808,12.335,-2.3248,0,0
0,0,0,0,198.57,77.318,-410.48,78.683,-201.06,-263.03,153.2,-6.7881,-0.14591,0,0
0,0,0,0,25.899,119.26,150.67,-291.23,167.6,-0.82353,0.28197,22.217,-7.3717,0,0
0,0,0,0,62.011,-2.4448,215.31,-58.419,75.133,-66.208,-35.262,27.238,1.0643,0,0
0,0,0,0,-12.884,112.51,-88.261,110.31,-116.93,-119.17,-0.52108,13.565,1.8083,0,0
0,0,0,0,-2.9796,-118.89,-149.84,303.14,-167.44,-27.755,-17.503,-11.003,-6.4268,0,0
0,0,0,0,4.4518,51.998,-57.883,-49.587,-96.667,-15.939,18.531,5.328,-1.9127,0,0
0,0,0,0,31.967,-11,187.36,116.49,-34.913,-58.361,-15.768,-15.686,-10.012,0,0
0,0,0,0,-16.988,-2.2025,101.85,28.106,172.39,21.675,-4.6776,-23.298,0.70272,0,0
-2.5981,8.7566,-1.201,6.4575,-13.117,-16.22,-146.64,178.63,-61.591,-73.086,145.43,-18.331,-8.047,0,0
0,0,0,0,229.75,-214.98,-45.106,186.59,8.7078,89.123,13.202,20.409,-3.2652,0,0
2.2204e-016,0,1.2212e-015,2.8422e-014,167.2,-41.364,58.754,-7.2611,-164.95,269.68,-53.747,119.99,-33.142,0,0
-20.785,32.401,-101.2,8.1888,176.41,-196.68,-16.443,37.708,-74.657,5.6293,-73.819,-22.745,-2.0084,0,0
-3.4641,15.946,19.66,-134.06,-88.62,-109.05,17.853,-180.33,142.76,-204.44,-159.71,-18.745,-0.91354,0,0
4.0131,4.8035,11.411,48.03,213.2,-103.39,-112.25,28.883,25.156,-125.04,6.7682,-4.3415,3.5114,0,0
0,0,0,0,219.2,229.63,165.2,-32.381,128.15,-80.22,63.721,43.292,-0.38958,0,0
0,0,0,0,-4.8203,5.7064,138.07,99.64,-169.79,-27.608,-35.614,70.514,-1.4306,0,0
9.9593,26.123,16.275,-228.15,-158.89,306.62,134.42,-216.07,-86.555,-13.414,165.92,-34.607,-3.7692,0,0
0,0,0,0,-92.966,-102.7,-163.97,-172.08,146.94,90.292,-13.25,-42.953,-0.58021,0,0
0,0,0,0,-46.419,-110.22,26.499,9.7552,-64.197,-210.2,-30.916,10.304,-8.5012,0,0
3.8971,24.307,24.206,176.04,-30.196,-55.903,-82.351,137.95,-64.509,-163.53,17.791,-23.311,0.42492,0,0
-0.43301,-6.799,5.8971,17.598,-26.488,113.76,-125.37,-1.6756,-118.52,93.417,-2.3073,-1.4835,-5.5069,0,0
0,0,0,0,-90.857,-23.091,-78.863,84.964,315.06,-91.086,20.244,5.2254,7.2868,0,0
0,0,0,0,-171.7,24.839,35.653,-84.732,-110.86,219.94,-45.739,-5.0111,4.73,0,0
0,0,0,0,-58.681,-39.796,287.29,258.37,71.419,-106.92,-53.488,17.034,4.0216,0,0
0,0,0,0,85.735,-112.85,-32.058,-84.261,-61.471,60.105,108.08,113.65,-31.026,0,0
0,0,0,0,60.094,-335.03,-425.14,-15.931,-145.94,14.717,-8.1148,16.068,5.7016,0,0
0,0,0,0,-3.8571,-149.9,-39.364,-99.897,95.912,107.83,-40.077,54.984,-4.6074,0,0
0,0,0,0,164.69,-112.69,-31.206,93.589,142.1,-178.41,-144.33,33.793,-3.1226,0,0
0,0,0,0,-21.767,-77.614,17.831,-176.73,-221.36,75.374,1.8265,-14.731,4.5009,0,0
0,0,0,0,11.775,-86.59,69.206,-141.05,110.54,20.96,72.982,4.2453,-1.1148,0,0
0,0,0,0,-17.466,-210.14,-50.15,337.68,18.215,-30.815,185.65,-35.297,3.3047,0,0
6.4952,5.2566,15.152,226.36,176.11,44.603,-167.68,54.853,92.306,-111.52,-110.62,81.1,0.83887,0,0
0,0,0,0,18.709,-197.72,-157.74,-45.352,112.58,-161.26,199.6,16.559,6.4244,0,0
-11.539,13.769,-14.718,16.15,-41.071,110.25,-176.66,82.601,-118.59,-50.645,-49.979,33.129,-0.048072,0,0
-6.1937,-5.971,-21.873,-89.323,79.173,-199.21,-104.43,-70.821,-244.97,-30.15,-96.953,-14.305,8.2037,0,0
1.7321,1.384,4.2321,30.021,-152.05,-53.835,-277.71,220.76,191.33,-193.81,154.99,-28.199,-3.8607,0,0
0,0,0,0,12.791,10.313,-0.81074,158.62,-11.085,51.092,7.2934,-15.076,-8.3087,0,0
12.124,20.768,2.933,-118.9,120.79,110.77,-141.07,-57.472,2.2212,132.37,9.5926,3.9411,-10.829,0,0
-16.454,6.1309,12.036,59.688,-127.86,143.14,111.72,-265.99,-334.58,132.49,124.1,217.08,-23.408,0,0
0,0,0,0,-321.81,-272.47,24.102,203.12,-215.36,107.12,-119.68,-35.165,-8.7835,0,0
23.383,1.021,-8.5228,76.618,227.85,-181.18,-53.356,-107.66,-44.026,-127.55,122.71,55.213,0.68037,0,0
2.1651,8.1896,15.507,-37.659,70.988,-253.06,298.53,-2.7004,29.134,93.606,259.25,140.12,-23.746,0,0
-20.595,28.086,-27.246,-125.98,91.212,-149.97,154.46,259.32,156.99,-65.891,12.89,3.5117,7.4489,0,0
13.856,-8.1848,26.575,-1.5245,14.758,159.16,41.482,87.349,32.765,73.247,-38.857,-25.139,-14.12,0,0
-0.59151,-2.9106,-11.15,59.723,137.6,92.245,-28.348,-114.88,-2.7159,124.5,-50.802,95.675,-2.2538,-10.923,6.9282
-10.023,30.058,-24.562,-10.483,-104.2,-99.964,148.94,56.877,1.2705,-95.673,-103.27,-21.25,0.63301,0,0
1.4363,-10.376,-9.8403,85.727,-39.871,-386.34,-73.475,-22.915,185.27,156.88,56.844,6.451,-68.503,29.108,-12.954
-3.0311,-31.995,-28.276,161.56,154.66,36.659,200.75,13.439,-62.584,102.7,117.8,-24.123,2.9432,0,0
6.4952,-12.727,11.886,40.976,-309.73,0.36639,-23.681,304.12,-109.35,121.25,-116.69,59.578,61.142,-29.829,14.03
0.70753,-20.899,-28.128,186.07,39.726,247.36,-100.72,18.304,154.25,-153.32,-77.348,-159.53,22.563,0,0
0,0,0,0,23.793,57.132,-214.75,87.296,-299.97,-94.237,-16.904,-112.29,28.549,0,0
0.76554,-9.9539,-6.7222,43.163,5.0456,247.56,8.7717,-65.491,-14.499,146.08,-10.15,-107.79,19.951,0,0
0,0,0,0,-132.52,104.29,226.33,-49.123,-17.055,2.4339,29.666,-17.8,-5.4459,0,0
0,0,0,0,7.5466,-310.13,405.19,-116.31,351.63,-237.55,34.349,31.885,-1.3059,0,0
0,0,0,0,2.0425,-110.92,25.349,113.82,-98.234,-55.168,149.58,-27.14,-4.9199,0,0
0,0,0,0,-8.7039,-41.963,-72.512,-86.369,266.66,-95.385,153.14,-1.6918,-5.3044,0,0
-8.2272,11.343,-16.118,-70.997,-94.064,63.494,-525.72,-257.28,214.68,-40.216,38.713,-31.1,-3.0398,0,0
0,0,0,0,52.045,227.05,72.648,-49.9,6.8092,13.788,32.422,-20.896,-8.0195,0,0
