0,0,0,0,-27.262,81.207,84.172,41.332,77.847,-234.93,233.41,-22.733,-88.823,0,0
0,0,0,0,-4.7552,-244.67,43.187,41.333,68.117,174,152.22,113.85,101.44,0,0
0,0,0,0,-44.212,-41.119,-185.3,-21.148,347.2,112.55,11.6,2.9567,0.23654,0,0
0,0,0,0,6.09,-116.34,131.26,-359.11,-8.573,-189,-17.136,-195.23,-87.417,0,0
15.5,-0.61427,-3.8678,25.057,-106.84,-108.49,199.94,-40.22,65.501,64.693,154.32,492.22,81.247,0,0
-1.701,-0.19495,13.139,-20.79,-63.523,-241.79,-100.1,-549.58,359.58,-122.61,-165.24,169.44,0.20184,0,0
-4.25,-1.1274,-0.68958,-35.97,105.94,135.3,98.466,10.622,-378.1,-302.08,180.79,-24.051,29.737,0,0
9.5,13.582,-17.977,-3.5263,67.335,115.36,377.93,-147.37,-8.7419,357.78,-18.899,199.65,90.615,0,0
-37.342,-56.868,12.138,-186.11,-274.4,-148.49,135.05,-172.28,74.315,-279.19,-288.89,-110.44,-136.82,48.837,-24.936
9.25,10.754,-29.595,25.433,216.73,44.801,-295.47,172.04,-47.802,-99.267,151.29,-25.854,-15.931,0,0
14.5,-9.3463,-17.788,-3.8808,-273.08,-148.52,29.513,-218.36,-99.168,141.27,162.4,129.26,33.321,0,0
10.75,3.2159,-20.464,29.924,87.19,-217.07,-400.39,414.53,-235.93,177.45,25.741,111.5,36.93,0,0
-1.5,-10.441,31.692,-140.71,-94.313,93.413,-308.83,275.31,86.842,227.86,255.92,137.97,6.9049,0,0
0,0,0,0,-100.58,-74.26,-21.864,-124.79,62.304,11.366,276.37,72.251,13.637,0,0
2.2204e-016,-1.1102e-015,4.4409e-016,-2.4425e-015,-32.653,84.468,55.384,437.03,461.65,144.21,-237.19,42.29,1.3077,0,0
10,12.526,-8.6471,18.424,-130.1,77.255,336.02,167.72,86.934,69.16,-211.8,-61.758,-24.137,0,0
17.75,11.948,-24.837,35.612,40.142,-85.065,294.69,68.988,101.62,173.07,-30.684,-118.35,-27.459,0,0
0,0,0,0,-26.447,-200.2,-71.513,-147.97,-55.564,16.222,-119.87,11.904,-9.8403,0,0
0,0,0,0,16.932,-17.444,164.41,127.72,311.66,-150.66,-103.82,-41.169,5.2063,0,0
-22.75,-15.608,33.613,-50.302,-74.317,-78.266,-89.201,21.437,168.69,-53.799,60.803,-79.245,19.858,0,0
-21.25,7.6436,8.3599,15.718,87.912,193.24,140.81,31.453,-142.66,-83.159,-291.02,-39.079,-80.488,0,0
-8,-24.762,42.602,-13.52,1.3002,170.37,-192.53,-152.27,272.38,81.087,-127.27,-12.514,-0.083412,0,0
21.5,-2.7942,20.856,-9.028,-3.0765,-11.491,118.24,58.232,190.94,-42.713,-107.31,-87.081,31.908,0,0
-12,7.6454,4.0394,-39.996,145.08,-236.61,161.32,153.54,-129.28,-42.567,133.52,-175.22,22.331,0,0
0,0,0,0,-8.6603,25.728,-15.406,186.96,-117.58,-39.584,192.44,19.775,-11.199,0,0
0,0,0,0,31.128,167.63,-353.23,-110.58,60.927,154.3,200.5,86.626,21.136,0,0
0.75,11.085,3.0998,-32.076,168.63,162.48,-350.4,-64.539,148.76,19.241,102.65,-25.333,22.094,0,0
0,0,0,0,-4.3633,15.645,-381.46,-244.3,261.28,273.37,63.622,23.439,12.639,0,0
-3,-4.1651,2.134,9.9724,-136.65,214.79,204.91,208.26,-299.22,-61.348,-1.9235,-8.0036,-29.481,0,0
0,0,0,0,17.187,-131.37,112.84,224.45,-199.72,123.17,-10.257,1.5841,8.5924,0,0
-11.25,4.6699,-1.4851,-40.315,166.18,-317.87,157.8,81.189,39.399,-356.47,-42.899,-67.832,65.147,0,0
3.3307e-016,-6.6613e-016,-1.5543e-015,3.1086e-015,17.27,-147.21,80.312,-88.185,-37.118,-137.27,20.277,-19.67,12.969,0,0
11.25,-4.6699,1.4851,40.315,-254.06,7.0936,172.36,336.44,172.71,206.92,-162.81,-103.26,11.179,0,0
10.5,8.9462,-5.9575,-59.958,-18.855,160.76,300.16,475.63,380.79,308.32,50.203,-287.06,-35.086,0,0
-19,-13.021,15.788,-64.449,63.346,-169.83,-292.43,-53.537,-184,195.32,214.44,-64.045,-21.958,0,0
-4.25,-1.1274,-0.68958,-35.97,165.25,-28.988,-98.349,127.89,207.21,70.218,-226.59,-15.77,7.0691,0,0
4.1184,14.741,-89.277,-134.7,0.83279,190.02,112.22,305.31,310.22,-109.3,-131.82,-174.21,17.041,0,0
-4.5,10.176,-4.8643,-27.445,116.5,-95.324,406.53,63.429,-21.318,212.69,-273.28,-40.429,-27.244,0,0
2.2204e-016,-1.1102e-015,4.4409e-016,-2.4425e-015,59.534,-138.19,215.66,447.4,-26.609,-14.392,-207.07,48.162,5.5066,0,0
11.25,-4.6699,1.4851,40.315,-139.84,135.53,-21.021,238.37,-205.83,-76.292,59.257,-7.7222,3.7578,0,0
-15.5,-12.673,12.136,-41.252,129.74,-14.087,-498.12,-262.34,-101.64,50.131,44.746,13.977,-10.325,0,0
2.75,2.8056,-2.6716,-5.6848,20.078,-221.94,50.986,-144.29,115.55,-38.798,-44.491,-27.452,-0.26675,0,0
0,0,0,0,-25.168,133.11,-291.12,28.118,207.16,-115.16,-3.5299,2.3035,4.5646,0,0
0,0,0,0,-10.266,122.34,-18.663,230.98,106.46,-4.797,-4.2518,-27.439,3.1752,0,0
2.25,3.1585,-4.1388,-26.489,20.982,88.863,-139.67,-509.77,-328.27,-357.59,10.183,-91.004,45.074,0,0
0,0,0,0,-26.44,119.04,2.1268,-240.03,-53.165,-182.47,-91.157,-55.211,27.583,0,0
0,0,0,0,-24.022,199.16,-10.005,-345.31,-182.95,-198.99,-3.7425,-26.854,3.5233,0,0
3.3849,-9.2763,21.521,-16.778,-7.3928,-3.2751,175.69,72.64,-53.826,198.85,-181.08,-25.166,17.19,0,0
19.5,15.271,-23.172,9.4982,-12.814,200.75,-333.99,-498.77,-122.34,-185.9,30.865,-6.9396,0.17973,0,0
3.3307e-016,-6.6613e-016,-1.5543e-015,1.3323e-015,-16.147,-212.81,-88.107,122.88,103.39,-148.09,64.658,15.925,103.98,0,0
2.25,3.1585,-4.1388,-26.489,103.06,-142.32,106.31,436.41,175.33,-54.685,-36.931,-105.57,7.4731,0,0
0,0,0,0,-22.967,101.74,-97.917,-101.96,-426.03,-31.339,79.994,-19.862,-28.184,0,0
-4.8651,-4.2566,1.8945,25.607,-119.34,-75.598,252.99,29.128,34.867,-67.104,-107.66,101.53,-12.275,0,0
0,0,0,0,-8.4256,23.54,-139.51,-394.23,179.14,-29.527,121.16,-19.179,21.112,0,0
3,-9.3546,21.067,-13.892,-202.11,-98.755,-386.87,-10.221,-253.86,-51.279,-17.925,-1.625,0.50657,0,0
-12,8.6029,0.93477,-24.601,176.86,-10.969,-303.16,-13.456,-173.06,-154.87,18.637,-11.954,4.3861,0,0
-5.25,7.9869,0.52628,-3.997,39.306,-175.56,147.3,-276.67,-167.96,-216.23,-100.36,1.6062,23.344,0,0
0,0,0,0,6.366,43.146,-33.438,251.92,-61.696,66.847,-212.64,-39.277,22.668,0,0
5.25,-15.482,21.113,-105.02,70.776,245.58,-147.83,157.4,-161.77,83.297,85.801,-6.8155,-22.519,0,0
3.75,-7.1651,15.676,-37.341,-86.021,-107.8,42.773,13.024,-116.01,-39.684,-100.28,40.529,-10.228,0,0
-16.865,2.2172,-22.098,-51.019,61.749,122.44,-5.7877,71.33,-30.74,-89.803,91.881,-22.113,32.184,0,0
-10.75,5.3744,-50.668,197.98,170.5,112.3,-91.135,97.326,215.69,169.07,-103.38,91.059,-23.385,0,0
6.5,7.9689,5.549,-22.43,121.72,141,-177.36,39.448,-341.84,14.115,177.12,-79.349,-19.617,0,0
-1.75,-6.6208,-11.752,-2.4103,30.302,31.988,265.35,-366.7,-142.52,50.957,-170.55,1.2252,-24.482,0,0
11.25,-4.6699,1.4851,40.315,-191.24,23.654,262.98,214.39,5.4974,372.23,56.779,-21.958,-10.397,0,0
-2.3627,-9.8762,16.636,250.21,-170.78,257.77,213.71,367.76,100.99,35.948,-213.43,18.142,-11.763,0,0
-2.5,-6.9348,1.5753,21.906,-119.44,122.23,-273.44,-259.43,-457.06,-117.34,-251.55,-9.3797,9.3232,0,0
2.5,-4.1896,-7.701,28.133,-87.277,-127.74,-327.38,-344.23,129.38,20.85,-63.988,1.4743,1.9163,0,0
-2.5,4.1896,7.701,-28.133,129.54,-80.287,2.1067,-21.777,-14.455,-160.9,11.937,-17.275,-6.9028,0,0
0,0,0,0,-4.0413,-2.0084,6.7789,121.73,-123.48,-40.919,-102.26,5.1447,-6.3861,0,0
11.25,-4.6699,1.4851,40.315,-200.23,147.42,-212.92,-171.76,326.57,-95.318,160.39,22.323,22.673,0,0
-4.5,10.176,-4.8643,-27.445,130.39,164.81,167.4,-4.3289,173.93,-255.17,-61.651,10.387,5.6806,0,0
0,0,0,0,34.691,154.3,7.5915,-165.2,215.27,-7.5803,-56.003,-26.872,19.881,0,0
-13.25,-7.0687,5.299,-65.572,4.595,287.9,-158.93,-68.874,-310.34,-121.3,3.7143,-0.28766,6.7946,0,0
17.25,43.454,-39.457,158.8,69.178,107.96,80.694,-141.04,177.48,64.396,53.977,89.126,-91.521,-124.77,30.805
3.3307e-016,-6.6613e-016,-1.5543e-015,1.3323e-015,-25.788,164.21,-30.74,-26.186,-284.89,-118.95,7.5361,-14.532,-10.35,0,0
-12.317,5.2892,11.594,-118.67,140.43,-1.8602,-238.41,474.75,114.12,24.703,-70.049,-9.9264,-4.2811,0,0
0,0,0,0,15.955,-146.54,164.95,-202.29,59.006,197.77,-32.278,-32.652,33.876,0,0
4.5,-2.9085,-2.9934,-22.025,-43.951,46.459,230.18,148.39,-25.71,67.972,2.3128,25.353,-6.3182,0,0
0,0,0,0,21.304,-177.77,-120.12,29.7,-7.811,18.144,-35.433,-19.52,34.913,0,0
2.2204e-016,-1.1102e-015,4.4409e-016,-2.4425e-015,-65.08,122.89,215.28,-391.14,-188.86,-37.097,85.778,-6.3119,31.216,0,0
-18.5,0.93782,-3.5801,44.949,66.205,-18.52,-448.96,-60.606,-50.536,262.92,-262.26,-240.23,-15.891,0,0
-5.25,7.9869,0.52628,-3.997,-6.2041,133.47,190.53,311.47,-370.11,127.56,29.516,-39.655,14.69,0,0
0,0,0,0,-41.598,-96.44,117.55,356.18,21.136,48.911,85.34,-14.352,22.073,0,0
0,0,0,0,32.375,-26.709,7.6682,-369.33,-10.777,-55.477,-111.03,-226.88,14.811,0,0
11.25,-4.6699,1.4851,40.315,-160.01,-50.414,-272.54,-265.72,394.46,159.47,-125.83,-25.344,14.225,0,0
-2.75,-2.8056,2.6716,5.6848,-109.16,191.58,158.11,221.18,312.02,-10.015,-9.5502,-68.726,-27.74,0,0
-16.75,1.8397,5.6375,48.085,-84.79,-49.117,-326.83,11.683,140.75,-84.589,-210.29,-72.78,-3.9539,0,0
0,0,0,0,15.881,270.55,60.261,-72.732,-36.124,-156.89,242.2,170.11,-13.274,0,0
2.75,2.8056,-2.6716,-5.6848,2.1165,-70.322,15.918,-209.29,-24.797,-8.6866,-9.3288,11.879,7.3558,0,0
-5.25,7.9869,0.52628,-3.997,77.322,8.0111,-24.658,3.1524,37.079,-42.781,197.65,65.499,3.5927,0,0
-4.25,-1.1274,-0.68958,-35.97,201.26,109.29,-114.49,44.032,-68.146,-55.897,-39.137,-27.46,31.114,0,0
2.25,-12.152,1.6077,13.969,-18.73,21.668,116.71,-45.203,-42.459,55.469,-374.89,-176.68,15.291,0,0
11.5,7.7631,-5.0652,-52.759,-96.652,15.349,-10.744,123.26,-125.16,-138.74,75.733,128.92,12.094,0,0
0,0,0,0,-9.2198,-136.87,-332.82,615.81,-44.724,-21.313,-9.9103,-18.483,8.4474,0,0
3.5,13.286,26.841,-164.36,-84.985,-105.8,-169.54,-443.64,-242.46,-437.4,87.399,-91.117,63.375,0,0
1.75,23.721,-9.1944,10.658,44.27,-81.151,-29.474,149.35,251.95,226.34,189.09,-33.301,0.15489,0,0
-19,-13.021,15.788,-64.449,59.817,-136.2,386.66,257.57,196.46,-102.4,-63.469,3.2859,5.8971,0,0
-25.25,-24.868,1.5933,-63.565,-27.275,-376.72,69.303,412.26,-216.22,143.83,-124.11,90.833,27.048,0,0
1.5,0.96891,1.2518,-3.0407,-42.244,-12.57,-73.388,-186.89,-147.15,-46.717,120.09,69.91,-13.285,0,0
0,0,0,0,5.8475,50.654,154.93,246.62,-28.487,44.715,-179.73,28.432,-11.231,0,0
0,0,0,0,-8.6133,81.121,-64.063,-260.45,-176.37,-236.24,-100.27,-15.356,28.615,0,0
-24.75,7.6926,9.2159,38.96,187.84,47.315,197.66,339.38,220.07,-31.52,-212.51,14.012,-36.625,0,0
0,0,0,0,42.893,125.83,201.98,-35.258,-61.09,-128.92,-68.471,-0.26138,-22.657,0,0
-0.5,-1.549,0.40368,-7.6537,20.384,250.07,-83.275,-291.65,-124.94,-68.69,-111.63,-46.278,12.668,0,0
0,0,0,0,-18.487,159.29,-19.231,212.61,207.72,56.711,-93.544,-27.661,8.2868,0,0
0,0,0,0,7.9103,60.031,58.279,-37.529,179.5,264.13,89.79,14.304,11.783,0,0
0,0,0,0,-7.6732,-38.765,-42.427,-229.11,-123.37,-36.45,47.836,9.369,-4.6148,0,0
0,0,0,0,-26.2,96.03,140.25,87.035,50.977,-105.64,10.598,-2.1639,8.2018,0,0
0,0,0,0,-0.57083,32.879,322.3,-115.77,-15.275,403.52,151.89,13.017,-13.737,0,0
-6.8651,-0.46891,-17.552,51.292,87.146,207.68,-298.54,-609.33,-139.59,-20.661,235.14,-78.261,-36.674,0,0
0,0,0,0,-0.035576,-105.11,58.169,202.19,49.208,-111.76,-70.797,1.2067,4.6349,0,0
0,0,0,0,-24.897,149.16,99.698,91.336,-24.137,0.41747,0.95841,-11.973,8.7721,0,0
-5.25,7.9869,0.52628,-3.997,-53.168,86.546,19.196,250.44,83.06,218.24,87.343,-70.529,-9.8792,0,0
0,0,0,0,1.9874,-3.7901,-360.88,-103.32,87.038,189.22,-4.7324,-13.246,-0.29127,0,0
0,0,0,0,10.716,-161.21,-72.215,-25.227,-119.35,-8.9473,37.37,-16.207,39.713,0,0
-13.25,8.7745,-31.6,84.437,384.89,-87.393,61.92,66.382,63.051,164.38,27.748,96.839,164.01,0,0
0,0,0,0,4.7557,4.2559,-6.8801,104.72,-156.36,-9.7841,-85.229,1.27,7.6058,0,0
0,0,0,0,-4.7123,33.244,99.227,-146.11,-33.994,-216.45,-40.317,-29.111,46.73,0,0
0,0,0,0,69.477,-117.64,319.46,60.704,-155.16,-32.45,-16.152,2.2284,-28.78,0,0
0,0,0,0,-4.2818,44.328,118.25,-286.66,-297.35,-55.78,-84.38,-98.833,17.88,0,0
14.25,8.9527,-10.712,-18.977,13.792,-112.67,-388.85,-345.46,-59.274,-116.45,-30.324,95.905,156.02,0,0
-2.25,12.152,-1.6077,-13.969,60.092,-112.96,205.09,9.2209,44.019,-15.127,69.105,-31.19,-27.577,0,0
-9.5,-15.654,15.993,24.217,230.3,-8.9256,29.605,-19.206,-9.1647,-185.49,-5.926,77.759,-53.797,0,0
-8.8818e-016,-1.3323e-015,2.2204e-016,5.3291e-015,-8.9881,-38.279,-95.576,164.19,-249.66,-135.72,-60.376,15.87,-4.5179,0,0
0,0,0,0,-26.512,115.35,-94.189,-237.69,3.8481,11.945,24.675,-8.6647,26.626,0,0
-23.25,-12.953,-4.5082,-273.1,-43.462,-90.634,-40.66,140.53,95.623,121.98,-284.71,277.35,56.912,0,0
0,0,0,0,-28.617,147.71,203.11,61.98,16.767,-56.779,-24.604,5.6247,-20.262,0,0
-19.25,-30.539,10.998,64.217,86.143,88.539,235.2,26.724,-105,-195.54,-253.38,-103.63,-8.7775,0,0
-8.8818e-016,-1.3323e-015,2.2204e-016,5.3291e-015,26.832,-167.09,134.84,269.09,45.255,116.37,-0.7673,-3.0934,-23.312,0,0
0.32596,-3.02,2.2001,25.116,-148.55,-251.02,107.27,-175.1,46.414,289.22,91.524,170.16,95.203,0,0
0,0,0,0,47.073,78.652,103.5,-43.712,-316.16,208.6,-54.762,14.835,-13.504,0,0
0,0,0,0,-52.219,3.4736,-152.12,-324.7,149.78,-123.86,56.12,104.74,56.36,0,0
-26.382,0.11186,-0.61931,-57.905,18.065,189.74,-142.96,229.91,95.037,-117.77,-149.06,8.3765,23.573,0,0
0,0,0,0,-17.004,94.272,180.44,294.84,215.2,-107.55,-151.32,-9.0712,4.9285,0,0
-6.5,-4.2207,8.7518,-52.641,-126.16,118.1,223.21,-91.675,-185.32,-232.33,-73.97,-36.871,14.544,0,0
3,4.1651,-2.134,-9.9724,23.108,-242.02,17.085,-103.49,16.145,-124.71,105.77,-44.023,9.4617,0,0
0,0,0,0,-59.953,103.72,33.996,-146.53,-211.25,-4.663,19.15,7.377,-35.636,0,0
0,0,0,0,-9.7757,-81.089,-206.03,261.68,323.13,-186.5,3.2085,18.04,-26.416,0,0
-16.5,-12.77,3.8087,10.821,105.68,-143.58,-286.58,-167.38,-65.015,-91.699,54.431,2.4821,7.0936,0,0
9,-6.5018,38.001,-117.91,103.42,67.095,70.203,-5.8133,332.62,52.506,-14.238,-217.26,-13.095,0,0
27.75,-31.58,-20.991,132.16,-23.925,271.42,410.45,135.51,-103.8,21.781,-127.65,-197.05,24.917,0,0
16.5,9.7828,-13.6,17.415,-14.71,130.69,100.97,108.1,-159.79,104.02,-217.35,15.773,-36.497,0,0
-15.5,-12.673,12.136,-41.252,152.04,-129.84,138.65,-22.783,110.96,-181.55,52.612,-192.54,-21.217,0,0
-12,8.6029,0.93477,-24.601,139.41,-106.38,-234.86,215.04,-150.4,-219.28,-109.8,83.742,9.078,0,0
-7.451,17.983,0.046075,23.467,19.609,187.6,40.287,-24.71,-126.16,129.8,227.57,22.089,-37.913,-74.192,-3.25
0,0,0,0,28.66,-57,-64.19,247.86,82.253,0.41747,0.95841,-11.973,8.7721,0,0
-10.25,-17.843,21.384,47.666,57.268,-84.826,-341.8,-104.69,66.148,44.251,-46.345,-10.644,-6.7709,0,0
0,0,0,0,12.613,-2.1893,-23.256,-137.38,-68.985,-273.29,-9.7798,39.375,-13.331,0,0
12,-2.4803,-3.9054,16.866,-104.76,-96.865,-6.2488,136,168.59,-14.843,2.0556,1.8639,-0.18301,0,0
0.75,2.1896,-5.3905,-23.448,95.48,71.748,68.325,-242.73,263.26,177.07,-42,118.53,-10.402,0,0
-14.365,-10.325,10.109,45.657,168.02,-51.271,567.38,83.186,-138.73,-123.93,-245.44,17,22.376,0,0
12,-8.6029,-0.93477,24.601,-179.07,-43.925,-59.433,-128.69,-224.48,-46.134,-213.05,7.0263,-8.6046,0,0
0,0,0,0,11.226,240.99,80.524,83.587,77.846,-64.375,-15.99,-16.533,26.114,0,0
7.5,17.374,-27.428,-51.887,-80.153,211.85,-183.13,7.4456,6.9394,239.22,155.05,88.886,17.955,0,0
-25.5,-3.3923,6.116,71.036,-30.378,242.49,17.402,16.348,-6.5871,129.96,-67.56,16.96,-37.504,0,0
0,0,0,0,9.2779,51.153,195.61,60.28,66.671,224.21,16.579,2.57,-3.2733,0,0
0,0,0,0,-9.9974,70.032,38.758,135.89,-27.052,-134.88,-96.427,6.8726,4.0658,0,0
0,0,0,0,6.4913,21.874,12.807,93.698,-179.58,1.701,40.067,4.2503,20.073,0,0
-33.25,-5.1633,-46.314,60.833,-2.1813,58.292,-351.8,280.4,336.56,243.92,-47.599,-75.928,26.999,0,0
0,0,0,0,-3.7162,-18.024,135.82,-80.566,-134.2,99.743,-99.129,51.878,-4.1732,0,0
0,0,0,0,-14.272,212.63,96.632,-287.35,-507.31,11.273,3.3591,-7.6941,1.3415,0,0
0,0,0,0,-53.37,103.64,103.22,258.94,-72.059,-107.17,-111.88,20.823,-10.018,0,0
2.75,2.8056,-2.6716,-5.6848,-37.816,7.4155,-54.231,21.659,6.9673,177.35,-162.1,-19.731,-31.405,0,0
0,0,0,0,-1.8074,24.894,21.055,107.97,85.557,-173.09,156.35,3.8546,-3.0066,0,0
0,0,0,0,23.698,-158.54,51.17,225.55,-205.85,123.89,199.48,99.4,5.6606,0,0
-3.3651,-3.2877,3.1462,22.566,-125.84,4.2034,16.774,-14.128,142.01,-76.543,-114.51,-62.684,-2.6507,0,0
8.8818e-016,-3.1086e-015,-1.1102e-015,2.2204e-015,-71.316,103.5,-85.708,-266.45,-7.6002,84.071,145.11,231.19,-25.673,0,0
-3.3651,-3.2877,3.1462,22.566,-144.3,167.8,219.63,10.837,57.385,-204.37,-129.72,-104.42,5.8738,0,0
0,0,0,0,59.193,-59.307,21.758,165.96,-228.24,2.0553,71.158,-18.951,-5.4192,0,0
2.75,2.8056,-2.6716,-5.6848,-0.017242,-5.0602,-43.83,-29.498,-233.68,-212.81,47.054,-16.27,24.921,0,0
12,-2.4803,-3.9054,16.866,-64.672,9.6747,-31.637,-313.21,83.171,-75.368,247.6,-30.768,28.239,0,0
-33.25,-5.1633,-46.314,60.833,-63.385,132.11,-48.546,-76.288,-16.13,-114.13,2.464,-252.95,-72.89,0,0
0,0,0,0,21.709,-164.21,-193.79,-187.11,33.001,-82.767,329.67,14.812,-27.182,0,0
3.25,1.0377,-17.422,-21.801,87.066,-181.87,-237.42,84.538,218.97,-16.371,-42.887,258.33,7.5679,0,0
0,0,0,0,-24.893,190.55,-211.5,-57.511,-65.754,-95.118,-5.6115,14.562,-4.3595,0,0
15.25,10.796,-24.044,19.081,-85.476,-156.54,-220.28,50.176,-77.15,-113.86,-105.84,-21.729,9.0332,0,0
0,0,0,0,0.10681,40.03,17.537,187.28,-24.924,-170.58,55.288,-13.421,-0.23894,0,0
-4.25,-1.1274,-0.68958,-35.97,184.15,-86.616,-175.51,246.61,142.1,-112.09,95.7,5.0192,26.676,0,0
1.076,-0.83045,-3.1905,1.6675,-24.959,-254.38,-273.61,33.961,84.996,203.6,64.887,54.817,19.167,0,0
14.25,-10.703,9.3923,29.128,82.481,147.8,192.05,241.22,18.201,9.7589,-399.67,-12.335,-53.555,0,0
-6.75,-12.966,22.77,-25.069,139.59,5.0517,177.98,153.75,-9.9933,-284.92,-62.032,94.536,27.986,0,0
0,0,0,0,-8.2312,-17.556,157.58,281.5,343.21,193.83,104.98,-92.303,9.9016,0,0
0,0,0,0,29.979,149.22,-320.1,-120.57,463.29,102.23,175.81,11.981,2.2835,0,0
52.25,36.258,18.762,-109.72,96.741,415.7,402.23,37.903,-292.41,-87.967,30.816,-36.503,24.572,0,0
10.75,3.2159,-20.464,29.924,74.878,285.36,117.94,-56.699,-203.78,-186.23,-240.32,-19.432,-38.469,0,0
0,0,0,0,29.666,-87.549,-115.1,134.19,119.67,85.49,2.5433,-39.365,14.43,0,0
0,0,0,0,-0.69167,48.186,38.356,-59.045,192.53,-133.43,-182.74,-34.337,7.7353,0,0
10,12.526,-8.6471,18.424,-150.99,187.89,-113.07,5.9138,-253.45,-86.188,-99.107,-115.32,20.152,0,0
0,0,0,0,-5.8493,13.679,-69.435,-326.38,-228.19,11.103,-62.215,-6.9518,-9.1181,0,0
0,0,0,0,-16.483,115.63,125.35,-105.22,-263.82,-214.69,-97.826,9.3068,5.6238,0,0
0,0,0,0,-19.33,127.85,-5.2983,203.57,-49.706,24.851,7.6321,-2.474,3.4821,0,0
0,0,0,0,0.88069,-5.552,29.048,-38.155,75.726,-238.14,-96.567,-61.461,32.382,0,0
-4.5,19.072,3.6261,-36.073,179.1,-16.282,121.52,235.47,-220.69,111.82,8.2885,-3.6199,19.944,0,0
0,0,0,0,0.011057,-34.924,-77.226,231.66,-22.287,-12.014,-15.203,-15.174,5.453,0,0
5.25,-7.9869,-0.52628,3.997,-35.347,-201.26,103.86,256.32,53.254,-40.326,-127.75,-118.64,5.9282,0,0
0,0,0,0,25.767,-176.35,-86.777,118.38,-241.25,-21.89,28.457,-10.593,-2.837,0,0
0,0,0,0,30.919,123.84,503.18,9.1567,-66.868,-124.02,-122.63,25.055,10.965,0,0
0,0,0,0,2.076,-1.4042,147.8,-123.63,-174.21,238.4,21.107,15.015,24.907,0,0
-3.5,-8.2272,12.056,-15.442,108.19,13.743,-50.115,-185.74,223.92,203.9,-18.758,-35.951,-37.571,0,0
-4.5,1.6962,-12.172,16.667,-163.93,-52.624,-182.15,183.89,55.594,-169.11,-202.56,-40.812,-1.4106,0,0
0.75,-5.567,7,-27.828,134.26,-31.163,99.863,-258.11,-186.51,-55.608,-62.037,-17.315,16.433,0,0
0,0,0,0,26.775,-194.43,-287.66,101.68,255.53,-52.077,147.66,8.782,6.2868,0,0
-21.25,1.3814,-109.63,69.196,134.18,-45.756,-90.402,-397.54,69.871,107.7,-17.749,126.3,26.731,0,0
0,0,0,0,5.6687,-53.335,-20.374,-300.06,-160.54,-85.904,-39.9,-151.41,-113.13,0,0
5.5,3.0131,-14.165,-8.3253,10.83,295.57,-44.152,62.171,360.95,-29.78,108.24,-80.406,-23.729,0,0
12,-8.6029,-0.93477,24.601,-169.44,-14.281,312.91,513.12,68.048,-201.32,-284.56,-96.456,12.436,0,0
0,0,0,0,11.72,81.416,-84.357,-268.94,-75.28,-344.57,160.18,-10.593,5.6851,0,0
-2.25,12.152,-1.6077,-13.969,66.407,-13.995,-50.925,288.73,-70.835,-0.11562,100.49,30.004,-6.0413,0,0
-0.75,-2.1896,5.3905,23.448,-66.47,-100.63,-112.39,-162.17,-206.62,148.62,15.786,-10.144,9.1986,0,0
13,8.8205,-27.301,5.6046,-44.66,-266.61,-296.87,-50.152,-163.37,48.905,-95.985,-0.039183,-21.613,0,0
2.5,-1.1519,-12.031,1.6471,-0.84359,-17.847,-76.409,-190.78,317.44,-44.572,421.31,-16.505,-132.12,0,0
13.25,7.863,-45.818,143.24,-43.275,152.99,170.52,192.29,-225.7,-99.086,25.531,22.005,5.6083,0,0
-15.75,-10.352,34.796,-54.295,-110.26,167.06,36.508,123.71,298.59,-1.6686,-55.003,-174.67,26.381,0,0
0,0,0,0,1.8683,-86.614,-70.979,264.23,-174.6,-224.58,-17.12,-12.628,7.1929,0,0
0,0,0,0,5.0963,-1.4988,81.25,-78.139,-247.5,37.286,-12.795,19.95,-8.703,0,0
0,0,0,0,44.341,127.88,-143.37,224.59,127.43,-280.47,-48.47,24.162,-9.0478,0,0
-7.25,19.747,-123.09,-161.77,-73.078,-17.298,144.74,140.71,-24.725,164.99,117.38,-2.3347,-80.729,0,0
16.75,-1.8397,-5.6375,-48.085,87.607,228.49,-31.273,129.4,-418.13,-71.784,105.95,37.197,-30.648,0,0
-31,-24.129,15.198,-172.33,90.088,143.86,-214.66,178.14,-90.645,-255.65,-200.06,155.92,-16.872,0,0
-12,-1.6585,0.33318,-45.887,24.479,160.17,-171.94,-286.77,-253.68,-202.02,-124.04,-36.254,-33.206,0,0
0,0,0,0,29.377,-62.41,-85.746,-498.79,-130.72,109.29,266.09,81.586,17.342,0,0
0,0,0,0,-69.889,88.726,115.96,-38.994,21.163,89.034,61.939,-44.144,6.7144,0,0
0,0,0,0,-32.748,-121.14,91.352,148.78,-68.179,-40.385,-129.86,-21.937,-7.5777,0,0
11.25,-4.6699,1.4851,40.315,-187.95,22.504,-2.2261,320.9,-41.311,-185.48,-64.231,-13.792,-11.185,0,0
11.25,-4.6699,1.4851,40.315,-185.94,4.484,-233.78,-52.707,-66.292,40.258,218.26,110.43,11.161,0,0
0,0,0,0,9.9564,141.95,-35.031,279.65,243.95,-3.9152,-58.328,50.265,-15.235,0,0
16.5,9.7828,-13.6,17.415,4.7243,-42.448,276.36,155.77,139.31,-187.37,-61.548,-10.646,0.94407,0,0
2.25,-12.152,1.6077,13.969,-60.524,-343.89,-135.12,272.13,194.26,17.306,-2.0806,114.1,-53.576,0,0
0,0,0,0,-9.8837,-26.154,65.551,125.36,285.84,-194.18,-84.196,5.1905,-12.617,0,0
11.25,-4.6699,1.4851,40.315,-181.64,41.688,199.84,81.422,45.974,136.37,10.489,5.1489,-19.486,0,0
3.3307e-016,-6.6613e-016,-1.5543e-015,1.3323e-015,-2.1994,27.47,312.79,279.39,145.68,-26.586,-111.65,31.157,-31.747,0,0
0,0,0,0,22.108,227.16,-15.323,-408.68,-240.05,-189.27,-105.39,-208.09,-3.9833,0,0
17.25,14.959,-9.1992,-34.27,8.5445,-87.566,-143.17,-7.5611,191.05,343.81,80.516,25.598,22.494,0,0
2.25,3.1585,-4.1388,-26.489,57.016,131.61,-214.53,41.27,106.6,-177.04,-355.28,-77.423,-27.398,0,0
0,0,0,0,-63.004,47.794,230.36,69.471,162.41,87.098,137.69,24.612,16.06,0,0
-15.25,-23.946,-0.29728,13.924,202.72,218.97,-294.14,-259.62,51.354,-90.103,-321.01,-241.02,-30.338,0,0
0,0,0,0,37.284,88.085,195.29,-231.71,-34.839,-4.3072,-46.943,-7.2626,-6.3714,0,0
-24.25,-17.511,-28.776,-40.105,-61.792,-66.324,106.72,123.32,-216.74,160.42,-4.68,-21.835,10.123,0,0
-15.75,-10.352,34.796,-54.295,-44.613,34.712,268.48,-42.411,-108.58,-292.95,-223.17,-91.168,16.632,0,0
17.25,14.959,-9.1992,-34.27,41.604,-50.418,-29.287,-154.57,-141.99,-197.03,-90.787,-44.584,6.9943,0,0
0,0,0,0,-15.134,140.07,-114.26,-250.58,-85.397,-33.876,-76.016,-4.7916,-10.373,0,0
-12,8.6029,0.93477,-24.601,131.93,-49.914,-185.71,33.783,-234.56,-4.8573,-1.7661,-88.057,-1.0972,0,0
-7.0037e-012,-8.8954,-8.4904,8.6279,-49.254,-83.508,210.51,210.31,178.05,-4.1005,-186.25,-1.9052,-3.5801,0,0
-19.365,18.742,45.56,-82.113,-51.367,94.877,135.24,213.29,214.59,-204.81,-93.934,-20.289,-10.226,0,0
-5.25,7.9869,0.52628,-3.997,79.644,-97.531,107.69,-349.29,147.56,-232.52,163.26,-111.83,-17.471,0,0
7.75,-1.3074,65.583,-186.74,-223.99,-117.5,181.04,217.54,-24.342,-172.36,-175.66,-9.9118,-8.4518,0,0
0,0,0,0,29.036,-248.92,-98.775,-359.61,267.1,-91.295,-93.405,-0.034052,10.204,0,0
16.5,12.77,-3.8087,-10.821,-118.19,-131.12,265.2,232.16,116.58,-71.277,-207.91,-36.662,17.404,0,0
-4.25,-1.1274,-0.68958,-35.97,214.53,197.01,209.61,-297.73,-337.11,-10.758,42.108,14.89,2.3905,0,0
13.75,9.7386,-1.8087,-39.283,-253.04,105.45,324.99,360.81,470.09,141.44,-93.787,22.084,3.3292,0,0
-13.25,-7.0687,5.299,-65.572,61.714,-139.09,36.967,-43.903,-460.79,-79.054,124.14,13.325,13.448,0,0
0,0,0,0,-7.0092,103.71,-117.37,-65.011,-24.133,127.93,103.07,-3.1029,-9.2096,0,0
-20.25,-5.3056,53.395,-24.14,-156.36,15.133,20.856,-352.37,-57.36,118.15,-89.004,-235.79,-0.0625,0,0
11.25,2.0736,0.86603,4.9462,-21.981,27.722,-161.72,110.16,-244.1,-124.03,12.762,-6.5634,1.6205,0,0
-3,-4.1651,2.134,9.9724,21.955,-83.833,41.367,-100.85,103.34,163,4.1542,-13.814,24.515,0,0
-4.5,10.176,-4.8643,-27.445,169.79,-171.18,60.912,3.298,-96.1,360.24,267.96,236.59,3.4429,0,0
43.952,33.745,2.6679,-204.92,-105.57,35.867,98.973,38.762,510.81,209.94,184.33,-62.915,26.047,0,0
-4.25,21.237,18.017,-124.35,-48.918,-91.692,-208.37,-261.99,-260.13,-29.297,-172.48,-100.4,-26.718,0,0
12,-8.6029,-0.93477,24.601,-161.59,-154.73,72.278,120.57,-240.04,91.32,-70.414,-283.84,-56.845,0,0
11.25,-4.6699,1.4851,40.315,-143.98,113.87,-98.148,85.408,-106.6,-36.506,270.14,238.22,4.7676,0,0
-3,14.637,-55.637,166.56,-65.458,54.507,252.87,421.74,303.95,283.15,-6.95,107.82,-0.18093,0,0
-4.5,19.072,3.6261,-36.073,179.76,-194.6,-117.35,31.777,-149.38,-44.617,120.01,117.15,-27.832,0,0
0,0,0,0,-32.922,-24.42,-130.27,-255.64,301.57,-52.989,128.15,175.33,19.468,0,0
1,-8.25,11.899,-26.234,6.0991,-176.01,334.77,266.43,120.74,104.45,-237.13,45.202,-3.9845,0,0
1.5,0.96891,1.2518,-3.0407,-37.866,-51.552,-16.782,-167.11,221.7,90.624,151.22,-106.67,18.418,0,0
1.5,0.96891,1.2518,-3.0407,-4.7489,-1.9889,220.67,382.43,410.53,16.313,-17.386,167.73,20.458,0,0
0,0,0,0,-0.36145,97.183,117.77,69.43,-343.99,-122.32,39.68,-9.6794,-1.337,0,0
15.75,18.66,-13,-23.445,103.21,-75.654,-2.1028,419.72,106.94,-32.669,128.4,6.3714,19.062,0,0
-12,8.6029,0.93477,-24.601,192.72,-122.36,121.19,415.95,60.211,133.93,-300.67,-88.793,16.579,0,0
17.25,21.054,-11.782,72.475,55.59,262.03,193.88,-261.5,-107.94,-182.43,-300.79,8.2569,19.677,0,0
17.25,21.054,-11.782,72.475,147.3,56.163,-130.08,-18.016,10.103,-265.18,-1.891,-24.332,34.222,0,0
0,0,0,0,26.806,-115.1,14.23,33.208,188.57,46.749,0.21017,-24.545,14.204,0,0
-1.924,-4.9955,-1.0565,11.64,-6.6075,-219.29,-148.89,-389.95,596.64,87.043,-28.231,86.716,-5.413,0,0
-25.25,-23.475,-27.923,-17.71,64.37,123.74,-128.56,69.609,3.8665,-132.28,-29.759,-49.539,73.981,0,0
0,0,0,0,-59.762,89.889,-287.01,91.234,-82.845,106.54,76.901,32.305,10.423,0,0
0,0,0,0,25.313,172.5,56.147,48.093,-485.06,-182.93,2.1526,199.64,10.813,0,0
3.3307e-016,-6.6613e-016,-1.5543e-015,1.3323e-015,-58.203,115.98,-49.04,-104.97,73.663,-12.04,4.1477,-106.76,-1.7868,0,0
0,0,0,0,12.369,-119.49,363.8,197.42,-79.231,-205.68,1.0691,-18.885,20.511,0,0
0,0,0,0,-5.8159,-236.38,-30.355,171.96,34.808,243.22,-77.105,-16.103,-31.794,0,0
-3,-8.7877,2.3774,28.574,230.75,48.988,-233.08,-160.44,22.055,-58.297,175.12,-263.51,-81.37,0,0
0,0,0,0,59.101,-67.248,15.903,-434.65,-96.6,24.134,56.903,-17.303,3.0446,0,0
0,0,0,0,1.9796,-37.049,105.15,171.15,28.685,142.25,-9.7558,112.6,-14.079,0,0
-11.25,-6.0933,20.569,-2.9772,11.487,-63.713,-310.84,-88.789,-483.34,3.2214,3.1108,-148.24,43.99,0,0
-9,10.887,-35.175,-8.4939,129.7,-157.11,274.66,-140.17,-396.22,-13.804,-83.689,217.64,31.958,0,0
0,0,0,0,-8.0646,15.622,-35.631,5.6197,177.8,73.084,176.55,-12.928,16.109,0,0
0,0,0,0,-12.808,153.3,151.23,221.24,321.79,-242.73,-214.43,13.73,25.233,0,0
-2.5,-6.9348,1.5753,21.906,-146.46,-28.463,313.15,140.79,58.926,-61.583,-2.1157,-0.51675,5.6806,0,0
-3.75,5.1208,-0.020998,-8.3279,-112.94,-141.58,-187.3,-127.29,-213.15,330.92,-159.54,238.86,-18.281,0,0
6.5,-6.366,5.0556,9.803,-110.62,-332.42,-211.39,85.085,-135.54,49.291,-36.126,-80.572,5.1058,0,0
16.5,9.7828,-13.6,17.415,3.9423,24.545,-392.45,173.45,184.96,30.435,35.589,69.573,-25.967,0,0
-1.75,-6.6208,-11.752,-2.4103,6.9452,-240.24,306.72,91.854,344.72,-191.87,-42.385,-12.814,-9.0556,0,0
-4.5,-5.134,0.88221,13.013,13.078,-22.896,-111.14,-297.03,129.95,152.67,-27.527,-26.528,-98.593,0,0
-1.75,12.986,-35.486,-17.366,89.724,137.96,-46.492,-24.631,-208.45,-200.16,123.18,15.414,-16.732,0,0
-15.5,-12.673,12.136,-41.252,110.83,-183.15,-407.45,-111.98,380.04,69.346,162.69,-26.238,2.8693,0,0
0,0,0,0,-0.81338,-7.7947,-297.92,-451.61,286.64,375.44,94.11,-26.586,24.028,0,0
18,6.4952,-29.001,-90.332,-57.243,111.26,-37.248,90.349,-422.82,-187.97,11.413,-154.43,7.1169,0,0
19.5,16.935,-5.9426,-20.794,-131.74,-201.25,-331,-508.52,-322.54,-204.82,60.039,-81.029,27.344,0,0
-4.25,-1.1274,-0.68958,-35.97,189.46,-98.488,-114.11,-124.46,204.58,19.329,7.4127,-3.7628,30.108,0,0
0,0,0,0,3.8845,-9.3091,63.539,162.77,116.52,-144.21,8.4431,-16.568,-11.543,0,0
29.635,-0.81875,-19.902,-45.601,185.83,-70.92,-2.662,44.786,211.41,62.946,-187.13,-52.747,16.816,0,0
18.135,-6.0819,24.003,13.538,-100.05,-274.63,185.21,-263.65,-170.94,249.85,291.63,83.969,-20.102,0,0
0,0,0,0,-5.5684,51.121,-89.787,187.1,245.8,135.19,86.519,-22.113,-3.6205,0,0
19.25,19.453,-3.6256,-44.643,-134.99,-25.597,79.962,20.495,13.258,197.3,-48.132,51.956,-5.6148,0,0
-2.25,12.152,-1.6077,-13.969,45.209,-254.58,-98.646,-334.56,-33.282,-185.23,-243.46,-61.836,20.703,0,0
5.25,-13.408,15.216,-96.238,93.062,237.73,404.86,303.45,-68.268,-6.2004,-427.64,-67.445,94.491,0,0
33.549,29.161,-14.34,170.28,-93.758,-176.84,-258.44,11.606,-11.441,79.408,-123.93,-43.736,4.8861,0,0
11.25,-4.6699,1.4851,40.315,-205.33,187.6,-174.25,-87.413,11.376,124.13,12.216,2.067,-18.362,0,0
15.25,-17.797,-11.881,36.811,-180.71,72.618,253.33,364.01,171.32,-41.017,-227.89,-105.48,0.10585,0,0
-3.6151,7.1519,-14.143,25.352,10.625,-5.1902,446.26,153.63,-49.832,-128.86,-204.62,11.628,-22.478,0,0
2.75,2.8056,-2.6716,-5.6848,17.769,31.953,11.619,-42.127,-78.698,43.413,-6.5421,24.462,-5.6708,0,0
-2.25,12.152,-1.6077,-13.969,51.9,174.48,255.15,-174.8,-261.47,-89.06,77.216,113.29,117.92,0,0
-11,-13.776,-2.7207,52.761,-129.78,35.473,-63.281,-351.14,300.67,332.5,-18.078,80.484,-42.687,0,0
0,0,0,0,-33.911,214.67,6.5336,404.58,-120.99,-47.03,-44.647,-49.123,-23.342,0,0
14.75,-16.193,67.583,-167.66,-16.988,149.99,360.33,-157.75,30.671,76.724,-30.405,-50.042,-5.9498,0,0
0,0,0,0,-63.175,-40.413,66.785,46.899,73.972,96.042,-146.38,-28.405,19.125,0,0
-46.115,-17.407,43.489,-166.04,-3.9582,261.28,258.84,-21.315,21.473,251.04,349.17,-22.302,2.674,0,0
-5.5,-10.584,66.813,-220.25,40.844,109.46,259.48,179.01,35.965,15.303,-247.29,-204.63,84.037,0,0
6.5,12.392,-14.19,5.4694,-42.324,41.414,-136.87,-68.344,324.43,-113.86,-273.34,-69.758,-3.8212,0,0
2.25,3.1585,-4.1388,-26.489,76.64,65.597,102.91,261.09,-462,-379.45,59.353,-25.945,29.928,0,0
0,0,0,0,-26.315,160.54,-29.125,-312.71,243.1,172.84,382.03,122.95,-13.446,0,0
2.25,3.9282,-13.933,-6.3008,2.3759,36.861,108.87,-182.54,-290.33,110.22,22.86,71.218,-5.1058,0,0
3.3307e-016,-6.6613e-016,-1.5543e-015,1.3323e-015,11.42,-25.119,-364.35,307.61,-109.28,-73.739,-94.515,-115.06,33.257,0,0
-0.75,-11.085,-3.0998,32.076,-188.33,41.521,16.777,-403.46,-274.15,-42.151,-97.145,-33.19,3.3672,0,0
1,-8.25,11.899,-26.234,-80.28,64.031,-7.1488,-604.04,-164.14,-84.257,-46.366,-38.437,46.268,0,0
1.75,6.6208,11.752,2.4103,-17.271,312.25,75.082,-74.275,-160.58,-140.08,0.90336,-5.8313,-26.232,0,0
-10.615,-6.6979,-15.975,-61.575,-98.761,8.5803,-303.59,113.96,263.02,48.124,-78.931,-72.9,82.833,0,0
0,0,0,0,14.573,-99.824,-84.992,-39.173,-246.74,-168.44,-45.662,-7.4306,9.5667,0,0
0,0,0,0,48.81,142.64,4.8957,-152.69,28.684,66.331,21.332,-2.0141,-12.314,0,0
-35.5,-8.549,12.666,-141.22,185.74,231.52,323.8,81.669,127.68,30.725,-108.75,-24.709,-11.916,0,0
0,0,0,0,-25.66,121.59,-66.042,-207.34,130.9,34.891,100.84,-15.91,6.6046,0,0
0,0,0,0,-19.903,175.45,-25.2,219.4,-23.354,22.862,-172.45,18.696,-20.855,0,0
16.5,9.7828,-13.6,17.415,-24.139,122.94,-6.2477,336.67,-130.52,12.278,-333.13,-118.33,29.536,0,0
-10.75,-16.129,0.52452,-22.754,138.68,-371.55,-14.241,189.16,-107.42,-80.733,-50.188,0.67756,-2.2174,0,0
-14,-9.2583,10.69,-42.123,-93.949,131.76,360.48,-52.398,-369.02,-263.94,-95.797,-5.7326,5.2921,0,0
-13.115,-10.044,3.7132,59.076,-46.031,-11.261,-275.57,125.77,-23.827,-114.24,162.35,59.064,-2.5111,0,0
0,0,0,0,15.724,-129.8,-28.368,138.16,67.074,27.677,67.76,-8.4877,-10.085,0,0
17.588,2.5463,-5.1832,48.438,-153.04,37.363,87.718,649.72,-52.094,-212.59,-107.28,-103.4,-18.58,0,0
0,0,0,0,41.594,-240.79,279.63,109.73,-86.171,-94.161,-179.75,99.847,8.1361,0,0
0,0,0,0,-6.0324,-31.993,-5.418,20.624,-157.65,-139.25,4.7252,0.95665,7.8391,0,0
11.25,-4.6699,1.4851,40.315,-142.38,137.23,279.94,60.644,-270.8,-163.23,-59.398,12.367,-15.26,0,0
0,0,0,0,-27.214,-29.659,-128.32,-75.63,-46.787,-22.066,30.399,-2.2243,-5.8403,0,0
3.1373,16.387,-28.77,194.85,4.0082,56.158,31.914,-169.2,128.57,-93.642,38.345,-75.566,5.4755,0,0
-19,-13.021,15.788,-64.449,38.54,39.566,315.27,168.7,-46.441,-238.84,169.06,95.203,-15.751,0,0
0,0,0,0,-5.3893,-34.074,-103.68,-81.653,-83.404,-78.648,-19.141,2.4746,8.4474,0,0
-21.75,-5.1244,9.1896,44.741,62.207,-68.31,90.444,-143.08,-201.99,-190.32,-184,-47.805,-9.3101,0,0
8.8818e-016,-3.1086e-015,-1.1102e-015,2.2204e-015,-39.127,-137.77,-45.25,-22.976,38.369,-175.44,-10.2,4.0808,36.085,0,0
6.5,-6.366,5.0556,9.803,-97.648,-23.315,169.82,-75.871,160.98,-94.916,78.695,69.601,-17.474,0,0
0,0,0,0,68.055,-108.12,93.501,452.87,24.954,-51.235,59.409,12.13,-0.50328,0,0
11.135,4.1729,57.535,-211.56,-2.2897,35.258,-128.63,-14.173,-263.21,209.89,-130.82,-66.722,88.355,69.221,8.299
12.25,-4.3463,-18.63,94.666,-49.704,-62.925,-406.77,-491.93,-288.43,-270.65,-88.075,-213.36,-67.68,0,0
0,0,0,0,-0.69944,-26.413,34.514,256.63,109.88,-302.16,-68.302,11.082,2.7904,0,0
4.5,-10.176,4.8643,27.445,-169.23,110.56,-191.49,-218.73,-120.43,140.11,99.502,-120.65,52.166,0,0
0,0,0,0,-6.9339,-7.1099,8.3204,-117.15,-61.602,-163.31,83.42,-3.5344,8.9183,0,0
8.4006e-012,1.3415,-2.3383,-202.8,228.14,-158.22,466.66,195.39,-196.86,-224.93,-195.78,-153.08,154,0,0
4.5,-15.961,35.566,-1.7119,-131.78,-35.306,-156.82,-151.05,144.58,-80.074,-20.171,32.315,-10.012,0,0
6,-5.1896,18.933,-23.865,-128.52,-59.348,-244.83,4.0127,-200.25,90.791,171.59,102.31,5.1083,0,0
-17,-12.175,36.863,-57.69,-73.944,-139.54,-262.31,80.248,-4.5118,285.08,-11.475,63.139,-90.382,0,0
0,0,0,0,-26.96,3.1556,71.934,113.02,-90.506,-175.62,-102.11,45.101,2.6537,0,0
12,-2.4803,-3.9054,16.866,-6.1453,165.39,67.529,-466.9,-257.55,-166.41,17.265,-28.509,18.527,0,0
1.5,0.96891,1.2518,-3.0407,-72.873,136.41,-110.71,7.9357,602.94,10.588,134.83,-97.817,-32.431,0,0
0,0,0,0,34.65,148.82,97.35,-16.038,137.24,322.78,53.307,47.898,-14.87,0,0
12,-2.4803,-3.9054,16.866,-21.635,178.76,96.849,-222.79,-106.5,-153.08,65.759,2.1363,106.62,0,0
13,8.8205,-27.301,5.6046,-44.993,80.808,-360,-41.715,137.96,-234.17,-103.74,-51.642,-35.535,0,0
-12,8.6029,0.93477,-24.601,249.43,-51.372,161.8,427.94,-253.69,-57.008,33.188,-43.395,-22.979,0,0
-2.5,4.1896,7.701,-28.133,132.65,216.51,87.409,-36.738,-199.84,-80.419,86.328,-4.9557,22.214,0,0
12,-2.4803,-3.9054,16.866,-68.231,-232.63,-311.82,-261.38,77.071,-11.267,2.7841,-16.232,31.008,0,0
-1.25,-13.855,18.736,-1.9142,29.319,-115.95,-465.92,55.022,-76.995,-2.6117,139.29,-153.23,-8.0511,0,0
-2.25,-1.9755,-3.2566,-13.476,28.248,43.189,195.04,-93.123,-194.72,-127.69,-184.73,-106.44,32.289,0,0
1.5,2.3546,-7.1962,11.024,-86.218,-43.313,-264.05,21.262,-4.115,-139.85,-150.64,-4.6975,26.481,0,0
12,-2.4803,-3.9054,16.866,-93.563,-163.65,-356.66,-300.08,120.76,128.55,180.9,143.75,-7.2667,0,0
-6,-5.0933,8.6226,-23.455,143.15,-215.52,-332.47,44.918,177.81,142.52,87.055,-52.387,5.192,0,0
0,0,0,0,-7.5155,62.607,49.89,217.99,-3.536,-32.788,-11.056,-17.468,17.035,0,0
3.3307e-016,-6.6613e-016,-1.5543e-015,3.1086e-015,-56.123,38.638,103.46,-265.02,128.35,142.42,-258.85,30.122,-9.0143,0,0
0,0,0,0,13.246,-163.11,-52.951,-144.55,84.817,-3.9389,22.506,9.6809,21.044,0,0
-20.5,-18.675,26.533,-48.57,-100.38,-135.2,-335.38,-150.6,147.55,145.99,-16.604,-87.331,250.96,0,0
0,0,0,0,-42.207,-47.233,75.314,22.459,63.521,-237.77,-223.95,14.801,-15.062,0,0
0,0,0,0,23.079,-175.59,-11.403,-59.967,-129.96,-260.51,60.522,-35.611,27.492,0,0
7.75,0.26971,-9.2942,0.92163,13.88,247.61,-207.95,-331.3,-221.35,-163.31,133.39,-12.421,12.587,0,0
12,-2.4803,-3.9054,16.866,-61.819,53.207,148.05,-122.51,25.524,-48.729,7.9369,10.795,-2.817,0,0
3,15.373,-2.3708,-30.279,83.199,306.25,-271.27,-295.1,-255.29,311.06,56.25,244.49,5.8615,0,0
17.5,39.536,-37.484,61.922,-36.976,-331.72,-100.24,40.924,60.969,291.34,14.896,-87.302,23.568,0,0
0,0,0,0,11.657,-97.189,175.25,-56.289,189.37,126.91,-83.107,-4.468,-15.892,0,0
-9.992e-016,-5.5511e-016,4.4409e-016,-6.6613e-016,-48.864,-26.6,21.63,-68.77,196.64,238.87,360.8,41.508,-59.095,0,0
-4.5,10.176,-4.8643,-27.445,118.36,188.41,139.88,-213.13,-104.42,131.4,-13.937,65.745,-11.748,0,0
0,0,0,0,-27.395,191.89,-111.35,182.89,207.16,-103.86,-28.574,10.019,-27.749,0,0
0,0,0,0,26.586,-210.06,-176.16,-191.13,37.005,-140.72,-77.593,21.605,13.16,0,0
-5.25,7.9869,0.52628,-3.997,60.482,149.1,-81.626,-190.97,-56.686,-52.358,-86.408,76.597,-18.639,0,0
-11,1.6436,-0.17949,-4.3074,69.178,-17.191,-207,-88.98,-240.45,0.41747,0.95841,-11.973,8.7721,0,0
24,-2.9199,-0.48686,56.534,-132.2,228.14,-63.471,-169.39,-152.29,110.43,22.021,16.328,18.907,0,0
0,0,0,0,21.383,-106.26,97.941,67.049,-228.62,-36.88,27.498,-27.356,17.252,0,0
-3,-4.1651,2.134,9.9724,-13.912,-150.55,-20.506,-58.434,285.8,-122.4,81.008,78.627,-10.665,0,0
1,-8.25,11.899,-26.234,-79.056,104.39,87.432,-53.323,-72.309,-237.24,15.866,-61.229,56.009,-162.32,7
0,0,0,0,4.0587,36.869,-284.24,84.431,-3.5453,129.24,108.32,-5.2682,8.907,0,0
15.25,10.796,-24.044,19.081,-175.04,99.131,165.89,78.557,-97.735,119.02,107.55,49.681,4.3424,0,0
0,0,0,0,-35.299,106.43,-264.49,51.244,-85.561,236.54,56.294,-17.954,43.553,0,0
12,-8.6029,-0.93477,24.601,-234.95,66.381,311.35,-49.102,-83.499,9.1358,-237.46,-71.4,-6.2186,0,0
0,0,0,0,7.3359,36.885,-7.1724,181.59,179.46,-29.159,-64.925,1.1723,8.5511,0,0
2.75,2.8056,-2.6716,-5.6848,57.291,-172.64,-199.58,-45.597,-249.15,-13.608,-238.45,-85.334,8.1851,0,0
0,0,0,0,1.9895,-30.185,-219.96,301.69,347.3,239.13,35.159,-25.442,6.0601,0,0
-6.5,18.688,14.012,-26.688,51.404,-301.67,48.362,109.14,-154.18,155.92,156.02,-107.82,12.44,0,0
0,0,0,0,-4.7837,62.035,-47.08,-276.61,104.76,68.909,-151.64,15.141,-2.9808,0,0
22.5,-3.9772,21.749,-1.8297,-113.18,14.36,460.1,-23.129,-183.78,-68.658,112.82,57.627,-6.2288,0,0
0,0,0,0,13.809,-69.597,123.65,-106.5,172.38,14.294,54.366,-17.928,3.5078,0,0
-8.75,-10.582,15.27,-67.126,77.481,91.422,87.946,-94.384,44.255,214.42,176.58,83.303,-37.389,0,0
0,0,0,0,-4.8227,29.684,-196.87,-132.59,-121.8,-73.063,-21.485,-24.422,16.277,0,0
0,0,0,0,-4.9264,-9.9097,-176.94,-143.56,-128.45,-166.38,-210.4,-63.458,27.447,0,0
0,0,0,0,11.855,177.9,273.98,-43.47,-107.2,-207.88,-94.446,-26.213,33.777,0,0
8.2925,-7.3095,-0.0017604,13.816,-42.285,-41.234,-31.196,10.424,-228.63,-246.8,-5.7146,-52.637,-15.471,0,0
-2.75,-2.8056,2.6716,5.6848,-3.3568,103.69,-33.916,-2.3446,240.43,-158.89,-176.68,-6.7961,-6.5756,0,0
0,0,0,0,-11.389,195.84,129.69,180.93,-156.68,-4.7611,2.0381,42.428,-27.561,0,0
-22.5,0.55385,-9.6029,-13.695,-186.71,-199.03,-60.18,-135.27,-320.31,-524.82,-78.397,32.867,-141.51,0,0
0,0,0,0,-1.337,28.188,-63.581,-201.37,-250.35,-169.21,-114.09,-2.3909,-11.379,0,0
0,0,0,0,4.8573,-54.498,-0.078217,-184.56,196.18,30.051,-108.07,4.8248,7.2153,0,0
0,0,0,0,15.462,-163.98,-54.276,261.13,-98.85,-7.4965,-119.19,-3.928,-6.7386,0,0
20.799,19.137,-68.697,42.851,-54.423,-6.2652,-7.1454,174.97,246.66,-195.13,87.401,88.805,23.367,0,0
-5.201,13.773,33.162,-42.323,-86.931,281.52,152,45.443,93.359,38.702,-118.91,-240.7,81.147,0,0
2,12.567,3.1537,-24.244,106.19,-356.45,-55.958,-92.183,25.469,56.118,256.52,169.44,38.694,19.472,-5
0,0,0,0,-24.39,-242.88,99.989,-87.732,189.81,19.297,-226.33,27.056,-5.6908,0,0
17.25,26.49,-27.866,-45.331,-116.66,-250.79,-155.03,-217.4,-178.39,-81.211,205.77,-105.69,-21.93,0,0
0,0,0,0,-34.427,-92.994,101.84,-282.55,144.49,-180.44,-70.17,-27.696,12.561,0,0
0,0,0,0,10.421,8.0922,69.982,375.23,-66.111,-116.64,-8.4247,-41.741,28.967,0,0
0,0,0,0,8.4857,-15.317,274.88,30.408,-219.34,-261.86,-22.594,-2.4497,23.681,0,0
24,-2.1471,34.497,-59.862,-48.712,139.95,-165.22,-24.656,-120.68,-233.97,153,4.3684,12.039,0,0
-1.924,-4.9955,-1.0565,11.64,-5.7792,-163.23,-133.42,85.881,73.142,257.45,191.98,55.841,137.61,122.08,-21.5
30.75,-5.701,-4.9239,100.31,-65.163,-169.85,-144.6,203.41,88.483,-113.38,150.71,110.34,-66.152,0,0
10,23.051,-12.054,0.79376,36.791,59.982,358.3,100.87,433.67,38.999,-187.64,-91.24,-13.634,0,0
34,13.928,-12.384,85.098,171.22,29.502,-19.503,-341.98,68.456,-45.31,97.259,-65.364,18.733,0,0
3.3307e-016,-6.6613e-016,-1.5543e-015,1.3323e-015,-13.867,-194.54,343.69,173.73,40.565,13.638,-82.997,30.906,-17.316,0,0
1.5,0.96891,1.2518,-3.0407,-36.922,133.47,-184.32,22.252,-98.43,-154.02,45.044,-75.427,-14.848,0,0
0,0,0,0,-37.936,-28.182,204.75,-120.6,268.55,164.38,130.51,44.242,-16.572,0,0
12,-2.4803,-3.9054,16.866,-10.367,85.355,232.89,-181.01,-13.128,-229.61,94.379,103.01,14.222,0,0
-25.25,-24.868,1.5933,-63.565,-37.586,76.967,48.665,7.7014,-315.07,-523.95,-121.56,0.45785,22.494,0,0
0,0,0,0,-23.031,145.78,-295.41,-443.53,-197.8,204.15,-203.6,-2.6077,-19.16,0,0
-4.8651,3.7859,4.0057,34.619,-83.621,-168.22,-521.58,-473.24,-195.1,-83.84,-168.77,-77.152,31.569,0,0
1.5,-1.1208,-8.5981,-3.2093,15.434,33.915,-153.47,-202.04,270.9,-99.761,98.436,241.05,5.8191,0,0
0,0,0,0,43.106,107.16,428.44,357.66,111.24,0.48927,16.81,23.413,8.4282,0,0
0,0,0,0,44.294,26.296,198.28,161.08,80.778,250.38,-132.54,21.273,0.81578,0,0
-7,0.73029,11.928,-20.087,-232.84,41.239,145.72,95.983,-174.99,107.35,164.65,75.475,-1.3571,0,0
-12.5,-25.662,26.167,21.561,68.172,-36.678,134.29,69.943,30.743,50.783,-247.31,-229.3,-68.937,0,0
12.299,-7.543,19.36,25.349,-97.946,-44.81,166.69,141.34,-164.91,-31.193,-250.04,23.994,-28.727,0,0
12,-8.6029,-0.93477,24.601,-180.4,-23.173,37.653,201.62,-196.28,-110.32,24.34,1.9465,7.3558,0,0
-6.5,-4.2207,8.7518,-52.641,-128.98,169.91,-229.35,55.625,-223.97,-198.66,-95.76,-110.47,4.7631,0,0
0,0,0,0,44.481,33.924,98.39,-154.75,176.43,-136.75,-38.024,-14.206,14.173,0,0
1.5,0.96891,1.2518,-3.0407,-97.074,246.1,-93.729,15.949,-86.121,247.48,8.4479,-18.752,49.676,0,0
9,7.4838,-16.453,57.051,-12.073,-136.08,-52.053,214.21,175.93,-223.5,-57.024,-0.60673,9.5756,0,0
4.5,-1.9282,39.305,-167.19,103.46,-89.892,-209.07,-144.16,-7.8427,6.779,-11.984,-89.401,-2.5278,0,0
39.75,20.892,3.4689,-13.447,-142.32,130.39,263.78,45.887,-136.04,-133.32,-65.967,271.76,96.916,0,0
2.5,-4.1896,-7.701,28.133,-158.37,-21.607,282.66,67.644,209.62,152.69,80.373,-37.454,-11.41,0,0
0,0,0,0,30.327,82.302,-140.68,-53.695,-264.04,-121.98,-221.17,12.126,26.809,0,0
0,0,0,0,-10.859,-78.683,377.98,-73.94,-243.21,-268.67,200.45,107.18,14.949,0,0
11,-1.6436,0.17949,4.3074,-33.072,-245.89,-82.211,138.54,349.7,94.019,-1.9157,-2.0277,18.251,0,0
-8.75,-10.582,15.27,-67.126,57.297,-127.36,-75.285,-422.05,-240.68,-193.74,-144.96,-96.796,3.4273,0,0
-15.25,20.23,33.506,-101.06,118.29,-19.38,-74.768,-186.13,363.55,375.97,-8.3974,165.42,-16.038,0,0
-1.75,-6.6208,-11.752,-2.4103,30.926,-425.9,-57.942,-49.272,84.33,25.139,-37.078,55.548,0.875,0,0
-4.8651,-4.2566,1.8945,25.607,-12.697,-65.147,-583.34,-85.334,-27.014,264.41,-132.72,4.7422,-0.077164,0,0
-6.75,-11.435,6.9085,-24.69,166.15,120.39,245.35,214.25,162.74,150.25,-57.696,-50.009,27.892,0,0
0,0,0,0,21.06,-136.1,-21.779,-304.52,-86.913,273.59,61.64,-12.18,24.943,0,0
3,-0.94615,9.3433,-5.7338,38.706,-177.39,55.796,69.356,156.99,68.938,156.51,-8.3929,19.332,0,0
0,0,0,0,25.48,-156.55,-191.64,-41.873,170.35,-129.94,-84.848,7.4315,9.5045,0,0
0,0,0,0,48.99,103.68,201.69,-53.64,-157.76,0.52748,-11.38,16.614,-3.8304,0,0
-4.25,-1.1274,-0.68958,-35.97,120.93,-53.662,9.8761,140.68,168.5,-58.033,-125.38,-106.34,17.855,0,0
-2.75,-2.8056,2.6716,5.6848,-50.087,-20.098,-115.55,-442.64,-106.04,220.17,129.48,-1.8678,23.41,0,0
-6.25,-19.856,33.133,-9.2316,-64.205,-25.391,34,-336.51,50.676,145.03,-308.86,198.13,110.1,-162.32,7
11.25,2.0736,0.86603,4.9462,-19.097,51.474,-213.75,30.205,-232.14,156.87,66.331,5.3429,-10.208,0,0
0.75,-5.567,7,-27.828,169.85,-173,333.77,0.19403,18.185,174.02,-41.173,-23.169,10.058,0,0
2.2204e-016,-1.1102e-015,4.4409e-016,-2.4425e-015,19.104,-100.83,213.96,414.62,-145.1,-93.41,-63.384,6.9462,-6.2566,0,0
-4.5,10.176,-4.8643,-27.445,140.76,-6.8621,-83.465,80.498,67.392,31.112,10.4,-63.921,-2.6818,0,0
0,0,0,0,-2.6546,11.652,-74.994,-30.843,-25.623,19.772,-26.037,16.741,-2.2667,0,0
-4.5,10.176,-4.8643,-27.445,169.84,-114.34,-70.284,-88.442,-340.82,-121.02,222.02,-5.4228,12.603,0,0
0,0,0,0,-37.613,-103.82,50.057,24.17,214.68,-4.3317,-139.09,-1.4805,8.1962,0,0
11.25,-4.6699,1.4851,40.315,-146.3,178.05,187.15,247.2,-153.97,67.271,-148.27,0.51194,-8.8301,0,0
-0.75,-11.085,-3.0998,32.076,-121.37,-48.891,-91.741,-55.685,16.099,-289.23,-207.2,-85.636,6.9273,0,0
-2.25,12.152,-1.6077,-13.969,60.963,15.429,-252.66,131.77,104,-150.28,-6.0081,-27.142,48.066,0,0
-9.25,-16.892,-38.63,-100.36,190.39,90.54,-398.16,-492.38,-493.72,-11.022,95.217,43.915,-5.4207,0,0
1.5,0.96891,1.2518,-3.0407,-33.814,-75.234,-145.56,293.33,166.95,26.678,125.23,87.633,13.068,0,0
3.75,10.897,1.884,-10.404,29.521,4.8429,-7.2765,-262.97,283.54,240.23,-186.77,-105.24,-25.003,0,0
7.25,11.606,-21.234,-17.002,130.46,-45.678,-63.789,265.13,86.639,-193.64,93.158,-72.186,12.15,0,0
4.25,1.1274,0.68958,35.97,-99.65,-158.18,197.53,415.25,97.686,145.11,-59.075,32.392,-2.9085,0,0
0,0,0,0,6.1558,32.993,95.353,-87.654,100.07,-195.11,95.276,-237.28,-2.2913,0,0
2.25,-22.322,42.084,-16.196,-9.2741,-324.42,73.218,-288.51,-14.837,89.527,99.954,112.53,10.936,0,0
7,0.52628,-19.208,25.973,69.431,-94.358,-382.53,-102.11,192.04,-223.45,-232.46,-67.445,134.37,0,0
5.5,3.0131,-14.165,-8.3253,37.858,47.582,-550.89,102.03,-69.791,125.6,283.45,-59.017,-15.159,0,0
-31.5,-26.896,21.708,32.484,55.105,137.03,373.91,325.06,158.58,86.855,229.25,-148.95,50.035,0,0
-4.25,-2.2452,12.008,-39.165,-175.85,-196.99,-2.1855,-116.16,-77.057,161.05,141.19,97.305,-0.28141,0,0
-11,-16.187,22.106,-42.806,117.25,2.8083,97.621,-292.31,1.0072,132.38,114.43,46.662,16.802,0,0
10.75,3.2159,-20.464,29.924,72.94,168.76,81.688,362.89,10.312,92.83,11.673,-61.944,19.146,0,0
-12,8.6029,0.93477,-24.601,192.05,-346.78,-368.28,102.44,-284.21,9.1407,-110.79,-37.765,42.737,0,0
-2.5,4.1896,7.701,-28.133,193.44,100.32,-293.74,328.74,-259.6,83.279,-3.9667,12.914,2.5715,0,0
0,0,0,0,-5.7619,22.054,45.48,-258.61,-272.79,-205.97,-173.7,-76.855,-6.1271,0,0
2.75,2.8056,-2.6716,-5.6848,81.398,171.22,171.01,-205.81,-54.507,-294.92,-244.44,-286.81,-103.64,0,0
-4,-35.592,-6.3612,-15.559,-4.2097,253.64,337.1,-437.83,54.018,67.369,285.15,-18.795,17.01,0,0
8.25,3.8989,-24.423,64.776,-38.404,97.861,-27.537,-189.41,-27.461,12.831,-303.07,-55.187,-50.799,0,0
16.5,9.7828,-13.6,17.415,-20.8,207.15,27.546,93.93,326.47,280.88,59.776,175.47,15.621,0,0
-9.992e-016,-5.5511e-016,4.4409e-016,-6.6613e-016,-0.42644,24.122,-171.18,290.28,-185.3,201.49,5.176,292.43,108.42,0,0
12,-2.4803,-3.9054,16.866,-92.893,-134.21,-410.36,383.55,-74.448,118.42,30.768,-0.79846,119.92,0,0
-4.25,-1.1274,-0.68958,-35.97,148.92,178.33,-164.74,325.11,-314.64,-82.725,75.807,85.341,-14.658,0,0
-7.0037e-012,-8.8954,-8.4904,8.6279,-93.78,-68.425,-354.67,-407.82,388.32,170.68,-348.75,-185.04,13.629,-2.2913,-0.6863
11.25,2.0736,0.86603,4.9462,49.455,10.986,-355.32,268.55,-196.94,-215.21,-180.7,-94.65,23.746,0,0
11.25,-4.6699,1.4851,40.315,-161.59,-133.39,-238.25,61.532,174.83,-68.5,-26.111,6.9575,3.9151,0,0
0,0,0,0,-30.504,-164.61,-348.86,-475.66,-212.74,-108.77,48.516,247.92,-15.098,0,0
0,0,0,0,8.5269,-13.211,-113.3,-345.83,-253.26,301.87,257.94,-34.303,-19.713,0,0
0,0,0,0,38.466,150.07,55.814,-296.23,-190.41,152.16,89.236,-17.577,2.7398,0,0
-8.8818e-016,-3.3307e-016,-2.2204e-016,-1.3323e-015,23.714,195.21,-277.26,238.4,-1.2464,-78.258,31.551,-27.237,2.0347,0,0
0,0,0,0,-4.8902,36.94,-44.184,-46.647,476.33,18.221,256.59,-104.48,45.062,0,0
9,6.0885,-29.814,41.328,93.939,155.23,240.16,-36.666,-5.1922,21.137,-30.611,32.655,8.8759,0,0
0,0,0,0,-41.792,-5.7424,86.999,42.812,49.441,-6.109,136.67,38.609,-11.126,0,0
4.25,1.1274,0.68958,35.97,-150.8,233.89,-228.31,-148.63,179.57,36.091,-153.51,87.692,11.082,0,0
0,0,0,0,20.845,-129.74,-343.87,307.01,-16.844,526.46,54.866,26.94,-6.4498,0,0
0,0,0,0,19.334,-193.87,273.93,-214.39,76.425,-28.13,52.466,23.712,-21.868,0,0
-0.61515,21.103,-7.9983,145.39,-227.99,-49.274,-38.072,417.61,-23.584,91.466,-134.44,13.677,18.327,0,0
5.25,-7.9869,-0.52628,3.997,-7.6737,-6.4598,-22.488,434.76,-73.981,-17.25,254.68,159.44,108.54,0,0
0,0,0,0,5.4199,37.066,-220.67,123.79,-75.023,422.67,-50.627,-157.1,50.606,0,0
-10.25,-17.843,21.384,47.666,106.17,-45.312,-191.15,-88.29,-135.06,-65.739,-21.81,0.85168,10.194,0,0
12,-8.6029,-0.93477,24.601,-123.44,24.439,-99.538,42.171,-22.125,-137.09,-50.094,-37.232,15.399,0,0
-2.5,4.1896,7.701,-28.133,98.317,108.18,36.445,135.21,-316.86,-114.17,30.628,-11.687,19.705,0,0
0,0,0,0,-22.745,-250.06,92.322,9.5113,170.56,218.56,-239.45,6.3358,-24.843,0,0
14.25,12.734,-13.853,0.69838,-147.35,-42.802,-14.977,-277.25,-64.945,-114.97,-428.19,-90.804,13.435,0,0
-7.5,-16.642,29.654,37.512,129.29,-183.23,1.8026,-195.65,-30.013,168.6,-126.33,-119.57,-11.078,0,0
2.25,-4.884,-6.25,-35.5,134.93,64.657,263.74,-158.45,-421.5,13.213,-124.69,6.6387,-8.9841,0,0
-14,-9.2583,10.69,-42.123,-50.829,24.027,-124.73,279.9,-78.168,-150.18,9.9018,-71.593,24.723,0,0
0,0,0,0,23.022,-141.98,112.81,173,228.14,-141.13,-1.0051,-19.534,-2.3035,0,0
-1.25,-12.825,33.311,-136.79,266.81,-2.5343,-283.48,43.02,-184.77,-275.07,-111.69,27.35,24.362,0,0
0,0,0,0,-40.156,-109.73,-47.42,-246.52,-35.374,-7.3591,4.2423,44.958,-34.204,0,0
16,-22.029,-42.414,104.68,-57.158,-133.91,96.885,133.98,-2.4742,39.199,-129.13,100.29,-11.734,0,0
-2.5,20.606,-17.087,-20.12,158.85,261.53,301.46,-39.689,-198.46,-83.673,130.7,-36.212,58.261,0,0
3.3307e-016,-6.6613e-016,-1.5543e-015,1.3323e-015,3.1618,-57.295,61.212,-38.472,-4.9608,-15.761,-4.6982,33.611,-14.647,0,0
2.5,-4.1896,-7.701,28.133,-122.83,-192.68,-105.09,-591.33,4.2386,135.62,166.72,48.147,37.091,0,0
0,0,0,0,-38.666,-46.533,174.2,359.8,-413.28,-194.98,-83.966,-6.4267,32.608,0,0
-8.75,-10.582,15.27,-67.126,79.462,-339.97,-125.24,315.01,170.85,-432.51,-102.54,-66.453,19.606,0,0
2.5,2.0622,1.6848,-38.961,8.2921,-19.789,-13.568,25.1,-334.15,-306.28,34.028,5.9542,16.387,0,0
-4.25,-1.1274,-0.68958,-35.97,149.6,85.723,143.93,-139.55,-49.73,-259.72,-51.289,79.947,-5.7733,0,0
0,0,0,0,25.218,-196.58,-229.66,-61.811,-184.23,46.751,148.36,-37.179,29.259,0,0
2.5,-4.1896,-7.701,28.133,-152.62,77.946,-150.87,-113.45,-178.79,-63.798,90.539,28.465,1.2219,0,0
9.25,6.2338,-9.4755,19.752,-127.16,-469.53,255.91,-272.05,-247.53,9.4441,-11.412,32.455,-30.117,0,0
5,-9.7811,6.5018,10.674,66.223,-85.404,238.36,-693.97,83.845,-64.891,-156.22,48.426,184.35,0,0
-3.6151,7.1519,-14.143,25.352,1.0226,-259,-75.073,280.81,60.232,-168.91,164.35,-11.437,11.175,0,0
0,0,0,0,41.51,189.82,-58.537,-220.95,-24.542,-22.574,1.3002,3.7398,-4.1193,0,0
-7.0037e-012,-8.8954,-8.4904,8.6279,-113.91,22.999,-68.159,30.315,-18.246,81.572,-140.97,-59.911,-8.793,0,0
-2.2204e-015,-5.5511e-016,-2.8866e-015,-2.6645e-015,-67.925,93.688,-400.63,-35.609,96.391,217.29,310.6,85.365,11.905,0,0
1.5,0.96891,1.2518,-3.0407,-1.2094,63.342,151.21,13.289,47.282,0.41747,0.95841,-11.973,8.7721,0,0
3,-9.3546,21.067,-13.892,-183.67,53.966,-113.18,-12.99,-38.419,138.85,285.93,83.247,43.73,0,0
4.5,5.134,-0.88221,-13.013,-43.453,-72.639,-80.265,87.52,80.244,-26.138,235.58,-62.62,-6.2623,0,0
-5.25,7.9869,0.52628,-3.997,-4.4325,199.2,121.8,79.802,-17.121,-16.538,-5.6501,-13.56,-2.5042,0,0
11.5,7.7631,-5.0652,-52.759,-87.688,-85.549,54.311,-184.24,-3.129,-189.56,-89.162,3.485,-9.6839,0,0
-2.5,4.1896,7.701,-28.133,145.2,23.445,-94.448,-88.694,73.985,-86.293,-249.64,9.2939,-38.017,0,0
0,0,0,0,59.732,-113.31,-122.92,-228.9,-187.07,-0.76529,154.44,2.6728,16.746,0,0
0,0,0,0,-20.168,124.97,-136.82,-469.06,-200.73,-179.06,-97.307,8.0626,53.096,0,0
0,0,0,0,22.063,-154.12,-11.58,-227.06,-247.43,137.17,7.7482,2.389,-3.9943,0,0
0,0,0,0,-39.986,-73.932,8.1698,450.65,261.45,-178.01,-97.96,-6.4127,-29.997,0,0
0,0,0,0,6.7015,-56.628,184.55,548.05,-132.04,-213.49,-56.499,-4.7924,27.593,0,0
0,0,0,0,-22.643,148.4,89.059,317.15,17.677,166.89,-22.062,-4.2114,5.9707,0,0
0,0,0,0,-14.991,128.23,50.297,-396.96,-341.42,-126.74,4.4745,-6.9578,19.876,0,0
1.5,0.96891,1.2518,-3.0407,-39.263,-49.969,128.35,-216.15,-266.64,-43.675,-194.73,-5.2625,12.148,0,0
0,0,0,0,-41.006,-21.422,-53.29,-220.13,-4.403,50.912,241.79,-43.131,16.946,0,0
5.25,-7.9869,-0.52628,3.997,-41.011,100.91,9.7735,165.35,218.72,-198.95,-129.36,18.737,-6.2757,0,0
4.25,10.417,-17.446,-8.0066,26.641,-100.53,-138.37,140.55,250.1,-21.044,-87.39,20.543,-2.0502,0,0
0,0,0,0,55.873,-28.811,131.18,542.64,97.737,-46.348,81.58,-7.8071,-25.026,145.01,17.5
0.75,-5.567,7,-27.828,110.53,65.359,69.376,-204.12,-48.726,-72.078,-47.098,11.843,-25.065,0,0
0,0,0,0,31.003,-119.8,-51.628,335.26,373.43,275.35,288.35,82.973,18.717,0,0
0,0,0,0,-6.1397,-8.4726,74.129,129.79,221.88,231.7,-147.31,-13.811,31.358,0,0
10.75,3.2159,-20.464,29.924,54.297,-40.872,-275.96,-141.16,327.64,31.3,129.45,202.95,20.101,0,0
-2.25,-29.374,7.7942,-2.1848,-12.953,-168.68,-312.83,42.784,-46.863,-25.838,-342.47,-96.578,19.709,0,0
-6.5,9.7925,5.5215,-18.06,4.9687,-61.006,106.44,-5.8747,55.193,-76.189,3.0742,7.3675,-16.703,0,0
0,0,0,0,44.592,99.307,-141.3,-177.58,-253.57,-214.3,-68.08,50.27,-6.3056,0,0
3.25,1.0377,-17.422,-21.801,188.44,-24.124,50.497,404.6,-256.31,-332.82,28.403,78.162,15.036,0,0
4.5,5.134,-0.88221,-13.013,-56.923,372.72,-160.32,452.63,-10.956,35.305,-139.27,-14.052,3.683,0,0
24,-2.9199,-0.48686,56.534,-33.658,13.793,302.75,335.25,81.093,-101.2,-89.263,27.019,106.29,0,0
-4.25,-1.1274,-0.68958,-35.97,170.76,-0.38955,194.94,146.33,434.36,-170.82,-53.55,-86.177,40.018,0,0
3.5,8.2272,-12.056,15.442,-137.05,-84.225,104.32,-136.24,-310.51,178.88,76.846,3.1215,23.524,0,0
12,-19.99,38.713,24.696,-48.153,159,267.95,352.24,-48.891,34.043,97.885,-124.32,-6.4375,0,0
0,0,0,0,13.372,-115.41,-459.81,162.1,-104.19,185.39,-151.48,-32.687,-16.658,0,0
-24.75,-1.2027,0.72548,47.588,42.844,178.29,-76.498,-70.356,3.5345,-164.89,30.139,46.554,26.504,0,0
7,-1.9199,-3.9037,24.37,-127.47,79.185,161.48,263.84,-67.925,-240.48,-81.312,-14.428,14.029,0,0
-1,-13.399,27.147,5.0425,13.1,-226.97,-433.14,-68.504,33.378,-181,217.39,-84.16,29.248,0,0
0,0,0,0,-0.15553,-15.058,-183.61,-238.01,239.81,198.74,266.49,-67.884,14.292,0,0
-7.0037e-012,-8.8954,-8.4904,8.6279,-82.522,-150.95,-302.03,174.09,75.342,109.54,-52.326,133.26,5.1974,0,0
2.75,2.8056,-2.6716,-5.6848,-15.38,89.01,7.9237,-18.071,30.183,5.7027,63.782,-9.0173,35.253,0,0
-0.75,-11.085,-3.0998,32.076,-202.51,-170.93,97.442,-166.74,3.5949,219.86,133.49,303.4,43.597,0,0
12.75,10.922,-2.701,-46.482,14.682,-292.63,-434.96,-307.59,-203.77,-121.49,84.777,-7.2697,7.1014,0,0
-3.75,-17.588,29.35,-12.129,35.232,124.53,-196.95,-406.21,-264.45,-221.29,262.3,-108.81,-59.96,0,0
-0.75,-11.085,-3.0998,32.076,-183.58,37.229,177.89,47.737,-160.72,44.835,-250.88,-72.993,29.309,0,0
-4.25,-1.1274,-0.68958,-35.97,135.53,174.22,-30.946,122.05,235.28,-59.853,184.52,-2.726,25.708,-151.2,-0.55144
-3.3651,-3.2877,3.1462,22.566,-149.97,161.27,256.9,60.275,-230.63,-170.57,-67.421,-76.364,-74.831,-57.817,-5.7533
0,0,0,0,-60.382,62.695,-19.782,-47.412,-88.701,-222.7,-123.97,39.353,8.3436,0,0
-11.25,4.6699,-1.4851,-40.315,205.29,-190.26,-238.4,-271.39,-304.51,66.213,93.148,-10.083,38.011,0,0
17.25,14.959,-9.1992,-34.27,-13.479,-138.97,-7.8043,-235.24,16.299,-63.528,11.828,87.937,-4.692,0,0
0,0,0,0,-6.8152,-60.525,-62.708,50.144,-112.72,9.7614,71.11,-1.9486,4.0801,0,0
0,0,0,0,-12.582,97.854,1.7343,-201.66,-34.482,-158.88,-46.888,-110.38,-19.329,0,0
-4.8651,-6.7027,4.5924,23.438,58.21,124.22,-9.9904,7.8154,-185.8,-164.82,-12.961,-202.01,22.059,0,0
2.25,3.1585,-4.1388,-26.489,118.39,88.192,-227.7,-402.75,-501.97,-39.138,-84.445,-209.59,-51.919,0,0
0,0,0,0,-38.07,-31.173,79.289,-18.391,237.18,91.591,111.43,48.746,-8.7231,0,0
-4.4409e-016,-1.3323e-015,-1.5543e-015,8.8818e-015,-14.178,83.038,-44.79,-38.898,-269.52,-4.2765,-185.86,-19.274,-12.262,0,0
2.5,-4.1896,-7.701,28.133,-151.65,-22.592,-44.652,-127.34,-23.591,-26.891,-229.97,-169.29,-47.471,0,0
0,0,0,0,49.011,98.736,-122.21,8.0924,26.68,-30.226,-34.052,-17.949,2.6483,0,0
-1.5,-0.96891,-1.2518,3.0407,38.814,66.48,-59.062,-316.92,-202.49,-55.385,148.18,-47.405,49.999,0,0
3.3307e-016,-6.6613e-016,-1.5543e-015,1.3323e-015,22.005,185.57,-104.34,70.585,-103.2,94.253,-133.98,30.487,0.35705,0,0
31.137,26.386,-149.42,-11.216,-66.379,127.07,50.352,-167.61,35.761,-258.13,-104.11,-118.45,24.523,0,0
-21.201,-3.0933,8.3738,-31.479,278.29,-14.241,436,-130.16,-504.77,-163.17,-175.09,188.8,86.587,0,0
9,7.4838,-16.453,57.051,-81.171,2.0834,-14.075,-12.613,-39.975,36.025,65.235,-11.417,3.8325,0,0
16.292,-2.2802,12.616,-19.202,301.17,209.97,-244.55,-388.97,-314.08,-91.649,192.95,245.25,-28.997,0,0
6.0425,-0.38966,5.2321,-8.2881,75.537,138.76,161.21,-233.37,-138.2,-274.17,-150.95,3.465,-21.914,0,0
20.885,14.224,31.923,62.672,-25.166,273.59,-130.91,-432.3,-616.2,60.176,-38.424,101.68,-30.62,0,0
-12,8.6029,0.93477,-24.601,192.23,262.15,50.384,-284.48,-152.5,-346.22,-134.64,178.53,64.695,0,0
13.338,7.7425,-25.876,34.096,50.538,110.35,184.89,-57.561,-40.268,-217.49,-244.15,27.976,126.62,0,0
3.0834,-8.3255,125.19,-5.6226,38.658,101.61,-224.11,239.47,-130.26,10.905,-202.29,-81.52,85.276,0,0
10.833,12.692,-9.6663,38.275,93.924,71.911,38.269,-182.2,-154.38,70.761,-44.573,-194.77,-71.239,0,0
6.299,-9.405,-29.685,155.72,319.09,185.23,35.521,-401.05,-379.84,42.611,-246.51,-126.55,80.668,22.959,19.75
4.3873,-26.659,24.119,-39.309,363.69,157.77,-9.5929,96.703,-279.24,-27.092,-4.1874,-100.57,-175.81,0,0
2.5,-4.1896,-7.701,28.133,-151.14,-5.4846,-238.31,-497.8,-229.71,-160.73,-180.69,-40.46,36.449,0,0
-1.3323e-015,1.6537,-48.285,180.16,54.364,-81.161,49.392,186.22,-9.7153,-70.375,-177.96,-107.58,-4.0012,0,0
11.5,7.7631,-5.0652,-52.759,-101.48,-35.964,-253.56,-174.07,-271.46,-101.37,3.5294,-157.24,27.123,0,0
16.5,12.77,-3.8087,-10.821,-130.56,186.34,54.575,-75.379,-193.71,-148.5,-15.06,11.969,48.042,0,0
-4.25,-1.1274,-0.68958,-35.97,168.41,92.846,70.191,-244.77,-237.49,-263.37,-202.13,-7.0359,-19.908,0,0
2.75,2.8056,-2.6716,-5.6848,23.213,-240.82,336.07,-255.51,-492.76,-322.27,-2.3885,-10.657,7.5634,0,0
-1.1204e-011,-16.544,1.0623,-302.07,44.539,101.14,295.23,186.05,22.9,74.207,-40.233,74.195,12.054,0,0
0,0,0,0,7.1203,5.7915,-175.92,-488.04,54.214,230.76,284.71,12.547,21.859,0,0
-6.5,9.7925,5.5215,-18.06,-83.839,-150.98,-264.07,-187.89,-37.051,-41.837,24.236,10.234,-20.573,0,0
11,-1.6436,0.17949,4.3074,-8.3253,9.8303,441.07,-94.6,234.04,194.05,-9.517,10.929,-8.628,0,0
-12,8.6029,0.93477,-24.601,195.98,194.83,-61.895,96.831,153.72,354.31,169.24,-18.422,20.207,0,0
-12,8.6029,0.93477,-24.601,178.22,-16.9,-89.786,113.44,150.43,456.54,122.06,-113.05,-65.402,0,0
0,0,0,0,-59.075,3.9613,-92.255,-112.9,112.62,44.146,-158,12.899,-38.405,0,0
0.75,0.5359,42.895,-203.61,95.722,-34.364,137.65,-78.581,-242.14,-209.56,108.06,156.64,-44.128,90.659,-30.975
-4.5,10.176,-4.8643,-27.445,152.87,-46.443,-169.66,-173.13,153.66,129.52,-145.23,-10.633,-38.582,0,0
0,0,0,0,6.2877,64.078,90.671,137.58,-112.28,36.44,117.34,-34.301,-1.6017,0,0
0,0,0,0,29.288,-63.573,-127.47,-357.32,-29.363,172.16,97.695,-3.8215,20.658,0,0
12,-2.4803,-3.9054,16.866,-58.659,-44.052,-66.69,-89.667,-188.76,50.915,-301.88,-87.661,-25.827,0,0
0,0,0,0,3.044,99.849,-30.665,139.09,107.88,60.019,-17.6,-3.9336,10.688,0,0
-7.0037e-012,-8.8954,-8.4904,8.6279,-117.66,28.617,-88.247,-8.7316,-161.91,201.16,99.579,29.601,-8.4216,0,0
0,0,0,0,-10.132,-17.291,-83.796,-216.78,-31.651,200.52,78.942,2.7155,-27.477,0,0
-2.25,-1.9755,-3.2566,-13.476,105.43,-182.99,47.779,-237.18,-39.045,-218.51,27.24,-102.48,11.228,0,0
0,0,0,0,-1.4052,34.571,109.73,21.154,-258.74,151.77,49.7,58.441,-33.471,0,0
-2.25,12.152,-1.6077,-13.969,33.663,93.883,54.975,-1.3031,222.81,41.623,65.382,23.45,11.974,0,0
12.25,16.131,-17.288,22.898,-78.605,-231.89,-167.26,-89.749,11.628,285.56,103.61,0.3867,6.4171,0,0
11,-1.6436,0.17949,4.3074,-59.075,90.081,-157.12,-138.78,39.453,374.32,232.02,-243.69,13.114,0,0
12,-2.4803,-3.9054,16.866,-50.347,-220.65,-96.916,-679.22,82.262,100.02,273.86,95.055,-20.666,0,0
1.5,0.96891,1.2518,-3.0407,-34.759,24.677,-218.22,-264.58,-257.08,-33.598,-38.03,-145.5,35.024,0,0
2.25,-6.9199,-5.2338,22.104,-215.38,75.001,5.7503,-222,-79.561,250.68,105.39,3.6044,20.883,0,0
2.5,6.9348,-1.5753,-21.906,73.276,64.852,50.805,29.469,-20.247,134.43,114.81,-7.9599,8.6357,0,0
25.75,7.6519,58.351,35.113,-101.33,-289.77,85.648,254.82,149.29,-70.199,-373.11,-12.929,19.199,0,0
-13.75,-15.827,29.986,-35.639,-248.93,112.48,127.38,-10.694,177.01,-164.84,-93.515,-78.337,32.333,0,0
2.5,-4.1896,-7.701,28.133,-168.05,-275.36,-16.474,-468.11,-309.29,-398.05,-22.039,-95.121,40.583,0,0
-12.75,3.3087,19.493,64.534,70.212,129.89,386.69,-107.46,-10.765,50.174,-127.19,240.97,-247.27,0,0
-12,8.6029,0.93477,-24.601,138.3,-42.545,2.7187,-223.34,98.11,-66.945,-29.811,-109.85,-19.36,0,0
9,-10.887,35.175,8.4939,-154.57,-147.9,-181.59,-283.45,75.242,359.87,119.93,17.72,-5.4019,0,0
-19.75,-15.211,21.178,-41.001,-42.858,107.31,178.48,-86.258,-23.175,301.24,215.58,-162.34,-2.433,0,0
14,24.433,16.74,-6.1865,36.364,6.8087,-49.247,86.558,-120.59,-166.62,-205.44,8.6082,-8.5675,0,0
0,0,0,0,-46.617,-380.74,-19.145,177.26,118.79,-267.75,-118.96,139.16,12.919,0,0
0,0,0,0,-4.646,-57.962,130.36,16.106,-62.309,132.82,-43.961,-35.561,1.9567,0,0
0,0,0,0,18.435,228.11,-104.43,299.56,-30.796,-146.57,-235,5.9477,7.3379,0,0
0,0,0,0,29.617,138.08,96.651,-128.96,151.82,80.786,-254.74,16.802,-20.568,0,0
0,0,0,0,-23.229,147.39,-127.63,-222.68,158.3,235.13,-35.013,32.005,-8.7631,0,0
0,0,0,0,19.064,184.29,319.53,-203.3,-14.055,-340.36,-95.559,-18.177,8.9294,0,0
-7.75,-6.0442,10.819,-56.037,-85.874,-156.84,206.2,124.79,155.15,3.2078,-135.55,-95.445,-24.528,0,0
-8,6.9803,16.68,-52.094,77.279,-55.648,-174.9,-50.505,-85.2,-325.69,-9.2604,1.3974,4.924,0,0
0,0,0,0,32.832,-207.91,121.11,175.72,8.3812,-12.171,-22.733,-16.78,10.777,0,0
0,0,0,0,7.0664,-426,-294.65,-36.802,10.957,185.99,353.88,262.67,249.93,0,0
-19.632,-45.627,14.845,-130.69,139.97,171.66,172.63,241.48,-212.54,-192.23,-115.61,-163.73,-86.107,-26.747,17.75
-33.75,-10.778,-50.003,45.889,61.754,36.08,226.91,-84.55,-400.84,10.205,11.763,-34.819,146.71,0,0
-5.25,7.9869,0.52628,-3.997,21.135,-55.349,207.55,-7.5576,-291.31,559.74,223.51,189.51,-82.771,0,0
12.592,6.7171,-16.184,46.462,-272.44,-240.46,-427.01,-235.86,279.49,-199.23,-130.52,-123.24,15.04,0,0
-0.75,-11.085,-3.0998,32.076,-175.67,-4.4226,-352.5,259.63,-114.62,-156.21,-176.43,146.1,13.641,0,0
2.25,-6.9199,-5.2338,22.104,-95.081,-11.725,-21.92,234.65,-131.89,-323.25,-94.618,52.602,30.059,0,0
18.408,10.363,-11.884,-7.5791,-135.68,-145.83,-274.48,-39.598,5.1342,-265.47,-170.82,-297.61,-38.732,122.06,-29.5
-0.75,30.577,-16.359,17.064,120.6,-93.984,-63.005,-259.84,138.01,103.98,341.75,119.48,51.097,0,0
-1.75,-6.6208,-11.752,-2.4103,25.296,-35.996,76.72,-340.94,51.292,278.61,-19.646,11.276,21.213,0,0
6.5,-10.093,1.929,150.12,27.405,-94.323,100.68,-70.451,141.61,88.601,211.06,160.05,8.3971,0,0
4.75,-15.196,3.634,26.189,201.58,3.9019,124.16,65.629,162.84,-148.31,59.875,-97.974,-42.966,-90.47,-12.25
0.32596,-3.02,2.2001,25.116,-149.48,-133.28,190.87,-47.785,42.723,219.97,195.67,155.77,99.527,19.472,-5
-6.75,-11.435,6.9085,-24.69,82.606,-21.665,28.461,-94.187,119.39,-70.597,343.64,-130.06,-124.83,0,0
0,0,0,0,-49.955,-43.633,0.4617,60.016,91.468,255.32,71.159,86.82,-2.9432,0,0
-16.25,-21.951,-4.8989,-55.63,33.324,468.41,365.8,293.16,-228.49,-34.704,-87.046,-153.97,172.96,0,0
0,0,0,0,8.2925,38.655,-245.4,-112.31,-125.66,3.8832,160.11,70.688,-10.739,0,0
6.2868,2.3615,2.395,6.6594,-93.993,-353.34,-12.945,129.38,-60.427,185.69,45.575,-25.787,-61.525,0,0
0,0,0,0,61.957,-52.513,-182.96,-119.91,-24.19,-103.4,182.14,-10.01,15.214,0,0
1.75,6.6208,11.752,2.4103,12.561,135.14,-42.464,202.89,-401.95,-98.109,-190.1,51.439,5.6058,0,0
0,0,0,0,14.619,-118.96,188.54,208.13,65.444,342.56,79.781,-23.034,20.453,0,0
-14,-17.941,-0.5867,62.733,-178.8,178.76,-106.77,-136.01,-397.51,-102.68,32.218,-3.9396,3.3448,0,0
0,0,0,0,51.036,-86.771,102.24,-58.908,-87.229,-85.989,7.0389,-6.0962,20.446,0,0
-11.25,4.6699,-1.4851,-40.315,189.58,-40.888,-41.263,203.17,-116.91,-219.35,154.18,33.586,-20.475,0,0
0,0,0,0,19.78,-148.71,61.674,118.93,70.986,98.041,-226.39,256,22.354,0,0
0,0,0,0,-2.992,-213.85,-170.44,-34.579,-169.97,-115.51,26.89,-5.5036,-18.107,0,0
4.25,1.1274,0.68958,35.97,-109.97,-88.701,-265.99,-227.67,-167.65,-124.03,12.762,-6.5634,1.6205,0,0
0,0,0,0,5.8825,35.025,-94.542,-318.53,-214.47,-112.55,88.095,167.34,14.679,0,0
0,0,0,0,31.913,-155.81,-84.369,72.692,196.21,301.56,-20.946,-2.3441,20.647,0,0
0,0,0,0,1.8012,45.746,22.804,30.02,84.375,53.647,-71.653,10.186,-3.625,0,0
0,0,0,0,25.84,-105.93,27.297,-23.239,-225.81,-31.418,-4.3971,6.7778,1.1283,0,0
0,0,0,0,9.9064,25.634,-268.01,-13.416,52.417,-145.14,-102.38,-5.1369,4.895,0,0
17.5,12.861,-52.771,-72.811,47.387,131.7,472.78,437.54,334.15,-233.3,-94.487,148.01,7.3534,0,0
0,0,0,0,-10.714,-84.461,52.244,-126.45,-81.446,-4.0577,-173.46,-3.5311,-17.379,0,0
0,0,0,0,47.746,96.452,135.81,416.24,366.86,-51.983,-152.97,39.923,-13.422,0,0
0,0,0,0,-1.4641,15.901,-105.2,-281.61,17.783,-9.5946,-37.116,-25.491,32.304,0,0
0,0,0,0,24.559,242.65,-500.1,-284.64,-229.13,-1.4511,-138.04,9.3389,-47.727,0,0
0,0,0,0,-13.052,15.529,-145.77,-189.9,-138.23,-61.182,236.27,96.634,0.27452,0,0
0,0,0,0,-23.248,125.19,-50.245,-92.543,150.39,-272,149.49,-3.3172,28.523,0,0
0,0,0,0,-38.803,-47.228,173.63,167.99,27.064,112.92,-166.93,0.7222,-12.116,0,0
0,0,0,0,-54.029,64.323,129.44,-22.659,37.955,219.62,65.487,-26.775,10.675,0,0
0,0,0,0,13.301,-52.852,-166.82,-140.47,198.8,175.66,93.376,4.6546,-17.54,0,0
0,0,0,0,-21.641,-226.95,-162.99,-180.11,221.3,166.21,252.71,65.588,-0.21891,0,0
10.75,3.2159,-20.464,29.924,116.99,-101.39,376.5,7.727,-242.68,18.277,150.07,56.742,-219.63,0,0
0,0,0,0,-16.087,214.49,-174.17,82.314,-67.542,-111.26,30.495,-41.034,32.992,0,0
0,0,0,0,6.537,-4.3981,66.604,169.25,154.29,35.304,-154.05,-6.7276,-1.797,0,0
0,0,0,0,9.0224,-53.463,151.45,-171.9,-14.53,-122.79,-165.27,34.708,3.0332,0,0
0,0,0,0,5.9548,-23.778,-350.96,-90.52,-14.38,-251.48,-85.788,-20.553,22.363,0,0
0,0,0,0,32.464,104.58,215.66,263.11,-198.7,-34.941,-146.58,19.118,-4.7856,0,0
0,0,0,0,-8.3703,-218.81,-357.44,-281.54,-23.027,-52.263,-185.66,-235.57,18.483,0,0
0,0,0,0,64.89,-11.186,-131.56,99.618,-117.18,-184.83,-194.67,-100.64,-56.807,0,0
-2.25,-1.9755,-3.2566,-13.476,108.59,-138.05,-173.17,-26.817,247.74,-191.9,-227.47,-18.345,7.2162,0,0
0,0,0,0,34.67,133.28,-276.31,-76.431,-120.87,289.68,81.432,-144.84,34.98,0,0
0,0,0,0,32.317,-161.15,-327.27,-330.49,125.16,118.41,-132.13,73.232,8.3256,0,0
19.5,16.935,-5.9426,-20.794,-122.83,30.865,98.369,-25.712,267.81,-106.8,-83.075,23.331,-16.246,0,0
0,0,0,0,11.785,-82.405,133.77,-133.68,27.341,-278.47,-127.9,-64.357,-5.395,0,0
4,5.6178,-23.6,69.964,-97.174,142.86,178.2,-276.32,287.64,-27.7,152.53,18.09,18.779,0,0
0,0,0,0,-44.451,-127.96,-91.202,-196.47,125.33,80.081,-78.754,4.1687,8.0209,0,0
-5.5,-4.0687,14.075,-42.561,-196.13,63.873,-12.578,-34.351,-225.09,-78.008,-60.013,5.1675,15.282,0,0
7.25,11.606,-21.234,-17.002,82.643,-98.821,-252.37,-138.34,16.076,196.78,146.97,117.86,20.233,0,0
-20,-21.815,-45.651,65.239,-73.538,-290.79,-242.82,-333.86,299.59,281.01,141.43,210.01,-94.677,0,0
0,0,0,0,26.061,-109.83,-90.555,-26.78,-246.74,108.09,213.25,-97.888,24.7,0,0
12.5,12.431,27.218,9.659,-102.81,-159.76,-284.98,-314.07,-144.64,-52.76,-149.51,-50.714,-9.3514,0,0
21.75,2.4527,3.9838,16.244,59.855,-204.73,-123.67,-351.34,-1.521,-349.94,157.25,65.409,13.666,0,0
24,-2.9199,-0.48686,56.534,-28.03,-82.24,280.77,-451.22,-236.02,-9.5181,-254.96,-85.905,0.018829,0,0
-3.25,-0.40192,-8.7141,-57.109,31.73,30.725,297.23,-78.367,23.827,23.737,23.445,101.1,-27.185,0,0
0,0,0,0,19.687,-211.89,-485.82,200.76,-58.702,-91.006,-190.11,-9.8253,9.6671,0,0
16.25,-28.324,182.3,-47.854,-32.499,-289.02,-70.33,-344.77,188.11,305.99,145.88,18.673,-17.964,0,0
21.5,5.4103,-10.31,0.6816,155.05,-78.414,-340.53,-354.94,-284.96,-30.695,-81.564,1.6241,9.1794,0,0
-4.5,10.176,-4.8643,-27.445,157.8,-376.83,-58.183,-146.37,-173.46,-255.1,-190.47,19.55,18.159,0,0
11.5,7.7631,-5.0652,-52.759,-121.39,155.1,514.66,-226.41,-507.53,-29.102,-2.6762,263.32,12.179,0,0
1.5,0.96891,1.2518,-3.0407,-30.938,-44.803,-181.39,269.14,8.3744,305.13,67.337,5.7605,19.26,0,0
1.8284,2.8729,-6.1305,-4.4967,-202.06,365.39,17.408,-91.07,301.01,66.233,92.683,7.3634,9.0945,0,0
-2.5,4.1896,7.701,-28.133,104.46,-121.22,255.87,101.73,17.645,90.136,114.64,-13.471,17.951,0,0
0,0,0,0,-8.4745,46.966,29.063,83.053,-42.746,-120.7,15.827,-14.099,-5.9208,0,0
0,0,0,0,3.0982,65.068,101.62,-57.424,49.227,-39.096,-12.492,-7.1292,0.27901,0,0
-3,9.3546,-21.067,13.892,282.3,-101.3,-494.66,186.01,-139.78,-13.584,-2.6768,-22.99,3.5825,0,0
-15.5,-12.673,12.136,-41.252,141.72,215.43,338.02,118.83,-162.17,200.9,-51.009,-22.23,37.856,0,0
0,0,0,0,3.6974,-41.123,-184.06,-130.32,300.63,-32.293,-1.6582,12.541,-17.533,0,0
0,0,0,0,56.088,-62.142,-51.91,-469.9,90.126,205.89,113.89,-11.048,-18.747,0,0
-8.8818e-016,-1.3323e-015,2.2204e-016,5.3291e-015,33.26,129.95,-126.09,100.04,168.42,161.6,22.476,16.091,-5.145,0,0
0,0,0,0,36.589,-241.48,-41.466,138.5,-2.6332,275.68,51.89,-86.971,4.0891,0,0
2.75,2.8056,-2.6716,-5.6848,39.358,-11.02,293.92,-80.715,-11.921,-176.43,20.849,-122.02,40.98,0,0
0,0,0,0,72.107,-119.88,-112.98,-119.63,-73.293,289.68,81.432,-144.84,34.98,0,0
0,0,0,0,28.914,-157.29,98.046,-88.109,74.427,91.283,15.259,-116.32,31.86,0,0
0,0,0,0,1.4055,-13.602,-28.063,-177.29,-5.357,199.56,-7.7687,35.082,2.0915,0,0
0,0,0,0,29.073,-107.91,-127.27,31.098,118.02,-19.077,-183.06,37.202,12.885,0,0
-3.5,-8.2272,12.056,-15.442,85.949,-130.47,439.3,267.66,125.94,99.816,-230.03,81.851,-4.6271,0,0
0,0,0,0,1.3568,326.63,290.76,91.427,14.095,-296.44,-169.2,19.97,-53.89,0,0
0,0,0,0,-23.411,171.86,-106.09,-251.35,235.51,92.432,363.54,237.63,5.3983,0,0
-10.75,-16.129,0.52452,-22.754,116.06,-308.57,-83.178,48.407,-226.76,-108.04,-43.047,-156.32,6.6761,0,0
0,0,0,0,-37.435,-439.61,-169.62,-300.62,478.49,81.428,457.04,65.827,2.9049,0,0
-8.2018,14.267,-28.034,-11.586,-101.53,74.399,-30.413,184.37,433.79,-71.321,-88.453,69.173,-20.26,-92.102,-14.146
0,0,0,0,15.576,235.42,-409.06,-400.27,-95.633,-80.337,23.179,-19.823,10.996,0,0
0,0,0,0,-58.797,-11.521,-61.973,20.941,406.76,185.23,86.955,117.68,3.4587,0,0
0,0,0,0,-7.2135,-17.594,-19.972,-91.304,79.633,274.96,75.14,17.914,30.628,0,0
0,0,0,0,2.4381,43.548,-160.65,-412.82,137.1,-75.045,23.793,2.0197,-20.993,0,0
0,0,0,0,66.961,-32.109,45.972,245.74,-108.36,20.848,-173.61,14.726,-5.7978,0,0
11.25,-4.6699,1.4851,40.315,-198.38,132.82,55.746,275.71,143.94,213.95,-221.89,-18.898,7.4865,0,0
11,-1.6436,0.17949,4.3074,-65.88,30.782,10.77,-175.04,44.239,54.287,32.899,100.39,-37.527,0,0
0,0,0,0,-8.0374,0.20965,-336.46,147.44,124.41,257.26,4.4857,-8.3783,15.742,0,0
0,0,0,0,47.928,-259.53,-189.91,65.54,-42.359,165.88,100.12,38.366,-10.062,0,0
0,0,0,0,62.932,-68.648,-263.77,-128.54,-24.286,192.23,-165.63,-58.4,15.906,0,0
0,0,0,0,-4.5867,41.139,-187.88,-127.91,18.944,50.252,6.9345,9.0506,36.396,0,0
-7.0037e-012,-8.8954,-8.4904,8.6279,-36.834,-159.75,-116.72,561.99,-315.55,145.17,-6.2174,7.565,69.418,0,0
2.25,-6.9199,-5.2338,22.104,-145.62,110.67,-17.041,-188.12,71.008,-182.28,-20.897,16.19,16.365,0,0
-17,-12.175,36.863,-57.69,-11.998,-14.955,107.39,186.28,-84.137,-100.95,48.438,-27.291,-40.349,0,0
0,0,0,0,-8.3284,51.575,-125.22,46.786,236.15,201.57,92.149,-1.0861,-9.3224,0,0
-2.25,-1.9755,-3.2566,-13.476,79.049,97.425,157.23,-172.36,114.59,310.26,55.484,-151.01,20.749,0,0
0,0,0,0,2.9217,111.87,-163.71,-18.312,16.09,-270.7,-81.789,18.711,-24.49,0,0
0,0,0,0,13.322,-18.874,60.968,16.963,-192.45,-202.78,-85.443,4.2222,16.795,0,0
0,0,0,0,16.528,-160.84,-218.4,-412.57,-3.5101,-10.095,-71.067,18.411,3.7889,0,0
11.25,-4.6699,1.4851,40.315,-183.34,-22.107,198.11,37.777,151.8,93.351,134.79,64.365,7.9515,0,0
0,0,0,0,-15.768,-192.42,192.15,371.64,-137.28,65.962,36.838,-11.932,-33.697,0,0
-4.25,-1.1274,-0.68958,-35.97,151.97,110.19,304.5,90.458,125.66,-169.74,-194.98,-16.873,-4.5458,0,0
0,0,0,0,-22.714,155.92,-76.249,128.61,-91.976,-75.69,64.969,-3.2381,10.546,0,0
0,0,0,0,-46.911,-45.02,38.534,121.27,31.237,-48.479,-301.67,30.502,-14.218,0,0
0,0,0,0,40.706,40.01,372.3,12.772,107.51,-63.611,51.761,36.567,43.993,0,0
0,0,0,0,1.5033,63.537,-76.302,-194.35,-161.36,0.30988,89.665,18.014,-2.2377,0,0
0,0,0,0,23.829,-124.7,8.6093,-134.08,63.56,234.89,69.586,-37.632,-2.5969,0,0
-14.75,2.0538,0.95929,-27.941,133.55,-2.7586,-111.33,-285.79,-171.89,-159.64,-51.515,-7.119,6.5601,0,0
0,0,0,0,-1.8594,91.107,-88.321,-123.47,-91.359,106.32,-79.812,1.4091,-30.934,0,0
0,0,0,0,-25.558,217.2,-15.739,-156.43,268.89,-114,99.872,-12.16,37.472,0,0
0,0,0,0,70.699,-92.556,201.63,231.69,1.945,27.94,11.742,5.465,-18.431,0,0
0,0,0,0,12.026,-201.25,83.334,152.59,276.83,77.888,-80.306,-346.51,-63.9,0,0
2.5,-4.1896,-7.701,28.133,-210.44,147.07,-89.605,-52.697,-116.86,29.493,186,-50.005,-92.454,0,0
1.076,-0.83045,-3.1905,1.6675,31.471,-171.04,-53.543,-48.61,5.2751,188.72,41.349,-24.744,27.108,0,0
0,0,0,0,17.746,-137.53,-265.24,-7.1925,-56.55,153.28,175.31,-18.625,18.027,0,0
16.75,-1.8397,-5.6375,-48.085,111.3,-151.6,-305.87,-338.75,-320.82,-165.29,66.749,227.41,17.612,0,0
-0.75,-11.085,-3.0998,32.076,-148.73,-111.76,135.37,-147.64,223.05,-9.5785,-151.96,-23.731,-27.215,0,0
0,0,0,0,53.094,-1.6496,-366.92,14.039,81.658,-16.946,-31.994,11.46,-6.6716,0,0
-10.674,8.7203,-24.614,-25.814,-71.135,-118.69,-112.39,157.66,13.549,156.04,193.67,-90.981,25.03,0,0
0,0,0,0,61.839,36.207,-79.107,162.16,-43.025,125.31,-5.6293,-28.149,3.6483,0,0
-12,8.6029,0.93477,-24.601,204.87,-176.46,-433.1,-159.15,-33.744,385.07,305.79,-79.714,-76.362,0,0
4.25,1.1274,0.68958,35.97,-176.16,21.439,104.57,-156.03,111.34,85.301,94.31,-38.22,26.278,0,0
-16.75,1.8397,5.6375,48.085,-71.825,179.47,18.472,-292.38,-187.42,-143.09,-9.1726,-35.925,47.39,0,0
12,-2.4803,-3.9054,16.866,-42.628,-70.855,176.01,-146.87,-34.897,207.12,-54.316,58.108,32.053,0,0
0,0,0,0,35.45,101.56,-181.83,13.524,282.89,164.6,-72.843,22.621,0.4351,0,0
18.25,-0.13397,5.5801,33.927,133.55,93.644,-15.058,-231.38,215.63,-33.322,185.41,70.043,-10.753,0,0
0,0,0,0,20.31,-121.83,222.9,-109.53,19.082,251.18,18.591,-77.226,27.193,0,0
17,17.477,-6.8822,-58.119,-110.38,-9.7565,-82.373,254.44,-9.8151,269.54,-88.231,11.091,-1.596,0,0
7.5,-20.16,5.1865,6.1068,62.799,-123.94,-195.86,26.335,271.14,176.89,68.258,-171.81,-6.2063,0,0
14.25,-0.50481,-0.64887,30.342,-156.41,182.31,134.27,-123.77,5.5506,-121.07,68.728,361.55,126.75,0,0
21.75,2.4527,3.9838,16.244,102.24,-213.94,42.111,-181.71,-7.3146,-41.713,67.2,31.358,8.7664,0,0
4.5,-12.172,-9.8104,17.832,207.76,211.03,71.399,-174.08,259.33,-12.018,-4.3838,-122.37,112.79,0,0
0,0,0,0,-28.65,191.51,49.057,-70.349,-11.354,-12.625,-86.83,55.607,-20.531,0,0
-28.25,-19.152,41.832,-66.103,41.364,163.07,158.85,-93.976,344.79,241.02,239.54,-221.79,30.633,0,0
-12,8.6029,0.93477,-24.601,143.95,6.4316,-220.14,20.541,-67.296,184.95,147.15,21.979,17.493,0,0
0,0,0,0,-5.7195,-55.204,92.275,-143.93,-38.281,-210.34,-160.25,-26.969,31.535,0,0
0,0,0,0,-4.9396,50.615,89.611,-180.9,-272.79,34.636,102.55,-5.5413,-2.1328,0,0
-12,8.6029,0.93477,-24.601,163.42,-14.585,-37.556,-490.13,-174.17,66.372,-59.939,6.9784,-23.061,0,0
11.25,2.0736,0.86603,4.9462,-31.362,207.79,-60.569,-11.68,-248.43,219.52,-69.437,-16.563,3.866,0,0
0,0,0,0,48.954,-115.73,13.484,186.3,15.777,-189.25,119.14,155.21,-14.986,0,0
2.75,2.8056,-2.6716,-5.6848,-42.377,133.84,-72.677,-152.94,-67.3,57.909,111.91,30.092,20.645,0,0
12.25,6.6309,-21.91,29.053,-148.87,-264.64,-33.55,-34.677,-50.781,-13.376,-71.568,-20.794,-6.1696,0,0
0,0,0,0,-1.8615,51.576,109.03,-422.31,-373.82,-225.49,-120.23,71.993,-6.9327,0,0
-7.5,-16.642,29.654,37.512,100.99,3.2735,-113.47,-349.37,-98.894,-14.102,-171.24,-66.618,11.509,0,0
-16.75,1.8397,5.6375,48.085,-158.52,10.549,-104.72,29.021,-171.65,-50.117,130.89,153.9,-6.2811,0,0
0,0,0,0,12.732,-25.762,20.321,-318.74,-60.637,33.301,70.501,12.008,-22.651,0,0
0,0,0,0,4.5102,25.546,-77.799,215.16,121.48,169.58,-30.621,1.245,5.2664,0,0
9.75,6.7566,-0.56699,-36.509,-40.981,133.25,-271.31,-241.71,58.705,-4.0169,-235.97,-211.86,3.5568,0,0
0,0,0,0,25.737,-201.16,-136.77,-376.58,220.1,128.86,84.243,-14.319,-5.5356,0,0
0,0,0,0,45.919,119.05,-237.77,-56.679,-11.893,63.727,-18.155,8.1968,30.269,0,0
0,0,0,0,-62.48,147.34,-34.178,138.86,64.251,-15.656,25.295,-3.7345,-2.3538,0,0
0,0,0,0,21.058,-106.06,183.44,-108.61,38.637,101.43,-304.62,-9.2731,-9.0308,0,0
0,0,0,0,-10.028,120.67,167.24,211.55,287.04,-84.956,-0.13254,-18.717,5.0936,0,0
-0.75,-11.085,-3.0998,32.076,-159.31,-90.096,-87.949,-281.26,13.864,-81.437,35.611,-60.576,-13.105,0,0
0,0,0,0,17.372,-94.543,76.382,-135.27,160.6,-37.504,6.2462,14.563,-18.628,0,0
-28.75,-18.525,8.3617,-196.65,62.623,-183.63,-359.34,-230.09,-307.22,-238.46,-168.73,-240.44,126.27,0,0
3.5,8.2272,-12.056,15.442,-93.993,19.613,-99.075,-393.86,-281.82,-172.73,-188.52,113.18,-52.581,0,0
0,0,0,0,17.361,-96.855,-399.19,-286.18,156.41,45.176,206.75,-17.651,-22.301,0,0
14.5,-7.7745,1.8332,-7.4891,148.6,-13.073,-98.234,-388.82,-205.07,-139.82,-140.35,-75.817,9.4028,0,0
-4.25,-1.1274,-0.68958,-35.97,204.58,126.31,-248.71,61.241,135.79,109.18,189.8,44.899,-24.353,0,0
10,-0.83975,-14.288,-14.982,-200.23,174.93,77.913,35.844,126.15,247.78,104.33,-27.672,-14.266,5.4462,5.5
-27.174,-29.863,0.53678,-51.925,-150.45,-205.53,-171.18,114.66,120.1,189.1,334.95,39.793,70.593,0,0
-15.5,-3.3074,23.497,4.937,-182.17,-303.4,-399.39,-326.31,-170.22,-41.374,238.95,55.051,17.221,0,0
0,0,0,0,16.035,-212.79,-154.63,-33.475,37.563,119.25,-11.853,23.3,8.1749,0,0
-2.2204e-015,-5.5511e-016,-2.8866e-015,-2.6645e-015,-30.305,137.49,318.15,-129.66,-9.8766,-31.709,93.096,-34.531,18.324,0,0
-25.25,-7.6178,-46.21,-36.346,-109.39,-314.39,-28.892,-171.88,-405.79,173.18,-228.78,94.057,-7.6516,0,0
11.25,-4.6699,1.4851,40.315,-174.73,39.807,92.954,-15.603,210.57,-147.13,-172.34,-203.23,-104.8,0,0
1.5,0.96891,1.2518,-3.0407,-64.485,198.17,-144.91,-264.71,-34.651,125.68,76.599,-38.995,-86.236,0,0
-4.5,10.176,-4.8643,-27.445,140.93,-71.918,-152.51,118.94,-122.83,309.23,98.759,285.52,72.918,0,0
11.5,12.158,4.0377,1.433,-43.183,-109.98,-407.71,-538.18,-123.28,-209.4,363.62,106.62,25.075,0,0
-12,8.6029,0.93477,-24.601,125,-20.215,50.761,384.8,247.17,309.07,-98.569,-48.792,53.843,-77.828,-10.75
-16.75,1.8397,5.6375,48.085,-135.67,-20.03,217.53,418.68,-85.487,-280.84,-97.456,-248.1,121.86,0,0
13.5,15.021,-21.989,-14.881,7.4236,98.628,151.6,-126.2,-15.759,-214.14,188.98,-115.12,-160.15,0,0
0,0,0,0,51.57,-89.179,-287.55,-531.79,370.34,-70.855,235.2,50.526,24.217,0,0
11.25,-4.6699,1.4851,40.315,-166.6,12.872,21.166,186.79,106.45,-131.13,-124.59,-120.13,29.19,0,0
0,0,0,0,0.56611,38.527,63.037,95.624,297.32,276.46,-62.154,39.166,0.73862,0,0
33.5,18.504,-27.578,121.7,-35.892,75.639,16.221,-399.77,-167.95,177.11,293.9,192.7,289.71,90.47,12.25
-4.451,-10.896,-16.237,161.84,-126.52,-60.454,-7.0281,62.201,-382.64,-87.468,42.269,233.27,33.141,0,0
-8.75,-10.582,15.27,-67.126,15.937,173,28.383,-480.67,-2.3843,310.24,-63.934,119.01,8.6405,0,0
3.75,10.897,1.884,-10.404,110.96,-154.18,-381.16,295.81,117.41,-258.95,-60.915,-94.298,-8.9964,0,0
22.75,6.3122,-17.048,175.8,-177.49,20.366,-231.98,-309.48,81.782,-48.315,74.526,66.648,22.556,0,0
13,8.8205,-27.301,5.6046,-8.798,168.7,189.12,31.128,-295.8,110.64,-187.37,-145.06,100.24,0,0
-24.5,-19.623,-79.654,42.681,-195.08,-57.373,62.549,252.58,-55.016,344.41,185.36,128.08,-137.88,0,0
0.75,11.289,-32.557,2.2189,54.13,-63.066,-103.54,-506.95,-75.829,134.95,376.71,-109.67,92.321,0,0
-7.25,17.98,16.428,-17.868,156.14,166.59,-41.251,-402.17,9.902,-16.626,39.367,197,6.1148,0,0
-9.5,-15.654,15.993,24.217,214.4,-303.85,-111.68,257.3,273.53,-110.04,-274.07,-57.168,-33.611,0,0
-17.396,11.587,2.2626,-23.09,229.34,55.946,364.55,615.71,-153.92,-176.23,-251.58,-102.8,-21.513,0,0
22.75,9.4707,-59.648,12.249,111.55,182.2,199.47,-239.72,-193.76,33.764,-185.72,143.87,16.548,0,0
1,-15.518,13.399,-177.53,-87.255,-303.17,-324.72,-135.11,-138.03,39.725,87.219,-11.72,-146.94,0,0
0.25,-10.44,17.289,-2.7854,-177.89,-70.223,104.14,191.87,10.574,337.84,310.63,-158.89,-13.41,0,0
3.1349,1.317,-0.60377,55.161,-52.868,-11.57,-58.148,161.09,-257.69,-122.14,-67.308,-120.38,-96.158,0,0
14.5,-2.8301,32.651,-131.89,32.437,-307.08,-121.74,-213.31,-395.61,-162.39,-18.042,-17.213,14.713,0,0
-8.8818e-016,-6.6613e-016,-2.2204e-016,-7.9936e-015,20.865,-103.55,-129.62,156.81,10.449,75.64,-187.83,71.337,-36.236,0,0
-2,-4.7925,-12.94,30.442,-134.33,-9.0094,270.27,100.72,-21.234,-53.641,57.596,21.128,13.871,0,0
0,0,0,0,10.662,-14.613,-86.981,152.76,-16.21,-86.842,151.21,-0.0096189,-18.064,0,0
0,0,0,0,2.8622,34.481,-92.089,-81.124,-251.85,194.28,-153.79,-43.672,32.673,0,0
17.25,11.972,-18.99,-6.0333,120.86,16.102,140.25,197.72,166.7,152.95,93.095,-9.499,18.079,0,0
0,0,0,0,42.853,120.54,156.44,441.75,110.14,-132.26,7.142,-18.987,3.2096,0,0
-11.615,-7.1865,27.57,-42.21,-78.553,174.05,-71.824,-48.181,-67.292,-25.324,-227.23,-57.832,7.3603,0,0
-7.0037e-012,-8.8954,-8.4904,8.6279,-60.138,-23.726,287.28,288.33,-312.37,-62.729,167.65,24.918,-13.217,0,0
11.25,2.0736,0.86603,4.9462,-4.7301,-156.48,151.08,67.059,83.897,-74.841,-241.53,4.6297,-18.668,0,0
-22.25,-16.304,24.589,192.72,36.385,-101.25,-290.74,-202.79,-416.11,-143.19,-183.54,40.478,-16.261,0,0
0,0,0,0,-0.036692,27.889,-206.13,-397.95,151.79,146.29,-174.04,-14.852,16.275,0,0
0,0,0,0,-30.757,185.15,-119.83,86.899,80.609,52.386,-5.0898,-47.236,48.919,0,0
-2.25,12.152,-1.6077,-13.969,75.891,94.331,137.33,454.39,292.52,27.492,-145.79,57.234,-1.3424,0,0
12.25,6.6309,-21.91,29.053,-133.24,264.83,278.32,286.23,-100.54,-199.3,105.95,-39.369,-14.697,0,0
11.25,-4.6699,1.4851,40.315,-173.57,101.48,-105.68,17.175,-9.9518,92.782,-71.035,-23.049,-27.635,0,0
21.75,5.1244,-9.1896,-44.741,-22.019,9.6173,67.592,465.6,319,-223.65,-182.71,-333.94,15.042,0,0
0,0,0,0,-6.5616,-53.603,-67.566,-139.08,114.32,38.29,-66.837,-4.1312,21.265,0,0
-6.5,9.7925,5.5215,-18.06,-112.5,63.152,116.85,-297.23,67.616,91.793,54.17,-113.2,47.388,0,0
16.5,12.77,-3.8087,-10.821,-172.14,208.07,-211.9,289.21,-157.08,116.83,-210.88,42.665,12.453,0,0
9.75,6.7566,-0.56699,-36.509,12.871,-197.59,-150.92,-160.04,118.05,170.53,500.62,93.904,-14.019,0,0
-12,8.6029,0.93477,-24.601,139.98,-41.884,92.986,54.088,101,-198.93,46.71,92.413,-16.115,0,0
0,0,0,0,34.928,173.59,-280.55,-227.26,49.012,282.14,-183.32,8.9177,-35.102,0,0
-1.75,-6.6208,-11.752,-2.4103,26.943,-7.5028,-319.68,-70.183,-29.528,-18.825,-107.17,-23.608,27.62,0,0
-4.5,10.176,-4.8643,-27.445,122.91,155.23,-101.7,220.32,-179.42,-38.546,-70.412,-60.627,23.983,0,0
2.75,2.8056,-2.6716,-5.6848,23.96,-49.588,-43.912,-189.47,21.455,-94.637,7.9883,-7.7802,-30.223,0,0
0,0,0,0,4.4941,73.491,-360.46,-181.53,235.39,-169.75,48.19,7.828,4.0981,0,0
3.5,8.2272,-12.056,15.442,-128.3,52.47,105.02,-10.22,-210.35,30.538,-95.411,62.108,-48.988,0,0
-10,-3.4348,14.062,-10.115,-244.39,233.87,64.901,-91.695,107.37,-74.532,-49.093,-86.155,15.589,0,0
-12,8.6029,0.93477,-24.601,120.57,91.291,37.296,279.8,-183.13,-39.048,96.146,-18.506,29.254,0,0
0,0,0,0,-42.173,-19.505,-88.669,331.58,-144.29,254.38,-0.79129,-101.39,21.06,0,0
11.25,2.0736,0.86603,4.9462,-10.915,-83.617,114.17,82.308,-33.815,-154.57,-56.493,9.8648,10.061,0,0
12,-8.6029,-0.93477,24.601,-158.79,-192.7,-119.4,-464.04,-34.53,278.48,-16.765,-69.407,59.141,0,0
0,0,0,0,-43.555,-62.807,251.3,10.797,-228.49,173.13,-211.93,-10.618,3.8248,0,0
-4.25,-1.1274,-0.68958,-35.97,102.92,11.236,209.03,126.68,13.541,259.26,86.946,27.376,-11.728,0,0
11.25,-4.6699,1.4851,40.315,-228.08,-126.91,181.72,-140.56,-266.29,66.178,110.33,38.461,-3.2655,0,0
0,0,0,0,-0.41506,41.919,-279.49,-486.72,42.285,302.19,-58.54,-113.51,24.505,0,0
0,0,0,0,52.768,-129.24,-180.58,-154.61,253.71,85.253,116.06,23.735,-11.235,0,0
0,0,0,0,-0.70994,-70.182,-379.8,-250.19,30.773,154.43,80.274,28.264,10.626,0,0
0,0,0,0,-4.0571,-5.2476,-38.241,-81.511,38.514,2.1734,65.165,5.413,5.5278,0,0
0,0,0,0,-2.0676,-48.024,-159.79,151.26,194.33,146.39,273.7,7.9755,-17.46,0,0
16.5,9.7828,-13.6,17.415,-1.2892,-134.5,-58.303,-391.86,-237.68,-93.258,-20.381,-245.15,-91.092,0,0
0,0,0,0,6.4151,-7.4784,-33.238,-157.44,31.013,-287.1,-147.11,-56.258,19.588,0,0
-2.25,12.152,-1.6077,-13.969,45.488,-223.53,16.839,-68.33,215.18,-74.199,130.22,15.233,-4.8693,0,0
18.25,6.0215,-1.4054,-14.228,140.34,293.83,-22.784,9.5768,10.591,278.66,313.15,-132.28,-66.947,0,0
0,0,0,0,11.425,-52.464,-72.579,175.23,255.1,240.21,78.693,-11.54,195.13,0,0
-4.5,10.176,-4.8643,-27.445,135.56,98.767,364.39,-299.63,-92.588,-520.37,-40.033,189.82,-66.196,0,0
0,0,0,0,-40.233,-127.34,-97.038,-280.98,50.013,217.62,352.39,213.15,30.142,0,0
0,0,0,0,-42.192,-47.534,-342.55,-90.464,40.332,94.76,247.72,5.0892,22.072,0,0
2.5,-0.9282,19.984,32.292,95.915,-228.31,-348.5,79.291,-392.57,-254.47,9.5176,23.376,100.62,0,0
0,0,0,0,16.706,281.5,-92.591,55.874,-119.41,-132.15,160.81,13.385,13.556,0,0
11,-1.6436,0.17949,4.3074,-33.374,181.83,-72.979,269.9,10.931,82.176,291.05,29.895,-70.242,0,0
-4.5,1.6962,-12.172,16.667,-109.97,139.01,-140.59,271.89,378.88,-27.085,435.3,31.663,-41.667,0,0
14.25,-10.703,9.3923,29.128,89.857,-259.72,-276.11,42.695,44.132,-295.13,77.012,-51.277,19.96,0,0
-14.75,-1.1178,18.106,-18.511,-41.714,28.779,-43.649,-201.49,-505.87,-80.83,-80.225,-55.434,100.97,0,0
0,0,0,0,6.5801,-25.911,-19.943,317.55,-215.01,263.43,71.667,229.46,8.183,0,0
-0.5,4.8643,22.497,-24.554,4.2788,-128.56,29.448,-267.99,-222.15,-217.25,-238.65,-241.09,-104,0,0
0,0,0,0,27.065,-124.79,-298.35,404.34,95.422,309.88,258.62,-132.45,27.919,0,0
11.25,-4.6699,1.4851,40.315,-138.35,-210.16,-448.01,-157.53,79.381,38.655,95.542,-147.79,34.086,0,0
-5.25,7.9869,0.52628,-3.997,58.865,94.496,255.85,74.602,-312.01,-262.18,-103.08,30.85,43.4,0,0
-4.9085,8.073,6.2526,13.412,-103.04,196.4,114.49,151.65,-110.65,-288.88,-366.75,-27.814,-2.2224,12.935,11.75
0,0,0,0,38.976,42.649,-54.476,-131.76,194.16,-139.39,-102.32,68.187,0.6899,0,0
-34,-30.137,36.821,-109.04,-201.75,52.545,61.682,99.729,-166.01,-270.69,-215.26,-113.22,52.587,0,0
-4.75,9.0556,-54.998,26.034,74.856,177.24,-109.75,-76.539,-7.6016,-72.666,-157.79,67.315,11.221,0,0
7.25,20.958,12.611,27.793,95.807,14.279,-261.49,-122.22,-152.54,-364.37,-332.94,-130.26,-152.97,0,0
2.5,-4.1896,-7.701,28.133,-115.68,-147.76,40.628,15.631,-100.24,-286.39,-50.392,39.082,-9.7365,0,0
2.2204e-016,-1.1102e-015,4.4409e-016,-2.4425e-015,-27.71,-217.15,-327.78,-159.34,119.24,298.68,-74.217,47.673,-15.072,0,0
-12,8.6029,0.93477,-24.601,161.92,-223.08,273.88,93.781,111.69,12.231,-124.74,-188.77,-70.475,0,0
7,-6.9282,13.289,-20.584,31.831,-133.61,210.45,-5.4925,-196.21,-255.54,155.39,45.574,-81.698,0,0
0,0,0,0,-21.962,141.32,-51.864,75.04,361.13,40.517,-312.49,-24.471,-2.145,0,0
2.25,3.1585,-4.1388,-26.489,55.939,-160.59,87.735,307.89,257.16,-34.565,-205.17,61.008,-27.575,0,0
1.5,0.96891,1.2518,-3.0407,-76.076,-124.93,243.1,100.18,48.203,-149.94,-92.552,-183.69,-21.344,0,0
25.25,24.868,-1.5933,63.565,56.835,112.58,-55.46,-162.26,40.092,-114.96,83.239,21.367,0.85377,0,0
0,0,0,0,66.321,-66.97,-33.048,-201.92,241.24,-18.226,-30.057,-25.064,9.6549,0,0
0,0,0,0,5.5091,75.256,-168.11,109.74,-209.06,203.24,-238.69,10.113,-44.633,0,0
0,0,0,0,-1.8579,-21.882,116.85,-465.11,143.62,-2.1131,95.3,1.8753,-1.3705,0,0
0,0,0,0,33.202,15.444,-83.923,-150.97,89.002,37.411,128.45,-14.806,-11.176,0,0
0,0,0,0,-31.418,204.21,-176.07,54.624,-46.493,213.94,-193.51,-15.37,20.341,0,0
0,0,0,0,24.466,-180.02,-129.99,-219.92,85.875,-83.201,221.11,-2.7751,17.319,0,0
-4.9632,9.1426,-19.587,-8.8882,-318.32,55.656,396.2,-257.78,112.99,336.44,249.18,109.75,33.674,0,0
7.366,12.323,-11.829,3.5247,-184.81,-91.941,5.8471,167.69,325.34,231.69,52.612,115.99,204.12,0,0
-1.6773,15.265,-2.7719,-9.8113,49.646,-41.642,96.529,105.41,258.54,31,4.0801,-36.175,-199.29,70.948,2.75
8.7868,18.151,-20.296,-25.848,-127.6,-195.65,75.421,0.70794,51.49,242.19,275.35,-154.64,-6.7811,0,0
-8.8818e-016,-1.3323e-015,2.2204e-016,5.3291e-015,-26.701,-118.88,27.13,295.95,67.268,-125.57,-16.908,77.668,-0.80922,0,0
-4.25,-1.1274,-0.68958,-35.97,107.62,19.064,328.31,-177.2,129.45,-223.73,43.83,69.98,-69.023,0,0
30.287,25.094,-5.0801,65.208,-231.23,-168.23,-209.45,124.57,-262.85,-137.81,-161.4,-122.62,-92.971,0,0
8.326,10.776,-24.424,-15.335,70.553,76.229,143.56,-154.71,87.974,184.23,18.237,215.82,20.145,0,0
-2.674,-7.1851,4.3341,35.088,-93.452,-26.285,-129.15,-43.467,106.45,-201.03,80.899,47.669,-73.35,0,0
0.32596,-3.02,2.2001,25.116,-76.736,105.68,452.45,-84.043,208.26,-229.76,218.99,83.723,-54.82,0,0
-11.713,-1.547,-10.097,-93.309,40.012,-212.24,-59.367,263.01,-121.74,205.5,140.24,-9.7536,-3.0478,0,0
0,0,0,0,7.9836,2.5458,-3.714,-218.98,-53.739,-20.365,8.3699,-10.976,8.6761,0,0
0,0,0,0,53.208,116.5,22.413,-324.53,114.62,-165.02,-136.87,59.623,0.54455,0,0
0,0,0,0,6.9397,-88.493,-105.76,36.517,74.906,-35.796,8.8663,-17.645,27.512,0,0
0,0,0,0,16.616,-129.66,63.252,350.22,19.057,299.69,-20.682,20.088,-3.9722,0,0
0,0,0,0,-3.4522,147.49,-140.4,-57.697,-160.48,-126.8,-109.69,-17.956,-6.7488,0,0
0,0,0,0,-0.79839,13.833,-275.16,-146.89,-336.52,-332.83,134.89,-19.329,23.985,0,0
0,0,0,0,1.1929,1.4722,-396.15,-130.34,168.81,-215.86,-55.043,4.6417,7.1381,0,0
0,0,0,0,8.5655,29.163,11.634,-210.83,-370.54,-118.48,125.49,-7.5116,37.364,0,0
0,0,0,0,-4.552,23.823,56.58,157.68,-356.13,-128.51,11.668,17.602,-2.6226,0,0
-11.5,-6.8498,15.508,-9.2434,-20.658,41.746,-62.641,15.217,60.162,-181.33,-15.036,57.376,30.032,0,0
0,0,0,0,61.561,-101.83,-366.82,30.752,-234.52,-238.14,8.0087,-5.206,12.186,0,0
-8.8818e-016,-1.3323e-015,2.2204e-016,5.3291e-015,44.801,80.546,-242.06,-1.9049,-34.254,-30.232,-85.909,175.9,123.69,0,0
-35,-7.8875,-18.084,184.41,284.24,-115.63,61.963,-4.6904,20.151,-229.45,196.19,9.9441,7.4955,0,0
-17,-9.6554,23.124,-51.424,-101.49,-81.716,183.28,-190.65,-309.23,-374.21,215.34,158.08,3.4094,0,0
17.049,14.777,-5.872,-12.954,-315.02,36.262,113.99,206.36,-134.47,-27.95,-36.652,15.301,-13.105,0,0
0,0,0,0,58.735,-9.9259,-259.53,-140.1,182.92,92.913,-252.06,13.891,1.4539,0,0
0,0,0,0,-1.2916,-6.8239,223.63,333.14,48.311,-36.403,-9.6419,-256.56,5.3391,0,0
-8.75,-10.582,15.27,-67.126,-7.1679,19.748,-158.71,-233.17,-0.59617,-222.89,-120.86,82.276,14.067,0,0
0,0,0,0,-24.91,120.81,64.345,-95.784,-24.064,108.81,86.628,-47.796,2.1654,0,0
0,0,0,0,-12.438,122.06,141.6,241.33,-368.13,-170.16,64.659,-22.086,31.727,0,0
4.75,7.8074,-28.99,46.516,53.403,12.125,-289.57,-72.07,34.912,-271.19,-31.317,-16.22,-1.5858,0,0
2.25,0.81218,-8.9821,-4.2583,8.3212,36.022,-198.02,-104.16,146.88,142.96,81.082,-13.534,20.552,0,0
0,0,0,0,-24.345,153.07,-24.463,171.18,155.95,123.74,-248.64,-2.8639,-27.195,0,0
0,0,0,0,-46.007,-127.83,-6.3535,-452.46,283.1,211.66,168.34,2.6836,-17.652,0,0
0,0,0,0,-15.723,6.6408,-106.07,13.282,-47.334,209.82,158,-34.954,-15.009,0,0
0,0,0,0,22.973,-188.13,-100.31,105.39,112.82,446.08,96.621,110.33,115.79,0,0
0,0,0,0,16.102,182.09,-90.182,111.33,-32.77,-55.107,-1.0176,8.101,-21.279,0,0
0,0,0,0,-1.0335,-47.397,102.21,199.24,-253.45,-122.77,-166.88,-211.75,17.195,0,0
0,0,0,0,44.129,-35.005,-33.828,-132.14,68.966,51.403,-113.44,-95.089,11.654,0,0
0,0,0,0,-5.8325,-3.1338,147.79,171.54,83.357,311.88,40.834,-5.0284,-16.798,0,0
0,0,0,0,3.155,16.112,-210.48,-46.914,325.52,135.98,-167.85,-29.803,4.1606,0,0
0,0,0,0,-4.68,-13.635,44.372,-193.03,-50.261,13.926,63.838,124.51,-12.333,0,0
8.25,3.8989,-24.423,64.776,-35.263,78.898,167.03,-63.748,263.56,101.07,140.92,-202.42,-3.1307,0,0
0,0,0,0,5.013,236.66,-144.16,-136.04,211.56,33.882,209.65,-50.596,-23.976,0,0
-18.985,-5.0643,10.913,11.579,230.65,27.987,-193.83,81.77,-189.37,-137.54,122.06,44.456,0.17941,0,0
-8.1429,-4.2506,9.2386,-10.835,-196.85,-452.1,210.89,444.07,466.93,146.01,-34.199,119.94,-30.617,0,0
-3,-4.1651,2.134,9.9724,-82.727,122.52,326.32,-42.332,-31.374,29.465,-54.934,75.122,14.408,0,0
0,0,0,0,3.4273,-3.1447,11.289,26.274,112.07,-11.267,2.7841,-16.232,31.008,0,0
-11,-16.187,22.106,-42.806,149.83,-336.09,-23.73,-114.35,-263.51,188.72,36.484,26.609,40.415,0,0
5.5,21.734,-10.16,24.752,243.25,286.13,-252.87,186.89,8.8195,-127.13,-138.69,-108.8,87.361,0,0
0,0,0,0,-86.229,-237.57,215.54,-86.517,64.666,355.97,57.097,146.44,32.78,0,0
4.5,-15.961,35.566,-1.7119,-76.716,-340.35,46.308,64.573,569.16,489.14,-14.816,-90.781,-2.5392,0,0
-2.25,-1.9755,-3.2566,-13.476,111,-217.85,-84.432,-85.718,30.716,308.82,-17.981,-6.3703,88.622,0,0
-16.208,9.5808,4.2425,-58.438,395.75,-116.91,-298.59,-88.347,-24.672,40.918,36.562,-11.999,-27.8,0,0
12,-2.4803,-3.9054,16.866,-56.869,21.465,-277.78,-172.53,64.242,-415.97,180.54,-1.334,52.698,0,0
0.34151,0.086139,5.7264,17.409,-74.651,-49.538,-153.31,116.27,-209.66,-192.61,-169.33,175.52,118.25,14.91,8
-1.6773,15.265,-2.7719,-9.8113,58.814,-45.516,-34.166,127.09,-169.48,-248.54,-95.07,-68.201,-2.3624,0,0
0.38966,-3.6642,2.8059,33.267,-70.145,165.44,-229.8,-138.25,-196.84,-275.36,-172.63,-10.755,-45.035,-53.767,-8.4363
20.75,14.865,-38.12,61.641,140.03,-309.25,-185.21,90.849,-426.99,-266.59,-14.318,92.158,-10.984,0,0
2.25,-6.9199,-5.2338,22.104,-235.96,-56.124,11.852,110.52,-234.1,-297.03,206.42,213.56,67.973,49.658,6.8995
11.592,5.3642,-28.679,61.499,-31.254,-263.72,111.8,-253.42,49.663,43.577,-115.68,-61.526,-84.205,0,0
0,0,0,0,6.3752,98.237,279.21,145.44,24.17,-191.2,-74.992,-253.83,-106.55,0,0
0.32596,-3.02,2.2001,25.116,-122.33,72.836,-55.624,-0.48132,121.7,277.95,-88.325,-15.697,-74.459,0,0
0,0,0,0,-35.508,222.25,226.48,192.89,39.092,-4.0751,-4.8011,-12.053,20.324,0,0
0,0,0,0,2.0221,-93.965,319.19,13.881,261.62,7.4354,49.708,-133.41,4.8738,0,0
0,0,0,0,0.54728,-14.087,151.28,-42.622,21.208,133.81,34.001,80.966,18.361,0,0
0,0,0,0,-2.3322,10.771,30.45,-204.14,246.98,-236.17,-82.385,59.237,19.796,0,0
0.75,11.085,3.0998,-32.076,169.75,43.643,-320.31,-42.971,-153.54,73.358,-13.188,-5.7736,11.345,0,0
0,0,0,0,13.945,-103.52,214.26,-572.26,336.27,-118.79,-14.409,27.797,29.929,0,0
