0,0,0,0,132.77,363.98,1.5707,298.94,-170.46,91.935,-103.23,243.11,-215.25,0,0
0,0,0,0,-419.43,222.58,327.61,120.53,166.3,96.524,-95.06,-9.8477,-167.12,0,0
0,0,0,0,-47.308,148.41,-92.45,40.911,341.13,169.36,-144.77,7.1839,-22.411,0,0
0,0,0,0,-306.66,-67.285,170.37,83.191,157.4,55.717,-154.19,297.59,-92.379,0,0
3.4641,11.806,21.007,-74.633,141.1,90.243,143.79,98.574,110.14,-183.75,187.25,20.642,-90.875,0,0
4.4462,-14.293,3.5855,713.55,-301.19,-28.188,132.26,-40.41,335.9,65.961,52.889,-259.54,-25.213,0,0
-5.6292,-4.7925,0.70753,-247.55,277.91,86.091,43.257,302.43,-238.66,59.511,116.81,84.087,-68.984,0,0
-37.239,-25.181,-9.5718,-217.91,210.21,-180.46,-27.433,-78.445,51.648,8.3945,61.578,117.78,-207.62,0,0
-1.1773,-22.105,-599.44,112.96,129.82,-70.456,91.798,39.171,-137.06,331.17,87.99,9.3595,235.01,-100.16,-1.5523
-12.557,-13.299,-6.9133,140.34,76.734,-217.23,194.99,-193.35,400.87,358.28,-118.43,-242.93,-28.44,0,0
-2.2204e-015,13.587,-301.82,-21.933,-35.496,92.842,66.945,326.64,-99.873,-74.486,-16.392,244.3,-112.33,0,0
6.4952,12.842,6.317,246.61,61.165,301.31,-26.8,210.04,-193.11,-169.89,-9.1933,92.556,-318.42,0,0
-11.258,-0.30385,-231.78,118.07,56.445,11.242,494.75,95.51,144.59,-166.94,12.843,-572,-20.206,0,0
0,0,0,0,234.07,-88.699,51.536,41.532,301.77,49.642,-18.611,-196.4,-24.139,0,0
-12.99,-7.3529,-15.879,-181.42,326.06,134.09,-64.611,-5.1281,546.71,37.106,-547.25,34.691,-23.276,0,0
-2.5981,9.2321,-5.817,-280.13,192.5,63.357,-91.332,-67.501,-19.823,800.04,-164.22,-323.49,-25.897,0,0
4.7631,-6.1357,-8.6944,211.43,7.7545,-46.228,85.802,-42.656,244.59,-368.49,-105.92,-215.6,-15.786,0,0
0,0,0,0,-16.725,441.62,-137.29,-343.46,-56.096,1333.9,-581.28,-4.5197,-23.693,0,0
0,0,0,0,-233.87,193.95,-26.523,-55.39,-185.82,901.95,-191.39,-13.794,-29.614,0,0
0.43301,14.27,5.7123,60.535,61.365,-132.76,35.941,291.19,36.929,243.33,16.93,-365.16,-23.504,0,0
5.6292,27.977,15.755,175.77,111.43,71.059,-388.64,-191.24,14.007,-67.368,33.503,363.08,-180.48,0,0
0.86603,1.634,-4.2321,-104.08,131.8,338.28,-12.271,-168.21,-525.66,435.59,1031.9,-427.61,-24.815,0,0
0.86603,-28.039,-22.67,284.91,30.842,-99.108,101.3,-273.42,652.95,356.65,-423.27,-215.08,-25.659,0,0
-9.5263,-0.52933,-5.3301,-133.92,189.68,128.97,-334.13,-35.848,122.16,34.492,61.743,-268.67,-17.401,0,0
0,0,0,0,212.93,330.64,219.43,-1079.2,635.81,459.01,-524.07,11.039,-26.667,0,0
0,0,0,0,182.59,-98.275,-25.571,68.605,-57.233,144.72,221.23,-262.18,-15.297,0,0
-2.1651,-0.63397,0.40849,-243.93,180.99,99.521,-155.35,-755.99,399.89,-10.648,-378.86,-24.08,-20.535,0,0
0,0,0,0,29.06,472.97,145.46,336.51,-131.52,-25.282,-303.68,18.05,-18.231,0,0
-18.187,-6.7728,1.5,-169.5,237.32,291.32,-166.19,0.26314,334.69,8.4808,-274.81,-14.409,-23.829,0,0
0,0,0,0,-270.09,302.28,287.5,36.508,350.09,-574.59,-41.162,-10.769,-14.024,0,0
3.8971,5.683,9.6405,-391.83,341.29,477.23,-346.58,-27.701,-247.52,-113.66,296.85,-156.6,-92.132,0,0
-5.1962,8.6962,3.5,-352.25,277.1,147.52,-257.13,-665.6,160.78,-530.88,-86.465,0.66835,-10.161,0,0
3.8971,5.683,9.6405,-391.83,80.894,89.357,-170.36,-65.077,40.108,74.586,-329.26,52.14,-76.747,0,0
8.6603,-3.2272,-14.525,249.86,415.86,17.137,-4.4577,-82.519,194.53,291.23,173.63,-643.72,-28.537,0,0
8.6603,26.446,3.9133,-139.13,198.26,79.098,-113.75,318.9,103.98,-49.177,-580.68,-148.59,-24.718,0,0
-5.6292,-4.7925,0.70753,-247.55,220.25,352.34,-143.96,41.629,624.76,984.01,-697.93,-20.734,-21.681,0,0
4.5466,-0.93061,48.001,208.63,-100.17,-229,-47.052,-21.839,-202.37,400.79,105.54,-551.59,-29.187,0,0
12.99,17.743,-4.0556,-401.06,296.58,210.26,-81.694,-588.05,459.98,148.22,-143.74,-85.944,-27.49,0,0
-12.99,-7.3529,-15.879,-181.42,226.1,9.8894,14.457,-217.75,800.99,381.92,-193.06,-44.894,-21.208,0,0
3.8971,5.683,9.6405,-391.83,164.4,-89.124,143.47,425.48,-52.904,179.33,71.993,-100.35,-22.144,0,0
6.9282,2.1208,-5.5425,315.02,245.25,-35.19,-218.15,163.92,-220.98,1685.1,-448.87,7.241,-18.165,0,0
2.1651,10.141,-3.2386,-354.7,116.15,-165.65,-84.656,382.05,908.9,-504.67,-56.743,29.185,-25.342,0,0
0,0,0,0,129.98,231.06,33.905,269.93,3.7013,1441.5,-649.52,-0.23718,-22.431,0,0
0,0,0,0,32.418,313.79,-93.394,-937.9,361.64,178.62,-414.16,-18.385,-26.58,0,0
-1.299,9.5556,-3.7141,-573.99,296.79,-310.85,-57.99,-328.43,493.08,872.51,-228.5,-69.388,-26.43,0,0
0,0,0,0,15.771,99.389,253.88,-120.67,-151.36,256.16,-373.71,-15.802,-23.711,0,0
0,0,0,0,-119.37,-203.23,343.65,-344.18,-300,1506.7,-430.74,-25.029,-19.298,0,0
16.893,14.036,6.9453,-468.88,153.66,354.84,21.604,127.84,276.36,255.46,141.05,-172.09,-24.514,0,0
-7.7942,13.843,-339.24,175.76,3.349,241.12,-28.829,-13.394,598.31,858.13,-179.41,-97.706,-15.106,0,0
-5.1962,8.6962,3.5,-352.25,303.95,168.67,-125.76,-163.65,-16.52,184.3,129.76,-367.26,-45.728,0,0
-1.299,9.5556,-3.7141,-573.99,-48.927,210.28,-70.927,-718.24,224.63,307.13,-89.245,-188.79,-19.916,0,0
0,0,0,0,275.68,458.74,3.3248,-192.1,508.98,1052.4,-537.04,-13.102,-27.314,0,0
4.3358,7.0736,-3.7933,-566.38,213.08,229.24,-99.907,-157.44,606.52,438.93,-245.4,-58.385,-30.731,0,0
0,0,0,0,37.69,-557.5,285.42,737.28,165.02,276.54,-181.58,-21.697,-20.839,0,0
11.258,-8.5328,-14.567,-150.02,241.22,-70.268,102.55,117.52,767.92,833.41,-675.3,-44.182,-26.302,0,0
-4.3301,2.2631,10.025,-388.62,-14.064,98.312,119.11,-1031.4,478.07,1135.4,-381.2,-18.427,-26.588,0,0
3.0311,6.5,3,-329.38,-16.386,120.7,71.2,-126.56,46.774,237.11,-478.53,-1.9249,-19.249,0,0
0,0,0,0,85.886,35.894,-48.355,187.54,-246.59,353.09,-339.32,-4.5817,-18.907,0,0
-15.155,8.2894,-412.68,174.71,110.49,113.06,123.8,-217.06,-618.25,52.313,-926.13,-9.837,-19.273,0,0
21.218,2.7106,-21.623,-221.7,502.86,-272.7,-58.704,-921.97,210.24,-250.54,-352.38,26.356,-20.527,0,0
16.46,2.3643,-65.921,55.474,108.86,-72.194,5.4264,-94.655,52.746,474.58,568.29,-254.96,-26.427,0,0
-11.691,-9.1519,-238.53,-130.76,397.54,115.22,216.44,225.47,-500.33,318.28,-624.48,-66.376,-25.876,0,0
7.7942,8.384,5.5,39.458,147.78,81.553,17.593,167.01,154.19,155.59,-77.081,-253.09,-16.524,0,0
-22.084,-3.6077,2.5736,-180.38,276.8,93.499,-232.13,102.07,484.41,1001.4,-437.68,-33.314,-23.965,0,0
3.8971,5.683,9.6405,-391.83,18.71,-34.133,12.007,135.88,-96.501,41.369,345.53,-127.75,-19.995,0,0
-10.688,-178.71,-102.6,53.257,95.679,-34.044,-76.816,452.91,-264.38,645.92,201.06,-697.15,-16.495,0,0
2.5981,8.5736,15.415,-86.231,133.77,210.77,-404.57,-728.85,360.73,675.66,-562.81,-4.9743,-30.489,0,0
-7.7942,-5.9264,0.43301,-257.86,-473.54,-96.023,-24.599,-19.261,168.56,310.89,-883.78,5.1118,-18.847,0,0
-7.7942,-5.9264,0.43301,-257.86,-32.858,44.86,-997.94,259.92,270.45,-1141.3,58.606,26.926,-16.612,0,0
0,0,0,0,-10.746,48.538,247.68,-241.36,-170.58,161.61,-362.4,11.877,-23.064,0,0
3.8971,5.683,9.6405,-391.83,214.21,-95.586,-455.93,532.97,-438.82,200.41,98.363,-103.71,-12.091,0,0
12.99,17.743,-4.0556,-401.06,387.68,29.726,92.258,-55.171,984.28,-671.4,-55.726,-16.652,-21.739,0,0
0,0,0,0,215.12,196.9,188.14,279.7,-87.782,143.25,-284.14,41.448,-23.033,0,0
15.155,7.3152,-16.482,159.14,116.49,37.636,114.5,-507.27,230.79,746.39,-826.73,5.5018,-19.487,0,0
-11.691,-8.3529,-596.61,162.05,362.05,85.858,-192.25,-73.047,58.374,19.27,-160.9,377.96,97.289,-116.23,-2.5924
-5.1962,8.6962,3.5,-352.25,147.12,116.22,5.1208,-275.53,149.2,284.9,-566.39,-4.1531,-20.672,0,0
8.0263,15.887,-575.79,269.6,-10.762,-105.2,-80.832,36.203,255.73,563.73,-316.45,-17.373,-70.758,0,0
0,0,0,0,29.568,240.08,-486.31,345.44,177.34,-47.678,-502.45,-6.305,-26.553,0,0
-23.383,2.6489,-2.8905,8.0098,-20.948,-338.09,262.02,45.651,197.95,878.69,-503.44,-248.77,-18.099,0,0
0,0,0,0,25.896,299.87,-27.402,469.19,56.485,331.36,-256.82,-5.5523,-19.907,0,0
-12.99,-7.3529,-15.879,-181.42,70.321,-30.047,-281.53,132.12,-123.35,-201.26,-88.991,-2.0224,-21.127,0,0
12.99,15.17,-4.116,-519.24,480.57,-180.75,1.1639,96.963,216.66,308.08,-122.44,154.62,-114.64,0,0
3.0311,6.5,3,-329.38,109.79,-59.523,-50.689,-399.8,347.96,280.49,158.93,-121.52,-27.689,0,0
0,0,0,0,369.95,405.89,21.262,-1041.1,585.26,-467.5,-296.53,45.293,-26.06,0,0
0,0,0,0,-54.264,107.68,291.91,49.693,-8.2904,-34.137,48.035,-230.57,-20.648,0,0
3.8971,5.683,9.6405,-391.83,119.26,-391.66,-26.371,51.135,-224.55,-307.46,-87.482,59.377,-67.719,0,0
2.1651,10.141,-3.2386,-354.7,376.27,29.396,-212.17,110.91,-265.43,36.5,238.88,-86.759,-16.106,0,0
0.43301,9.5131,7.6699,129.56,136.59,83.488,0.060354,-321.21,171.17,1416.3,-358.53,-148.37,-22.039,0,0
0,0,0,0,-21.519,463.03,131.71,-262.85,136.91,3.2606,-97.216,-72.924,-19.426,0,0
2.1651,10.141,-3.2386,-354.7,-446.27,286.54,-45.505,-406.26,-341.29,893.58,-685.1,-10.365,-26.283,0,0
3.0311,6.5,3,-329.38,117.75,381.92,-227.24,426.85,744.36,-236.58,-344.01,-4.8132,-19.269,0,0
-5.6292,-4.7925,0.70753,-247.55,256.28,198.21,141.57,-15.019,43.081,54.458,-465.25,-11.153,-17.474,0,0
-15.155,-0.27276,4.5,-498.89,260.2,70.968,170.54,-30.261,-801.91,387.46,285.47,-216.9,-27.485,0,0
9.5263,13.384,-9.5018,65.122,188,181.02,22.405,-551.4,294.5,512.47,141.91,-290.15,-26.853,0,0
0,0,0,0,300.35,252.12,-0.008543,-131.41,781.88,-1026.6,34.358,11.311,-17.762,0,0
-8.6603,-341.74,-47.221,-15.508,-179.97,62.641,-85.109,80.31,-98.833,480.19,287.75,-130.01,-136.98,0,0
-11.691,-518.15,86.415,219.7,8.446,-100.82,-103.01,17.758,-8.4297,-976.05,287.25,1382.2,-423.93,0,0
8.6603,26.446,3.9133,-139.13,181.24,-35.338,-94.589,-309.5,656.72,1299.3,-406.36,-36.361,-21.095,0,0
-2.1651,4.2386,14.982,-63.996,210.41,-52.835,-74.382,-418.81,142.34,813.59,-257.21,-97.451,-24.254,0,0
-11.258,-1.6878,3.3415,-502.31,123.6,136.9,109,-493.97,213.06,985.27,-165.01,-110.6,-24.004,0,0
0,0,0,0,-181.4,149.41,69.551,571.32,11.504,1130.6,-542.07,-20.772,-24.16,0,0
0,0,0,0,-307.4,84.576,-111.36,203.65,656.65,42.78,-150.88,-6.5712,-22.491,0,0
6.4952,-7.7942,-16.94,-407.61,0.48688,142.69,-302.22,-93.277,141.33,-68.159,-5.8012,-398.07,-24.787,0,0
0,0,0,0,85.13,141.46,92.812,-370.37,489.64,1071.8,-380.34,-11.158,-20.935,0,0
4.3301,22.977,0.51619,188.62,122.01,-190.44,207.89,-121.07,689.22,1083.6,-660.65,-11.668,-16.015,0,0
0,0,0,0,14.59,-27.245,-538.27,292.18,781.59,173.68,-366.41,-2.1935,-21.007,0,0
0,0,0,0,39.293,200.81,-247.31,137.71,367.71,355.08,-421.94,-21.076,-26.168,0,0
0,0,0,0,-317.78,446.6,117.99,410.17,326.99,-123.84,24.363,-48.629,-17.584,0,0
0,0,0,0,-388.77,77.1,-5.099,488.33,756.86,-809,13.031,-3.0789,-10.097,0,0
0,0,0,0,238.88,196.61,-215.06,22.757,71.686,153.92,-560.94,9.6519,-21.536,0,0
12.996,22.915,-188.22,125.26,463.37,-63.437,75.936,-4.6831,162.99,-202.56,-447.53,110.04,-342.44,0,0
0,0,0,0,-650.19,163.14,-269.77,206.64,75.575,-127.92,-137.03,-15.164,-20.731,0,0
0,0,0,0,-429.17,617.25,-166.65,94.385,214.62,-374.45,-126.9,10.04,-18.826,0,0
3.0311,6.5,3,-329.38,233.08,50.574,-105.79,-94.73,714.83,805.69,-629.3,-7.8147,-22.129,0,0
0,0,0,0,-501.58,3.9567,595.4,61.818,-258.1,375.34,122.47,-113.45,-17.711,0,0
0,0,0,0,39.544,-60.978,124.48,-178.32,768.46,497.54,-295.37,-32.345,-32.992,0,0
-14.289,7.6357,128.6,311.05,-280.62,363.05,-64.824,-130.3,-469.05,375.6,-151.93,102.95,-400.5,0,0
0,0,0,0,-76.233,233.87,11.417,-785.82,394.53,-576.63,-292.31,-15.001,-22.185,0,0
0,0,0,0,120.72,46.34,-98.582,-61.835,-129.94,414.64,-390.69,-14.26,-24.711,0,0
0,0,0,0,-125.74,447.92,-187.79,-682.33,596.31,212.44,-252.91,-22.597,-23.928,0,0
0,0,0,0,-283.18,445.64,10.059,-15.444,38.347,213.44,113.34,-186.64,-20.53,0,0
-2.1651,-8.1405,-3.3905,236.92,-327.54,49.874,93.588,128.15,-202.27,-125.17,-75.976,175.37,-273.78,0,0
-15.155,-0.27276,4.5,-498.89,81.025,88.702,-7.4457,501.41,72.424,227.87,120.19,-90.812,-26.922,0,0
7.7942,7.9623,-10.975,-10.737,104.99,270.45,-44.88,53.528,-92.351,200.68,379.97,-22.273,-249.68,0,0
-10.392,-4.5359,-14.879,-518.51,101.56,370.42,18.942,94.516,715.44,-26.193,-1000.8,-8.7721,-20.299,0,0
0,0,0,0,-407.82,160.05,75.463,-524.12,586.86,-192.4,-129.61,-26.178,-20.522,0,0
12.557,-6.0328,169.16,-75.368,43.329,212.26,-44.442,-33.536,-200.52,-3.9014,63.88,-483.18,-249.19,0,0
0,0,0,0,315.06,285.92,-310.26,150.94,189.86,103.61,-468.44,-16.129,-30.129,0,0
-11.691,7.1244,-515.51,114.46,40.136,87.86,95.174,-614.77,286.42,-298.31,990.95,-285.63,-22.411,0,0
-10.392,-4.5359,-14.879,-518.51,304.17,-71.542,-108.31,-153.07,-64.106,114.66,-135.74,-111.2,-23.848,0,0
-0.25897,4.663,-9.1708,-233.15,198.18,-18.081,163.8,-72.119,41.989,30.236,156.78,-32.335,-37.42,0,0
0,0,0,0,-194.52,56.534,88.813,67.228,626.88,422.05,-318.51,-15.436,-21.29,0,0
0,0,0,0,71.943,150.5,-790.64,231.76,442.23,-168.77,139.73,-255.93,-31.741,0,0
4.5466,-8.7183,-6.6911,125.67,163.48,122.5,-146.8,-539.9,282.39,38.162,-774.31,-5.718,-10.69,0,0
0,0,0,0,289.89,205.42,-150.15,87.75,578.98,1004,-480.71,0.64295,-11.272,0,0
10.392,23.141,-10.551,-61.318,466.89,-76.619,-113.35,-1.4737,-599.12,1487.4,-705.58,2.2649,-26.129,0,0
-18.187,-6.7728,1.5,-169.5,199.61,99.799,-192,125.06,241.36,54.944,-171.93,-51.339,-26.877,0,0
0,0,0,0,283.25,135.94,185.21,437.55,-98.467,-137.28,-405.43,6.3603,-22.744,0,0
0,0,0,0,13.93,119.65,5.8013,191.92,-98.44,208.24,-495.65,-7.4994,-19.407,0,0
-2.5981,-6.3726,-7.201,-2.7931,115.2,2.3644,-24.399,-231.63,463.45,1113.6,-494.76,-7.4952,-12.406,0,0
4.3301,12.141,-122.58,127.44,168.33,-127.78,-127.5,32.891,-529.31,160.59,831.78,-311.78,-23.291,0,0
-5.6292,-8.067,-443.74,103.87,334.79,17.325,92.057,-79.487,151.42,840.53,509.65,-817.35,-29.984,0,0
6.0622,7.2255,-0.0065699,-217.87,138.08,67.776,123.28,467.77,477.86,-436.91,251.49,-105.68,-24.891,0,0
6.9282,2.1208,-5.5425,315.02,117.5,-418.87,300.74,-416.39,124.68,506.63,921.08,-558.87,-25.82,0,0
-4.3301,2.2631,10.025,-388.62,184.17,88.558,-336.72,289.46,201.37,209.69,-241.81,-57.867,-27.636,0,0
4.0131,11.447,-820.76,201.22,418.59,17.58,-23.016,25.393,-37.668,-176.12,-387.31,159.59,1213.2,-350.64,0.43301
0,0,0,0,252.65,-99.55,166.92,-978.29,362.7,-1254.1,33.226,4.3311,-17.228,0,0
-2.1651,-3.2811,-3.9199,60.944,84.737,140.28,-241.41,217.06,-179.23,541.9,-773.85,22.042,-19.467,0,0
0,0,0,0,-72.88,232.22,-412.56,-315.44,396.62,-339.41,-166.32,-0.70906,-12.068,0,0
13.856,16.926,2.5849,-463.51,211.78,-136.87,7.8493,-223.83,971.86,1153.4,-381.61,34.952,-14.508,0,0
0.43301,10.94,-11.154,-460.16,270.06,-172.72,-57.216,11.072,-267.83,333.72,-17.964,-167.69,-23.339,0,0
14.728,21.732,-346.25,212.58,231.6,-115.24,4.8905,109.34,-457.46,674.02,-226.57,-104.98,-14.754,0,0
-4.3301,2.2631,10.025,-388.62,301.75,32.886,-363.09,247.7,303.42,-215.67,-220.08,-5.2452,-12.926,0,0
0,0,0,0,47.945,248.51,228.95,167.9,-247.96,905.1,-222.77,16.108,-20.184,0,0
-27.713,-13.907,-2.8529,-122,273.13,-119.44,-123.55,-8.0675,-442.87,343.17,517.93,-644.7,-24.42,0,0
8.6603,-7.1603,-17.348,-163.68,220.85,79.457,13.371,4.8663,-391.9,771.21,610.65,-342.01,-20.848,0,0
0,0,0,0,35.942,117.49,200.45,747.94,910.36,-611.66,6.9225,-4.0413,-6.0903,0,0
0,0,0,0,206.87,-480.72,99.184,143.92,81.646,-9.8571,-501.44,19.502,-13.443,0,0
0,0,0,0,20.774,-382.79,520.23,-224.26,-25.214,-527.41,-110.45,44.656,-22.292,0,0
3.8971,-11.636,-507.57,157.03,309.38,5.7917,202.02,-237.82,222.17,886.28,-261.12,-21.206,-67.637,0,0
0,0,0,0,-357.43,660.23,-316.51,125.37,312.54,418.47,-251.34,-2.7252,-21.972,0,0
0,0,0,0,-557.51,39.936,-450.31,80.358,377.14,86.322,-157.35,18.542,-11.551,0,0
0,0,0,0,284.93,110.58,-89.01,226.11,250.32,-316.37,-527.17,-17.092,-18.839,0,0
2.1651,10.141,-3.2386,-354.7,101.2,106.98,-509.53,87.439,-125.88,351.01,47.588,-65.571,-30.043,0,0
0,0,0,0,89.569,366.11,-381.18,160.09,304.91,-31.916,-235.04,-5.2027,-12.792,0,0
0,0,0,0,-237.65,72.726,205.6,358.95,-102.8,38.571,41.656,-66.727,-23.121,0,0
22.522,38.556,-2.6611,140.87,284.74,-43.791,8.1761,228.58,-1205.5,277.18,530.31,-550.73,-12.383,0,0
1.7321,5.366,-14.758,203.24,123.93,80.458,-229.85,296.22,143.91,88.825,307.35,-364.43,-24.509,0,0
3.4698,9.5066,-503.33,203.82,-7.4201,24.693,-53.323,-853.63,308.49,67.301,-134.53,-158.74,-19.742,0,0
0,0,0,0,177.85,238.22,7.9493,-253.22,159.61,69.62,-639.41,-25.097,-29.38,0,0
2.1651,10.141,-3.2386,-354.7,190.62,-68.413,-103.82,-66.93,332.12,1198.7,-739.39,-3.5167,-21.855,0,0
13.856,16.926,2.5849,-463.51,85.665,-304.92,-67.966,66.666,59.184,174.27,-288.72,234.11,-114.72,0,0
3.8971,-11.636,-507.57,157.03,-97.631,9.5251,45.936,108.75,-322.56,464.42,4.2009,104.52,-88.193,0,0
0,0,0,0,-321.5,141.7,-53.075,-423.61,282.41,524.91,-889.03,21.638,-22.651,0,0
12.557,35.154,-1.2828,-11.045,128.55,60.688,-158.21,253.63,315.87,-72.579,221.26,-312.48,-16.321,0,0
0,0,0,0,313.78,-146.26,-621.01,488.04,161.44,304.52,-380.32,-8.4554,-17.592,0,0
-13.423,0.01971,3.933,-7.0873,41.885,-202.1,-85.252,283.78,8.502,-48.077,-246.36,-182.56,-17.279,0,0
0,0,0,0,56.274,-67.573,-153.98,201.21,172.21,920.35,-648.57,1.7655,-19.087,0,0
-5.6292,-4.7925,0.70753,-247.55,150.78,541.21,-504.36,82.655,-67.772,-219.93,-421.24,6.2595,-21.949,0,0
-10.218,-6.5804,-2.1151,-161.47,-379.21,243.69,-160.87,43.971,-93.626,151.5,154.8,-95.963,-20.551,0,0
4.7631,10.342,-9.4282,24.009,296.27,-28.904,-27.959,-43.717,340.1,184.11,-511.91,-40.097,-31.735,0,0
7.3612,22.654,-479.74,23.554,294.66,-180.73,124.97,242.15,118.44,-202.81,271.09,-123.09,-122.39,0,0
0,0,0,0,103.55,106.21,-580.11,206.25,510.94,47.99,-48.102,-56.453,-24.241,0,0
0,0,0,0,229.45,-92.311,213.03,198.43,98.043,181.3,-172.67,-142.1,-27.542,0,0
-14.289,-31.013,-224.07,-4.5262,-139.38,-231.09,65.208,-88.787,191.18,648.21,942.48,-105.91,-132.4,0,0
6.4952,12.842,6.317,246.61,-138.88,150.89,197.42,-86.197,-379.38,413.46,-235.56,-276.37,-20.76,0,0
0,0,0,0,156.94,372.91,-57.059,-189.17,15.218,-351.54,-311.02,6.6597,-23.292,0,0
0,0,0,0,220.43,29.292,-132.87,-687,469.61,543.84,-605.71,-6.043,-28.095,0,0
-2.5981,9.2321,-5.817,-280.13,261.1,139.55,81.29,-304.24,51.643,1.3374,203.6,-97.456,-24.509,0,0
0,0,0,0,233.13,362.61,-65.023,-717.87,418.33,115.5,-286.4,-6.8047,-16.02,0,0
0,0,0,0,22.151,-105.98,406.05,-136.86,480.64,-157.52,-233.47,12.008,-20.188,0,0
0,0,0,0,262.57,196.45,-82.98,-48.786,940.47,710.76,-735.79,-17.796,-20.438,0,0
0,0,0,0,9.3855,288.81,94.308,-556.48,440.53,195.16,-351.79,-8.2353,-23.157,0,0
0.86603,5.866,3.4085,-573.32,345.91,-41.947,-99.395,-682.07,673.52,248.21,-201.69,-15.545,-30.976,0,0
0,0,0,0,-138.81,229.49,52.942,269.03,8.355,15.326,-526.19,15.317,-22.055,0,0
3.0311,6.5,3,-329.38,110.87,212.51,145.02,-251.22,461.07,487.9,683.9,-245.91,-23.897,0,0
0,0,0,0,-265.05,469.43,-9.8034,266.59,430.29,313.71,-178.68,1.7859,-21.618,0,0
0,0,0,0,-192.53,110.8,358.38,-45.878,-41.261,660.84,-216.15,30.844,-19.735,0,0
0,0,0,0,-661.92,-95.143,573.88,-228.93,192.09,120.45,38.331,-89.676,-30.803,0,0
-10.392,-4.1519,-25.002,-768.61,427.05,78.738,-261.37,40.306,-802.36,345.08,62.959,-167.62,-28.629,0,0
-6.9282,-9.7321,-5.8104,6.5305,94.755,401.5,-29.547,-1110.8,402.73,346.9,-826.23,-0.99583,-25.996,0,0
4.7631,13.482,2.9019,-73.546,169.71,-56.937,-130.46,-893.89,486.58,93.927,-376.9,-18.235,-24.786,0,0
0,0,0,0,120.14,192.96,166,-71.843,683.39,1430.2,-590.59,-10.275,-20.298,0,0
1.299,-242.82,124.14,-53.013,86.787,-9.4834,173.88,120.03,182.12,14.104,143.95,-410.7,-27.608,0,0
0,0,0,0,-315.82,230.01,275.16,-197.52,-38.247,-258.32,8.4119,94.158,-86.21,0,0
-15.588,17.137,7.2728,-108.87,309.46,-331.53,8.0805,-185.36,517.83,-47.33,288.27,-131.91,-28.85,0,0
-4.3301,2.2631,10.025,-388.62,142.77,447.88,-346.97,131.68,-420.61,-345.88,258.5,-109.67,-11.304,0,0
0,0,0,0,26.558,94.914,-121.57,6.8499,153.74,365.22,-244.99,10.732,-26.676,0,0
-15.155,-0.27276,4.5,-498.89,-82.576,-0.62724,-89.533,-524.78,273.62,541.03,-651.48,-16.701,-28.721,0,0
9.9593,11.243,-7.0556,-71.68,-189.37,-113.23,92.679,209.96,137.39,39.787,-44.715,-66.668,-21.774,0,0
14.722,18.036,-4.6226,90.735,244.78,317.66,124.65,-910.81,185.86,127.9,-386.12,-2.6635,-18.489,0,0
2.5981,23.91,5.7728,60.636,-98.987,-460.96,256.05,358.93,5.212,40.601,124.97,-173.93,-228.63,0,0
-13.423,-5.3284,-403.34,152.03,4.8573,-360.02,-39.161,-581,279.39,595.7,-209.6,-85.827,-29.722,0,0
3.8971,29.544,-1.4838,63.609,108.06,-37.109,13.523,4.6825,-859.53,222.65,1254.8,-458.77,-23.131,0,0
0,0,0,0,-503.97,250.02,-623.99,401.03,456.97,-682.1,-35.646,-0.55232,-18.753,0,0
0,0,0,0,-485.53,88.137,-598.18,174.43,360.29,-285.05,-49.027,-18.924,-16.806,0,0
0,0,0,0,64.905,229.56,-186.73,-895.57,170.96,-34.799,-360.29,-2.7921,-27.352,0,0
-9.9593,-420.97,211.83,-56.353,204.48,22.376,110.02,-87.411,-249.05,188.58,309.18,337.24,-238.13,0,0
0.43301,9.5131,7.6699,129.56,66.042,-29.511,89.114,-346.75,747.88,667.87,-758.35,-10.717,-30.858,0,0
11.258,13.116,-238.06,182.79,4.1899,22.355,-136.27,-98.205,62.621,192.48,112.29,-622.85,-22.591,0,0
9.5263,13.127,-169.45,79.958,24.428,5.8624,-35.343,417.59,161.16,210.44,23.03,-275.93,-30.385,0,0
0,0,0,0,-593.44,92.012,-614.83,-186.13,464.33,-468.39,229.42,-41.881,-23.947,0,0
0,0,0,0,-8.9896,222.45,-278.96,341.78,187.61,258.41,-511.08,20.55,-22.031,0,0
0,0,0,0,-214.8,251.56,-127.03,-831.81,179.19,570.7,-460.79,22.316,-27.078,0,0
3.8971,5.683,9.6405,-391.83,123.11,314.7,-33.308,-744.42,324.93,408.02,-257.12,2.6723,-24.007,0,0
3.8971,5.683,9.6405,-391.83,163.5,174.61,-106.45,104.2,109.56,168.88,-112.02,-116.97,-19.816,0,0
0,0,0,0,58.119,51.949,45.965,1.6159,530.98,231.2,-362.65,24.738,-22.981,0,0
6.0622,7.2255,-0.0065699,-217.87,61.227,-89.249,72.442,-633.94,627.46,1252,-394.3,-13.102,-23.561,0,0
-15.155,-0.27276,4.5,-498.89,224.77,-242.48,-122.22,303.31,161.65,200.27,-24.288,-67.556,-48.616,0,0
0,0,0,0,26.345,-332.38,-352.08,106.67,-169.26,130,-74.078,-5.6887,-13.037,0,0
3.8971,5.683,9.6405,-391.83,152.19,163.73,-208.3,-226.5,410.17,-202.15,-445.41,1.6861,-29.643,0,0
-5.1962,8.6962,3.5,-352.25,183.4,148.93,-349.15,145.2,333.97,69.196,-498.35,20.501,-25.02,0,0
0,0,0,0,156.23,407.42,-465.5,-61.645,-37.605,64.668,-98.273,-209.52,-22.443,0,0
7.3612,4.8708,-14.257,-74.474,287.34,-33.635,260.97,131.53,81.117,-336.41,218.53,-225.8,-24.032,0,0
-1.299,9.5556,-3.7141,-573.99,282.86,484.77,-163.77,143.92,268.95,92.052,-186.04,-53.479,-30.398,0,0
0,0,0,0,307.29,341.75,-175.57,-160.82,478.25,-173.77,-305.26,36.26,-24.573,0,0
7.3612,13.433,376.66,-14.377,18.295,198.84,47.319,-632,-1.5901,469.88,-4.7108,-327.35,-29.585,0,0
0,0,0,0,3.0744,82.547,16.727,465.34,264.05,-104.92,-144.13,14.916,-19.032,0,0
-0.43301,13.154,-330.02,188.8,-71.699,85.46,-1.9794,-248.75,227.01,557.67,-12.857,-135.93,-31.663,0,0
3.8971,29.544,-1.4838,63.609,64.362,-83.004,-167.36,76.105,-312.44,405.38,32.462,-274.07,-27.296,0,0
7.3612,4.8708,-14.257,-74.474,150.49,-184.84,-2.5399,-609.02,268.27,376.77,-459.47,-34.392,-25.729,0,0
0,0,0,0,-417.94,335.8,-100.38,-491.2,375.22,216.39,-276.8,-29.688,-20.539,0,0
-4.3301,2.2631,10.025,-388.62,189.43,90.074,63.61,-56.669,290.26,414.25,-526.71,-26.887,-23.45,0,0
7.7942,10.609,-6.6471,-315.61,139.08,198.49,-70.44,-207.43,496.47,474.44,-176.25,-73.676,-20.843,0,0
7.7999,14.263,-435.67,76.437,-97.171,67.956,-53.545,-421.21,164.87,105.29,630.35,-260.89,-24.257,0,0
3.0311,6.5,3,-329.38,-184.02,99.192,45.401,-176.66,230.04,717.32,-239.24,-50.865,-26.819,0,0
-16.021,-16.451,-259.31,161.62,395.5,-233.94,-94.205,192.54,415.15,4.5009,126.42,-182.25,-16.403,0,0
0,0,0,0,-802.09,81.012,-266.01,36.95,67.935,1121.6,-376.71,-30.415,-17.064,0,0
-2.5981,-6.3726,-7.201,-2.7931,357.83,161.39,-14.698,-324.02,551.1,1220.5,-457.99,-47.408,-26.021,0,0
-5.6292,-4.7925,0.70753,-247.55,261.05,6.3034,-141.14,-815.76,445.13,-153.29,-173.64,-12.025,-26.859,0,0
-18.62,-4.6322,-0.94615,-32.701,70.279,-180.13,35.196,-162.55,-308.32,717.32,838.04,-546.06,-24.863,0,0
15.155,7.3152,-16.482,159.14,143.33,30.004,171.83,-464.27,157.14,1093.3,-232.9,-100.4,-18.467,0,0
0,0,0,0,-175.12,-44.433,-894.55,320.22,946.58,-124.67,-140.38,12.678,-14.875,0,0
-10.825,6.0687,252.61,357.51,-126.54,165.32,-572.73,-17.695,-569.8,327.09,283,-548.79,-20.75,0,0
-11.691,-7.8954,3.866,-167.45,146.74,239.67,-186.41,-514.87,220.18,-1271.7,31.628,11.254,-9.3077,0,0
-18.187,-6.7728,1.5,-169.5,95.458,313.02,-99.651,541.53,-148.84,65.515,-55.918,-289.5,-24.261,0,0
12.99,17.743,-4.0556,-401.06,-81.938,226.37,-528.57,170.66,204.18,174.62,-131.64,112.06,-76.078,0,0
-6.6905,-1.7222,187.34,17.863,-30.796,26.981,-28.383,-7.6962,-156.08,-77.176,-15.093,870.47,-619.92,0,0
-5.6292,-8.799,-1.3529,-469.36,364.89,104.28,-30.43,17.464,-231.88,-302.18,-204.85,-114.33,-22.571,0,0
-4.3301,2.2631,10.025,-388.62,242.61,170.5,-307.78,317.12,242.82,-233.32,-6.2281,177.43,-93.062,0,0
3.8971,5.683,9.6405,-391.83,156.25,18.066,-276.77,180.9,276.21,8.2459,157.28,44.133,-76.043,0,0
-16.454,-3.4378,278.76,-82.236,-3.1197,-121.35,93.556,-83.567,-273.11,374.85,1044.4,-363.17,-28.624,0,0
0.86603,5.866,3.4085,-573.32,310.42,-108.59,28.178,122.27,-735.97,44.131,30.669,-172.44,-23.444,0,0
0,0,0,0,-215.42,91.628,316.22,-5.3772,130.32,-9.8144,-84.966,-196.39,-23.669,0,0
3.4641,10.018,-8.3905,203.94,240.52,-219.03,-98.409,-807.8,191.92,873.48,-768.19,-2.6312,-23.551,0,0
-11.258,-1.6878,3.3415,-502.31,-244.89,68.453,-14.05,80.524,-16.827,-78.205,-21.618,107.62,-107.27,0,0
-11.258,-1.6878,3.3415,-502.31,243.19,46.433,6.2171,-24.371,-788.72,583.33,89.823,-181.79,-28.957,0,0
0,0,0,0,348.88,201.26,-1.3215,-722.75,188.21,324.27,-590.56,7.4353,-18.734,0,0
-10.825,-29.062,-364.01,169.45,-26.052,-23.287,53.309,-52.652,-170.74,324.49,440.61,-231.03,-22.054,0,0
-4.3301,2.2631,10.025,-388.62,213.73,346.81,26.254,-334.26,410.51,674.74,-434.27,-83.006,-25.488,0,0
8.2272,36.593,-252.45,34.462,38.007,-133.04,-0.064025,100.06,-339.88,826.08,-954.21,17.466,-24.492,0,0
8.2272,36.593,-252.45,34.462,75.459,-73.406,-49.771,-564.11,142.74,-88.893,-596.46,2.4919,-28.299,0,0
0,0,0,0,-394.16,485.4,-36.764,292.27,203.23,101.57,-104.71,24.243,-13.166,0,0
-28.405,-13.353,-0.61515,-330.98,179.36,398.56,0.72926,-49.077,147.99,64.415,-351.98,14.113,-26.702,0,0
1.299,0.45753,-330.07,240.04,143.37,22.342,-65.87,-537.54,328.31,552.72,-180.11,-66.538,-92.044,0,0
0,0,0,0,133.33,255.47,45.425,542.34,207.7,176.87,-375.92,-14.261,-25.698,0,0
0,0,0,0,159.96,19.354,-742.72,57.79,306.88,-94.885,-46.152,-108.36,-24.816,0,0
-5.1962,8.6962,3.5,-352.25,-44.427,372.4,7.07,-373.5,667.89,904.87,-213.15,-68.052,-23.689,0,0
0,0,0,0,322.91,262.96,-67.097,-807.57,353.77,190.47,-304.52,-43.813,-28.566,0,0
0,0,0,0,-0.56228,288.84,-84.527,-22.51,-149,214.52,-417.39,-2.3484,-25.205,0,0
-9.5263,-1.3774,-331.04,423.35,-87.067,-18.289,19.414,235.59,167.33,-144.82,178.59,-14.888,-90.48,0,0
0,0,0,0,158.99,65.894,-14.899,-334.25,868.11,639.67,-493.39,-24.182,-18.875,0,0
0,0,0,0,25.514,583.96,-86.776,35.272,-232.63,755.26,147.86,-324.59,-18.388,0,0
-2.1651,-3.933,-6.8415,379.42,129.64,-44.377,202.64,-42.526,-5.3235,-402.06,-66.363,-238.12,-23.768,0,0
8.6603,-8.4593,-11.042,152.12,58.472,54.972,-23.808,-95.206,517.97,117.73,73.86,-339.73,-23.894,0,0
0,0,0,0,-74.205,335.87,4.1999,-231.15,284.5,51.238,1.3404,-178.27,-22.404,0,0
0,0,0,0,432.8,383.85,-303.14,-151.7,-183.05,-86.061,-488.63,-4.1992,-19.892,0,0
2.5981,8.5736,15.415,-86.231,163.68,355.11,-19.553,-1105.2,307.52,-1163.5,42.424,-16.319,-15.739,0,0
-30.744,-12.742,-164.42,43.873,529.63,-144.1,-8.9957,96.031,-327.39,47.014,-112.48,-230.29,-26.281,0,0
-0.86603,-14.196,-336,128.57,97.601,106.22,-21.202,-52.713,258.76,361.14,-966.91,-23.616,-19.876,0,0
6.0622,7.2255,-0.0065699,-217.87,43.445,193.12,-262.84,147.28,274.95,161.81,129.98,-349.11,-28.887,0,0
-22.084,-3.6077,2.5736,-180.38,94.803,248.07,377.77,-593.66,390.54,-210.67,-112.71,-17.337,-21.6,0,0
-29.445,-8.4606,4.8415,-671.82,141.72,77.33,-444.94,171.44,345.36,-253.96,55.083,-84.626,-90.993,0,0
9.9593,-12.374,-14.201,289.3,109,-46.597,204.98,60.5,187.88,783.66,111.34,-144.09,-23.723,0,0
6.9282,2.1208,-5.5425,315.02,312.38,27.065,110.34,-337.08,358.79,68.333,-860.61,-9.0107,-20.309,0,0
0,0,0,0,22.986,486.85,205.13,107.66,-38.031,114.15,-442.69,23.903,-21.787,0,0
0.86603,-15.861,-58.829,184.05,237.24,-417.05,51.24,-58.081,578.7,-48.577,130.46,-204.87,-17.396,0,0
-20.785,-13.145,-5.701,-172.3,509.74,-70.085,-41.666,-96.432,-181.45,600.05,52.795,-175.24,-24.486,0,0
-5.6292,-4.7925,0.70753,-247.55,170.57,-9.6217,-143.3,678.63,74.687,-151.83,-619.94,-12.817,-24.812,0,0
0,0,0,0,-16.712,-163.31,258.44,53.079,114.81,-176.1,-41.577,19.106,-19.44,0,0
17.326,-4.4659,41.847,60.195,-44.463,94.539,-35.269,-52.379,-165.82,356.13,350.3,-126.7,-321.1,0,0
16.46,-19.278,-29.805,220.85,-93.394,-78.548,5.5598,348.81,-31.989,626.57,261.36,-803.91,-15.424,0,0
0,0,0,0,27.136,37.986,144.4,-124.49,-218.82,264.69,-495.65,12.689,-25.134,0,0
-18.62,-10.163,-10.446,-321.18,94.589,6.2834,-121.7,25.789,-569.17,713.6,56.945,-237.13,-22.896,0,0
-15.155,-0.27276,4.5,-498.89,36.709,-13.455,-380.22,248.54,151.6,285.29,415.76,-170.68,-26.176,0,0
0.43301,-5.0736,-246.8,346.65,444.23,-29.464,-152.04,98.749,394.62,676.26,-101.47,-144.79,-43.051,0,0
8.3433,6.6842,-253.74,-97.161,40.207,4.3569,44.788,4.5311,563.93,409.79,3.6521,-116.07,-16.622,0,0
3.8971,5.683,9.6405,-391.83,221.49,33.044,49.742,554.89,258.12,-465.2,-86.888,-26.575,-27.475,0,0
-10.825,8.3319,-493.4,162.28,-335.56,-5.7499,17.893,-169.44,63.561,562.69,48.707,647.53,-207.88,0,0
9.099,7.5359,-8.4698,211.55,331.04,281.23,-371.32,-137,375.47,548.65,-451.28,-29.67,-27.506,0,0
2.1651,10.141,-3.2386,-354.7,37.665,46.929,113.78,-475.86,402.9,1396.7,-618.72,-2.2569,-21.171,0,0
-15.155,-0.27276,4.5,-498.89,198.46,-181.81,-134.95,-59.777,303.58,-270.16,-101.64,321.26,-132.46,0,0
-26.847,-3.5276,-6.7518,-308.57,4.3083,97.968,-22.537,459.21,-252.89,6.1929,314.32,-170.55,-19.853,0,0
0,0,0,0,-233.14,339.91,213.17,-126.27,12.636,346.2,65.184,-52.258,-20.391,0,0
-4.7631,-33.381,-451.75,102.87,586.02,-21.453,79.741,-221.38,-199.5,269.33,419.8,-557.67,-23.713,0,0
0,0,0,0,275.21,-64.528,54.687,-379.75,13.266,343.73,-446.47,-13.833,-31.125,0,0
31.616,27.145,-418.06,271.82,224.97,-232.03,-50.149,37.041,83.05,-258.69,295.35,-142.65,-162.66,0,0
-3.4641,-2.1651,-434.53,192.75,183.11,-156.14,21.958,-87.054,26.816,-182.88,175.16,-524.63,-97.031,0,0
-15.588,-3.5718,-7.6226,-756.69,252.49,224.39,-64.929,-297,293.99,662.44,1090.4,-321.04,-25.584,0,0
-1.299,9.5556,-3.7141,-573.99,228.82,-155.39,-101.14,148.56,355.53,-51.773,-186.22,-32.303,-23.991,0,0
0,0,0,0,-570.46,183.72,226.41,-73.391,38.945,70.097,-37.08,-89.308,-16.469,0,0
-8.2272,-3.5849,-6.116,-386.82,98.686,-36.553,89.994,-436.09,387.26,67.324,-582.25,-64.522,-25.539,0,0
-5.1962,8.6962,3.5,-352.25,176.51,52.046,196.11,169.13,282.91,179.75,56.543,-101.34,-31.483,0,0
-2.1651,-0.63397,0.40849,-243.93,-380.22,222.44,78.317,31.359,294.17,390.18,-314.3,-33.583,-25.213,0,0
3.4641,10.018,-8.3905,203.94,120,-183.8,-482.88,382.8,-142.81,146.38,177.11,-218.38,-22.133,0,0
-22.084,-3.6077,2.5736,-180.38,319.38,277.72,-335.27,78.396,293.46,-599.88,-50.678,-10.732,-25.429,0,0
22.089,21.877,326.92,81.254,-162.84,-72.355,-187.79,57.616,-10.816,98.48,200.55,-390.36,-499.24,0,0
0,0,0,0,-264.45,634.47,-196.37,233.03,310.51,-188.43,-82.977,-25.931,-21.701,0,0
0,0,0,0,-354.95,99.073,536.43,-146.4,169.71,-4.8467,-230.94,29.499,-19.894,0,0
4.3301,-7.3301,-405.9,196.14,177.5,9.4953,18.007,-222.36,553.49,522.1,-495.37,-88.194,-25.14,0,0
0,0,0,0,-251.16,104.84,483,161.83,-258.07,-144.71,-75.324,16.942,-16.837,0,0
0,0,0,0,-175.14,-18.689,157.76,733.62,805.79,103.65,-285.28,-36.476,-17.637,0,0
6.0622,7.2255,-0.0065699,-217.87,159.21,131.14,-430.96,68.759,134.13,522.49,231.39,-188.45,-26.312,0,0
-3.8971,7.5311,-3.4575,281.48,415.22,-48.55,-86.213,-130.17,-108.7,474.63,-822.5,28.455,-17.476,0,0
5.1962,-3.9282,-9.4264,230.82,245.9,50.203,-43.034,-68.28,-483.5,907.13,-910.09,-12.501,-29.141,0,0
14.295,-5.7093,-14.604,257.47,284.43,-118.61,29.392,-110.48,-25.231,412.46,75.529,-39.853,-192.7,0,0
0,0,0,0,-740.15,279.87,-62.254,271.82,261.44,-150.14,-130.83,-4.0092,-22.821,0,0
6.0834,19.167,11.691,-243.18,289.11,165.29,108.07,233.2,392.57,99.863,-538.7,-28.926,-147.02,0,0
0,0,0,0,-557.33,15.658,166.32,364.12,-336.69,0.36454,-198.93,-28.731,-21.029,0,0
0,0,0,0,-80.252,411.02,136.69,-477.28,528.29,-1107.3,26.787,-19.771,-19.594,0,0
3.8971,5.683,9.6405,-391.83,164.41,-63.26,-263.46,-117.18,329.53,190.46,362.37,-168.08,-26.175,0,0
0,0,0,0,-316.03,146.44,-58.295,-768.34,707.23,-228.67,-130.97,10.575,-21.139,0,0
-8.1749,-19.786,150.76,-51.92,-226.13,-7.7603,-185.65,96.422,204.14,-63.843,18.845,-402.32,-21.448,0,0
8.6603,26.446,3.9133,-139.13,132.02,-267.48,-5.3482,-142.33,259.75,255.02,-12.064,-228.29,-23.362,0,0
0,0,0,0,532.17,142.82,-849.99,464.31,312.9,-232.67,-198.11,11.457,-14.78,0,0
14.289,13.219,-18.649,-255.58,256.79,-30.686,-137.68,38.721,461.52,98.932,72.648,-357.45,-22.712,0,0
1.7321,5.366,-14.758,203.24,40.511,165.18,-22.839,-355.03,105.12,144.57,513.51,-552.65,-28.204,0,0
-0.86603,-14.196,-336,128.57,164.41,-291.36,-6.9279,-248.74,814.88,30.784,-674.32,-61.638,-14.139,0,0
0,0,0,0,294.32,-133.25,-686.03,4.9342,391.52,-101.11,-450.29,40.21,-23.257,0,0
-5.1905,0.92163,-442.68,-171.47,245.58,-94.5,30.156,-29.627,136.31,225.86,94.646,220.52,48.088,-78.153,0.98205
1.299,9.3546,-569.25,338.18,304.1,-69.784,-13.94,68.621,649.57,136.34,624.7,-245.42,-100.19,0,0
0,0,0,0,-528.19,95.941,-331.38,24.799,918.92,-73.363,-294.01,37.414,-26.767,0,0
12.99,17.743,-4.0556,-401.06,44.062,156.73,-312.27,207.08,177.11,-119.87,-213.02,-4.2082,-23.993,0,0
0,0,0,0,-481.33,409.83,-323.33,241.87,121.32,214.33,-227.03,13.711,-20.229,0,0
-3.4641,-16.105,426.67,126.6,150.38,187.85,146.04,-298.44,142.15,57.583,-99.634,-106.72,-393.99,0,0
2.5981,-1.6716,-18.696,-26.264,-1.2922,-246.01,-585.13,258.99,41.606,-100.66,37.135,-286.65,-20.878,0,0
-6.9282,-15.306,-13.067,-319.53,86.833,85.763,-109.55,-37.526,513,407.89,-114.16,-430.25,-24.758,0,0
-3.4641,18.52,1.8774,-47.635,122.09,130.15,105.41,157.9,-131.77,-8.9746,-149.47,201.61,-297.3,0,0
0,0,0,0,73.032,23.944,-561.95,196.81,324.73,41.251,-336.53,0.30713,-18.623,0,0
13.856,16.926,2.5849,-463.51,99.699,-98.443,-43.643,-158.93,192.15,-181.5,331.54,-116.43,-20.378,0,0
-11.258,-1.6878,3.3415,-502.31,182.33,108.2,-1.1775,-140.79,74.215,475.51,99.439,-176.59,-24.062,0,0
0,0,0,0,-518.58,266.22,-361.6,218.73,692.31,50.697,-169.05,-19.346,-27.184,0,0
13.856,16.926,2.5849,-463.51,137.57,-130.1,53.197,334.63,167.77,346.41,22.438,162.43,-88.526,0,0
14.722,18.036,-4.6226,90.735,381.24,5.2034,-119.52,166.92,39.125,827.76,-138.43,-116.8,-27.415,0,0
-4.3301,2.2631,10.025,-388.62,207.38,188.98,-279.18,184.02,298.9,366.88,-18.939,-41.169,-30.113,0,0
-7.7942,-5.9264,0.43301,-257.86,56.328,-90.141,-95.55,-842.32,494.34,-520.38,-112.26,0.94976,-15.362,0,0
13.856,16.926,2.5849,-463.51,497.45,-64.784,-127.86,-317.72,286.34,-376.6,-120.52,-6.2371,-21.121,0,0
-4.7631,4.8236,2.549,359.81,25.435,3.033,-90,74.67,-338.61,171.79,-639.81,-157.43,-22.399,0,0
-8.2272,4.4707,-5.5556,-241.18,163.46,34.947,-142.06,-9.387,436.07,1082.9,-503.08,-61.812,-23.908,0,0
-4.3301,-5.6896,-4.9869,-14.496,60.347,-36.835,-8.9991,160.74,-313.51,420.62,-228.38,-338.22,-18.446,0,0
13.856,16.926,2.5849,-463.51,247.66,0.64821,-193.18,-249.2,363.11,514.15,74.348,-179.47,-24.906,0,0
6.0622,41.557,7.7841,113.88,366.54,-302.84,133.37,-447.68,-34.055,709.37,-367.59,-289.91,-29.826,0,0
0,0,0,0,-299.88,207.01,236.91,-882.29,289.44,-633.21,-118.97,-17.563,-25.818,0,0
-5.1962,8.6962,3.5,-352.25,121.41,200.27,-20.591,-147.85,-2.7592,736.46,-817.11,29.577,-19.657,0,0
0,0,0,0,-380.92,-17.937,153.42,669.45,937.16,5.6983,-144.5,5.346,-23.286,0,0
-13.856,-22.337,-20.498,182.41,380.59,16.729,-262.99,-615.2,324.05,-144.54,-64.709,-213.34,-208.37,0,0
0,0,0,0,107.01,123.72,266.93,-466.02,38.837,439.81,-390,-2.9492,-15.817,0,0
0,0,0,0,131.25,140.15,-754.69,46.144,252.63,107.7,-280.06,15.717,-20.994,0,0
9.0933,24.19,2.5359,-356.26,157.36,103.58,35.231,-190.39,-296.28,267.75,542.23,-216.87,-28.507,0,0
13.856,16.926,2.5849,-463.51,226.79,578.63,-155.96,-171.74,-894.56,-1.1006,454.79,-228.44,-26.366,0,0
-12.99,-18.855,90.732,272.86,74.515,-251.63,45.86,-181.16,-48.02,-301.6,441.01,88.633,-360.75,0,0
-33.775,-20.681,-86.857,152.43,116,103.81,-7.1469,151.12,-732.84,346.88,1396.5,-383.76,-26.99,0,0
0,0,0,0,-221.65,-288.21,43.523,282.55,-199.31,61.195,-121.87,-71.89,-22.804,0,0
-36.373,-13.546,3,-339.01,307.04,366.99,-60.224,223,237.03,-31.533,293.37,113.44,-97.632,0,0
12.99,17.743,-4.0556,-401.06,92.519,177.47,-45.786,6.2211,197.74,-237.72,-125.6,-89.926,-29.445,0,0
0,0,0,0,-420.71,-380.4,76.353,31.487,131.18,210.07,-369.28,22.863,-20.45,0,0
0,0,0,0,-414,352.58,405.33,-346.47,242.68,-205.39,-91.369,4.3502,-19.75,0,0
3.0311,6.5,3,-329.38,203.5,190.93,-9.7862,-665.99,451.91,581.27,162.86,-162.53,-18.93,0,0
6.9282,35.526,16.938,68.404,-59.871,50.51,21.355,-388.25,242.28,-72.548,-175.25,-2.9369,-19.032,0,0
6.9282,-6.7763,-12.768,125.79,-251.34,191.41,350.37,-186.1,266.77,-14.641,-284.78,-96.981,-28.655,0,0
0,0,0,0,-392.5,137.01,-51.231,269.75,-58.059,25.578,-162.31,5.5349,-18.19,0,0
-18.187,-6.7728,1.5,-169.5,68.436,-4.8501,243.57,-189.18,240.61,419.35,210.97,-160.09,-22.098,0,0
3.4641,10.018,-8.3905,203.94,144.1,-113.57,40.218,-23.305,-148.82,-68.629,7.9641,72.098,13.54,-196.88,-9.5263
0,0,0,0,2.6424,-89.655,364.52,-354.21,15.01,45.126,-504.04,-3.5996,-18.137,0,0
-13.423,0.01971,3.933,-7.0873,11.657,77.878,-209.13,68.385,-444.87,443.85,-854.64,-6.1884,-19.854,0,0
0,0,0,0,-385.3,376.39,54.722,-30.72,-117.52,-1.0927,45.423,-36.677,-14.964,0,0
-4.3301,2.2631,10.025,-388.62,202.66,386.39,-157.48,52.439,-611.5,-92.853,-356.53,-90.205,-26.357,0,0
0,0,0,0,-640.75,357.76,147.18,-688.02,411.27,1329,-410.55,-14.266,-13.387,0,0
2.1651,10.141,-3.2386,-354.7,151.82,-139.45,53.513,131.56,-117.07,-182.12,13.601,-80.582,-22.882,0,0
0,0,0,0,-493.8,11.282,151.01,57.612,130.13,130.66,-142.06,10.44,-22.667,0,0
-5.1962,-11.482,7.4952,-261.12,263.84,-212.39,-267.07,-91.013,230.92,224.12,291.07,-400.29,-20.172,0,0
0,0,0,0,-338.98,-29.661,-67.372,135.03,195.02,266.07,186.03,-85.253,-19.945,0,0
1.7321,-11.428,-17.647,100.18,-49.578,80.999,11.655,-453.5,366.14,1057.3,-766.36,-8.4839,-17.229,0,0
0,0,0,0,-559.69,237.18,-28.92,244.39,794.58,-12.126,-157.37,-8.5667,-24.644,0,0
10.825,13.926,-14.435,29.938,348.51,-142.33,-15.331,147.96,0.1817,862.95,-700.01,-18.557,-26.533,0,0
0,0,0,0,-478.12,205.09,-58.696,220.89,83.127,396.18,-125.24,17.131,-20.744,0,0
0,0,0,0,331.95,295.18,-151.75,-882.62,235.76,526.08,-565.72,-14.224,-23.847,0,0
0,0,0,0,132.83,37.548,-21.308,-401.8,36.838,456.64,-650.16,-11.446,-24.981,0,0
6.1357,6.7491,-1.8954,-313.76,89.834,-246.63,159.94,73.093,-254.75,31.966,-127.97,-64.89,-18.074,0,0
2.1651,10.141,-3.2386,-354.7,204.99,33.023,7.5613,-560.2,300.56,158.86,-506.13,-21.466,-27.871,0,0
0,0,0,0,-739.86,384.22,-257.4,-220.36,794.82,450.69,-223.29,26.05,-25.481,0,0
4.3301,-0.7141,79.01,108.13,-8.5662,123.8,51.178,-314.83,164.69,253.71,-645.43,24.119,-232.35,0,0
0,0,0,0,-254.02,353.17,-104.91,-442.77,312.48,-360.34,-396.21,18.546,-22.843,0,0
0,0,0,0,4.6265,-517.18,312.24,875.32,771.27,-187.73,-72.265,12.851,-12.378,0,0
0,0,0,0,134.38,164.56,-196.8,-314.36,602.93,-115.64,-1133.7,-4.428,-19.623,0,0
15.704,18.495,-0.3297,233.38,138.14,-0.32388,74.577,-365.27,373.36,82.863,-128.45,251.72,-156.21,0,0
-13.74,27.054,260.05,505.69,-222.22,-95.57,189.59,-71.294,-205.4,28.525,942.54,-84.548,-348.13,0,0
-2.5981,-11.995,-671,189.91,352.05,-143.25,150.51,78.74,-92.76,-52.893,-3.1095,-101.28,40.43,-47.003,-1.7321
0,0,0,0,96.167,404.36,-119.62,-648.15,501.5,930.91,-725.97,-14.189,-17.981,0,0
-9.0933,0.64711,-498.6,-52.609,330.07,-154.19,46.937,-18.352,141.7,105.18,543.23,-210.85,-22.453,0,0
0,0,0,0,485.42,0.98982,-305.04,52.512,725.48,-97.082,-874.17,17.874,-16.51,0,0
0,0,0,0,-261.07,395.62,226.48,133.29,-196.95,106.7,7.8612,-90.552,-21.706,0,0
0,0,0,0,-309.96,272.86,-270.54,-117.13,1112.3,-182.99,-108.89,-28.459,-30.783,0,0
-25.115,-12.889,-320.16,52.901,91.021,42.643,205.57,-71.983,283.61,202.92,-541.64,-112.95,-17.082,0,0
-28.405,-13.353,-0.61515,-330.98,-80.957,234.49,13.56,-10.749,145.52,-292.76,75.563,-64.393,150.96,-70.434,-0.86603
13.423,-18.838,-423.17,155.68,135.59,-8.3105,-371.27,336.87,-23.633,-379.72,173.92,-218.2,-50.539,0,0
-7.7942,-1.1274,-9.2631,-370.06,268.95,-198.17,116.17,231.97,-131.47,-19.725,-190.21,-89.315,-18.178,0,0
-0.86603,-13.879,-297.22,98.299,129.94,-57.953,83.298,-204.37,179.82,450.35,139.7,548.53,-202.81,0,0
-5.1962,8.6962,3.5,-352.25,119.97,443.22,-169.94,5.3197,26.156,53.01,-319.82,-60.418,-29.611,0,0
-11.258,-1.6878,3.3415,-502.31,510.65,87.793,-35.014,-316.25,161.48,272.35,115.53,-105.95,-17.335,0,0
0,0,0,0,70.11,584.38,-183.93,-462.36,-289.06,170.9,-548.44,-4.3591,-28.716,0,0
13.856,16.926,2.5849,-463.51,127,276.16,-512.06,277.37,-102.48,-295.35,285.79,-109.45,-18.438,0,0
-2.1651,4.2386,14.982,-63.996,188.97,-59.258,-93.71,-46.14,-102.96,1012.4,-32.899,-133.35,-26.648,0,0
0,0,0,0,3.8673,385.23,-333.14,9.047,-16.906,-67.716,-282.73,0.83013,-10.915,0,0
10.398,18.183,-11.525,113.45,44.525,-47.996,-0.98686,75.214,-146.21,243.38,538.95,-505.46,-162.08,0,0
-8.6603,-11.281,-13.67,-398.49,284.92,-101.98,10.862,-110.42,542.38,56.566,-278.38,-384.25,-14.774,0,0
0,0,0,0,371.94,153.4,30.987,259.15,589.78,59.827,-714.08,1.3232,-24.183,0,0
0,0,0,0,248.9,189.21,82.32,-504,727.26,-66.252,-143.14,-116.83,-10.045,0,0
-10.392,-5.5784,2.5,156.42,172.35,-153.53,281.89,-128.47,-99.195,287.89,-237.64,-278.72,-20.625,0,0
14.722,0.56523,206.15,49.122,178.31,-63.424,173.87,159.36,-170.68,406.11,140.47,-652.51,-246.97,0,0
-5.0801,-21.409,-16.372,561.57,-113.28,-131.74,190.31,-94.098,-333.1,216.63,333.02,-824.94,-18.054,0,0
-4.3301,2.2631,10.025,-388.62,17.582,-80.149,-126.11,-1130.7,586.91,-737.17,-29.841,-12.263,-18.358,0,0
10.392,23.141,-10.551,-61.318,278.92,18.96,-163.77,-92.549,107.66,158.82,-150.24,-143.29,-16.25,0,0
0,0,0,0,-39.115,442.94,-52.108,-46.709,-115.59,538.77,-303.43,2.3251,-26.291,0,0
-11.258,-1.6878,3.3415,-502.31,271.08,118.62,91.011,160.54,-598.29,610.32,350.12,-190.63,-28.93,0,0
-6.6613e-016,11.94,-11.886,2.0213,2.328,-64.381,114.29,-1008.5,317.27,1255.6,-416.92,-14.946,-18.045,0,0
-7.7942,-3.951,-418.41,99.274,228.12,72.755,70.287,-262.98,493.91,1032.3,-232.9,-65.976,-16.162,0,0
9.0933,1.3529,-317.05,76.86,108.99,26.67,182.13,589.57,-80.222,-11.458,-338,142.7,-88.946,0,0
-7.7942,-5.9264,0.43301,-257.86,79.962,91.131,88.189,-261.59,110.91,791.71,-373.23,-47.635,-16.91,0,0
0,0,0,0,267.19,218.65,-493.62,78.128,15.822,299.14,-443.93,15.446,-20.823,0,0
0,0,0,0,36.112,-309.4,82.309,354.34,-178.95,-21.633,80.58,-313.95,-25.957,0,0
6.9282,35.526,16.938,68.404,116.92,67.262,-97.702,-451.71,370.55,425.11,-554.64,36.376,-19.872,0,0
10.825,13.926,-14.435,29.938,327.58,-2.4302,130.5,129.81,-93.056,61.274,538.07,-167.64,-25.006,0,0
1.299,3.0425,-242.27,223.73,9.9316,131.08,-131.09,91.123,-18.894,-58.406,94.006,-80.668,-63.662,0,0
-22.084,-3.6077,2.5736,-180.38,-43.208,-34.875,-102.29,293.08,75.375,49.435,26.447,26.361,-65.302,0,0
4.3358,7.0736,-3.7933,-566.38,-55.934,-206.28,99.653,-245.42,-60.145,805.19,19.917,-109.88,-32.617,0,0
7.3612,7.7925,-3.2207,290.37,229,-118.83,-28.331,-457.6,213.54,137.6,-582.61,0.30713,-35.291,0,0
0,0,0,0,-147.56,116.31,144.73,-327.05,-642.65,935.41,-579.8,3.3857,-23.164,0,0
4.3301,10.299,7.134,-217.2,130.33,271.52,-414.02,157.52,-56.101,39.4,160.54,-118.73,-28.872,0,0
0,0,0,0,145.38,66.641,-25.505,-786.88,318.47,-269.06,-231.16,0.83822,-16.929,0,0
0,0,0,0,56.322,136.7,-328.2,101.87,260.5,450.37,-310.34,-3.5204,-21.527,0,0
-5.6292,-4.7925,0.70753,-247.55,67.576,224.51,-220.95,-328.22,834.15,804.51,-499.47,5.6673,-21.77,0,0
2.1651,10.141,-3.2386,-354.7,76.897,81.861,-17.142,76.801,270.71,28.948,-505.84,7.3367,-14.08,0,0
-25.548,-19.634,-12.407,227.21,352.18,80.781,-66.518,-4.9533,-170.4,283.06,202.41,240.24,0.38112,-196.88,-9.5263
-11.691,-7.8954,3.866,-167.45,151.01,-30.575,-15.515,306.75,198.51,583.88,-736.66,-16.643,-17.316,0,0
4.7631,13.482,2.9019,-73.546,273.79,281.61,-254.5,128.55,197.14,-2.4519,-514.64,14.178,-20.531,0,0
-12.99,-7.3529,-15.879,-181.42,316.29,293.64,-247.84,-861.59,392.16,636.46,-716.5,-15.42,-22.377,0,0
12.99,17.743,-4.0556,-401.06,278.07,131.62,90.27,122.72,242,-288.88,47.476,-64.664,-17.097,0,0
0,0,0,0,-663.44,453.19,73.774,-721.74,492.16,-100.43,-182.02,-15.915,-23.611,0,0
12.99,17.743,-4.0556,-401.06,202.35,119.76,53.748,-24.927,242.41,665.56,-475.39,-22.905,-21.554,0,0
0,0,0,0,82.586,275.46,-202.93,-409.52,344.94,1012.7,-618.66,1.1307,-19.152,0,0
3.8971,5.683,9.6405,-391.83,159.54,37.538,-529.89,350.52,290.66,-82.569,83.652,-79.624,-24.647,0,0
-2.1651,-0.63397,0.40849,-243.93,152.37,307.97,-14.326,-190.13,189.04,86.927,18.532,-263.59,-23.666,0,0
-15.155,-0.27276,4.5,-498.89,256.96,117.1,-347.66,-362.6,138.23,0.93417,213.62,-150.38,-28.094,0,0
-10.825,10.294,-61.458,242.31,-15.338,8.4085,-32.64,-2.4264,-201.91,190.77,195.52,54.363,-271.42,0,0
-11.258,-1.6878,3.3415,-502.31,114.75,-216.78,243.57,-98.616,-250.45,-80.645,-49.505,-109.6,-23.427,0,0
-20.352,-9.0897,-2.299,-46.649,318.14,-139.74,-242.82,-253.21,336.25,20.681,161.91,-122.47,-23.146,0,0
-9.0933,-7.1651,-18.127,-120.09,-16.619,200.25,-103.82,-254.08,240.32,145,60.013,-278.35,-25.046,0,0
-5.6292,-4.7925,0.70753,-247.55,171.31,-26.625,-408.23,285.44,410.16,-183.28,-156.13,-30.606,-26.306,0,0
0,0,0,0,64.288,405.04,-39.246,62.071,112.75,314.06,104.69,-272.3,-26.041,0,0
3.0311,-10.886,-22.58,64.992,-31.733,-122.72,-23.317,82.52,96.754,-72.355,159.89,169.62,-112.92,0,0
5.1962,23.696,5.8954,137.44,85.271,-211.61,199.05,335.21,-214.66,47.329,52.48,64.387,-235.04,0,0
-15.588,17.137,7.2728,-108.87,62.754,-120.26,261.66,148.86,-141.05,314.74,91.325,-108.08,-27.203,0,0
-6.9282,24.222,3.5521,-253.39,3.6455,-37.17,-225.36,140.51,116.08,-69.611,-16.336,314.61,-243.2,0,0
-17.754,5.1244,-1.9952,-159.14,83.691,-74.048,-408.48,308.35,216.71,-359.78,374.56,-183.71,-18.902,0,0
2.5981,8.7321,-3.4952,185.81,195.95,-73.387,184.55,-1.7015,-154.89,105.06,-155.16,-269.96,-21.046,0,0
6.4952,12.842,6.317,246.61,-84.56,136.24,-157.27,62.649,-126.16,94.721,-113.74,-182.3,-17.01,0,0
-4.3301,2.2631,10.025,-388.62,351.52,-7.7411,-56.612,-162.84,-238.6,240.25,36.143,-96.791,-24.2,0,0
-7.7942,-5.9264,0.43301,-257.86,241.66,67.462,-105.23,199.27,40.786,82.771,-91.829,-59.034,-19.513,0,0
0,0,0,0,96.315,173,161.34,-77.421,-30.552,88.204,182.52,-284.94,-25.449,0,0
2.1651,10.141,-3.2386,-354.7,206.86,221.14,-16.359,101.12,-158.32,111.81,321.34,179.54,-96.799,0,0
-12.99,2.2338,-325.48,48.557,89.694,38.571,-33.481,58.578,-95.144,159.37,54.835,-511.65,-23.659,0,0
1.299,-6.8546,-9.567,14.644,107.82,39.871,188.22,-26.421,-161.95,-39.095,59.351,-301.14,-26.764,0,0
6.0622,7.2255,-0.0065699,-217.87,131.82,-306.34,-186.8,-142.41,-133.28,96.008,-17.145,-247.04,-18.918,0,0
-36.373,-13.546,3,-339.01,51.309,60.93,422.9,-92.495,202.28,78.379,107.73,158.71,-94.298,0,0
13.856,16.926,2.5849,-463.51,115.3,-92.642,360.51,132.08,79.132,-5.3151,20.821,25.605,-96.03,0,0
-5.6292,-4.7925,0.70753,-247.55,201.75,189.94,219.58,142.6,-84.139,19.102,7.6335,-55.554,-18.957,0,0
7.7942,10.609,-6.6471,-315.61,207.38,-382.36,25.364,-4.9998,-71.93,22.444,-8.856,-216.55,149.87,-55.902,-2.8514
-11.691,-7.8954,3.866,-167.45,19.507,141.9,169.87,247.82,90.663,175.61,-29.208,-68.685,-26.646,0,0
3.8971,5.683,9.6405,-391.83,42.479,99.193,-124.28,-151.82,529.07,1154.2,-372.48,-16.757,-20.505,0,0
0,0,0,0,285.35,36.229,73.304,-29.238,28.248,84.486,-223.17,-160.04,-23.928,0,0
0,0,0,0,-88.158,-42.23,73.821,-265.13,-137.14,225.99,153.04,-279.78,-21.347,0,0
0,0,0,0,-29.601,-112.47,98.982,-149.62,166.94,309.71,-298.29,6.677,-14.719,0,0
2.5981,30.441,13.706,79.551,109.13,212,125.12,64.242,405.77,-11.352,-60.243,-73.534,-22.51,0,0
0,0,0,0,113.96,48.306,168.53,205.4,-155.42,74.545,477.87,-153.1,-23.638,0,0
11.258,4.3888,-16.623,-57.036,34.809,-5.9679,-124.8,-240.2,90.715,70.802,-209.34,-86.932,-19.003,0,0
0,0,0,0,74.009,241.53,-67.984,28.534,-107.5,272.71,-605.61,22.61,-19.255,0,0
-5.6292,-4.7925,0.70753,-247.55,17.409,353.66,-10.97,32.763,-179.21,295.51,-73.058,-83.649,-21.449,0,0
0,0,0,0,-129.82,194.07,-93.103,-50.484,-23.276,0.68492,190.26,-216.2,-22.097,0,0
0,0,0,0,-243.13,278.29,28.267,278.02,5.4759,126.76,121.82,-114.69,-15.895,0,0
9.099,7.134,96.441,35.961,-140.62,44.251,-185.99,-192.41,604.07,103.85,369.95,-532.28,-24.494,0,0
3.0311,6.5,3,-329.38,134.17,-15.059,-104.02,45.01,-114.45,46.074,14.162,-1.4759,-89.001,0,0
0,0,0,0,-46.945,44.791,232.87,-64.182,200.59,94.61,141.63,-236.16,-28.035,0,0
-2.1651,-3.2811,-3.9199,60.944,86.115,20.619,-298.14,3.8785,91.649,62.761,-586.32,-16.354,-21.958,0,0
-4.3301,2.2631,10.025,-388.62,80.784,186.15,-145.36,-72.823,590.45,348.6,-163.85,-96.459,-27.699,0,0
-7.7942,-5.9264,0.43301,-257.86,49.947,-374.34,-5.5425,271.38,241.73,140.99,11.344,-103.25,-17.589,0,0
0,0,0,0,-22.714,35.317,62.742,-184.43,200.32,2.7222,-604.38,-8.5254,-18.183,0,0
3.0311,1.3595,6.4151,-279.47,203.86,-8.3909,217.06,86.956,-47.318,247.7,101.21,-114.58,-17.592,0,0
-3.4641,-11.312,-10.279,225.86,84.264,-68.093,274.45,-98.754,232.78,169.08,-14.518,-498.28,-24.864,0,0
4.7631,20.665,-11.446,105.83,-3.4571,-141.69,-498.98,-27.76,351.32,-23.336,-754.39,-3.6017,-20.837,0,0
5.1962,-3.9282,-9.4264,230.82,143.22,71.512,103.85,-149.63,106.91,280.66,-34.438,-293.54,-20.29,0,0
0,0,0,0,-89.744,362.47,158.12,-793.95,340.81,-302.73,-131.3,5.7111,-24.406,0,0
7.3612,4.884,-239.56,46.231,-102.06,92.402,299.22,25.274,-184.04,89.742,227.46,-457.4,-24.592,0,0
0,0,0,0,74.32,78.238,-32.888,57.365,314.96,338.79,-315.31,23.307,-23.49,0,0
-7.7942,5.5018,-428.54,140.5,80.079,-39.99,50.648,117.31,-181.84,-68.499,4.2705,19.86,-120.45,0,0
0.86603,4.616,-345.28,136.4,154.18,-158.42,-253.49,-297.24,415.45,158.43,-698.01,-16.839,-21.908,0,0
-5.1962,8.6962,3.5,-352.25,360.22,84.146,-193.3,211.16,302.4,103.29,-704.58,7.0224,-27.634,0,0
-7.7942,-5.9264,0.43301,-257.86,197.21,-96.507,-1.8542,321.36,162.57,-198.02,-72.395,-225.32,-22.431,0,0
0,0,0,0,58.252,135.29,-139.15,500.32,-125.98,141.13,-459.67,0.089982,-23.548,0,0
10.825,13.926,-14.435,29.938,114.04,182.36,24.673,209.37,-98.467,-131.93,508.38,-175.46,-24.524,0,0
-0.86603,6.8301,-160.76,-80.588,-486,117.48,-141.45,333.9,-154.2,81.159,-161.22,-22.598,-22.8,0,0
-5.6292,-4.7925,0.70753,-247.55,175.13,-15.26,-131.65,217.52,-18.556,149.86,36.726,-85.6,-21.845,0,0
0,0,0,0,8.5254,212.37,-169.51,-581.92,401.93,56.034,-296.23,1.5171,-30.308,0,0
-7.7942,-5.9264,0.43301,-257.86,392.45,223.72,8.3482,-29.926,343.94,-81.532,182.48,-127.04,-20.371,0,0
6.4952,5.8595,-2.8236,290.4,-49.015,-22.67,26.552,349.35,68.732,119.42,155.77,-350.16,-23.059,0,0
0.86603,-8.1471,-332.12,212.77,-253.58,176.54,44.177,354.51,-25.388,-26.927,107.1,-29.433,-71.344,0,0
9.099,7.5359,-8.4698,211.55,268.13,6.4874,32.929,-847.61,169.5,936.62,-589.64,-8.8795,-14.374,0,0
0,0,0,0,-102.02,-25.507,-35.878,-766.65,543.47,971.55,-808.4,-5.8583,-11.173,0,0
7.7942,10.609,-6.6471,-315.61,239.1,460.06,-202.74,-1064.2,351.33,802.63,-451.03,-31.183,-30.223,0,0
-4.3301,-1.2679,0.81699,-487.87,195.12,178.41,-76.621,349.43,65.09,-464.91,944.83,-238.1,-18.786,0,0
-11.258,-1.6878,3.3415,-502.31,263.42,403.88,-156.11,8.036,108.8,-72.548,-175.25,-2.9369,-19.032,0,0
11.258,-8.5328,-14.567,-150.02,142.96,367.06,-391.82,339.43,61.045,34.154,90.874,-99.651,-23.121,0,0
-29.445,-8.4606,4.8415,-671.82,176.61,397.8,-141.05,-140.65,383.82,579.62,-460.65,-84.409,-23.749,0,0
3.0311,6.5,3,-329.38,271.61,99.245,-183.47,245.94,873.85,-321.43,-282.1,-6.447,-23.576,0,0
9.5263,13.384,-9.5018,65.122,84.833,253.46,-135.8,-941.22,360.45,393.54,-985.02,21.949,-18.478,0,0
-7.7942,-5.9264,0.43301,-257.86,93.717,320.14,-32.761,224.94,115.16,-53.444,-45.955,-123.12,-32.51,0,0
0,0,0,0,277.3,118.51,-77.164,534.33,464.67,-131.18,-277.5,-26.313,-25.205,0,0
0,0,0,0,-16.38,278.55,-154.62,-118.02,55.664,231.29,-424.28,4.2539,-29.287,0,0
0,0,0,0,-253.98,221.62,-97.433,-620.24,998.9,-893.74,36.422,-17.811,-18.28,0,0
0,0,0,0,200.82,83.838,-130.07,-784.69,401.76,974.68,-339.44,-10.024,-25.561,0,0
0,0,0,0,203.4,105.01,-96.964,-244.7,627.29,149.08,-441.21,4.2698,-17.848,0,0
0,0,0,0,8.1663,316.14,115.61,-166.61,78.091,583.28,-229.4,19.81,-20.672,0,0
0,0,0,0,-564.88,276.1,-390.56,364.53,-119.15,-15.396,24.538,-91.349,-21.816,0,0
-11.258,-1.6878,3.3415,-502.31,104.07,129.63,41.267,-75.396,253.17,159.46,-86.662,-98.046,-25.012,0,0
0,0,0,0,99.442,-357.58,-76.089,-297.38,283.32,95.526,-276.56,1.4841,-17.281,0,0
3.0311,6.5,3,-329.38,254.49,267.54,-256.42,35.971,916.84,-31.787,-931.27,-11.516,-17.874,0,0
12.557,14.444,-16.178,-658.86,397.4,-20.952,98.205,-208.16,733.96,1514.9,-455.83,-3.4698,-17.006,0,0
0,0,0,0,275.13,356.08,-186.39,-774.38,582.19,642.57,-253.63,-6.0081,-108.83,-42.568,-8.8818e-016
4.7631,13.482,2.9019,-73.546,375.01,40.129,-108.57,-470.52,149.23,307.51,-562.37,3.7093,-23.753,0,0
0,0,0,0,-573.1,190.12,-37.949,-661.3,-181.39,64.195,-116.7,-79.284,-26.966,0,0
0,0,0,0,213.4,108.45,-135.58,264.35,186.71,329.95,-428.2,-682.03,-343.33,0,0
6.4952,12.842,6.317,246.61,-12.086,254.8,77.943,-10.229,-12.987,29.491,48.753,-204.94,-25.652,0,0
9.0933,-16.325,-496.27,93.451,0.18082,-111.9,-187.24,-59.116,56.466,558.53,-55.089,-98.027,-30.585,0,0
6.9282,0.39535,0.031089,-88.866,-19.051,447.19,-429.18,300.5,51.346,70.801,499.26,-155.11,-22.033,0,0
0,0,0,0,264.35,212.26,161.47,-177.92,332.71,104.28,-116.96,-105.39,-17.975,0,0
12.557,35.154,-1.2828,-11.045,-87.518,-0.79859,-464.98,-173.51,227.66,72.595,180.5,-354,-25.307,0,0
-29.445,-8.4606,4.8415,-671.82,469.57,-26.783,-11.357,-663.22,126.63,-334.76,499.6,-124.12,-25.085,0,0
6.9282,-6.7763,-12.768,125.79,72.891,-128.83,10.371,-164.96,-432.49,253.78,-274.9,8.2364,-96.259,0,0
-5.6292,-4.7925,0.70753,-247.55,82.77,96.179,89.643,131.07,-68.028,53.556,81.22,-296.43,-20.132,0,0
2.5981,3.201,-9.1226,-587.18,217.26,46.84,82.212,2.7873,167.04,-90.483,166.91,-142.56,-29.605,0,0
-4.3301,-14.794,-16.536,238.99,498.84,-211.78,-165.8,-189.94,725.83,204.84,-84.328,-245.07,-22.897,0,0
0,0,0,0,-318.65,170.22,288.48,9.7219,-255.44,229.64,248.99,-132.94,-22.261,0,0
18.62,4.0832,-24.404,-235.36,20.802,118.17,7.8064,25.99,-136.5,-103.84,190.08,-223.27,-20.415,0,0
-0.86603,12.946,9.5915,-284.58,204,-136.69,-110.79,-826.86,440.38,-520.15,-298.07,12.71,-18.31,0,0
1.7321,-11.685,-177.59,115.01,265.23,57.934,-427.45,119.39,9.5382,66.962,-662.09,-312.71,-25.782,0,0
0,0,0,0,247.34,400.78,-99.518,345.83,696.83,-65.503,43.086,-310.16,-24.6,0,0
7.7942,10.609,-6.6471,-315.61,201.14,120.37,-172.49,7.3805,123.72,58.465,-233.79,-71.344,-20.182,0,0
2.1651,10.141,-3.2386,-354.7,134.23,129.88,-7.6779,616.66,11.331,493.43,-401.31,-8.5221,-26.144,0,0
-2.1651,-0.63397,0.40849,-243.93,182.32,408.17,-205.95,273.68,219.13,-217.66,180.94,-373.86,-25.103,0,0
-19.486,-21.243,-5.9689,152.03,234.7,-29.858,-93.104,-890.13,370.62,1017.5,-689.47,0.63093,-14.461,0,0
-2.1651,9.4151,-173.46,268.59,193.11,-52.607,-86.266,55.301,808.81,1175.4,-383.73,121.7,-91.538,0,0
-2.1651,-0.63397,0.40849,-243.93,104.44,162.47,-131.81,-278.63,611.89,98.033,-74.425,-66.189,-27.261,0,0
-5.6292,-4.7925,0.70753,-247.55,160.95,312.89,-101.18,107.61,136.95,56.457,-502.59,14.76,-100.74,-42.274,2.4976
3.4698,9.5066,-503.33,203.82,158.13,-2.8013,114.73,39.443,-366.17,178.45,271.18,-139.27,-3.5499,-38.034,-0.6863
0,0,0,0,133.66,121.07,169.97,-292.48,27.202,197.83,-34.553,-223.29,-23.447,0,0
3.8971,5.683,9.6405,-391.83,88.241,19.236,8.7386,9.7925,207.88,-18.63,-172.24,72.909,-90.817,0,0
7.3612,4.8708,-14.257,-74.474,126.98,-31.45,-46.95,47.532,-215.34,694.61,-213.43,-195.28,-16.615,0,0
0,0,0,0,515.96,143.41,-41.74,-308.59,512.57,408.29,-416.09,-30.547,-26.041,0,0
0,0,0,0,-431.41,-263.47,-0.68626,106.79,-231.1,463.67,52.277,-66.932,-26.017,0,0
20.79,12.078,-672.8,210.41,96.553,54.197,5.0849,-231.99,244.01,441.34,92.878,-509.03,-22.87,0,0
-1.299,9.5556,-3.7141,-573.99,334.78,0.94598,27.931,-2.7663,-40.286,-208.19,458.01,-469.32,-66.69,0,0
0,0,0,0,363.74,164.72,-20.205,-225.12,579.15,876.71,-875.73,-14.196,-12.777,0,0
-10.392,-4.5359,-14.879,-518.51,179.61,104.73,-33.732,37.076,-58.741,723.37,1.9515,-99.271,-15.656,0,0
-7.7942,-5.9264,0.43301,-257.86,76.803,183.33,96.905,47.903,-603.73,528.61,-111.22,-12.933,-52.085,0,0
0,0,0,0,105.41,-25.674,-64.961,-457.45,455.57,1508.2,-399.48,12.51,-11.012,0,0
-11.258,-1.6878,3.3415,-502.31,270.64,-59.94,-0.22548,55.902,-170.58,588.44,-98.419,102.27,-93.373,0,0
-5.1962,8.6962,3.5,-352.25,113.13,149.15,-12.964,65.58,-177.29,1094.9,-641.47,-43.052,-26.202,0,0
17.806,-255.02,122.79,11.738,-307.14,221.26,297.69,46.159,-87.875,159.72,84.895,-45.446,-112.03,0,0
1.384,8.0801,-39.745,-600.8,308.22,-17.198,63.174,-55.558,30.918,-169.38,291.47,172.42,-178.96,0,0
-6.6613e-016,11.94,-11.886,2.0213,-27.472,68.189,-651.98,137,539.01,16.095,-180.13,-16.252,-28.244,0,0
17.394,4.8813,232.45,-653.6,80.968,164.76,87.324,-94.983,132.08,-167.27,-113.89,103.89,-691.67,0,0
-13.35,-0.65761,8.6603,-920.54,47.18,100.16,119.65,83.595,65.47,-129.52,75.289,689.09,-248.55,0,0
15.161,21.915,-337.16,124.74,418.35,266.63,-233.18,-123.14,-39.427,248.5,51.316,469.36,-204.52,0,0
-4.3301,2.2631,10.025,-388.62,435.51,-195.64,-119.7,17.99,-59.713,442.32,-121.77,23.948,-134.04,0,0
-6.474,20.546,-14.701,-400.82,23.629,163.07,130.31,7.845,-73.999,-0.58105,122.95,648.25,-405.64,0,0
-1.9967,-265.4,117.2,-4.6764,156.6,362.85,-251.83,279.16,-13.76,-146.04,215.77,628.94,-224.03,0,0
-1.5637,-355.44,81.773,-156.31,-657.75,224.8,-10.59,204.31,-161.14,52.35,213.6,141.52,-139.11,0,0
3.9821,42.345,-418.13,177.48,74.757,24.762,287.29,94.961,-95.987,-161.94,296.84,-67.304,91.361,-136.81,1.299
-6.8759,15.679,268.27,-385.15,81.075,200.21,-21.852,24.21,-288.03,166.81,84.004,-256.23,-479.69,0,0
-7.7942,-5.9264,0.43301,-257.86,102.52,298.04,-91.047,283.91,85.686,282.16,-139.3,-68.325,-24.015,0,0
-6.9282,8.9527,-245.97,222.03,124.41,-93.191,-247.48,-132.34,691.48,518.22,-70.46,-135.13,-26.859,0,0
9.5263,13.384,-9.5018,65.122,190.16,114.8,-21.573,42.296,-75.768,260.63,-312.56,-233.6,-29.528,0,0
-2.5981,-6.3726,-7.201,-2.7931,201.72,389.03,-276.18,-128.31,-149.14,308.15,-332.12,156.46,-190.08,0,0
-5.6292,-4.7925,0.70753,-247.55,104.5,-27.417,-293.41,66.506,191.57,-180.69,231.99,-103.06,-23.132,0,0
2.1651,10.141,-3.2386,-354.7,316.19,244.87,370.86,322.76,100.81,-77.643,163.14,-83.472,-23.664,0,0
-2.5981,-5.8971,-141.69,98.239,196.29,114.62,142.75,124.94,138.52,351.96,-399.25,72.76,-109.95,0,0
0,0,0,0,225.29,115.72,-531.63,-22.456,179.94,-63.065,32.566,-218.89,-18.801,0,0
6.9282,0.39535,0.031089,-88.866,83.154,-223.34,306.52,116.1,156.43,-137.98,-156.56,-192.82,-21.101,0,0
6.9282,35.526,16.938,68.404,31.459,-218.51,69.687,286.25,214.15,274.36,-258.46,-229.98,-18.909,0,0
-4.3301,2.2631,10.025,-388.62,364.43,22.32,282.36,-128.77,-274.95,11.427,327.73,-124.9,-29.596,0,0
-4.3301,2.2631,10.025,-388.62,23.791,315.89,-30.094,115.51,31.413,-127.56,186.85,29.479,-96.422,0,0
0,0,0,0,137.49,277.37,13.152,56.539,-64.2,387.32,-602.97,-12.092,-28.951,0,0
3.0311,20.196,-253.03,150.35,63.444,-208.72,251.37,238.95,-300.48,59.803,84.607,-1048.6,666.72,-172.39,4.1716
12.99,17.743,-4.0556,-401.06,188.85,-47.944,-117.54,342.49,-82.398,278.37,-282.29,-23.087,-26.524,0,0
0,0,0,0,-305.05,284.06,-207,57.92,772.88,-477.71,-37.329,47.76,-21.069,0,0
0,0,0,0,-253.09,142.94,-136.24,-62.108,422.98,-168.61,-107.11,19.362,-23.533,0,0
13.856,16.926,2.5849,-463.51,78.146,175.65,-164.94,-142.14,255.15,114.48,-321.11,-66.471,-25.283,0,0
0,0,0,0,242.33,74.577,13.799,-61.617,738.84,249.17,-173.27,2.7626,-16.508,0,0
7.7942,10.609,-6.6471,-315.61,227.57,148.32,160.38,-149.45,498.32,40.05,-1066.9,57.931,-29.144,0,0
0,0,0,0,-72.179,41.83,-343.49,138.3,26.129,146.45,-488.48,4.0601,-26.219,0,0
-8.2272,4.4707,-5.5556,-241.18,133.27,-37.031,10.111,-48.986,195.73,614.72,-2.4874,-167.54,-27.048,0,0
0,0,0,0,-307.81,35.901,-50.708,-117.2,710.59,-736.17,966.33,-142.29,-30.664,0,0
-15.155,-0.27276,4.5,-498.89,624.62,-84.673,-61.453,437.96,1076.7,-559.12,22.068,-94.472,-23.085,0,0
-23.816,-7.2662,-8.1716,-295.63,171.49,114.05,-247.42,156.22,97.701,825.59,-310.36,-19.984,-18.949,0,0
6.9282,35.526,16.938,68.404,-45.438,-303.29,273.22,-24.105,192.17,41.878,220.09,-248.41,-27.908,0,0
13.856,16.926,2.5849,-463.51,179.82,96.302,-13.998,296.72,178.93,-44.696,563.76,-247.19,-22.984,0,0
-11.258,-1.6878,3.3415,-502.31,86.435,311.39,-65.784,50.07,-81.212,-90.714,61.259,214.62,-111.7,0,0
-20.352,-7.4067,1.9085,-413.44,64.438,-235.78,196.29,151.15,-83.513,254.09,545.34,-144.78,-26.879,0,0
2.5981,8.5736,15.415,-86.231,128.43,77.363,59.213,-214.28,-5.5215,-109.51,567.06,-199.21,-16.261,0,0
0.43301,2.9821,44.058,36.01,-28.434,-10.997,-286.74,258.34,179.09,72.566,150.45,516.17,-214.42,0,0
-18.62,-6.5114,-14.567,-38.042,53.374,16.256,-166.11,166.24,129.43,289.22,3.9484,-289.73,-23.863,0,0
-7.7942,-5.9264,0.43301,-257.86,331.03,-71.693,118.57,-166.09,5.6643,205.52,455.29,-175.09,-25.207,0,0
-12.557,-23.629,-347.72,191.2,-46.511,-44.532,-161.53,-96.941,74.117,156.47,-92.761,224.69,-297.73,0,0
-4.3301,2.2631,10.025,-388.62,294.49,-67.412,-15.871,-340.83,312.55,1010.6,-362.92,-22.627,-30.423,0,0
8.6603,-8.4593,-11.042,152.12,43.554,-53.518,-51.687,24.721,-34.716,207.91,512.05,-198.14,-17.987,0,0
-1.299,15.203,10.969,-67.453,187.07,118.37,92.426,2.8497,217.65,20.762,172.25,-326.71,-18.59,0,0
4.3301,294.62,-397.91,-78.064,192.74,-3.3433,-242.94,-69.778,-470.78,344.2,-662.83,-217.07,-26.898,0,0
0,0,0,0,312.25,-293.88,321.82,-79.823,-105.25,250.77,98.834,-171.45,-19.071,0,0
0,0,0,0,82.656,173.67,-231.03,222.36,161.25,-139.77,-236.27,-2.0837,-24.36,0,0
0,0,0,0,201.34,346.46,-29.73,231.1,159.89,82.991,-274.68,16.559,-26.019,0,0
0,0,0,0,-523.54,136.33,34.419,-20.706,-196.74,473.74,300.24,-136.89,-21.84,0,0
0,0,0,0,-372.31,155.17,-127.65,-283.15,321.99,306.22,172.46,-117.61,-22.041,0,0
0,0,0,0,-131.81,136.84,-44.693,-6.8163,49.888,463.75,-287.29,1.6438,-23.968,0,0
3.0311,12.116,-7.1896,-172.56,95.995,-49.873,-443.25,297.57,-61.914,244.45,102.44,-43.693,-24.631,0,0
-1.7321,7.6716,252.19,174.81,88.984,67.78,78.004,-255.53,51.134,282,398.05,-253.39,-24.259,0,0
0,0,0,0,-251.78,193.22,-336.32,382.36,116.87,-378.29,-30.522,30.09,-21.227,0,0
0,0,0,0,-23.105,-224.41,65.871,-49.609,147.13,103.6,-45.255,-15.093,-202.47,0,0
-10.926,22.059,-253.91,-13.357,22.701,36.298,255.27,154.58,-39.639,45.225,124.23,-204.77,226.22,-97.134,3.0311
-3.0311,17.319,-17.611,98.842,-322.71,151.22,-0.4661,116.95,-141.02,-101.98,13.79,265.65,-282.68,0,0
3.0311,6.5,3,-329.38,166.91,90.202,103.05,41.199,61.8,-42.495,-60.33,18.12,-83.867,0,0
-6.3367,-0.30922,2.1103,-2.3071,43.096,193.37,-251.53,-200.42,-81.397,62.315,-12.629,141.73,-320.4,0,0
-2.1651,-0.63397,0.40849,-243.93,257.8,308.84,342,51.184,-57.449,125.98,26.377,-63.172,-72.813,0,0
-20.352,-7.4067,1.9085,-413.44,163.17,-96.996,33.273,27.364,238.91,239.22,-123.17,10.145,-66.153,0,0
13.112,-8.4659,-174.74,54.486,42.432,87.086,87.689,-147.79,-119.21,-9.1856,-29.35,85.292,308.24,-129.08,7.7942
-10.825,-19.141,-162.52,110.06,-16.044,252.45,296.44,245.03,-54.815,-103.59,47.876,170.19,-334.25,0,0
-22.084,-3.6077,2.5736,-180.38,161.9,235.14,10.537,265.8,32.417,77.297,-323.34,-0.69287,-20.863,0,0
-14.722,-6.6029,-249.88,112.91,212.05,277.67,36.746,-205.84,-136.92,-126.81,170.13,273.09,-356.45,0,0
6.4952,2.7679,-656.85,93.46,178.22,177.07,-141.1,41.42,184.02,-114.12,63.727,-21.957,4.562,-68.55,-1.299
-0.25897,4.663,-9.1708,-233.15,324.83,-189.01,166.33,-83.457,-120.39,21.35,85.856,5.7482,-105.65,-47.003,-1.7321
7.3612,7.7925,-3.2207,290.37,-108.45,-152.16,159.15,36.16,6.7579,23.306,-105.8,-118.09,-235.84,0,0
0,0,0,0,64.949,-573.37,317.8,465.33,-295.44,76.343,164.6,-440.66,-19.938,0,0
2.1651,9.6962,-308.05,117.86,-86.646,99.724,204.96,33.094,-175.27,18.19,-113,245.24,-528.53,0,0
0,0,0,0,-670.6,367.94,162.52,56.47,-12.357,-102.29,-36.739,-64.596,-21.574,0,0
-9.0254,-9.1875,-7.1851,-42.728,-97.271,210.46,79.317,56.313,-64.566,47.557,126,17.632,-88.817,0,0
0,0,0,0,156.03,197.59,-122.09,840.48,-128.26,-479.27,-354.19,19.025,-17.071,0,0
-22.084,-3.6077,2.5736,-180.38,272.63,244.47,-54.833,680.51,446.69,-285.66,-184.24,-39.806,-20.474,0,0
0,0,0,0,-458.89,455.37,-152.77,-744.61,324.99,-705.76,-119.02,15.845,-21.386,0,0
-8.6603,3.2452,-8.2518,-139.07,194.79,-145.18,20.672,-113.84,748.87,1516.2,-451.95,-1.6274,-13.856,0,0
0,0,0,0,120,157.51,-248.35,-868.11,-14.183,-521.7,-73.771,2.43,-13.299,0,0
3.8971,5.683,9.6405,-391.83,121.17,377.67,-14.066,-348.64,401.89,430.58,-443.52,-65.113,-21.418,0,0
0,0,0,0,131.6,202.49,-141.06,-518.13,255.96,823.96,-601.06,-56,-24.677,0,0
0,0,0,0,-137.65,37.776,-153.72,-421.08,153.96,-17.428,-407.97,-8.4546,-24.08,0,0
-5.6292,-4.7925,0.70753,-247.55,30.497,34.491,12.036,831.49,-13.968,-1271.7,31.628,11.254,-9.3077,0,0
0,0,0,0,109.45,61.07,-71.973,-214.73,142.67,113.25,-108.57,-226.59,-25.522,0,0
0,0,0,0,-241.22,223.82,-8.3412,305.98,-88.151,-629.78,-4.4106,9.1594,-22.393,0,0
0,0,0,0,-497.44,71.619,48.954,-937.35,256.72,-741.99,-49.558,-4.505,-13.826,0,0
0,0,0,0,-381.24,-26.73,23.529,309.38,1751,-492.38,-0.1077,-10.418,-11.372,0,0
0,0,0,0,228.32,146.71,-158.49,535,182.8,-727.19,-376.73,8.2243,-13.966,0,0
-5.1962,-17.897,-218.56,219.49,5.8455,-13.096,44.734,-274.14,-480.46,-50.074,371.89,-45.692,-365.43,0,0
0,0,0,0,49.635,124.58,-481.25,576.19,79.264,-258.24,-206.72,-15.897,-9.5359,0,0
0,0,0,0,67.287,298.02,-77.405,208.56,436.56,-17.346,-384.96,10.821,-31.475,0,0
0,0,0,0,-130.69,81.965,183.27,210.65,-177.91,247.73,-460.62,11.498,-19.793,0,0
0,0,0,0,0.83724,160.3,201.73,-38.746,105,31.902,-40.645,-52.166,-369.24,0,0
0,0,0,0,-518.01,294.51,56.027,-107.21,6.9351,66.951,-61.151,-62.431,-18.172,0,0
0,0,0,0,-241.41,-107.67,237.09,103.24,-112.97,41.104,-361.88,27.717,-22.989,0,0
0,0,0,0,192.16,-20.752,77.924,-127.27,112.01,-225.99,-167.42,-156.31,-19.812,0,0
0,0,0,0,127.91,47.179,246.22,43.049,-52.654,-117.82,-372.38,230.34,-270.89,0,0
0,0,0,0,-494.5,-18.715,50.397,173.57,-40.758,0.45678,-329.45,-4.0547,-20.013,0,0
0,0,0,0,-141.12,-2.1157,14.616,280.8,20.821,187.79,111.19,-121.14,-25.219,0,0
6.4952,12.842,6.317,246.61,27.786,-116.68,130.06,-143.03,-90.511,49.974,152.55,137.35,-298.25,0,0
0,0,0,0,147.78,77.785,-298.44,-219.79,426.06,90.307,-519.29,0.42853,-29.035,0,0
0,0,0,0,-482.48,376.63,-56.914,301.48,60.288,93.496,76.252,-82.878,-22.292,0,0
0,0,0,0,-324.47,14.764,326.56,49.757,92.707,-343.9,-424.87,-12.493,-19.181,0,0
0,0,0,0,11.134,89.626,268.69,179.88,-49.598,87.069,-315.2,28.026,-20.086,0,0
0,0,0,0,222.08,-147.82,236.5,187.72,-87.526,-94.718,-326.88,-25.538,-20.808,0,0
0,0,0,0,-413.73,350.57,-312.59,418.07,-17.314,-40.049,362.23,-188.67,-23.409,0,0
0,0,0,0,17.199,72.171,299.61,4.4634,-149.93,-1.0847,320.91,292.93,-296.38,0,0
-8.2272,4.4707,-5.5556,-241.18,182.18,-219.66,-34.001,69.152,139.26,-42.72,-55.63,-273.25,-21.756,0,0
0,0,0,0,254.78,-165.58,363.54,472.23,27.693,-98.637,-198.26,-218.32,-17.773,0,0
0,0,0,0,-434.06,-499.61,78.539,81.984,27.314,58.783,73.538,-37.289,-24.446,0,0
-20.785,-13.145,-5.701,-172.3,210.82,43.336,-111.49,-337.54,611.99,-122.18,-297.42,-112.67,-19.336,0,0
0,0,0,0,-152.85,-44.775,190.69,49.554,6.1322,-102.59,32.95,-49.932,-21.122,0,0
4.3301,-17.234,-14.176,-287.13,74.945,179.78,99.979,359.47,18.551,112.1,151.19,-46.175,-25.501,0,0
0,0,0,0,234.18,-50.341,-21.648,286.51,114.26,195.47,-411.85,31.641,-20.514,0,0
-25.115,-5.9002,1.366,-270.38,272.86,-351.95,394.36,201.75,-21.832,-123.43,183.94,-223.83,-22.78,0,0
-9.0933,-7.1651,-18.127,-120.09,127.15,197.83,380.02,198.27,60.536,-13.512,-8.5556,148.52,-112.38,0,0
-23.383,-13.931,-347.96,-33.186,-93.682,-375.78,-69.534,219.94,247.86,135.82,107.08,-1.2263,-89.67,0,0
0,0,0,0,-383.77,220.16,73.414,82.638,-187.03,131.74,-25.078,-79.883,-22.509,0,0
-1.7321,-21.319,-227.74,293,-169.98,-92.654,146.79,-399.67,166.88,71.33,239.88,-172.82,-23.472,0,0
3.8971,10.958,-2.9886,-65.8,161.09,-271.22,23.211,-185.7,162.65,70.61,66.415,-186.46,-30.45,0,0
6.9282,-6.7763,-12.768,125.79,82.591,54.603,-37.213,-29.708,-55.871,125.75,257.71,-239.12,-23.811,0,0
6.4952,5.5359,-523.38,29.781,6.2418,-64.561,-6.4722,-235.08,-0.86525,304.1,79.568,-159.55,-23.525,0,0
0,0,0,0,316.57,29.209,217.27,96.263,75.611,-26.905,-484.08,-11.652,-18.913,0,0
0.43301,-61.216,47.334,-536.68,205.6,-13.026,246.32,-8.9998,-179.63,-141.77,278.29,-480.05,-19.804,0,0
18.187,28.75,-173.52,-510.52,345.21,-396.24,207.47,198,-121.77,197.57,118.14,-135.51,-69.873,0,0
12.99,17.743,-4.0556,-401.06,171.33,351.8,181.64,54.554,-157.82,140.13,27.169,-333.08,-24.313,0,0
9.5263,13.384,-9.5018,65.122,155.43,-50.383,48.472,197.33,-123.75,343.83,-225.88,-104.37,-27.865,0,0
-11.258,-1.6878,3.3415,-502.31,225.25,152.14,-36.441,-36.886,187.94,-237.75,47.83,328.8,-155.84,0,0
2.3546,17.837,-170.7,60.732,113.8,18.451,-44.93,-59.718,20.759,97.542,-72.7,-285.17,-20.226,0,0
-7.7942,-5.9264,0.43301,-257.86,-33.185,64.516,-387.94,203.07,644.3,38.153,-178.6,-12.025,-23.531,0,0
0,0,0,0,215.63,157.13,-175.38,150.1,512.3,-1047.3,41.038,20.062,-21.496,0,0
0,0,0,0,-349.44,140,3.4857,185.72,616.09,421.09,-229.75,0.55385,-16.502,0,0
11.258,-8.5328,-14.567,-150.02,-72.142,-138.41,79.511,-434.81,869.24,757.74,-389.88,-28.57,-19.489,0,0
6.9282,2.1208,-5.5425,315.02,127.06,-75.2,-143.33,-222.51,280.11,250.67,-712.58,-0.70392,-23.719,0,0
0,0,0,0,347.27,237.77,-234.49,129.05,229.93,473.63,-362.88,-0.96771,-20.971,0,0
0,0,0,0,294.8,214.54,-3.504,164.7,138.52,-90.216,-516.01,-7.8962,-21.056,0,0
-10.392,-4.5359,-14.879,-518.51,129.96,254.84,-425.08,-286.49,67.37,197.1,345.94,-177.31,-28.627,0,0
0,0,0,0,-404.54,218.13,-94.997,76.703,67.731,91.45,353.28,-81.826,-27.463,0,0
2.1651,10.141,-3.2386,-354.7,366.36,33.867,-55.137,336.82,180.71,134.91,-79.952,-84.104,-21.961,0,0
0,0,0,0,-12.845,276.28,443.84,3.788,-24.938,-98.637,-198.26,-218.32,-17.773,0,0
0,0,0,0,-424.41,189.49,129.38,220.38,124.55,-146.01,-58.575,-77.899,-21.399,0,0
0,0,0,0,500.77,-3.2588,-562.17,15.38,471.09,-48.025,-245,17.328,-28.989,0,0
0,0,0,0,25.482,-154.71,193.93,6.8198,-87.497,-204.04,-319.18,10.516,-22.025,0,0
2.5981,3.201,-9.1226,-587.18,219.31,188.7,-16.491,-61.275,-249.21,933.64,-387.14,-92.795,-30.24,0,0
0,0,0,0,-508.08,93.401,488.48,-65.719,-24.88,218.4,-242.71,28.004,-28.418,0,0
0,0,0,0,-413.28,453.72,378.34,351.08,-176.6,-480.78,104.42,-310.25,-20.316,0,0
-3.8971,7.5311,-3.4575,281.48,346.58,-135.53,-28.296,554.83,45.507,-109.95,-111.41,-318.01,-20.466,0,0
0,0,0,0,77.231,164.39,18.499,126.75,241.55,-54.586,-248.46,-150.27,-22.559,0,0
2.4764,-14.517,-163.99,16.441,-327.24,63.135,124.65,-89.565,-143.93,-9.7636,48.555,-72.266,83.359,-22.669,-0.54335
0,0,0,0,2.336,-21.279,-43.099,-20.591,236.83,-64.957,335.28,-320.04,-28.786,0,0
0,0,0,0,-12.482,-39.106,192.68,-34.659,40.625,-71.394,183.69,-197.31,-22.523,0,0
0,0,0,0,32.724,-48.746,52.767,217.72,91.614,97.857,-278.81,47.128,-19.482,0,0
0,0,0,0,-492.43,145.6,340.92,-177.56,235.2,-173.94,-67.838,17.743,-18.493,0,0
0,0,0,0,-271.19,78.291,205.91,11.469,113.25,221.31,-316.16,1.3648,-17.481,0,0
3.8971,5.683,9.6405,-391.83,233,237.07,206.54,194.45,27.397,-202.58,210.76,-78.705,-21.808,0,0
6.9282,35.526,16.938,68.404,-69.42,170.29,-473.35,-4.1098,10.252,54.523,73.974,-174.43,-21.019,0,0
0,0,0,0,-502.25,180.13,17.498,19.733,79.155,88.446,-231.69,-31.605,-16.798,0,0
0,0,0,0,-186.67,271.93,210.25,-134.67,-200.37,61.97,126.82,-236.87,-18.938,0,0
0,0,0,0,-21.668,172.19,-53.047,20.608,-28.926,80.012,70.581,-70.212,-22.281,0,0
0,0,0,0,-500.25,322.03,274.44,181.72,-256.03,68.063,-228.58,-39.274,-25.571,0,0
7.7942,10.609,-6.6471,-315.61,131.21,199.34,274.36,285.52,46.488,232.23,520.35,-175.64,-29.723,0,0
-20.352,-7.4067,1.9085,-413.44,110.75,58.034,-319.02,345.68,21.867,91.024,148.71,-345.68,-22.635,0,0
-3.4641,18.52,1.8774,-47.635,-194.33,305.94,-53.142,139.1,129.23,156.21,-118.42,-296.7,-23.711,0,0
0,0,0,0,-149.88,128.26,198.41,189.22,-2.6417,90.153,-142.65,-20.751,-16.278,0,0
-8.2272,4.4707,-5.5556,-241.18,93.114,37.204,21.075,212.11,-236.52,20.691,215.15,-107.57,-25.048,0,0
0,0,0,0,-199.68,-155.46,389.93,77.889,291.39,423.09,-399.78,31.055,-25.691,0,0
0,0,0,0,-483.67,200.4,135,-9.0255,143.8,102.42,-161.83,-47.853,-19.749,0,0
0,0,0,0,127.34,179.28,-1.1392,-746.64,374.7,521.23,-372.51,2.6474,-25.43,0,0
3.8971,5.683,9.6405,-391.83,110.73,268.27,13.097,-287.44,609.73,458.76,-1033.5,19.78,-22.436,0,0
0,0,0,0,-122.29,265.8,-321.88,58.451,465.4,284.41,-191.63,-6.0927,-17.456,0,0
-5.6292,-4.7925,0.70753,-247.55,276.46,281.45,5.6811,-461.05,314.01,-1008.9,-125.06,29.127,-21.585,0,0
0,0,0,0,-141.4,184.42,-174.52,-80.341,140.4,368.62,-332.35,38.922,-30.244,0,0
0,0,0,0,59.981,278.97,-687.42,2.1737,269.05,-175.89,-256.09,20.753,-22.602,0,0
0,0,0,0,93.783,388.33,-216.6,326.58,275.54,162.02,161.91,-215.02,-24.041,0,0
0,0,0,0,-481.34,197.97,-218.59,358.36,280.41,286.29,93.391,-74.654,-24.947,0,0
0,0,0,0,-400.7,123.28,-97.171,128.8,200.02,118.62,135.77,-85.372,-26.999,0,0
-7.3612,-7.3349,2.4821,-117.66,142.27,-56.289,-185.6,-972.21,409.22,-257.25,-160.1,-8.6238,-16.19,0,0
0,0,0,0,-662.07,40.748,-234.37,127.73,859.21,-40.041,-117.7,-15.563,-24.912,0,0
0,0,0,0,36.259,221.25,-21.77,135.86,511.57,379.34,-604.43,20.076,-23.111,0,0
0,0,0,0,161.98,468.79,61.139,-54.675,112.89,-38.498,-156.39,0.13614,-25.619,0,0
0,0,0,0,-578.9,100.39,71.516,78.693,-93.147,188.43,-48.928,629.8,-188.23,0,0
-7.7942,-5.9264,0.43301,-257.86,164.67,-67.442,289.64,196.51,40.263,99.779,-34.946,-252.78,-243.71,0,0
-10.218,-6.5804,-2.1151,-161.47,96.899,247.52,105.09,2.7606,-137.98,42.428,40.197,-73.906,-65.136,0,0
0,0,0,0,304.88,-102,123.68,328.62,6.7443,2.4888,68.622,-418.87,-19.914,0,0
0.43301,9.5131,7.6699,129.56,58.839,-273.29,-237.45,280.12,120.87,251.27,292.84,-195.09,-20.164,0,0
-2.1651,-0.63397,0.40849,-243.93,-8.3283,-273.72,-81.528,27.603,215.81,211.53,-266.38,-49.096,-18.974,0,0
0,0,0,0,-197.87,-107.99,91.323,215.25,96.629,10.522,296.44,-335.3,-16.837,0,0
-8.0532,-20.149,-17.316,-198.1,110.11,48.062,-29.255,203.29,31.794,160.9,467.09,-130.36,-23.597,0,0
0,0,0,0,-129.35,48.645,-70.181,-183.63,715.34,27.088,-368.27,10.257,-22.28,0,0
-4.3301,2.2631,10.025,-388.62,-257.6,277.52,34.73,-53.691,48.636,90.636,-17.602,-331.98,-42.889,0,0
-5.6292,-4.7925,0.70753,-247.55,-229.08,320.32,84.192,-79.002,266.78,114.87,-46.189,-287.3,-23.56,0,0
0.43301,9.5131,7.6699,129.56,161.78,-115.71,26.914,90.449,335.53,120.48,-59.25,-309.42,-22.315,0,0
13.856,16.926,2.5849,-463.51,174.85,-187.84,133.43,-158.99,161.37,-19.41,393.12,-146.95,-21.902,0,0
0,0,0,0,-53.789,33.717,175.79,-205.45,121.95,-87.357,-377.86,-0.76827,-23.413,0,0
-16.887,-31.977,-26.273,-85.032,204.18,-443.65,130.18,114.32,159.5,-85.67,-24.666,70.574,-239.95,0,0
0,0,0,0,71.336,60.081,100.01,61.627,80.438,-119.59,215.73,-233.36,-19.177,0,0
9.5263,7.8529,-19.002,-223.36,70.128,20.15,267.69,-10.497,147.75,335.89,14.988,-230.11,-21.449,0,0
-6.9282,4.8792,-170.08,235.8,14.13,380.17,118.39,84.833,-7.7308,88.391,344.08,5.635,-68.633,0,0
-14.289,-1.0897,11.141,-561.34,398.38,430.94,-0.94692,124,-25.877,-105.52,-33.478,500.49,-189.03,0,0
3.8971,10.958,-2.9886,-65.8,-52.35,-137.1,-25.033,-144.76,-360.14,174.67,128.22,126.51,-188.6,0,0
-2.5981,-7.7745,-331.57,103.49,43.267,-111.05,340.03,-31.649,-128.04,25.079,81.571,-107.53,-292.43,0,0
0,0,0,0,-0.045707,234.66,-137.29,218.7,4.5917,96.736,-64.982,-162.71,-26.397,0,0
2.1651,32.85,12.98,-14.207,71.898,-7.8979,100.4,-208.28,152.71,-5.0442,362.54,-287.7,-25.164,0,0
-4.3301,2.2631,10.025,-388.62,148.19,248.59,-248.89,175.48,83.779,139.33,442.95,-156.42,-28.359,0,0
0,0,0,0,-339.62,-136.05,197.96,416.45,20.159,124.32,80.093,-93.451,-21.737,0,0
0,0,0,0,-450.26,116.57,-644.78,256.12,658.78,-182.55,199.59,-26.946,-21.427,0,0
-4.3301,2.2631,10.025,-388.62,38.595,230.56,-315.47,345.59,584.26,-131.78,-131.35,-51.811,-21.718,0,0
-11.691,-7.8954,3.866,-167.45,-57.206,-128.63,-712.51,170.95,149.52,-306.31,-99.623,-29.174,-20.526,0,0
0,0,0,0,152.75,73.805,215.73,218.4,-99.792,207.44,-74.294,-197.1,-27.589,0,0
2.1651,10.141,-3.2386,-354.7,113.65,59.698,-234.58,37.967,151.62,145.29,89.829,-111.49,-26.109,0,0
4.7631,6.7925,2.433,162.42,175.53,-81.306,-220.77,328.45,50.414,293.25,-363.92,6.6734,-19.366,0,0
0,0,0,0,-319.48,174.49,27.848,197.5,-8.6452,10.608,-50.594,-68.174,-26.455,0,0
-3.4641,-11.312,-10.279,225.86,160.09,94.751,73.489,-60.143,71.955,-54.605,-128.13,-221.23,-26.103,0,0
0.43301,9.5131,7.6699,129.56,-76.268,-182.23,327.67,-40.103,-64.474,-33.73,108.74,-388.95,-15.603,0,0
0,0,0,0,223.28,-260.92,-70.783,-31.409,432.35,434.51,-191.86,0.40673,-20.058,0,0
0,0,0,0,-320.13,186.89,126.29,353.99,-155.06,143.95,131.26,-93.717,-20.881,0,0
-1.299,-14.471,-7.4689,321.54,45.237,-219.21,78.023,211.29,269.92,175.72,-343.09,-332.85,-19.912,0,0
0,0,0,0,-240.36,163.05,45.528,233.67,105.32,193.62,-200.95,-44.979,-24.804,0,0
0,0,0,0,-65.701,-274.21,45.961,437.67,0.41266,-165.96,-166.71,-28.2,-23.628,0,0
0,0,0,0,155.46,-35.255,-179.51,276.25,34.71,389.27,-455,-262.2,-24.211,0,0
0,0,0,0,11.551,169.11,212.51,69.722,207.77,349.53,-436.29,-15.946,-20.071,0,0
0,0,0,0,264.2,369.68,-24.843,-880.95,501.47,838.84,-532.08,8.6659,-24.121,0,0
-2.1651,-0.63397,0.40849,-243.93,20.405,1.0882,445.68,117.55,512.37,180.21,-11.119,-38.141,-26.953,0,0
0,0,0,0,-576.4,216.79,227.83,179.56,129.57,603.14,-245.9,-11.039,-16.236,0,0
19.486,18.31,-249,26.912,205.72,-136.83,-278.27,-33.159,-69.004,61.831,-197.54,60.091,-232.01,0,0
2.5981,3.201,-9.1226,-587.18,216.34,82.803,-209.57,397.59,-127.51,-3.7751,183.78,46.3,-89.763,0,0
0,0,0,0,-245.73,-209.59,36.121,111.25,-382.08,92.689,388.52,-137.87,-20.391,0,0
-4.3301,-8.6585,6.1226,-128.7,153.52,-48.186,166.31,58.261,37.369,345.1,-24.278,-213.27,-23.767,0,0
-5.6292,-4.7925,0.70753,-247.55,29.756,-42.197,-38.41,-205.96,30.202,110.6,219.22,-447.02,-18.961,0,0
-3.4641,-1.0849,-320.47,273.83,-36.712,-60.001,-239.43,-196.94,-115.41,34.17,-95.793,213.21,-61.663,-46.454,1.3323e-015
-30.57,-9.1146,14.367,-394.97,108.22,-74.718,-18.219,42.032,-133.7,61.864,84.49,163.06,-213.2,0,0
-3.4641,-6.049,-4.6095,-132.12,-81.399,-42.45,191.53,-10.409,-131.59,336.5,-92.027,-67.792,-22.141,0,0
0,0,0,0,-232.58,-104.41,395.42,-247.14,32.65,37.564,-212.89,-6.6363,-19.708,0,0
-4.3301,-1.2679,0.81699,-487.87,175.26,10.846,2.2937,-127.33,257.59,407.03,-582.41,-3.7602,-27.371,0,0
4.7631,-5.2207,-71.623,116.29,-48.501,20.929,-130.46,-297.74,103.67,200.39,121.4,-306.54,-27.897,0,0
3.8971,5.683,9.6405,-391.83,314.23,176.29,-87.871,135.95,-8.4712,53.246,-22.676,533.45,-184.33,0,0
-11.258,-1.6878,3.3415,-502.31,43.596,86.813,-22.613,193.06,78.367,-344.66,564.38,33.401,-91.53,0,0
12.99,17.743,-4.0556,-401.06,-139.98,155.98,217.44,-55.737,94.53,-190.51,110.76,258.75,-139.98,0,0
-5.1962,-2.4085,298.17,34.561,31.983,25.517,157.98,147.98,30.578,264.48,112.56,-216.27,-263.35,0,0
-4.3301,2.2631,10.025,-388.62,157.54,-36.876,-7.7728,-30.865,27.167,109.66,-151.32,118.13,-153.43,-26.046,3.0311
0.43301,9.5131,7.6699,129.56,-236.96,18.439,-21.642,130.4,104.46,-260.27,-55.442,329.4,-405.75,0,0
-15.588,-14.335,-0.39535,80.521,386.85,98.257,-369.87,172.87,68.348,74.432,-114.23,-47.942,-195.54,0,0
0,0,0,0,-610.12,99.2,79.473,48.209,-57.287,56.576,59.333,-190.12,-23.224,0,0
3.8971,5.683,9.6405,-391.83,309.86,-446.89,53.259,295.2,-564.83,104.83,343.01,-154.63,-23.359,0,0
0,0,0,0,234.19,446.77,36.931,167.96,-106.86,92.743,150.68,-221.53,-18.658,0,0
4.3301,4.4151,-245.11,70.357,416.21,-204.51,83.957,2.4905,-52.353,134.1,177.34,-217.41,236.47,-68.55,-1.299
-14.173,-0.77156,287.23,9.3125,-38.658,73.064,-115.79,-7.3434,233.53,-93.541,7.4197,-74.335,-415.43,0,0
10.825,13.926,-14.435,29.938,2.9356,32.978,12.188,-61.347,-231.06,43.488,152.89,80.742,-192.47,0,0
-20.352,-9.0897,-2.299,-46.649,-378.08,127.98,369.62,128.86,83.908,240.82,-32.588,-180.18,-20.822,0,0
-6.4952,2.9952,-254.32,41.211,-72.002,97.08,57.078,67.14,127.52,-157.84,318.11,-314.83,-23.68,0,0
14.722,18.036,-4.6226,90.735,134.98,154.72,186.27,23.316,235.01,93.505,-41.062,275.12,-265.68,0,0
17.321,18.725,150.58,158.82,21.361,-367.18,-60.49,219.5,210.87,-196.96,70.666,-32.555,-355.3,0,0
3.8971,3.2859,-344.29,61.083,106.8,60.846,46.916,-123.5,149.92,-46.506,69.623,-250.22,-98.605,0,0
11.691,32.587,-339.35,-145.09,-3.9062,164.37,-201.43,243.33,250.89,-6.4889,-180.82,-32.973,-69.562,0,0
7.7942,7.9623,-10.975,-10.737,547,-277.11,-40.675,-251.01,525.75,115.15,164.2,-117.88,-25.103,0,0
-3.9764,12.814,26.495,-463.83,48.822,-125.78,208.82,113.77,8.3802,-1.4087,198.65,271.7,-114.48,0,0
8.2272,13.842,152.78,29.345,54.007,3.7089,-320.53,80.663,284.27,214.21,105.99,133.57,-364.31,0,0
-8.6603,-1.2369,162.12,-66.915,89.666,-151.54,24.194,38.547,227.57,-4.1332,37.212,92.162,-277.72,0,0
-6.4952,-1.2255,-1.3349,275.62,-40.087,112.9,79.894,-113.84,103.93,-280.73,369.65,-425.62,-18.982,0,0
36.379,20.358,-340.29,119.47,223.81,50.823,-170.06,-12.925,275.02,83.638,220.68,114.31,-91.602,0,0
-12.99,-24.696,-600.99,34.174,198.6,73.424,-311.48,186.06,240.51,279.36,247.19,-164.46,-26.21,0,0
6.9282,29.794,4.4737,204.93,188.04,178.03,-71.833,-222.99,146.89,-52.841,-327.22,-275.66,-27.549,0,0
-6.9282,10.52,-2.6046,-255.06,211.43,248.15,-273.08,496.73,52.189,1256.1,-562.64,-10.483,-20.566,0,0
0,0,0,0,-75.001,112.74,-196.57,363.55,464.37,679.15,-444.82,13.915,-25.283,0,0
0,0,0,0,-200.73,133.19,-99.643,-15.239,310.8,280.58,-475.59,-5.5568,-30.719,0,0
16.021,18.469,-7.0622,-289.55,163.43,-94.568,55.9,-797.52,566.66,-1.4444,362.29,-164.2,-17.773,0,0
0,0,0,0,-204.07,188.31,-36.088,178.55,182.89,122.45,-301.47,-18.505,-34.05,0,0
16.893,1.9067,-16.702,-49.418,104.26,176.49,-286.17,-942.38,-6.4069,123.14,-721.56,-21.829,-16.292,0,0
7.7942,10.609,-6.6471,-315.61,163.72,351.67,-110.78,-740.62,124.47,582.21,-692.38,-50.75,-22.454,0,0
-11.691,-7.8954,3.866,-167.45,467.23,152.05,45.152,-137.95,393.24,76.075,-964.11,-6.552,-17.24,0,0
3.8971,2.5604,-440.3,41.789,144.16,-147.41,53.941,-163.75,106.6,646.56,169.4,-388.07,-25.833,0,0
0,0,0,0,348.96,262.91,-395.26,-85.397,567.32,68.319,-753.2,39.083,-26.322,0,0
0,0,0,0,144.62,67.462,-275.01,-72.181,270,90.809,-599.91,-1.5506,-30.523,0,0
-15.155,-0.27276,4.5,-498.89,62.417,41.137,90.082,-323.8,535.7,487.06,-199.46,-67.085,-26.048,0,0
4.7631,6.7925,2.433,162.42,148.8,14.637,-9.4082,244.11,143.66,-64.005,629.15,-374.04,-27.908,0,0
3.8971,5.683,9.6405,-391.83,334.6,-79.96,37.193,81.853,638.06,-109.25,-157.32,8.8484,-27.724,0,0
14.289,13.219,-18.649,-255.58,4.4022,169.21,-70.525,-135.79,-404.95,416.76,376.51,-461.1,-25.85,0,0
0,0,0,0,123.05,190.76,-199.41,150.19,171.95,481.52,-520.74,-39.221,-21.137,0,0
6.9282,0.39535,0.031089,-88.866,-5.6496,-35.758,-469.97,242.44,207.52,207.27,385.72,-132.63,-29.655,0,0
-2.5981,-6.3726,-7.201,-2.7931,229.71,18.062,-267.56,10.566,467.45,206.4,-436.77,20.969,-26.971,0,0
-1.299,-14.471,-7.4689,321.54,1.9608,1.5674,62.25,117.25,61.671,-202.5,76.933,-289.54,-23.697,0,0
-4.3301,2.2631,10.025,-388.62,183.12,-1.7333,-261.34,361.77,487.63,-14.998,-32.978,-50.058,-23.217,0,0
0,0,0,0,77.603,-324.58,119.96,148.75,178.41,415.86,-286.73,-3.5858,-23.415,0,0
-22.084,-3.6077,2.5736,-180.38,28.546,-203.58,256.9,223.26,7.2995,71.54,-509.57,-4.5473,-18.469,0,0
12.99,17.743,-4.0556,-401.06,100.66,118.17,235,373.5,-55.769,29.775,485.83,-161.43,-23.311,0,0
2.1651,10.141,-3.2386,-354.7,59.634,53.59,195.39,-129.02,16.125,-203.08,170.93,-99.965,-26.549,0,0
0,0,0,0,-201.74,165.83,-244.77,402.6,8.8048,144.62,-266.26,25.189,-21.874,0,0
2.5981,3.201,-9.1226,-587.18,217.77,-161.87,-116.98,-424.37,216.08,329.27,375.32,-166.68,-33.11,0,0
7.7942,1.1944,1,325.92,92.98,-51.745,-257.58,67.992,175.06,222.58,7.7876,-422.49,-28.098,0,0
-4.3301,2.2631,10.025,-388.62,85.991,111.09,145.99,108.78,-191.83,-27.462,174.91,-142.07,-23.272,0,0
0,0,0,0,-98.927,9.5359,174.79,-15.819,25.601,71.605,209.5,-99.672,-24.145,0,0
-11.691,-7.8954,3.866,-167.45,442.36,34.244,119.07,6.3485,352.59,-247.13,-41.547,-102.54,-28.028,0,0
-4.3301,2.2631,10.025,-388.62,240,101.88,-267.25,185.46,496.46,-11.794,409.93,-132.85,-30.196,0,0
0,0,0,0,198.12,116.65,-375.89,269.35,154.05,3.0208,-477.81,-17.288,-24.296,0,0
-5.6292,-4.7925,0.70753,-247.55,143.34,169.86,46.715,-155.3,453.27,-510.63,-396.4,-8.7877,-28.72,0,0
3.8971,5.683,9.6405,-391.83,-129.33,-40.185,-376.25,179.17,144.79,131.24,161.52,-136.44,-25.484,0,0
0,0,0,0,-200.02,180.43,-139.12,57.904,71.131,263.32,-284.67,-130.1,-19.998,0,0
0,0,0,0,147.99,196.22,247.41,273.65,-271.06,175.2,-579.78,6.6869,-19.967,0,0
0,0,0,0,-148.16,281.84,84.939,-131.36,-222.52,82.384,-522.53,-0.78502,-17.302,0,0
0,0,0,0,-470.67,35.327,22.629,109.24,640.16,1198.8,-370.33,-21.623,-11.374,0,0
0,0,0,0,86.444,236.44,170.61,-174.21,408.21,330.48,-506.49,-9.4085,-23.379,0,0
6.0622,7.2255,-0.0065699,-217.87,155.78,-115.1,-52.019,290.93,-185.81,-172.66,83.721,-6.6313,-92.755,0,0
0,0,0,0,-517.8,70.719,-140.55,451.61,346.73,-44.777,-150.52,-62.95,-25.693,0,0
-15.155,-0.27276,4.5,-498.89,36.157,105.37,72.741,250.38,260.07,-247.93,92.751,-103.69,-20.307,0,0
16.887,29.567,6.9019,-285.24,-56.043,193.51,-264.86,262.74,-103.14,3.2501,163.52,-48.406,-89.923,0,0
0,0,0,0,310.15,104.36,-47.29,-37.769,-184.56,169.9,223.83,24.367,-235.28,0,0
12.99,17.743,-4.0556,-401.06,109.04,94.976,32.256,231.7,0.7991,-48.383,-25.968,85.328,-88.958,0,0
0,0,0,0,260.36,-16.731,120.32,317.01,-18.042,-106.64,231.03,-289.83,-21.737,0,0
0,0,0,0,127.52,27.031,467.72,36.595,-133.82,-118.92,-27.452,-282.27,-20.146,0,0
6.0622,-6.7452,-181.14,246.45,44.335,-129.66,90.721,121.64,-245.88,-125.72,232.74,89.314,-90.586,0,0
0,0,0,0,132.66,83.472,87.185,113.69,990.34,-180.93,-249.87,5.5323,-14.653,0,0
6.9282,35.526,16.938,68.404,242.93,-123.65,49.736,192.46,-88.844,-27.845,-217.64,-186.96,-169.7,0,0
-6.9282,-9.7321,-5.8104,6.5305,186.48,212.73,75.24,21.543,-19.04,-113.84,35.034,527.4,-184.49,0,0
4.7631,10.342,-9.4282,24.009,145.74,29.281,41.542,432.37,145.89,-6.7189,-57.558,-289.66,-20.914,0,0
6.4952,5.1944,-11.665,-203.8,-26.644,68.701,-5.3466,112.04,-25.663,-186.32,-45.696,280.37,-133.8,0,0
0,0,0,0,-70.939,175.39,-289.73,166.83,8.7129,-137.15,272.93,-411.76,-21.987,0,0
-14.722,-6.8954,-5.4755,-50.503,-116.08,-39.358,-82.348,438.92,-219.51,161.52,278.23,344.01,-138.66,0,0
0,0,0,0,262.15,144.01,-68.575,14.083,-167.32,-50.673,114.46,-246.6,-24.388,0,0
3.8971,5.683,9.6405,-391.83,139.79,118.7,-54.919,139.15,22.115,21.18,322.28,-267.58,-22.854,0,0
3.0311,6.5,3,-329.38,131.02,155.53,-112.92,203.72,-398.2,158.14,190.12,-50.073,-71.924,0,0
-8.0687,-0.60168,2.6773,-494.11,373.66,205.77,57.334,97.147,-33.764,196.78,342.02,-79.098,336.61,-83.946,-3.0311
0,0,0,0,210.83,-105.77,-4.2963,325.14,-338.81,-79.249,295.49,-82.564,-22.501,0,0
-6.0622,-20.66,139.34,8.8678,53.306,95.254,287.12,451.05,-222.31,4.6088,34.613,261.64,-428.62,0,0
-5.6292,4.2566,27.767,19.747,31.293,-297.93,-163.19,-49.886,21.751,83.696,-228.32,209.12,-359.66,0,0
1.299,7.8905,-11.428,95.771,23.987,-65.601,147.35,-2.5812,-25.526,-172.16,-138.94,350.96,-144.56,0,0
-7.7942,-5.9264,0.43301,-257.86,54.791,240.3,152.22,-127.93,116.03,238.84,-337.76,4.7434,-22.933,0,0
-12.99,-7.3529,-15.879,-181.42,323.03,74.552,-187.11,-287.08,-25.013,87.316,-178.82,-370.05,-24.769,0,0
-4.3301,2.2631,10.025,-388.62,84.759,330.56,33.87,548.89,93.444,487.55,-1145.9,921.71,-229.35,0,0
1.7321,-22.307,-193.45,-75.637,83.129,-133.98,-80.372,-74.236,-649.1,70.392,71.427,-718.99,-48.408,0,0
0,0,0,0,323.13,92.819,68.057,-140.8,230.73,1152.2,-682.19,-22.082,-23.632,0,0
-1.299,9.5556,-3.7141,-573.99,114.88,232.92,-102.59,-496.45,385.81,-87.882,-122.89,-91.382,-21.41,0,0
-11.258,-1.6878,3.3415,-502.31,248.18,173.12,-22.952,137.68,324.4,-167.26,202.07,-177.2,-25.947,0,0
-2.1651,4.2386,14.982,-63.996,242.07,185.33,21.966,205.56,305.07,213.73,-548.42,-1.57,-26.262,0,0
0,0,0,0,278.38,72.748,-283.03,328.88,563.97,-476.45,-272.96,8.7569,-21.804,0,0
0,0,0,0,249.7,58.222,25.29,175.63,197.07,1.3054,-607.7,-0.17996,-28.094,0,0
0,0,0,0,-317.67,249.67,-6.1047,239.01,106.42,-367.33,-287.25,-13.5,-21.772,0,0
0,0,0,0,77.641,4.3065,-22.802,-28.049,230.68,176.82,-345.79,14.078,-21.89,0,0
0,0,0,0,314.64,-152.2,61.166,439.34,-78.944,244.59,-519.65,-33.932,-31.467,0,0
0,0,0,0,-31.99,-236.41,251.95,-179,-206.95,113.23,541.91,-198.39,-19.895,0,0
13.924,-7.4099,-8.471,3.9176,239.45,245.87,207.39,-101.84,44.235,-2.7815,90.508,244.43,-240.28,0,0
-2.2189,-23.336,-31.883,242.5,81.071,216.21,-211.93,-187.3,188.72,217.26,112.42,255.38,-301.27,0,0
0.35377,5.4118,9.5009,-557.05,259.56,73.832,-106.24,-183.39,67.201,136.77,120.35,79.343,-98.452,-26.18,-2.1651
-0.36515,-23.879,-20.02,-77.305,198.35,240.33,258.86,-189.05,-204.4,12.742,-93.901,86.725,-191.47,0,0
-10.392,-4.5359,-14.879,-518.51,288.3,70.171,-138.1,20.512,722.69,198.44,40.911,-91.901,-26.363,0,0
-5.6292,-4.7925,0.70753,-247.55,119.85,69.435,91.785,-46.579,141.3,51.09,-69.294,275.37,-137.86,0,0
-6.8065,1.4474,3.6962,-24.341,91.6,84.624,156.37,-254.43,96.748,-53.085,42.842,50.737,-211.91,0,0
-19.312,-13.746,-20.243,-281.56,57.582,-62.044,-111.98,-189.16,-80.928,-71.6,108.7,-66.572,-186.06,0,0
-18.446,-2.1098,-7.6708,-402.66,315.53,220.28,67.997,-236.51,-48.894,207.84,5.1022,-49.63,-90.46,0,0
-0.25897,4.663,-9.1708,-233.15,-87.857,124.64,-47.542,53.315,-183.32,121.78,15.285,310.98,-139.83,0,0
6.5631,7.1409,-11.265,-309.46,143.31,361.36,156.21,291.54,208.14,-49.304,162.61,1.457,-188.09,0,0
0,0,0,0,210.32,337.77,-91.939,-197.44,310.18,-1193.3,38.602,19.805,-11.296,0,0
0,0,0,0,-43.037,20.981,-59.432,-57.264,167.74,123.47,58.416,-78.791,-22.589,0,0
0,0,0,0,-574.1,398.09,-276.03,74.269,552.28,-421.8,-65.626,-23.967,-28.452,0,0
0,0,0,0,-569.17,31.776,-97.175,102.1,165.4,237.13,-120.67,8.2401,-20.869,0,0
0,0,0,0,36.855,-276.24,256.49,-66.792,-26.329,195.06,-580.52,-18.755,-17.339,0,0
0,0,0,0,-57.069,37.435,-12.211,-122.03,-215.04,242.15,-279.77,9.0637,-21.519,0,0
0,0,0,0,-491.91,428.26,-160.51,-280.41,523.42,227.51,-202.29,-18.103,-25.849,0,0
0,0,0,0,-295.53,82.247,-141.5,285.98,214.97,-61.437,-252.3,2.6618,-24.639,0,0
0,0,0,0,244.27,17.206,126.75,-47.599,-49.083,-1.2896,-213.41,11.509,-17.538,0,0
9.5263,7.2434,4.884,410.12,117.82,-1.6854,121.74,-170.32,626.31,824.23,-51.402,-325.5,-18.678,0,0
0,0,0,0,161.72,-78.681,-457.65,-70.459,181.35,-182.4,-297.34,1.8514,-21.438,0,0
-10.392,-4.5359,-14.879,-518.51,102.43,-22.485,-27.941,-1151.5,69.142,1003.4,-788.99,103.1,-50.354,0,0
13.856,3.4558,-15.038,203.21,-8.3397,-322.78,-47.261,-861.57,273.09,342.66,-75.416,-324.63,-18.152,0,0
6.9282,-4.8612,-14.683,358.81,178.55,43.703,88.046,-157.5,483.92,542.44,-28.61,-418.47,-23.751,0,0
-2.9151,-0.7488,-3.3002,82.673,214.04,72.435,-353.04,225.1,-702.63,460.36,-937.56,6.3546,-17.489,0,0
0,0,0,0,-420.66,547.63,-128.86,210.8,-12.511,-464.85,-270.94,5.172,-22.546,0,0
0,0,0,0,213.38,112.68,-127.74,-287.94,574.2,-184.37,405.47,-228.59,-27.269,0,0
10.825,13.926,-14.435,29.938,98.05,115.75,29.255,-167.9,472.71,976.6,-103.27,-101.77,-20.942,0,0
0,0,0,0,328.63,-15.403,178.18,282.81,-13.667,391.99,-411.98,4.846,-29.004,0,0
0,0,0,0,325.41,13.502,-120.5,183.18,318.84,110.29,-520.08,7.096,-24.509,0,0
14.289,-5.9904,-21.232,-358.81,67.062,142.59,45.521,-49.506,727.91,780.26,-800.55,25.655,-24.808,0,0
-0.43301,7.933,-0.83494,286.87,-522.5,200.97,31.671,298.34,42.229,516.6,-439.43,-13.714,-16.992,0,0
0,0,0,0,29.727,143.68,-477.4,62.76,698.02,-8.5193,-264.99,14.966,-25.28,0,0
0,0,0,0,-45.218,183.56,26.24,222.17,-201.8,274.24,-151.5,27.599,-18.648,0,0
0,0,0,0,106.18,146.09,105.44,-64.674,-67.654,-229.24,245.96,-99.537,-22.714,0,0
0,0,0,0,-239.77,-88.04,429.66,381.3,138.66,-46.535,-421.75,220.66,-94.311,0,0
0,0,0,0,188.06,159.97,62.469,-254.44,171.32,304.67,-422.09,-48.942,-23.584,0,0
0,0,0,0,30.967,402.79,590.82,253.8,-78.783,-26.157,11.813,-230.6,-21.215,0,0
0,0,0,0,54.752,448.78,221.02,8.4611,98.695,-5.2569,36.112,-191.26,-17.605,0,0
0,0,0,0,15.971,251.04,446.84,208,-251.04,35.608,-511.2,12.891,-16.382,0,0
0,0,0,0,-655.19,17.812,437.37,-10.638,-22.284,-48.333,127.71,-62.779,-22.879,0,0
0,0,0,0,-493.87,130.9,648.01,-201.27,-63.73,64.442,-89.682,-74.111,-15.003,0,0
1.299,-6.8546,-9.567,14.644,110,54.701,237.79,100.8,239.62,53.14,-173.11,-245.65,-28.002,0,0
0,0,0,0,-273.64,-381.65,133.46,534.17,-326.48,301.52,67.305,-210.59,-19.94,0,0
7.4249,13.56,-0.36362,202.92,339.24,-60.351,-472.15,15.325,388.09,113.79,-457.74,-30.472,-24.74,0,0
16.946,3.2004,-20.042,-101.95,-119.44,88.28,35.671,108.26,166.18,210.37,83.667,-392.48,-19.296,0,0
-18.187,-6.7728,1.5,-169.5,236.84,-72.78,522.98,324.16,-91.174,-70.615,131.12,-68.542,-24.636,0,0
0,0,0,0,-171.95,242.35,24.743,463.13,17.631,-376.6,-120.52,-6.2371,-21.121,0,0
2.5981,8.7321,-3.4952,185.81,224.49,231.67,-61.304,-1.2829,150.65,-33.793,74.187,-203.64,-15.516,0,0
4.3301,-11.069,-508.18,200.55,-80.179,-12.304,73.784,-252.29,-219.74,119.23,-225.66,102.24,-84.36,0,0
0,0,0,0,73.27,178.2,234.31,45.45,20.371,-27.602,155.31,-229.32,-24.932,0,0
2.5981,-1.6716,-18.696,-26.264,121.62,63.09,100.95,344.91,-78.095,191.16,-146.98,-125.62,-18.418,0,0
-8.2272,4.4707,-5.5556,-241.18,299.95,-28.454,-107.2,404.4,-119.09,36.113,19.49,-44.705,-45.001,0,0
-1.0245,12.687,24.685,-317.62,306.7,534.75,109.51,-108.83,168.42,284.05,-394,-22.637,-18.912,0,0
13.856,16.926,2.5849,-463.51,104.22,-84.929,37.968,129.78,400.33,438.14,-19.035,-107.22,-28.177,0,0
-11.1,-7.1017,-0.32268,-164.72,141.71,-66.577,246.04,-180.12,179.45,112.65,178.87,-172.31,63.711,-47.382,2.5981
0.35377,5.4118,9.5009,-557.05,131.33,69.269,-201.16,252.1,-56.398,79.023,-8.9539,199.42,-113.74,0,0
8.581,13.073,-2.029,108.07,-497.6,112.18,202.79,46.734,-109.88,92.499,-75.682,-123.37,185.72,-76.725,-2.4183
-2.1651,7.6651,2.299,61.535,393.39,226.71,-119.85,-74.069,-102.95,353.32,464.06,-205.25,-24.703,0,0
-20.352,-7.4067,1.9085,-413.44,207.94,450.38,118.29,4.3495,-221,36.245,61.711,-47.832,169.93,-66.953,-9.3947
-1.1405,15.655,5.8472,77.273,220.36,359.06,76.679,209.12,-164.47,65.224,0.29191,-14.547,-291.28,0,0
0,0,0,0,-297.78,160.1,-123.23,-4.2797,-149.93,-137.9,132.9,89.375,-91.293,0,0
-0.25897,4.663,-9.1708,-233.15,165.46,347.46,47.087,22.93,-41.036,131.65,36.389,-147.84,-40.681,0,0
0,0,0,0,-652.59,177.24,25.303,184.83,99.892,-11.642,195.34,-81.564,-22.782,0,0
0,0,0,0,61.266,75.743,-45.008,187.9,48.246,-79.931,192.57,-251.43,-18.219,0,0
0,0,0,0,106.62,86.363,-481.19,122.56,177.92,-83.323,-261.27,-137.39,-13.763,0,0
0,0,0,0,-458.19,46.001,-227.32,-119.71,-30.639,184.79,-113.1,-73.221,-20.395,0,0
-2.1651,-0.63397,0.40849,-243.93,112.03,61.979,-102.66,175.21,74.524,184.96,-453.8,0.61034,-16.851,0,0
0,0,0,0,-246.48,-185.22,147.58,55.067,-37.682,-192.16,223.8,-90.955,-27.195,0,0
