0,0,0,0,-1.7882,13.307,9.3111,2.1643,-0.57992,0,0,0,0,-1.558,19.548,-43.924,-7.1607,1.9187,-1.8427,-0.78574,-12.014,-72.143,-1.958,-49.891,497.69,81.821,-21.924,12.691,6.8399,86.855,579.41,22.074,-70.686,735.05,119.17,-31.93,25.976,-55.468,577.9,289.54,47.482,-26.319,758.2,119.31,-31.969,12.531,3.6878,88.465,474.13,472.49,437.63,957.49,120.26,-32.223,11.175,13.942,14.428,9.0662,0.77635,-77.718,736.99,111.56,-29.891,5.8003,4.0242,3.5294,1.7869,0.39591,-7.4234,69.352,1.3961,-0.37408,-1.5542,-1.0783,-0.9457,-0.47879,-0.10608,1.9891,-18.583,-0.37408,0.10024
21.838,22.47,14.011,7.8971,7.9176,2.7148,0,0,0,18.674,26.477,-24.425,-3.4609,7.1019,2.9049,0,0,0,6.3533,-42.797,326.97,75.991,-16.397,1.2509,-1.4946,-0.26004,0.069676,17.578,-66.957,762.99,942.98,316.41,-4.5178,-7.9377,2.4004,-0.64318,21.947,-23.291,250.73,903.54,1065.5,865.21,114.39,6.0978,-1.6339,3.9402,4.6803,-5.8966,25.662,506.99,938.56,837.88,-2.0681,0.55416,0,0,-0.85015,4.0447,14.215,18.457,390.24,96.353,-25.818,0,0,-0.013887,1.8058,3.8217,2.5076,4.8779,1.1746,-0.31472,0,0,0.0037211,-0.48387,-1.024,-0.67191,-1.307,-0.31472,0.08433
5.7557,6.4004,8.4034,2.8661,-1.3761,8.4884,11.558,2.8677,-0.76839,5.7755,7.4495,-5.1821,-21.735,-1.7967,-1.767,-10.64,4.848,-1.299,9.5351,13.16,99.291,167.58,-84.009,89.152,189.87,2.4147,-0.64702,12.232,-40.158,488.27,615.53,395.5,689.91,591.76,16.073,-4.3067,11.816,-67.503,674.72,1005,1011.1,990.81,1040,123.06,-32.974,7.4549,-3.5893,163.02,1055.2,1060.7,1056,952.35,18.307,-4.9054,14.266,10.598,25.853,122.72,121.22,127.63,117.54,5.6438,-1.5122,3.9901,3.2759,3.5245,1.8902,2.0966,2.8567,2.8456,1.0842,-0.29052,-1.0692,-0.87776,-0.94438,-0.50647,-0.56179,-0.76545,-0.76246,-0.29052,0.077845
0,0,0,0,-1.1065,8.4642,8.2363,1.81,-0.48499,0,0,0,0,-2.1554,15.367,13.011,2.9741,-0.79691,-0.5367,5.9705,-38.91,-42.129,-83.687,-52.846,-70.978,-5.4431,1.4585,8.8107,-47.631,338.7,376.09,610.79,780.47,751.67,82.11,-22.001,11.201,-69.422,694.45,1012,995.55,1011.7,1066.7,119.93,-32.135,4.786,-76.757,695.82,1091.8,1112.2,958.54,933.38,105.97,-28.393,15.809,-5.9412,155.03,329.06,350.56,109.09,12.566,3.7551,-1.0062,6.5546,6.5046,3.7687,1.3854,-0.51338,2.6711,2.8576,0.68881,-0.18457,-1.7563,-1.7429,-1.0098,-0.37122,0.13756,-0.71572,-0.76568,-0.18457,0.049454
0,0,-0.863,3.2608,16.432,9.3603,19.56,4.666,-1.2503,0,0,5.2754,-34.135,5.9592,16.457,-19.969,-5.5669,1.4916,-0.51845,0.077727,-60.791,289.1,149.06,-41.77,357.64,82.769,-22.178,3.8545,-6.946,109.27,554.12,9.1053,-65.844,738.8,118.83,-31.841,21.185,-26.36,421.37,690.56,239.23,-39.763,745.36,121.18,-32.47,5.7395,5.8331,19.99,106.62,437.1,419.86,865.9,119.69,-32.071,0,0,-1.3579,11.003,12.942,-72.197,739.88,108.18,-28.988,0,0,-0.32491,1.924,3.2895,-4.9193,70.671,1.1347,-0.30405,0,0,0.087059,-0.51553,-0.88141,1.3181,-18.936,-0.30405,0.08147
5.6136,6.0718,10.487,11.362,19.636,4.5613,0,0,0,8.1794,14.034,-51.715,-31.353,20.326,3.3386,0,0,0,5.9067,-46.495,530.21,386.01,-18.005,4.3394,-0.53801,-0.31577,0.08461,22.904,-51.516,646.78,1048.6,519.94,-43.429,-36.314,3.2181,-0.86229,11.691,15.463,-26.522,724.58,1090.8,687.6,282.97,-2.0477,0.54869,4.5631,4.9548,-2.3388,12.235,601.06,1035,985.27,70.811,-18.974,0,0,-1.1403,11.889,-26.706,385.12,230.36,6.1527,-1.6486,0,0,-0.69795,4.0505,3.2607,5.9344,7.1945,0.86661,-0.23221,0,0,0.18701,-1.0853,-0.87371,-1.5901,-1.9278,-0.23221,0.06222
8.8502,9.3049,16.704,15.17,9.1562,3.9027,0,0,0,9.1017,10.181,4.6629,-6.7222,11.889,4.1771,0,0,0,22.799,18.639,117.47,238.73,-12.911,2.835,-3.1418,-0.12625,0.033829,20.923,-50.208,532.65,1004.6,331.46,45.305,-0.31538,1.634,-0.43784,17.589,-60.855,600.06,1052.3,1052.9,949.12,112,3.8254,-1.025,0.082517,-7.6014,54.682,62.416,506.12,952.6,837.69,7.401,-1.9831,0,0,-0.85015,4.0447,14.147,38.707,562.79,57.733,-15.469,0,0,-0.013887,1.8058,3.9079,3.524,4.3523,1.5078,-0.40401,0,0,0.0037211,-0.48387,-1.0471,-0.94425,-1.1662,-0.40401,0.10825
19.494,18.844,14.941,7.2855,11.816,2.5633,0,0,0,22.621,26.83,-20.931,-62.821,16.993,3.8679,0,0,0,17.541,-31.535,300.53,620.86,-49.334,-6.6761,-1.7326,0.0034205,-0.00091652,10.498,-69.607,678.03,1026.9,599.7,-6.8285,-15.552,0.52189,-0.13984,18.553,-49.93,431.51,1052.6,1016.2,763.83,255.18,14.389,-3.8555,9.6827,3.9525,28.945,225.24,929.02,1058.7,1120,126.75,-33.963,0,0,-1.2666,-0.050595,60.798,445.12,547.34,18.789,-5.0344,0,0,-0.12758,1.1001,4.1826,3.0079,6.3224,1.469,-0.39361,0,0,0.034185,-0.29476,-1.1207,-0.80597,-1.6941,-0.39361,0.10547
5.6136,6.0718,10.906,6.0297,15.246,5.2939,0,0,0,8.1794,14.034,-44.782,-66.772,20.352,5.2023,0,0,0,7.7193,-45.745,478.94,634.28,-6.2852,-17.497,-0.87372,-1.0699,0.28667,11.103,-72.012,700.76,1011.7,951.68,250.08,-21.423,6.738,-1.8054,25.924,-17.233,234.12,968.8,1025.8,1049.6,294.81,0.10005,-0.026807,4.9231,6.0113,-6.1429,35.067,696.3,918.39,1071,113.89,-30.517,0,0,-1.012,6.5787,9.5972,28.471,582.63,69.178,-18.536,0,0,-0.075265,1.4606,3.4055,2.4577,6.2277,0.75389,-0.202,0,0,0.020167,-0.39137,-0.91251,-0.65853,-1.6687,-0.202,0.054127
19.494,18.844,15.17,10.339,7.4497,2.9132,0,0,0,22.621,26.83,-27.152,-13.089,17.905,4.8548,0,0,0,16.012,-32.162,350.21,239.94,-22.848,-60.461,-1.8374,-0.31082,0.083283,10.108,-73.144,695.68,963.14,909.65,424.98,-35.39,3.3879,-0.90779,15.232,3.4536,179.95,891.34,1058.2,1080.7,423.28,-0.29413,0.078812,4.2198,4.7269,5.1628,-15.154,223.37,472.18,1088.1,115.31,-30.897,0,0,0,0,-2.1258,-14.598,346.59,70.491,-18.888,0,0,0,0,-0.62115,4.2997,6.5775,1.6895,-0.45269,0,0,0,0,0.16644,-1.1521,-1.7624,-0.45269,0.1213
0,0,0,0,-1.549,14.448,15.987,4.1365,-1.1084,0,0,0,0,-2.2039,15.582,15.647,5.2596,-1.4093,-2.8431,-2.591,2.1382,-72.875,-87.882,-53.211,-59.558,-4.468,1.1972,14.407,24.477,-76.115,604.74,680.96,755.87,679.06,51.3,-13.746,19.023,-36.22,475.76,978.43,1093.9,1078.9,1114.5,118.51,-31.754,11.784,-69.645,615.66,1123.1,419.29,319.03,451.38,123.73,-33.154,22.262,-1.2008,150.69,345.99,49.523,13.494,39.175,22.874,-6.129,6.5793,6.1606,4.6956,3.9837,3.3297,3.9368,6.2935,2.6115,-0.69976,-1.7629,-1.6507,-1.2582,-1.0674,-0.89219,-1.0549,-1.6863,-0.69976,0.1875
0,0,0,0,-0.98387,5.9437,24.831,10.152,-2.7201,0,0,0,0,-1.0067,12.29,-32.246,0.85662,-0.22953,-2.3123,-1.8628,0.13681,-66.976,-0.1911,-45.988,519.2,85.172,-22.822,13.349,8.1031,8.1452,577.42,11.661,-36.035,931.92,118.11,-31.648,8.9071,-72.018,684.58,542.96,62.738,-3.6176,944.12,118.81,-31.836,19.169,-3.1889,170.15,878.96,844.75,847.44,1037.4,117.51,-31.487,13.365,13.431,24.424,7.0221,-0.47965,94.913,1046.4,105.23,-28.196,6.1761,6.9,5.025,1.2342,1.6229,-0.65824,94.51,0.21763,-0.058313,-1.6549,-1.8488,-1.3464,-0.3307,-0.43485,0.17637,-25.324,-0.058313,0.015625
0,0,-2.1711,11.841,8.3471,5.6669,15.527,5.2886,-1.4171,0,0,3.9781,-30.37,-14.964,14.129,-15.709,-2.0106,0.53873,-2.235,-1.9954,-52.76,281.64,261.84,-22.433,203.52,53.572,-14.355,16.638,8.3716,67.408,796.5,72.538,-116.84,696.89,121.95,-32.676,14.28,-52.286,516.28,804.35,536.66,241.45,745.98,118.49,-31.749,7.3068,6.114,22.967,115.36,509.59,693.66,1020.6,127.21,-34.087,0,0,-0.60545,8.2666,20.969,-42.333,872.76,71.53,-19.166,0,0,-0.4121,2.6226,3.3425,-5.1528,72.125,1.0113,-0.27099,0,0,0.11042,-0.70273,-0.89561,1.3807,-19.326,-0.27099,0.072611
19.494,18.844,14.945,15.222,8.2451,5.6993,0,0,0,22.621,26.83,-26.745,-9.0463,8.8491,4.6332,0,0,0,17.045,-32.39,359.38,187.77,-65.217,-11.794,-3.5459,-0.27594,0.073938,7.1035,-70.421,686.19,837.98,706.49,188.18,21.718,1.9898,-0.53315,17.193,-54.26,635.38,1020.7,1017,1071.6,489.75,16.066,-4.3048,9.9884,20.051,4.3551,819.16,893.2,1022.9,1098.1,107.68,-28.852,7.8614,8.1567,11.021,8.1769,-20.616,229.62,301.66,4.7235,-1.2657,3.0525,2.5024,2.2268,1.4518,0.79155,4.6376,6.212,0.054407,-0.014578,-0.81792,-0.67053,-0.59666,-0.38902,-0.21209,-1.2426,-1.6645,-0.014578,0.0039062
0,0,-1.079,7.1373,17.029,10.987,7.6235,4.5538,-1.2202,0,0,-1.8778,6.9827,-23.065,16.868,-34.602,4.5212,-1.2114,-0.82064,4.8248,-56.91,-35.84,332.06,-16.849,336.82,15.406,-4.128,9.5109,-41.875,393.93,860.13,571.52,-156.78,710.75,118.93,-31.868,11.526,-73.275,732.12,1020.1,373.15,397.71,916.14,118.84,-31.844,18.387,-25.635,364.87,1001.5,1058.6,902.43,1061.7,129.33,-34.653,8.2862,8.6638,15.402,91.462,135.85,-40.934,626.44,69.798,-18.702,1.5606,2.4967,1.9367,5.4703,3.9306,6.7545,3.2178,0.8122,-0.21763,-0.41815,-0.669,-0.51893,-1.4658,-1.0532,-1.8099,-0.86221,-0.21763,0.058313
0,0,0,0,-2.548,15.639,16.022,5.2509,-1.407,0,0,0,0,-2.5942,17.902,-54.046,-2.4612,0.65949,-2.311,-1.6641,-0.54404,-2.2795,1.8142,-38.655,546.98,54.259,-14.539,11.309,14.924,-22.873,-47.91,27.482,-27.299,933.06,117.83,-31.574,11.829,-15.497,224,527.14,-37.251,-15.972,960.01,127.03,-34.037,14.072,-66.165,672.03,1005.6,935.44,598.03,898.27,72.224,-19.352,12.858,2.6428,90.294,312.52,122.35,-19.008,383.47,6.9599,-1.8649,5.0325,5.8476,2.7138,3.6411,4.195,3.5775,33.215,0.65288,-0.17494,-1.3485,-1.5669,-0.72716,-0.97563,-1.124,-0.9586,-8.9,-0.17494,0.046875
0,0,-2.0479,24.442,22.21,3.286,0,0,0,0,0,-2.994,32.217,-37.912,-5.4256,0,0,0,-0.74434,-0.64893,-4.7129,-67.144,500.28,76.162,-6.3386,0.12997,-0.034826,11.156,2.7231,30.831,288.6,763.11,223.57,100.68,1.0471,-0.28056,6.0788,-76.279,698.07,1016.9,1017.7,1003.7,1045.4,116.61,-31.245,18.424,-55.632,619.86,900.82,907.54,899.81,887.17,70.524,-18.897,8.0293,9.2842,9.8784,6.0097,3.7368,12.49,23.049,8.0452,-2.1557,2.7554,2.2767,3.403,2.3465,0.74475,1.6445,4.1485,0.65965,-0.17675,-0.73832,-0.61005,-0.91182,-0.62876,-0.19955,-0.44064,-1.1116,-0.17675,0.047361
0,0,0,0,-1.5079,8.2888,13.782,2.089,-0.55975,0,0,0,0,-2.8133,22.555,-40.715,-7.1806,1.924,-0.092988,-0.23985,-0.24633,3.2877,-34.52,-109.34,484.94,81.019,-21.709,4.8126,5.2582,5.3288,-79.46,115.85,610.25,1037.2,125.02,-33.5,9.1869,0.43953,37.662,464.19,934.51,1022.5,381.67,16.841,-4.5124,22.137,-63.58,734.74,1117,656.62,108.59,5.6565,0.75389,-0.202,21.947,-23.291,325.81,281.72,60.724,6.1589,0,0,0,3.9402,4.6803,3.804,2.9317,3.8397,1.2834,0,0,0,-1.0558,-1.2541,-1.0193,-0.78555,-1.0289,-0.34388,0,0,0
10.789,11.108,20.838,7.804,19.113,19.649,9.3111,2.1643,-0.57992,11.342,13.496,16.494,5.471,19.315,25.982,-43.924,-7.1607,1.9187,11.598,14.815,8.5179,68.157,21.197,-44.574,496.68,81.531,-21.846,7.5596,-46.433,337.61,850.57,45.055,-50.277,757.17,118.39,-31.723,17.985,-65.784,709.66,1059,1005.7,969.97,1072.1,121.56,-32.572,12.182,-32.995,407.47,616.72,398.78,53.95,556.15,128.39,-34.402,16.767,16.324,13.594,11.09,12.701,-55.005,383.7,71.415,-19.136,3.015,2.8848,3.7207,1.8519,3.3496,6.0696,6.1402,1.1746,-0.31472,-0.80786,-0.77299,-0.99697,-0.4962,-0.89752,-1.6263,-1.6453,-0.31472,0.08433
19.614,17.372,12.38,8.3823,15.71,9.8362,17.909,3.6926,-0.98944,17.813,15.929,14.786,-53.661,19.022,13.936,5.9866,-3.1147,0.83459,13.263,18.489,-34.894,514.1,21.148,-1.753,114.13,52.585,-14.09,14.486,7.5876,160.19,334.21,-77.783,-162.62,429.33,119.55,-32.033,13.991,-64.497,611.93,619.41,478.25,424.4,818.64,119.36,-31.982,2.2979,-6.3628,83.229,119.49,117.57,53.684,607.2,130.71,-35.023,0,0,0,0,-2.0687,-50.642,346.65,42.685,-11.437,0,0,0,0,-0.32777,2.1193,6.0816,1.5234,-0.40819,0,0,0,0,0.087826,-0.56786,-1.6296,-0.40819,0.10937
0,0,-0.53172,5.9979,10.145,18.157,9.3111,2.1643,-0.57992,0,0,-0.28291,12.541,-27.27,-1.8405,-43.924,-7.1607,1.9187,-0.27082,-1.2551,6.9931,-73.737,297.31,114.87,500.46,81.874,-21.938,5.6605,5.3207,27.621,373.81,696.87,-38.746,724.93,119.2,-31.94,20.763,-16.472,339.02,588.5,469.11,767.47,1013,121.78,-32.63,1.8813,2.0874,7.6766,3.9896,2.03,46.339,959.62,129.85,-34.794,0,0,0,0,6.4172,-29.339,825.47,71.18,-19.073,0,0,0,0,-0.31626,2.6426,34.338,0.48966,-0.1312,0,0,0,0,0.084741,-0.70809,-9.2007,-0.1312,0.035156
0,0,-2.1711,11.841,7.5957,12.208,20.102,5.5989,-1.5002,0,0,3.9781,-30.37,-15.853,20.075,-16.061,-2.8938,0.7754,-1.3602,-2.3803,-38.177,290.56,260.04,-20.464,280.58,82.337,-22.062,12.514,19.51,-26.323,760.52,69.045,-106.57,733.28,120.31,-32.237,18.544,-38.301,474.44,840.43,517.51,169.59,742.8,119.13,-31.92,4.4497,5.0433,5.9495,266.23,647.97,841.59,1020.4,119.87,-32.118,0,0,-1.1403,11.889,24.95,-33.268,943.15,105.19,-28.187,0,0,-0.69795,4.0505,4.4713,0.14099,94.41,0.7617,-0.2041,0,0,0.18701,-1.0853,-1.1981,-0.037779,-25.297,-0.2041,0.054687
9.309,7.7912,6.7588,5.3836,17.082,18.489,9.3111,2.1643,-0.57992,9.5464,7.7721,12.292,-40.075,14.915,24.264,-43.924,-7.1607,1.9187,8.7774,11.545,-43.194,374.47,18.119,-41.974,498.57,81.838,-21.929,8.7936,14.407,82.848,551.97,-51.408,-156.58,709.66,118.05,-31.631,25.763,-39.399,476.69,627,442.5,384.86,869.06,120.74,-32.353,20.778,-53.092,618.29,904.03,908.36,885.21,994.56,128.15,-34.338,8.0293,9.2842,9.8784,6.0097,3.6908,-53.875,389.35,72.387,-19.396,2.7554,2.2767,3.403,2.3465,0.38218,4.3156,3.262,1.1493,-0.30796,-0.73832,-0.61005,-0.91182,-0.62876,-0.1024,-1.1564,-0.87406,-0.30796,0.082517
0,0,-0.4493,10.694,19.792,13.808,18.67,6.4546,-1.7295,0,0,-0.12275,15.388,-28.483,12.174,15.667,5.5819,-1.4957,-0.28804,0.2766,-26.429,0.5644,416.95,48.986,27.299,2.4319,-0.65164,9.5336,-6.9003,93.154,715.73,224.86,-105.96,604.01,107.64,-28.842,14.958,-30.824,391.31,510.46,432.9,720.45,922.83,130.96,-35.09,7.9697,8.4213,6.6952,5.3613,-8.0839,20.118,668.69,43.768,-11.728,0,0,0,0,-2.188,-53.146,562.95,6.6569,-1.7837,0,0,0,0,-0.13567,1.1311,36.166,2.0995,-0.56256,0,0,0,0,0.036353,-0.30308,-9.6907,-0.56256,0.15074
5.7557,6.4004,7.7097,8.0264,9.5032,1.6124,0,0,0,5.7755,7.4495,0.15423,-61.908,11.901,1.4706,0,0,0,8.796,12.876,58.738,615.49,7.2848,-3.847,-1.5755,-0.53912,0.14446,14.845,-36.215,369.59,911.27,113.84,122.97,53.152,3.4263,-0.91808,13.131,-62.196,694.63,1015,1011.8,1022.7,893.59,1.1387,-0.30512,17.268,-56.367,619.67,901.84,904.39,933.84,705.67,2.6659,-0.71434,8.0293,9.2842,9.8784,6.0097,4.2931,11.715,21.391,6.3565,-1.7032,2.7554,2.2767,3.403,2.3465,0.86025,3.5659,3.6614,1.059,-0.28375,-0.73832,-0.61005,-0.91182,-0.62876,-0.2305,-0.95548,-0.98106,-0.28375,0.076032
0,0,-0.025069,3.8761,7.7764,10.922,23.606,9.4383,-2.529,0,0,-0.48703,6.1943,15.315,19.007,-32.611,1.8361,-0.49198,-0.13576,-0.29584,-1.6811,10.333,-10.975,-49.695,448.56,35.154,-9.4195,9.007,7.7,5.353,-57.934,467.01,-3.8655,707.06,116.47,-31.208,11.83,19.545,-35.886,-32.372,672.23,480.42,874.15,45.661,-12.235,16.752,-26.213,331.49,788.45,623.97,147.57,641.3,5.3772,-1.4408,17.662,20.12,13.253,16.079,18.769,-30.271,472.83,9.1661,-2.4561,0.9494,1.4164,4.6532,2.5241,5.0525,1.7152,33.308,1.979,-0.53026,-0.25439,-0.37952,-1.2468,-0.67632,-1.3538,-0.45959,-8.9249,-0.53026,0.14208
0,0,-2.1711,11.841,7.454,8.8765,24.831,10.152,-2.7201,0,0,3.9781,-30.37,-15.73,16.937,-32.246,0.85662,-0.22953,-0.72734,-1.9726,-36.345,290.37,267.8,-41.063,518.19,84.036,-22.517,9.4462,12.162,2.7835,900.19,178.4,-108.83,924.43,121.71,-32.612,11.861,-22.796,345,593.93,335.66,406.02,1013.6,120.91,-32.397,2.3756,2.4676,6.9433,6.5182,4.543,64.311,972.83,127.63,-34.199,0,0,0,0,-6.2824,100.23,925.3,72.935,-19.543,0,0,0,0,-0.33293,2.7466,33.518,1.8449,-0.49434,0,0,0,0,0.089208,-0.73594,-8.9811,-0.49434,0.13246
0,0,-0.67805,3.7924,15.495,27.386,13.174,3.9186,-1.05,0,0,0.095074,-11.197,-11.711,20.289,-24.932,4.1856,-1.1215,-2.2854,-2.1503,-15.076,143.72,196.29,31.918,301.6,-5.7211,1.533,10.09,8.9061,-80.31,657.36,200.35,-103.99,890.71,89.905,-24.09,10.726,22.51,-62.718,764.37,123.74,554.87,930.05,23.138,-6.1998,17.097,-12.088,264.72,1076.7,908.62,597.69,765.96,56.537,-15.149,18.102,-56.834,648.82,470.54,74.852,18.624,19.37,6.2459,-1.6736,5.4104,5.3884,3.652,4.197,5.6048,3.1504,3.1108,0,0,-1.4497,-1.4438,-0.97854,-1.1246,-1.5018,-0.84414,-0.83354,0,0
0,0,0,0,-0.045838,2.7,9.1304,1.2886,-0.34528,0,0,0,0,-0.12943,10.677,-29.135,-7.6946,2.0618,-0.77815,-1.3322,-1.5178,-11.912,-13.145,-47.583,329.19,81.966,-21.963,11.058,11.974,10.292,13.697,88.557,-79.478,477.36,119.46,-32.009,11.328,-0.7057,104.19,606.92,230.08,-150.14,436.03,119.21,-31.943,10.666,-29.951,400.83,835.96,358.96,262.83,783.4,127.15,-34.069,10.002,8.5877,19.936,14.444,11.137,-35.532,471.97,41.878,-11.221,0.57895,0.51491,3.4633,2.845,4.0209,5.1551,4.5884,0.74712,-0.20019,-0.15513,-0.13797,-0.92798,-0.76231,-1.0774,-1.3813,-1.2295,-0.20019,0.053641
0,0,-0.95603,9.3751,14.365,10.058,14.877,2.9828,-0.79923,0,0,-1.0813,9.5692,16.549,-67.451,-27.815,3.1697,-0.84932,0,0,-0.44264,11.821,-14.576,663.33,431.24,5.5173,-1.4784,0,0,-1.5547,2.7067,-16.901,1016.5,444.26,5.9585,-1.5966,-3.2798,-3.2609,-6.5901,-44.522,785.97,425.75,20.639,4.9669,-1.3309,16.268,28.009,-94.412,716.8,998.13,110.8,7.1908,3.6453,-0.97675,12.605,-39.849,507.29,878.25,121.49,3.7986,0,0,0,1.1053,-6.8044,91.308,39.299,3.3693,0.69271,0,0,0,-0.29616,1.8232,-24.466,-10.53,-0.90281,-0.18561,0,0,0
0,0,0,0,-2.6053,15.359,19.507,6.9287,-1.8565,0,0,0,0,-2.6568,9.4878,-17.689,6.8241,-1.8285,-2.8095,-1.5478,-4.7079,-5.1072,4.4784,17.679,349.39,2.6163,-0.70104,16.414,7.208,30.506,88.071,-68.056,-0.21566,985.16,106.32,-28.488,16.875,-57.572,639.8,1067.8,537.47,737.57,1052.2,119.2,-31.94,9.9642,0.33305,82.72,119.46,119.57,155.04,1066,127.67,-34.208,0,0,0,0,2.621,-13.368,546.76,69.835,-18.712,0,0,0,0,-0.19008,0.62603,6.173,1.0298,-0.27594,0,0,0,0,0.050932,-0.16774,-1.654,-0.27594,0.073938
0,0,0,0,-0.61689,7.7192,30.393,2.8492,-0.76344,0,0,0,0,-1.1063,10.334,-33.555,3.7636,-1.0085,0,0,0.19319,-0.8526,4.4337,-27.793,446.89,6.1612,-1.6509,0,0,-1.1435,11.703,-49.625,464.02,682.59,4.4046,-1.1802,-0.2001,0.17825,1.6465,-82.613,396.39,922.61,152.77,5.3254,-1.4269,3.0232,-5.9471,58.83,271.02,977.1,47.171,6.3729,1.3669,-0.36627,5.7933,-66.956,616.37,928.3,368.01,6.1558,0,0,0,1.5968,1.5601,1.3432,4.2097,6.0503,0.43135,0,0,0,-0.42785,-0.41802,-0.35992,-1.128,-1.6212,-0.11558,0,0,0
0,0,0.27228,1.0853,29.756,16.141,20.529,5.5231,-1.4799,0,0,-0.28524,7.0348,7.0078,26.656,-34.614,-4.4813,1.2008,-2.2337,4.8397,-55.809,-57.86,163.08,-46.159,478.22,85.228,-22.837,9.5733,-45.477,410.39,739.05,236.39,-89.264,450.52,119.82,-32.105,11.619,-70.73,500.86,964.83,152.24,111.38,647.37,122.51,-32.826,16.156,-7.4432,166.93,897.18,982.6,883.46,980.39,117.86,-31.579,13.365,13.431,23.503,30.137,80.908,-61.317,426.54,107.72,-28.862,6.1761,6.9,4.9651,2.8182,2.5001,4.1864,5.1796,0.54407,-0.14578,-1.6549,-1.8488,-1.3304,-0.75514,-0.66991,-1.1217,-1.3879,-0.14578,0.039062
0,0,-1.1065,8.4642,7.5714,6.4984,11.596,1.5909,-0.42627,0,0,-2.1554,15.367,11.639,13.162,-63.575,-7.5236,2.0159,-0.32675,-1.8468,0.55797,-46.288,6.1907,-3.6994,657.63,83.011,-22.243,0.062136,8.7458,-65.571,678.2,52.231,-120.77,805.79,118.13,-31.653,16.025,-60.568,552.51,1072.3,572.3,896.55,1044,117.29,-31.428,13.324,-12.05,215.87,586.82,532.53,52.411,775.62,128.57,-34.449,4.4485,5.8054,13.8,13.839,12.043,-67.851,658.54,69.947,-18.742,1.5284,1.7067,3.9405,3.8197,4.1159,-3.216,39.138,1.0444,-0.27985,-0.40952,-0.45731,-1.0559,-1.0235,-1.1028,0.86173,-10.487,-0.27985,0.074985
0,0,0,0,-1.7882,13.307,9.3111,2.1643,-0.57992,0,0,0,0,-1.558,19.548,-43.924,-7.1607,1.9187,-1.4954,4.2573,-51.734,-80.109,-81.677,-130.6,474.54,81.854,-21.933,9.8722,-25.78,340.76,669.74,681.66,401.7,869.3,118.41,-31.729,13.724,-55.395,488.1,1048.5,1050,1037.3,1048.1,121.04,-32.433,2.4296,2.4756,16.892,120.54,127.02,80.364,962.97,127.77,-34.236,0,0,0,0,-1.1147,-58.833,641.05,76.25,-20.431,0,0,0,0,-0.16016,1.7544,5.789,2.5027,-0.6706,0,0,0,0,0.042914,-0.47008,-1.5512,-0.6706,0.17969
0,0,-0.52639,4.6455,23.765,20.617,13.367,2.0719,-0.55515,0,0,-1.6315,18.606,-37.743,11.187,2.3053,-5.8087,1.5564,-0.93065,-2.5464,1.2388,-79.931,474.88,100.84,88.402,55.387,-14.841,9.1485,18.012,-27.322,717.46,1022.3,228.17,803.19,122.38,-32.791,8.7973,-62.055,549.76,986.21,913.65,760.46,1010.7,120.37,-32.252,3.9112,-3.1427,63.897,68.742,7.0782,-80.153,764.77,104.45,-27.988,0,0,0,0,-1.1413,-33.817,426.07,3.689,-0.98847,0,0,0,0,-0.4951,3.3501,5.4855,1.6788,-0.44983,0,0,0,0,0.13266,-0.89765,-1.4698,-0.44983,0.12053
0,0,-0.23288,7.1263,9.9706,15.579,16.189,2.3036,-0.61724,0,0,-0.51127,7.0911,9.4936,31.101,-20.483,-7.5959,2.0353,-0.70372,-0.53859,-2.7141,3.7256,-0.99233,-89.455,344.64,84.029,-22.515,12.717,17.267,-25.371,118.24,139.97,809.83,1060.7,127.44,-34.149,14.554,-38.103,473.46,1007.5,1001.6,1079.6,760.29,69.07,-18.507,9.5889,-71.781,546.88,1090.4,982.41,432.03,41.666,1.1308,-0.303,15.707,-28.222,257.67,608.11,90.105,5.0169,0,0,0,2.8515,3.4142,7.8689,7.0735,5.8991,1.0803,0,0,0,-0.76405,-0.91482,-2.1085,-1.8953,-1.5807,-0.28947,0,0,0
19.494,18.844,15.488,4.8288,0,0,0,0,0,22.621,26.83,-25.822,-22.234,0,0,0,0,0,15.836,-32.816,360.44,165.6,-79.924,-71.609,-0.74747,-0.85489,0.22907,13.245,-66.016,708.17,809.83,574.17,583.71,-63.947,-5.2006,1.3935,16.722,-64.814,562.38,1076.3,1007.1,995.3,740.6,82.889,-22.21,4.5675,-19.256,115.28,496.69,1087.4,1079.6,1132.6,129.32,-34.652,0,0,-3.6681,49.354,340.88,327.14,346.48,41.724,-11.18,0,0,-0.3655,1.838,5.7229,4.1706,3.4618,1.5078,-0.40401,0,0,0.097937,-0.4925,-1.5334,-1.1175,-0.92757,-0.40401,0.10825
5.7557,6.4004,6.601,15.402,10.31,8.8763,20.783,5.5307,-1.4819,5.7755,7.4495,-6.7542,-27.773,16.112,-45.808,-63.133,-4.4799,1.2004,10.293,13.306,108.66,394.99,-91.978,438.71,727.15,84.994,-22.774,7.5304,-41.925,404.34,583.8,764.56,1003.6,938.51,108.73,-29.134,17.399,-55.02,429.14,1085.6,612.72,196.1,18.823,6.1121,-1.6377,8.2848,-71.744,752.73,526.16,7.5073,4.7376,6.6686,1.2251,-0.32826,21.545,-45.849,501.61,63.701,0,0,0,0,0,5.9779,5.7507,7.3069,1.193,0,0,0,0,0,-1.6018,-1.5409,-1.9579,-0.31968,0,0,0,0,0
5.6136,6.0718,11.231,3.0556,0,0,0,0,0,8.1794,14.034,-50.537,-23.712,0,0,0,0,0,7.084,-45.099,536.82,167.27,-83.759,-10.14,-0.95254,-0.24163,0.064744,13.053,-75.914,766.61,782.36,715.07,46.364,-65.055,2.9606,-0.79328,21.619,-8.0329,311.09,1081.3,1036.7,796.13,613.29,-1.0955,0.29355,4.4983,3.1346,14.107,496.09,1087.6,1088.9,1090,92.016,-24.656,0,0,-3.6681,49.354,340.88,327.14,346.48,41.724,-11.18,0,0,-0.3655,1.838,5.7229,4.1706,3.4618,1.5078,-0.40401,0,0,0.097937,-0.4925,-1.5334,-1.1175,-0.92757,-0.40401,0.10825
7.6808,11.861,22.622,3.1918,0,0,0,0,0,7.9623,19.156,-35.536,-3.8106,0,0,0,0,0,14.22,-44.602,509.43,16.756,-15.459,-8.0371,-1.0008,-0.71692,0.1921,8.2217,-73.865,721.4,786.54,180.49,121.45,15.637,2.4925,-0.66785,12.45,-52.284,419.96,922.46,1019.8,1073.9,389.81,15.296,-4.0984,2.3013,3.1899,2.6991,58.77,865.41,879.92,1019.3,128.41,-34.406,0,0,-2.1297,15.677,17.554,-14.665,164.2,41.54,-11.131,0,0,-0.26269,2.3098,3.2613,5.4714,3.4422,0.81611,-0.21867,0,0,0.070388,-0.61891,-0.87386,-1.4661,-0.92234,-0.21867,0.058594
5.6903,7.8372,7.7833,11.152,8.2451,5.6993,0,0,0,6.0473,15.468,-29.118,3.3826,8.8491,4.6332,0,0,0,5.3801,-46.701,335.35,62.319,-30.59,3.5246,-1.0431,-0.28089,0.075265,22.457,-62.387,734.93,895.4,394.34,-40.955,-54.854,2.5218,-0.67571,30.687,-10.56,261.21,1003.4,1047.4,662.69,379.36,0.51779,-0.13874,0.99572,2.7433,-21.325,258.03,886.93,1048.4,1042.5,116.8,-31.296,0,0,-0.98205,13.211,0.99471,350.33,891.78,70.192,-18.808,0,0,-0.92395,6.3204,5.3818,5.3724,8.1714,0.39152,-0.10491,0,0,0.24757,-1.6935,-1.4421,-1.4395,-2.1895,-0.10491,0.02811
5.6136,6.0718,10.103,12.934,8.6939,2.5904,0,0,0,8.1794,14.034,-50.984,-19.028,5.6737,2.3108,0,0,0,7.9171,-44.692,519.69,313.02,-13.544,-24.381,-2.0316,-0.65784,0.17627,7.8052,-78.812,736.7,1033,829.84,217.93,-24.952,5.6619,-1.5171,9.8934,-10.443,183.02,966.72,1030.3,1013,267.3,-4.4078,1.1811,0.83278,1.503,-4.0763,45.264,724.49,1036.3,993.36,82.276,-22.046,0,0,-0.69643,6.7492,-7.5084,223.64,841.06,107.86,-28.9,0,0,-0.0067658,0.41718,4.5928,3.5941,7.4321,0.37694,-0.101,0,0,0.0018129,-0.11178,-1.2306,-0.96303,-1.9914,-0.101,0.027063
18.415,12.826,11.183,10.108,7.9176,2.7148,0,0,0,14.807,11.724,11.328,10.838,7.1019,2.9049,0,0,0,11.353,19.796,-41.221,-7.6786,0.27893,-5.8672,-1.1343,-0.31738,0.085041,12.836,-39.606,478.36,836.98,183.77,128.78,43.516,-7.0577,1.8911,15.805,-64.081,692.61,1010.5,1010.7,1010.8,959.2,81.778,-21.912,11.695,-29.664,281.48,1072.6,1097,1080.6,1131.9,128.27,-34.37,14.988,18.879,7.4827,291.84,324.83,323.71,346.48,41.724,-11.18,3.7235,3.6704,7.1502,1.9587,-0.434,3.2282,3.4618,1.5078,-0.40401,-0.99772,-0.98349,-1.9159,-0.52482,0.11629,-0.865,-0.92757,-0.40401,0.10825
20.121,19.477,12.499,11.338,20.131,2.6378,0,0,0,19.623,27.661,-27.678,-17.742,14.227,3.2205,0,0,0,9.2218,-40.886,375.65,304.59,92.589,-45.048,-2.3427,-0.41544,0.11132,26.332,-59.595,724.2,1005,1023.2,419.39,-20.085,-5.0714,1.3589,16.295,-12.486,252.84,1066.3,1018.7,1015.6,239.33,40.409,-10.827,4.5288,4.771,3.1623,227.1,857.61,1028.6,863.91,3.0609,-0.82016,0,0,-1.1254,11.941,-36.39,738.33,811.46,3.9816,-1.0669,0,0,-0.30405,1.972,4.1872,1.0298,4.6108,1.5078,-0.40401,0,0,0.08147,-0.52839,-1.122,-0.27594,-1.2355,-0.40401,0.10825
0,0,0,0,-0.93083,12.427,20.529,5.5231,-1.4799,0,0,0,0,-1.0884,22.159,-34.614,-4.4813,1.2008,-0.54726,-1.2324,0.57467,-63.831,-2.135,-48.666,459.48,84.965,-22.766,3.7532,13.703,-43.835,483.46,-58.574,-101.88,608.29,120.84,-32.38,20.315,-35.565,536.42,387.79,490.52,212.12,664.93,118.32,-31.703,22.102,-45.955,572.35,621.26,584.83,521.86,866.22,119.96,-32.143,14.741,16.239,18.138,6.8855,0.75937,-75.336,739.88,108.18,-28.988,5.5099,5.9363,3.7903,1.8256,0.054202,-4.9883,70.671,1.1347,-0.30405,-1.4764,-1.5906,-1.0156,-0.48918,-0.014523,1.3366,-18.936,-0.30405,0.08147
19.494,18.844,14.945,15.222,8.2451,5.6993,0,0,0,22.621,26.83,-26.745,-9.0463,8.8491,4.6332,0,0,0,17.624,-31.67,357.42,180.94,-33.169,3.5517,-1.5427,-0.15464,0.041436,5.6696,-72.574,698.37,893.09,467.05,5.402,6.498,2.8865,-0.77344,12.45,-52.284,412.34,1001.6,1037.8,798.32,47.544,4.286,-1.1484,2.3013,3.1899,-65.86,521.8,1020.2,1134.3,816.02,25.992,-6.9646,0,0,-1.4369,-15.59,232.51,328.17,343.7,43.996,-11.789,0,0,-0.34786,2.3828,4.5456,3.2929,7.2304,2.2617,-0.60601,0,0,0.093209,-0.63846,-1.218,-0.88234,-1.9374,-0.60601,0.16238
0,0,0,0,-0.5213,9.7869,23.055,4.9418,-1.3241,0,0,0,0,-0.87304,19.127,-32.282,-3.9304,1.0532,-0.39929,-1.3244,2.9632,-59.933,-2.6029,-41.895,401.75,54.123,-14.502,8.5485,17.802,-55.921,474.46,5.9766,-84.885,734.79,119.47,-32.012,17.148,-31.578,448.81,425.96,187.79,112.83,799.23,130.02,-34.84,16.343,-55.433,561.16,537.99,576.81,551.97,824.22,41.653,-11.161,18.185,17.161,17.812,5.0997,9.8536,-26.232,812.1,4.8406,-1.297,3.4521,4.5942,4.9833,1.4128,0.71464,0.83266,92.59,2.1219,-0.56855,-0.92499,-1.231,-1.3353,-0.37855,-0.19149,-0.22311,-24.809,-0.56855,0.15234
8.6633,9.6288,7.0161,6.2997,13.291,3.8847,0,0,0,11.926,17.815,-38.69,13.364,16.61,3.9151,0,0,0,9.9824,-38.009,414.25,-14.131,-9.1274,-0.4575,-1.4438,-0.17229,0.046164,21.059,-66.535,738.49,951.99,562.56,93.437,-9.7006,3.3013,-0.88459,17.637,-32.443,455.58,1050.4,1040.6,999.02,107.55,-2.9297,0.78501,6.1935,4.7107,18.189,66.252,503.94,943,912.55,61.771,-16.552,0,0,-0.85015,4.0447,13.729,37.417,586.06,72.928,-19.541,0,0,-0.013887,1.8058,3.7455,2.8822,8.1402,3.8637,-1.0353,0,0,0.0037211,-0.48387,-1.0036,-0.7723,-2.1812,-1.0353,0.2774
0,0,0,0,-0.65872,6.8912,7.4844,2.3897,-0.64032,0,0,0,0,-0.38225,-7.2946,-17.869,2.6549,-0.71138,-2.6235,3.5384,-52.075,-75.369,-80.841,72.311,190.15,4.8378,-1.2963,14.937,-18.492,297.89,431.25,426.42,539.94,584.48,16.067,-4.3051,11.514,-68.596,683.77,1006.7,1011.8,987.12,1036.8,116.09,-31.107,9.1652,-72.028,714.2,1057.9,1060.8,1041.6,1086.4,126.66,-33.939,11.605,3.5744,94.164,122.92,121.28,127.43,134.74,17.783,-4.7649,1.547,1.8662,4.1685,2.8325,1.4809,4.1406,4.0219,1.6866,-0.45193,-0.41453,-0.50006,-1.1169,-0.75897,-0.39681,-1.1095,-1.0777,-0.45193,0.12109
