0,0,0,0,0,0,0,0,0,0,0,0,0,-0.5,-0.5,0,0,0,0,0,0,0,0,0,0,0,0,0,0,0,0,0,0,0,0,0,0,0,0,0,-2,-0.5,2,0.5,0,-1,-0.5,0.5,-1.5,0,1.5,0,0.5,0.5,0,0,0,0,0,0,0,0,0,0,0,-0.5,0,0.5,0,0,0,0,0,0,0,0,0,0.5,0.5,0,0,0,0,0,0,0,0,0,0,0,0,0,0,0,0,0,0,0,0,0
0,0,0,0,0,0,0,0,0,0,0,0,0,0,0,0,-1,-1,0,0,0,0,0,0,0,0,0,0,0,0,0,0,0,0,0,0,0,0,0,0,0,0,0,0,0,0,0,-1,-13,1,13,0,0,0,0,0,0,-0.5,1,1.5,0,0,0,0,0,0,0,0,0,0,0,0,0,0,0,0,0,0,0,0,0,0,0,0,0,0,0,0,0,0,0,0,0,0,0,0,0,0,0,0
0,0,0,0,0,0,0,0,0,0,0,0,0,0,0,0,0,0,0,0,0,0,0,0,0,0,0,0,0,-1,-1,-0.5,-0.5,0,0,0,0,0,0,0,0,0,0,-1,-1,0,0,0,-4,0.5,4,0.5,1.5,1.5,1,0,0,0,0,0,0,0,0,0,0,0,0,0,0,0,0,0,0,0,0,0,0,0,0,0,0,0,0,0,0,0,0,0,0,0,0,0,0,0,0,0,0,0,0,0
0,0,0,0,0,0,0,0,0,0,0,0,0,0,-1,-1,0,0,0,0,0,0,0,0,0,0,0,0,0,0,0,0,0,0,0,0,0,0,0,0,0,-1.5,-0.5,0,0.5,1.5,0,0,-5,-0.5,5,0.5,0,0,0,-2.5,-10.5,3,11,0,0,0,0,0,0,0,0,0,0,0,0,0,0,0,0,0,0.5,0.5,0,0,0,0,0,0,0,0,0,0,0,0,0,0,0,0,0,0,0,0,0,0
0,0,0,0,0,0,0,0,0,0,0,0,0,0,0,0,0,0,0,0,0,-0.5,-0.5,0,0,0,0,0,0,0,0,0,0,0,0,0,-0.5,-0.5,0.5,0.5,0,0,0,0,0,0,0,0,-1.5,-0.5,1,0.5,0.5,0,0,0,0,-5,-2,5,2,0,0,0,0,0,0.5,0.5,0,0,0,0,0,0,0,0,0,0,0,0,0,0,0,0,0,0,0,0,0,0,0,0,0,0,0,0,0,0,0,0
0,0,0,0,0,0,0,0,0,0,0,0,0,0,0,0,-0.5,-0.5,0,0,0,0,0,0,0,0,0,0,0,0,0,0,0,0,0,0,0,-0.5,-0.5,0,0,0,0.5,0.5,0,-1,-0.5,0.5,-1.5,0,1.5,0,0.5,0.5,0,0,0,0,0,0,0,0,0,0,0,0,0,-0.5,-0.5,0,1,1,0,0,0,0,0,0,0,0,0,0,0,0,0,0,0,0,0,0,0,0,0,0,0,0,0,0,0,0
0,0,0,0,0,0,0,0,0,0,0,0,0,0,0,0,0,0,0,0,0,-0.5,-0.5,0,0,0,0,0,0,0,0,0,0,0,0,0,-1,-1,0,-0.5,0,0.5,0,0,0.5,0.5,0,0,0,0,0,-0.5,-0.5,0,-0.5,0.5,1,-1,0,2,1,0,0,0,0,0,0,0,0,0,0,0,0,0,0,0,0,0,0,0,0,0,0,0,0,0,0,0,0,0,0,0,0,0,0,0,0,0,0,0
0,0,0,0,0,0,0,0,0,0,0,0,0,0,0,0,0,0,0,0,0,0,0,0,0,0,0,-0.5,-0.5,0,0,0,0,0,0,-0.5,-0.5,0.5,0.5,-0.5,-0.5,0,0,0.5,0,-0.5,0,0,0,0,0,0.5,0.5,0,0,0,0,0,0,0,0,0,0,0,0,0.5,0.5,0,0,0,0,0,0,0,0,0,0,0,0,0,0,0,0,0,0,0,0,0,0,0,0,0,0,0,0,0,0,0,0,0
0,0,0,0,0,0,0,0,0,0,0,0,0,0,0,0,0,0,-0.5,-0.5,0,0,0,0,0,0,0,0,0,0,0,0,0,0,0,-1,-3.5,0,2.5,-1,0,1,0,0.5,0.5,0,0.5,0.5,0,0,0,0,-0.5,-0.5,0.5,0.5,0,0,0,0,0,0,0,0,0,0,0,0,0,0,0,0.5,0.5,0,0,0,0,0,0,0,0,0,0,0,0,0,0,0,0,0,0,0,0,0,0,0,0,0,0,0
0,0,0,0,0,0,0,0,0,0,0,0,0,0,0,0,0,0,-0.5,-0.5,0,0,0,0,0,0,0,0,0,0,0,0,0,-0.5,-0.5,0,0,0,0,0,0,0,0,0,0,0,0,0,0,0,0,0,0,0,0,-8.5,-2.5,0,3,9,0,0,0,0,0,0,0,0,0,0,0,0,0.5,0.5,0,0,0,0,0,0,0,0,0,0,0,0,0,0,0,0,0,0,0,0,0,0,0,0,0,0
0,0,0,0,0,0,0,0,0,0,0,0,0,0,0,0,0,0,-0.5,-0.5,0,0,0,0,0,0,0,0,0,0,0,0,0,0,0,0,-0.5,-0.5,0,-0.5,-0.5,-1,0,1,0,0.5,0,0,1,0.5,0,0,0,0,0,0,0,0,0,0,0,0,0,0,0,0,0,0,0,0,0,0.5,0.5,0,0,0,0,0,0,0,0,0,0,0,0,0,0,0,0,0,0,0,0,0,0,0,0,0,0,0
0,0,0,0,0,0,0,0,0,0,0,0,0,0,0,0,0,-0.5,-0.5,0,-0.5,-0.5,0,0,0,0,0,0,0,0,0,0,0,0,0,0,0,0,0,0,0,0,0,-4,0,3.5,-0.5,0,-3,0,3,0,-6,0.5,6.5,0,-0.5,-3.5,1,4,0,0,0,0,0,0,0,0,0,0,0,0,0,0,0,0,0,-0.5,0.5,1,0,0,0,0,0,0,0,0,0,0,0,0,0,0,0,0,0,0,0,0
0,0,0,0,0,0,0,0,0,0,0,0,0,0,0,0,0,0,-0.5,-0.5,0,0,0,0,0,0,0,0,0,0,0,0,0,0,0,0,0,0,0,0,0,0,0,0,0,-7.5,-0.5,7,0,0,0,0,0,0,0,1,1,0,0,0,0,0,0,0,0,0,0,0,0,0,0,0,0,0,0,0,0,0,0,0,0,0,0,0,0,0,0,0,0,0,0,0,0,0,0,0,0,0,0,0
0,0,0,0,0,0,0,0,0,0,0,0,0,0,-1,-1,0,0,0,0,0,-2.5,0,2.5,0,0,0,0,0,0,0,0,0,0,0,0,0,0,0,0,0,0,0,0,0,0,0,0,0,0,0,0,0,-8,-1.5,5.5,0,-1,2,4,0,0,0,0,0,0,0,0,0,0,0,0,0,0,0.5,0.5,0,0,0,0,0,0,0,0,0,0,0,0,0,0,0,0,0,0,0,0,0,0,0,0
0,0,0,0,0,0,0,0,0,0,0,0,0,0,0,0,0,0,0,-0.5,-0.5,0,0,0,0,0,0,0,0,0,0,0,0,0,0,0,0,0,0,0,0,0,0,0,0,-2.5,-1,1.5,0.5,0.5,0,0,-3.5,-0.5,3,0,-0.5,-4,0,-2.5,-0.5,5.5,2,2,0,0,0,0,0,0,0,0,0,0,0,0,0,0,0,0.5,0.5,0,0,0,0,0,0,0,0,0,0,0,0,0,0,0,0,0,0,0
0,0,0,0,0,0,0,0,0,0,0,0,0,0,0,0,0,0,-0.5,-0.5,0,0,0,0,0,-0.5,-0.5,0,0,0,0,0,0,0,0,0,0,0,0,0,0,0,0,0,0,-0.5,-1.5,-2,-10.5,3.5,13,0,0,0,0,0,0,0,0,0,0,0,0,0,0,0,0,0,0,0,0,0,0,0,0,0,0,0,0,0,0,0,0,0,0,0,0,0,0,0,0,0,0,0,0,0,0,0,0,0
0,0,0,0,0,0,0,0,0,0,0,0,0,0,0,0,0,0,-0.5,-0.5,0,0,0,0,0,0,0,0,0,0,0,0,-0.5,-0.5,0.5,0.5,0,0,-0.5,-1.5,-0.5,0.5,0,0.5,0,-1,1,1.5,0,0,0,0,-0.5,-0.5,-1,0,1,0.5,0.5,-0.5,0,0.5,0,0,0,0,0,0,0,0.5,0.5,0,0,0,0,0,0,0,0,0,0,0,0,0,0,0,0,0,0,0,0,0,0,0,0,0,0,0,0,0
0,0,0,0,0,0,0,0,0,0,0,0,0,0,0,0,0,0,-0.5,-0.5,0,0,0,0,0,0,0,0,-0.5,-0.5,0,0,0,0,0,0,0,0,0,0,0,0,-0.5,-6.5,-2,2.5,1,2.5,-1.5,2,3.5,0,0,0,0,0,0,0,0,0,0,0,0,0,0,0,0,0,0,0,0,0,0,0,0,0,0,0.5,0.5,0,0,0,0,0,0,0,0,0,0,0,0,0,0,0,0,0,0,0,0,0
0,0,0,0,0,0,0,0,0,0,0,0,0,0,0,0,0,-0.5,-1,-0.5,0,0,0,0,0,0,0,0,0,0,0,0,0,0,0,0,0,0,0,0,0,0,0,0,0,0,-1.5,-1.5,-21.5,2,23.5,0,0,0,0,0,0,0,0,0,0,0,0,0,0,0,0,0,0,0,0,0,0,0,0,0,0,0.5,0.5,0,0,0,0,0,0,0,0,0,0,0,0,0,0,0,0,0,0,0,0,0
0,0,0,0,0,0,0,0,0,0,0,0,0,0,0,0,0,0,-0.5,-0.5,-0.5,-1,-0.5,0.5,0,-0.5,0.5,0.5,0,0,0,0,0,0,0,0,0,-1,-1.5,-4,0,-3.5,1,8,0,-2,-0.5,3,1.5,0,0,0,0,0,0,0,0,0,0,0,0,0,0,0,0,0,0,0,0,0,0,0,0,0,0,0,0.5,0.5,0,0,0,0,0,0,0,0,0,0,0,0,0,0,0,0,0,0,0,0,0,0
0,0,0,0,0,0,0,0,0,0,0,0,0,0,-0.5,-0.5,0,0,-0.5,-0.5,0,0,0,0,0,0,0,0,0,0,0,0,0,0,0,0,0,0,0,0,0,0,0,0,0,0,0,0,0,0,0,0,-0.5,-21.5,1,22,0,0,0,0,0,0,0,0,0,0,0,0,0,0,0,0,0,0,0,0,0,0.5,0.5,0,0,0,0,0,0,0,0,0,0,0,0,0,0,0,0,0,0,0,0,0
0,0,0,0,0,0,0,0,0,0,0,0,0,0,0,0,0,-1,-0.5,0,-0.5,0,0,0,0,0,0,0,-0.5,0,0.5,0,0,-0.5,0,-0.5,-1,0.5,1,0.5,0,0,0,0,0,0,0,0,0,0,0,-0.5,-0.5,-0.5,-1.5,-9,1,7,1.5,3.5,0,0,0,0,0,0,0,0,0,0,0,0,0,0,0,0.5,0.5,0,0,0,0,0,0,0,0,0,0,0,0,0,0,0,0,0,0,0,0,0,0,0
0,0,0,0,0,0,0,0,0,0,0,0,0,0,-0.5,-1,0,0.5,0,0,-0.5,-0.5,0,-0.5,-0.5,0.5,0.5,0,0,0,-0.5,-0.5,0.5,0.5,0,0,0,0,-1,-1.5,0,-12,0.5,13,0.5,0.5,-0.5,-0.5,-2.5,1,3.5,0,0,0,0,0,0,0,0,0,0,0,0,0,0,0,0,0,0,0,0,0,0,0,0,0,0,0,0,0.5,0.5,0,0,0,0,0,0,0,0,0,0,0,0,0,0,0,0,0,0,0
0,0,0,0,0,0,0,0,0,0,0,0,0,0,0,0,0,0,0,0,-0.5,-0.5,0,0,0,0,0,0,0,0,0,0,0,0,0,0,0,0,0,0,0,0,0,0,0,0,-0.5,-0.5,-14,1,15,0,0,0,0,0,0,0,0,0,0,0,0,0,0,0,0,0,0,0,0,0,0,0,0,0,0,0,0,0,0,0,0,0,0,0,0,0,0,0,0,0,0,0,0,0,0,0,0,0
0,0,0,0,0,0,0,0,0,0,0,0,0,0,0,0,0,-0.5,-0.5,0,0,0,0,0,0,0,0,0,-1,-2,0.5,1.5,0,0,0,0,0,0,0,0,0,0,0,0,0,0,0,-1.5,-5.5,0.5,5,0.5,0,-0.5,-1,-2.5,1,-0.5,0,2,-0.5,2,1.5,0.5,0,0,0,0,0,0,0,0,0,0,0,0,0,0,0,0.5,0.5,0,0,0,0,0,0,0,0,0,0,0,0,0,0,0,0,0,0,0
0,0,0,0,0,0,0,0,0,0,0,0,0,0,0,0,0,-0.5,-1,-0.5,0,0,0,0,0,0,0,0,0,0,0,0,0,0,0,0,0,-1,-1.5,-0.5,0,-5,1.5,6,0.5,1,-2.5,-2,-1,2,3.5,0,0,0,0,0,0,0,0,0,0,0,0,0,0,0,0,0,0,0,0,0,0,0,0,0,0.5,0.5,0,0,0,0,0,0,0,0,0,0,0,0,0,0,0,0,0,0,0,0,0,0
0,0,0,0,0,0,0,0,0,0,0,0,0,-0.5,-1,-0.5,0,0,0,0,0,0,0,0,0,0,0,0,0,0,0,0,0,0,0,0,0,0,0,0,0,0,0,0,0,0,0,0,0,0,-1,-1,-4.5,0.5,4,0,1,-0.5,-1,-1.5,2,3,0,0,0,0,0,0,0,0,0.5,0.5,0,0,0,0,0,0,0,0,0,0,0,0,0,0,0,0,0,0,0,0,0,0,0,0,0,0,0,0
0,0,0,0,0,0,0,0,0,0,0,0,0,0,0,0,-0.5,-0.5,0,0,0,0,0,0,0,0,0,0,0,0,0,0,-0.5,-0.5,0,0,0,0,0,0,0,0,0,0,0,0,0,0,0,0,0,0,0,0,-4,0,3.5,-0.5,0,-0.5,0,-15.5,1,17,0,0,0,0,0,0,0,0,0,0,0,0,0,0.5,0.5,0,0,0,0,0,0,0,0,0,0,0,0,0,0,0,0,0,0,0,0,0
0,0,0,0,0,0,0,0,0,0,0,0,0,0,0,0,-1,-0.5,0.5,0,0,0,0,0,0,0,0,0,0,0,0,0,0,0,0,0,0,0,0,0,0,0,0,0,0,0,0,0,0,0,0,0,0,0,0,0,0,0,0,0,0,0,0,0,0,0,0,0,0,0,0,0,0,0,-0.5,-2.5,1,3,0,0,0,0,0,0,0,0,0,0,0,0,0,0,0,0,0,0,0,0,0,0
0,0,0,0,0,0,0,0,0,0,0,0,0,0,0,0,-0.5,-0.5,0,0,0,0,0,0,0,0,0,0,0,0,0,0,0,0,0,0,0,0,0,0,0,0,0,-5.5,-1.5,1,-0.5,2.5,-6,2,8,0,0,0,0,0,0,0,0,0,0,0,0,0,0,0,0,0.5,0.5,0,0,0,0,0,0,0,0,0,0,0,0,0,0,0,0,0,0,0,0,0,0,0,0,0,0,0,0,0,0,0
0,0,0,0,0,0,0,0,0,0,0,0,0,0,-0.5,-0.5,0,0,0,0,0,0,0,0,0,0,0,0,0,0,0,0,0,0,0,0,0,0,0,0,-0.5,-2.5,0.5,2.5,0,0,0,0,0,0,0,0,0,0,0,0,0,0,0,0,0,0,0,0,0,0,0,0,0,-0.5,-5,1,5.5,0,0,0,0,0,0,0,0,0,0,0,0,0,0,0,0,0,0,0,0,0,0,0,0,0,0,0
0,0,0,0,0,0,0,0,0,0,0,0,0,0,0,0,0,0,0,-0.5,-0.5,0,0,0,0,0,0,0,-0.5,-0.5,0,0,0,0,0,0,0,0,0,0,0,0,0,-1,-1,-5,0,3.5,-0.5,1,-0.5,0,0.5,2,2,0,0,0,0,0,0,0,0,0,0,0,0,0,0,0,0,0,0,0,0,0,0,0,0,0.5,0.5,0,0,0,0,0,0,0,0,0,0,0,0,0,0,0,0,0,0,0
0,0,0,0,0,0,0,0,0,0,0,0,0,0,0,0,0,0,0,0,0,-0.5,-0.5,0,0,0,0,0,0,0,0,0,0,0,0,0,0,0,0,0,0,0,0,0,0,0,0,0,0,0,0,-0.5,-12,1,12.5,0,0,0,0,0,0,0,0,0,0,0,0,0,0,0,0,0,0,0,0,0,0,0,0,0,0,0,0,0,0,0,0,0,0,0,0,0,0,0,0,0,0,0,0,0
0,0,0,0,0,0,0,0,0,0,0,0,0,0,0,0,0,0,-0.5,-0.5,0,0,0,0,0,0,0,0,0,0,0,0,0,0,0,0,0,0,0,-1,-13,-6.5,12,7.5,1,0,0,0,0,0,0,0,0,0,0,0,0,0,0,0,0,0,0,0,0,0,0,0,0,0,0,0,0,0,0.5,0.5,0,0,0,0,0,0,0,0,0,0,0,0,0,0,0,0,0,0,0,0,0,0,0,0
0,0,0,0,0,0,0,0,0,0,0,0,0,0,-1,-1,0.5,0.5,-0.5,-0.5,0,0,0,0,0,0,0,0,0,0,0,0,0,0,-3,-1.5,1.5,0.5,0.5,-4,-2,3,1.5,0,2,2.5,0,0,0,0,0,0,0,0,0,0,0,0,0,0,0,0,0,0,0,0,0,0,0,0,0,0,0,0,0,0,0,0.5,0.5,0,0,0,0,0,0,0,0,0,0,0,0,0,0,0,0,0,0,0,0,0
0,0,0,0,0,0,0,0,0,0,0,0,0,0,0,0,-0.5,-0.5,0,0,0,0,0,0,0,0,0,0,0,0,0,0,0,0,0,0,-0.5,-0.5,-2,0.5,2.5,0,0,0,0,0,0,-0.5,-4.5,0,4,0,0,0.5,0.5,0,0,0,0,0,0,0,0,0.5,0.5,0,0,0,0,0,0,0,0,0,0,0,0,0,0,0,0,0,0,0,0,0,0,0,0,0,0,0,0,0,0,0,0,0,0,0
0,0,0,0,0,0,0,0,0,0,0,0,0,0,0,0,0,0,-0.5,-0.5,0,0,0,0,0,0,0,0,0,0,0,0,0,0,0,0,0,0,0,0,0,0,-0.5,-0.5,0,0,0,0,-0.5,-2,-2.5,2,3,0,0,1,1,0,0,0,0,0,0,0,0,0,0,0,0,0,0,0,0,0,0,0,0,0,0,0,0,0,0,0,0,0,0,0,0,0,0,0,0,0,0,0,0,0,0,0
0,0,0,0,0,0,0,0,0,0,0,0,0,0,0,0,0,0,-0.5,-0.5,0,0,0,-4.5,-1,4,0.5,0,0,0,0,0,-0.5,-0.5,-0.5,0,0.5,0,0.5,0,-0.5,0.5,0.5,-1.5,0.5,2,0,0,0,0,0,0,0,0,0,0,0,0,0,0,0,0,0,0,0,0,0,0,0,0,0,0,0,0,0,0,0,0.5,0.5,0,0,0,0,0,0,0,0,0,0,0,0,0,0,0,0,0,0,0,0,0
0,0,0,0,0,0,0,0,0,0,0,0,0,0,0,0,0,0,0,0,-0.5,-0.5,0,0,0,0,0,0,0,0,0,0,0,0,0,0,0,0,0,0,-0.5,-0.5,0.5,0,0,0.5,0,-0.5,-0.5,0,-0.5,-0.5,0,0,0,-3,0.5,3.5,0,1,1,0,0,0,0,0,0,0,0,0,0,0,0,0,0,0,0,0,0,0,0,0,0,0,0,0,0,0,0,0,0,0,0,0,0,0,0,0,0,0
0,0,0,0,0,0,0,0,0,0,0,0,0,0,0,0,0,0,-0.5,-0.5,0,0,0,0,0,0,0,0,0,0,0,0,0,0,0,0,0,-0.5,-2,0.5,2,0,0,0,0,-0.5,-0.5,0,-5,0,5,0,0,0,0,-0.5,0.5,1,0,0,0,0,0,0,0,0,0,0.5,0.5,0,0,0,0,0,0,0,0,0,0,0,0,0,0,0,0,0,0,0,0,0,0,0,0,0,0,0,0,0,0,0
0,0,0,0,0,0,0,0,0,0,0,0,0,0,0,0,-0.5,-0.5,0,0,0,0,0,0,0,0,0,0,0,0,0,0,0,0,0,0,0,0,0,0,-0.5,0,0,-0.5,0,0,0,0,-1.5,0.5,2,0,0,0,0,0,-0.5,-1,0,1,0.5,0,0,0,0,0,0,0.5,0.5,0,0,0,0,0,0,0,0,0,0,0,0,0,0,0,0,0,0,0,0,0,0,0,0,0,0,0,0,0,0,0
0,0,0,0,0,0,0,0,0,0,0,0,0,0,0,0,0,0,0,0,-0.5,-0.5,0,0,0,0,0,0,0,0,0,0,0,0,0,0,-3,0,3,0,0,0,0,-0.5,-0.5,-1.5,0,2,0.5,0,0,0,0,0,0,0,0,0,0,0,0,0,0,0,0,0,0,0,0,0,0,0.5,0.5,0,0,0,0,0,0,0,0,0,0,0,0,0,0,0,0,0,0,0,0,0,0,0,0,0,0,0
0,0,0,0,0,0,0,0,0,0,0,0,0,0,0,0,0,-1,-0.5,0.5,0,0,0,0,0,0,0,0,0,0,0,-0.5,-1,0,0.5,0,0,0,0,0,0,0,0,0,0,0,0,0,0,0,0,0,-6.5,-4,2.5,-2,0.5,6.5,4,0,0,0,0,0,0,0,0,0,0,0,0,0,0,0,0,0,0.5,0.5,0,0,0,0,0,0,0,0,0,0,0,0,0,0,0,0,0,0,0,0,0,0
0,0,0,0,0,0,0,0,0,0,0,0,0,0,0,0,-0.5,-0.5,0,0,0,0,0,0,0,0,-0.5,-0.5,0,0,0,0,0,0,0,0,0,0,-3.5,0,4,0.5,0,-0.5,0,0.5,0,-0.5,-2,0,1.5,0,0.5,0.5,0,0,0,0,0,0,0,0,0,0,0,0.5,0.5,0,0,0,0,0,0,0,0,0,0,0,0,0,0,0,0,0,0,0,0,0,0,0,0,0,0,0,0,0,0,0,0,0
0,0,0,0,0,0,0,0,0,0,0,0,0,0,0,0,0,0,0,0,0,0,0,0,0,0,0,0,0,0,0,0,0,0,0,0,0,0,0,-0.5,-2,-11,0.5,10.5,0.5,0,0,0,0,0,0,0,0,0,0,0,0,0,0.5,0.5,0,0,0,0,0,0,0.5,0.5,0,0,0,0,0,0,0,0,0,0,0,0,0,0,0,0,0,0,0,0,0,0,0,0,0,0,0,0,0,0,0,0
0,0,0,0,0,0,0,0,0,0,0,0,0,0,0,0,0,0,-0.5,-0.5,0,0,0,0,0,0,0,0,0,0,0,0,0,0,0,0,0,0,0,0,-0.5,0,0,-0.5,0,0.5,0.5,0,-0.5,-0.5,0,0,-2,-0.5,1.5,0,0,0.5,0.5,0,0,0,0,0,0,0,1,1,0,0,0,0,0,0,0,0,0,0,0,0,0,0,0,0,0,0,0,0,0,0,0,0,0,0,0,0,0,0,0,0
0,0,0,0,0,0,0,0,0,0,0,0,0,0,-0.5,-0.5,0,0,0,0,0,0,0,0,0,0,0,0,0,0,0,-0.5,-1,0,0.5,0,0,0,0,0,0,0,0,0,0,0,0,0,0,0,0,0,0,0,-18.5,-1.5,15,2,4,0,0,0,0,0,0,0,0,0,0,0,0,0,0,0,0,0,0.5,0.5,0,0,0,0,0,0,0,0,0,0,0,0,0,0,0,0,0,0,0,0,0,0
0,0,0,0,0,0,0,0,0,0,0,0,0,0,0,0,0,0,-0.5,-0.5,0,0,0,0,0,0,0,0,0,0,0,-0.5,-1,-0.5,0,0.5,0.5,0,0,0,0,0,0,-2.5,0,2.5,0,0,0,0,0,0,0,0,0,-1,-20,1.5,20.5,0,0,0,0,0,0,0,0,0,0,0,0,0,0,0,0,0,0.5,0.5,0,0,0,0,0,0,0,0,0,0,0,0,0,0,0,0,0,0,0,0,0,0
0,0,0,0,0,0,0,0,0,0,0,0,0,0,-0.5,-0.5,0,-0.5,-0.5,0,0,0,0,0,0,0,0,0,0,0,0,0,0,0,0,0,0,0,0,0,0,0,0,-4,0,4,0,0,-0.5,-0.5,-4.5,0,4.5,-3,0,3,0,-4.5,1,5.5,0,0,0,0,0,0,0,0,0,0,0,0,0,0,0.5,0.5,0,0,0,0,0,0,0,0,0,0,0,0,0,0,0,0,0,0,0,0,0,0,0,0
0,0,0,0,0,0,0,0,0,0,0,0,0,0,0,0,-0.5,-0.5,0,0,0,0,0,0,0,0,0,0,0,0,0,0,0,0,0,0,0,0,0,0,0,0,0,0,0,0,0,0,-15.5,0.5,16,0,0,0,0,0,0,0,0,0,0,0,0,0,0,0,0,0,0,0,0,0,0,0,0,0,0,0,0,0,0,0,0,0,0,0,0,0,0,0,0,0,0,0,0,0,0,0,0,0
