-1.299,3.183,1.3971,-83.553,-80.438,162.92,6.8447,-39.015,-43.312,151.12,128.7,38.707,-2.4848,0,0
18.15,33.817,-12.299,-6.3026,19.448,-33.934,-68.067,56.585,105.77,-10.977,103.02,116.37,-18.965,0,0
-4.6103,-5.9441,133.06,47.518,-141.47,4.8455,-36.485,-82.72,132.97,-34.988,-115.51,-11.853,-2.2404,0,0
14.686,-0.98413,0.075082,-56.2,-110.67,-176.38,110.1,-158.77,28.589,-123.48,8.8215,12.008,-4.2162,0,0
-2.5981,2.1095,12.698,-51.959,92.743,-41.182,12.015,120.86,-237.99,98.285,-88.375,13.846,3.7524,0,0
16.887,-12.722,-17.933,124.18,29.649,30.713,55.189,-145.28,120.2,-116.52,46.71,-94.456,-7.0165,0,0
-21.645,-2.3777,-142.57,-11.313,85.256,-28.177,107.47,-85.792,-38.397,86.604,-177.28,-133.01,23.118,0,0
0,0,0,0,67.186,100.91,-32.75,-193.97,-7.1472,-287.35,-7.0938,22.887,4.7548,0,0
8.6603,-4.5377,27.392,3.317,-53.075,-78.393,54.536,193.65,255.2,-159.27,23.726,-24.35,1.6492,0,0
0,0,0,0,-77.156,129.73,-6.0429,-137.29,-29.004,-217.91,110.4,-35.399,2.8325,0,0
0,0,0,0,4.6316,87.791,-17.39,91.548,-172.43,-140.21,1.2719,-9.0096,-1.2255,0,0
16.454,6.4378,27.6,103.54,-119.46,-231.5,-122.03,16.964,-200.65,113.87,-37.482,-156.47,-58.193,29.108,-12.954
0,0,0,0,19.39,98.165,52.251,-116.03,82.975,17.647,6.8445,-6.1385,-0.76226,0,0
-0.5278,-17.705,-4.3107,81.074,-72.418,-221.29,-102.81,181.95,41.057,-55.691,-174.46,20.104,-2.2859,0,0
-13.201,11.198,43.036,132.64,-23.854,-84.168,-71.558,-0.28646,48.699,-85.805,56.644,107.64,-17.342,0,0
0,0,0,0,-88.365,111.94,169.08,-84.491,44.088,-168.88,72.572,30.878,-3.8421,0,0
-5.6292,4.3857,14.067,3.5114,4.1462,-96.617,-13.374,-214.22,-66.962,17.907,36.655,-135.48,25.314,0,0
0,0,0,0,-27.872,-54.125,-291.78,260.48,35.937,-13.229,147.75,-34.328,5.7105,0,0
5.4764,16.099,3.4938,-96.523,149.27,-81.741,-1.8175,-38.557,139.77,-81.349,11.063,-8.4147,-8.2491,0,0
9.5263,-11.606,63.365,-90.92,-133.84,190.39,-159.46,-114.38,-127.03,-160.36,18.889,187.17,-33.423,0,0
-2.1651,-8.1896,-15.507,37.659,-58.025,-93.306,65.495,82.115,8.5495,-57.117,-11.073,-121.95,14.867,0,0
-13.423,9.2338,62.623,-10.25,-25.696,-183.22,-150.83,96.373,26.462,-145.62,85.981,-50.026,1.0439,0,0
-12.008,51.875,-8.6872,-144.31,-77.464,37.342,-221.6,138.42,84.58,105.44,10.954,-167.78,17.939,0,0
24.682,-2.7649,30.289,-11.602,90.214,-194.53,130.53,-103.46,118.02,-223.39,-18.659,-156.85,8.9328,0,0
0,0,0,0,-11.833,34.61,-49.233,54.486,93.775,-119.35,30.052,14.464,-1.8313,0,0
0,0,0,0,24.244,178.98,-203.83,24.452,-54.28,-71.438,-60.717,31.15,5.6433,0,0
0.43301,6.8056,11.275,-67.68,-62.716,47.303,68.717,-27.67,135.57,-21.542,-5.1262,-15.469,-0.0027269,0,0
-22.517,10.352,25.426,-197.83,78.859,-47.27,-251.69,11.266,-58.591,57.255,135.93,-57.107,2.3821,0,0
7.7942,10.56,8.0131,35.99,84.963,57.613,292.65,251.68,47.992,-92.103,12.448,-19.44,0.19055,0,0
-7.7942,28.979,-4.4479,-52.179,-135.05,28.385,-225.04,-151.65,-93.411,93.772,68.751,94.399,-20.275,0,0
-19.919,16.588,-1.4952,233.25,-209.98,52.866,8.7243,33.508,114.35,32.776,100.38,33.781,6.323,0,0
0,0,0,0,-93.846,166.79,-125.81,-46.31,43.73,-198.37,-202.02,56.425,-2.0741,0,0
14.537,114.98,41.658,-77.12,174.85,159.98,139.77,-73.055,106.76,8.8027,152.35,-29.436,-1.8688,0,0
-15.229,12.897,-97.205,-157.62,196.02,-54.26,5.8328,65.572,-229.55,-138.38,73.587,-73.462,1.462,0,0
21.556,1.9696,75.724,89.25,-94.601,-147.42,-21.767,129.99,70.439,-39.615,-114.47,200.23,-20.863,0,0
0,0,0,0,-95.508,85.883,119.52,-188.08,-104.62,99.718,-161.29,-57.957,-2.9635,0,0
-20.785,29.876,98.522,124.36,168.75,96.638,-79.265,98.487,-187.14,-11.117,-85.66,182.4,40.531,-10.923,6.9282
0,0,0,0,61.754,144.21,-163.74,54.216,-148.97,10.039,193.69,-49.517,-4.5545,0,0
1.6098e-015,-2.498e-016,4.4409e-016,1.5543e-014,-4.9943,-50.934,122.03,-55.857,-82.201,-16.396,43.897,7.9168,-3.5556,0,0
8.2272,-7.0197,-11.232,7.4593,52.401,182.88,149.88,18.884,132.11,45.181,303.88,-62.571,-6.6861,0,0
-4.3301,-21.629,-11.353,113.42,217.23,-190.33,59.58,5.5635,37.947,-200.1,104.93,-42.097,2.765,0,0
-22.517,-0.29552,11.346,-95.779,-131.22,15.836,80.35,358.92,-152.15,-149.21,265.63,-250.64,64.713,15.866,16.296
-3.0311,-8.6046,-5.3218,-154.12,-59.706,160.54,-74.368,-97.747,-112.59,132.87,-81.529,86.252,0.11482,0,0
24.249,-39.141,-12.019,234.52,82.94,-44.151,-13.328,145.33,148.47,-146.28,43.957,0.54135,-0.01226,0,0
0,0,0,0,39.608,-73.462,45.561,143.7,18.076,98.365,-24.485,-30.233,1.1288,0,0
-1.299,-9.5066,16.136,-1.5556,57.323,75.29,239.34,220.16,-188.82,-112.42,393.15,59.96,3.1002,0,0
3.5066,-23.241,14.74,99.147,-42.926,-88.012,74.166,-112.18,65.868,-123.59,-61.447,-80.605,-105.32,43.94,6.0622
-18.958,0.54423,-96.159,-130.91,-34.312,16.748,-42.329,97.711,144.14,-57.74,24.07,68.777,-27.368,0,0
0,0,0,0,-62.352,-171.08,75.71,117.26,178.09,149.51,-186.75,13.95,1.2877,0,0
0,0,0,0,-169.71,101.23,217.18,87.396,20.269,40.682,-122.99,99.527,-0.30737,0,0
0,0,0,0,-19.833,-160.09,-230.4,72.654,-101.36,177.5,-3.3742,-14.704,-2.3586,0,0
0,0,0,0,-104.04,20.815,-58.134,-68.676,7.7988,-42.875,164.95,-4.5306,-2.7655,0,0
2.5981,-0.68301,-24.74,-51.606,60.402,192.05,98.792,-14.053,52.652,-129.07,292.17,34.227,153.14,-39.226,16.021
6.9282,2.1519,-22.575,19.987,-143.3,202.76,-45.389,97.845,-39.894,-224.79,-94.403,46.609,2.7386,0,0
0,0,0,0,-30.872,272.34,-52.715,79.233,-90.257,-88.133,22.207,12.623,-2.4886,0,0
1.6953,1.529,5.3938,31.84,-208.18,93.162,-2.0466,64.354,-49.031,-1.1107,-33.528,50.024,-6.4954,0,0
7.1504,-3.0687,42.823,-44.892,-11.973,74.401,-52.709,22.746,-42.405,35.931,-4.7039,24.285,0.17677,0,0
-8.005,-9.4085,72.398,-139.77,64.858,33.34,-28.765,227.58,74.023,28.925,1.0899,34.03,8.5186,0,0
-4.3457,-26.362,-0.57124,158.49,-20.729,42.926,-27.31,-71.249,124.87,-86.047,41.909,-99.795,21.127,0,0
0,0,0,0,24.289,87.442,107.57,-62.78,-155.03,33.634,71.959,-14.539,-3.0171,0,0
6.2844,-28.314,4.4691,50.137,78.971,-43.936,65.656,-131.07,40.589,-42.802,-157.64,30.628,-8.5502,0,0
-32.006,10.904,5.1214,165.73,-35.676,42.261,93.27,-76.25,167.28,-93.466,-69.229,-3.7563,-3.9199,0,0
0,0,0,0,126.66,61.369,-19.536,-27.112,-59.79,52.054,-27.366,-10.719,0.56907,0,0
17.11,-13.046,59.532,230.65,106.76,-25.693,1.1078,-13.345,32.393,57.37,-20.073,130.51,-17.227,0,0
-19.391,13.539,5.2973,-83.575,-118.51,165.7,-42.075,-72.878,-47.419,-61.602,178.55,124.92,-27.209,0,0
0,0,0,0,-86.438,-8.965,14.115,339.41,-32.914,4.0126,-9.1546,-43.971,-7.0982,0,0
13.012,-4.2885,74.909,1.7758,-79.97,109.26,28.074,-13.424,-118.2,-69.668,64.448,-102.03,27.104,0,0
0,0,0,0,102.32,-171.43,138.13,117.77,-152.94,-146.45,40.939,4.1937,-2.5849,0,0
-11.258,7.5083,121.96,-120.3,-172.28,-187.75,-9.8615,27.318,101.32,-27.989,208.44,90.861,-70.199,0,0
18.298,1.3843,21.028,-205.47,-284.64,-92.774,128.94,-83.689,-7.8948,8.6884,218.14,81.405,156.6,-25.997,-9.5263
2.4453,-3.6397,-13.428,52.606,33.966,224.22,12.679,-44.976,145.48,-164.48,20.825,-13.474,0.92404,0,0
-2.1651,-8.1896,-15.507,37.659,-56.283,19.542,-216.07,54.304,-32.738,37.449,-54.846,-176.08,24.946,0,0
-0.43301,3.8415,2.8056,-34.371,218.48,19.385,-11.203,-26.619,76.924,-15.177,31.924,19.987,10.234,0,0
-0.86603,18.142,-18.334,161.25,-152.15,-98.667,-104.69,29.208,-52.051,-125.15,-23.166,12.333,-83.434,28.159,-12.557
0,0,0,0,-124.69,-94.078,49.341,-74.617,-49.117,1.5825,-91.372,11.406,-1.1032,0,0
-37.467,24.771,11.948,13.418,-65.312,-74.992,-89.106,226.87,-38.286,-156.92,-63.406,90.03,-65.248,-1.6696,1.4731
-20.146,19.463,-30.98,-73.432,-93.752,49.637,-52.352,130.88,-213.64,-116.34,15.805,-43.063,2.9967,0,0
-47.426,26.467,112.44,-139.86,139,4.1357,84.647,113.33,-14.2,-40.086,-181.95,-100.57,102.24,-10.398,6.4796
0,0,0,0,-160.27,-225.8,-317.52,-162.29,253.42,-83.988,56.468,-20.05,-3.5587,0,0
0,0,0,0,-131.75,174.6,166.97,145.36,130.1,-164.17,52.041,42.501,-1.8034,0,0
-19.053,-2.4558,-156.74,63.673,99.136,270.89,-136.62,-95.062,82.849,-23.108,-57.003,-43.615,14.189,0,0
0,0,0,0,-149.03,30.596,20.161,-104.72,132.51,-113.18,-34.002,-6.4013,-0.55625,0,0
0,0,0,0,30.492,-179.38,-305.63,-135.69,-1.9688,161.33,-49.121,-48.824,-9.2635,0,0
-2.5981,37.803,4.32,-64.623,44.384,-129.4,-158.77,99.969,25.374,159.09,-37.224,-37.124,19.654,15.81,-8.2272
1.7321,1.384,4.2321,30.021,-78.741,13.291,56.22,-91.367,103.47,-88.944,-17.652,5.2942,1.4857,0,0
-2.1651,-8.1896,-15.507,37.659,100.19,-74.724,91.206,-89.957,151.85,-75.24,-33.164,-28.967,17.345,0,0
-8.6603,4.5377,-27.392,-3.317,32.751,-29.475,24.409,8.5149,-42.951,-18.971,-18.914,-11.635,-5.4881,0,0
-8.2272,22.173,-15.722,15.502,-207.9,-69.125,-3.6518,-246.84,160.57,-104.95,-106.48,39.153,7.1654,0,0
-3.4641,-17.453,126.69,-38.326,159.49,106.63,157.91,116.37,48.107,19.886,-152.15,32.149,3.7638,0,0
0,0,0,0,4.0727,-117.25,-80.322,-82.049,-54.623,-85.491,-58.137,-9.0392,0.22396,0,0
0,0,0,0,-19.793,-145.85,92.741,235.86,60.447,124.38,-161.35,66.316,-1.6489,0,0
-3.8971,-47.059,0.56746,110.05,-128.25,-4.532,-6.9144,-78.101,25.963,-5.8137,-175.42,-2.9668,0.017627,0,0
0,0,0,0,37.577,127.91,29.838,135.04,-182,86.632,151.44,-87.743,-4.4248,0,0
2.2204e-016,1.1102e-016,0,1.4211e-014,-110.66,-88.061,45.564,-179.52,107.08,-82.811,60.721,-207.83,22.275,0,0
0,0,0,0,26.701,236.36,-192.73,286.23,17.778,9.4782,33.322,-14.189,-7.0628,0,0
2.1651,-13.482,-110.01,-12,-121.69,-107.01,-176.26,145.77,-126.5,13.52,-90.674,-187.54,28.461,0,0
7.4037,-11.381,16.588,71.932,71.606,-51.628,-172.45,-128.56,21.21,49.924,-97.364,20.018,3.462,0,0
0.86603,11.373,16.904,-121.21,62.005,-104.47,54.817,-34.547,-90.359,12.813,-24.018,-8.2393,-3.7099,0,0
0,0,0,0,225.83,50.911,-89.745,82.022,-113.79,65.082,34.87,-4.1172,6.9366,0,0
12.716,-39.413,-43.132,-82.308,48.155,185.48,-24.501,-46.142,-153.72,34.588,-196.23,37.675,4.4789,0,0
3.3268,-21.083,-72.991,0.84518,-64.296,-71.979,29.816,85.125,-38.373,125.26,84.314,-168.19,26.211,0,0
0,0,0,0,-176.13,-141.1,377.72,-217.25,-148.6,172.76,113.91,68.574,1.8188,0,0
0,0,0,0,20.332,1.6062,11.718,68.972,-120.1,109.45,33.666,-10.623,-0.10617,0,0
17.077,-12.586,64.65,-55.936,-188.3,-116.42,26.395,-119.94,2.7639,6.5384,-85.473,-134.52,23.316,0,0
10.615,-39.242,-18.604,162.29,32.195,-105.44,-37.087,75.83,262.1,-57.8,15.075,-188.02,25.077,0,0
-12.99,-0.30385,-233.81,-14.675,-76.227,-176.37,-197.15,-93.444,28.166,58.283,-163.11,50.768,42.894,0,0
-2.1651,-8.1896,-15.507,37.659,-20.732,-70.277,-183.6,-80.187,27.406,322.94,-28.793,-28.283,-10.04,0,0
-11.691,-15.567,-84.332,10.331,-68.021,132.18,29.15,-45.532,299.72,-233.52,-52.682,-2.9412,13.445,0,0
-15.155,32.004,6.6388,163.38,187.84,-37.897,-212.31,-90.345,25.64,-103.54,-110.75,32.004,6.1848,0,0
-29.445,21.889,27.542,-228.99,-87.062,-8.7589,-116.98,-102.72,-2.8237,79.827,42.083,-18.93,1.0152,0,0
0,0,0,0,-246.83,186.35,-1.1563,-3.9279,82.034,-45.233,13.429,-0.56001,2.7596,0,0
17.543,-11.033,20.322,-181.75,168.78,-47.528,-240.15,-54.077,32.403,-241.75,308.52,24.013,-6.7766,0,0
0,0,0,0,-83.617,80.601,142.37,-95.966,113.04,-67.393,31.954,147.1,-27.754,0,0
-5.6292,4.3857,14.067,3.5114,144.53,3.6487,4.4107,-3.9155,-89.101,133.55,69.864,29.275,-6.8379,0,0
0,0,0,0,-233.32,-12.965,72.691,287.76,-104.54,-248.46,151.93,-16.206,0.55625,0,0
13.423,-14.99,15.301,66.156,93.073,-98.242,-71.734,-174.9,-84.226,-233.06,-56.674,108.92,-73.645,0.35192,4.9372
4.3301,0.70096,-20.508,-21.585,93.964,113.74,-6.7324,-83.472,60.927,-169.26,15.632,-8.7485,2.331,0,0
8.2272,-11.343,16.118,70.997,126.34,-105.53,112.22,-2.7507,222.99,-59.718,78.541,21.347,-3.6782,0,0
-9.9593,-26.123,-16.275,228.15,-27.208,165.01,-156.42,-7.6092,9.7257,87.575,18.957,-62.973,5.047,0,0
-2.2204e-016,4.6629e-015,-2.2204e-015,-2.9532e-014,-1.2712,43.97,69.511,16.232,-69.873,-100.73,75.096,-16.351,4.8466,0,0
-4.3301,-21.629,-11.353,113.42,-148.24,-124.53,126.84,-315.64,121.02,251.25,-29.853,20.359,-1.0397,0,0
-3.9339,2.2186,15.376,63.124,101.29,-15.543,61,15.138,164.91,42.394,-175.49,13.372,-66.623,55.428,-0.86603
0,0,0,0,-26.41,-73.104,-149.7,202.62,-38.17,117.17,11.399,-7.8469,3.6095,0,0
6.4952,-12.727,11.886,40.976,212.32,35.691,-193.88,239.5,-107.11,18.798,-85.459,-52.693,26.818,-29.829,14.03
0,0,0,0,76.093,54.429,48.294,-28.637,-20.068,243.38,-34.089,-33.804,0.81875,0,0
0.43301,-22.1,-105.32,118.8,4.9042,348.26,-139.17,167.75,16.114,221.14,-251.9,231,17.17,0,0
6.9282,-4.4641,-193.36,-39.359,103.9,70.04,175.32,-119.33,89.577,0.78388,-90.868,34.492,-0.56162,0,0
-0.43301,-6.8056,-11.275,67.68,28.239,-45.635,79.523,16.508,-1.8046,237.4,-147.19,-1.3718,-3.1693,0,0
-3.6169,12.862,72.277,41.596,-159.13,16.075,-83.618,-104.99,-141.28,168.21,40.677,1.6316,-0.69199,0,0
-7.7942,28.979,-4.4479,-52.179,10.65,-136.89,92.966,81.958,113.75,248.63,-148.81,30.927,-6.3244,0,0
6.4952,-12.727,11.886,40.976,62.328,-273.78,-164.46,38.658,98.17,-38.722,113.02,-96.439,29.42,0,0
0,0,0,0,-133.71,43.317,-82.577,11.285,-63.014,198.91,8.0922,-8.0119,1.0957,0,0
-28.146,3.1931,83.136,102.03,-236.53,55.229,214.76,-94.042,36.314,103.92,-66.065,-229.57,84.181,0,0
1.6953,26.885,4.3724,-92.746,70.291,-7.7874,-114.3,81.855,-57.258,19.516,-95.161,-0.033171,-4.5078,0,0
0,0,0,0,-108.22,-20.486,3.9767,-123.08,44.645,15.627,-27.41,-13.092,-0.090626,0,0
-4.7631,-4.1095,29.015,-95.411,-195.48,-18.793,5.6861,94.792,-23.063,60.624,92.604,19.71,2.5248,0,0
0,0,0,0,-9.8534,342.55,-102.52,-16.208,-85.144,-54.214,172.64,42.083,-4.5792,0,0
0,0,0,0,149.27,241.43,104.77,-28.709,-21.752,-103.63,-118.48,-34.939,4.0024,0,0
-8.2272,22.173,-15.722,15.502,-80.1,207.92,25.877,3.1768,61.853,-9.8766,-56.044,13.989,0.88309,0,0
0,0,0,0,93.894,164.35,199.54,-51.48,3.1465,154.44,-213.49,-11.113,-3.8505,0,0
-7.139,-13.623,-8.4345,87.079,-22.808,-57.272,-15.212,-190.51,-344.71,-170.75,-14.331,126.04,43.63,-29.829,14.03
4.1193,-21.582,19.059,-65.117,34.513,141.38,-4.6251,-55.784,51.342,48.815,-156.06,-47.181,-4.8194,0,0
0,0,0,0,-107.91,-101.18,-122.21,93.343,-39.496,-172.27,17.009,25.653,6.8502,0,0
0,0,0,0,-90.337,-110.45,156.95,-32.406,-100.13,-105.88,-41.583,-29.851,7.9261,0,0
0,0,0,0,17.52,91.348,-12.698,-53.663,-16.423,-208.05,127.32,-87.376,-7.8123,0,0
0,0,0,0,0.9016,-10.689,92.774,-166.48,84.142,-120.97,-123.8,56.653,2.2351,0,0
0,0,0,0,-0.99968,-134.43,-388.91,281.8,-130.19,-106.72,-113.56,36.356,0.27156,0,0
-1.7208e-015,-9.7925,11.69,35.686,-83.791,108.58,-51.533,157.72,-55.715,168.75,2.896,146.45,2.4894,0,0
13.856,-8.1848,26.575,-1.5245,0.34415,131.78,101.34,85.845,-30.078,-5.5612,-124.98,-13.58,2.026,0,0
25.395,-0.72812,-19.196,62.552,149.64,-113.03,137.54,-69.469,-14.832,-19.186,-42.09,78.086,38.997,0,0
-22.517,-0.29552,11.346,-95.779,-154.92,-167.2,-230.72,-168.58,-65.729,-205.24,-57.552,-6.8733,3.8128,0,0
20.785,-25.285,-88.716,-52.003,-71.457,-66.205,124.75,-245.99,41.271,-28.609,-82.77,213.15,-26.249,0,0
-2.3759,-0.35946,-15.724,103.95,207.91,149.73,-78.874,16.623,85.561,28.522,43.712,-47.977,0.7266,0,0
6.9282,2.1519,-22.575,19.987,-84.278,91.252,15.194,81.499,-64.267,-52.891,9.7067,33.884,10.929,0,0
17.321,-24.87,-104.08,51.237,16.201,228.46,217.22,66.862,134.22,134.35,158.28,99.218,-95.082,16.76,-12.557
0,0,0,0,-68.874,70.795,-113.99,51.576,-4.9103,171.24,-27.143,62.116,9.7713,0,0
47.479,1.3796,144.12,69.71,-20.172,-25.86,19.475,32.181,60.955,-42.155,-133.82,-41.874,2.6429,0,0
-6.5278,-26.092,85.874,-183.18,-179.21,17.613,-99.453,76.385,-25.975,-97.587,-130.29,34.594,32.302,0,0
0,0,0,0,-39.599,81.33,-278.26,116.43,13.338,-168.47,134.8,42.207,-8.8777,0,0
-9.9593,20.789,-19.954,-14.52,8.9595,248.02,30.888,63.948,100.38,106.45,-192.81,40.775,-3.9228,0,0
9.5263,14.975,-35.004,93.173,-133.27,182.75,38.029,41.176,162.85,239.58,-80.732,29.325,4.628,0,0
0,0,0,0,-174.67,-112.8,-52.075,-54.685,99.665,90.354,-60.646,-1.2231,-2.2091,0,0
-11.691,24.722,18.342,181.3,-5.9118,54.373,1.8014,-172.91,226.04,74.293,-35.836,12.909,3.7596,0,0
3.0311,5.75,7.0736,-39.028,-17.188,84.514,195.45,-19.682,148.39,42.395,-25.009,22.281,1.4498,0,0
18.784,7.3116,24.678,-149.58,-61.032,-32.634,37.901,-87.258,34.912,-13.327,60.674,-3.0592,4.8182,0,0
7.9584,19.405,2.9019,-191.2,-84.679,-97.107,40.654,-19.147,193.67,118.71,76.817,43.036,2.8038,0,0
0,0,0,0,-21.985,5.0696,173.17,-75.178,-51.585,191.8,-42.986,-17.703,-4.2172,0,0
-0.43301,-1.6405,-16.422,23.51,-23.34,-15.844,210.22,-153.25,-23.105,-190.82,-253.58,96.566,-26.558,0,0
0,0,0,0,29.066,-231.19,5.2852,148.41,-28.471,10.522,7.4526,-3.8145,-2.7925,0,0
-10.825,15.332,24.013,155.12,-70.361,-75.284,225.31,-70.541,104.13,69.701,-86.74,-20.495,-10.615,0,0
0,0,0,0,-89.368,-100,247.65,-28.751,95.468,-41.208,17.074,-7.9956,-1.3648,0,0
37.672,-10.731,6.2518,99.481,204.18,179.45,83.277,-28.3,-97.152,123.86,-203.23,272.34,18.071,-0.55353,0.41178
6.9282,4.1405,-11.216,-35.49,-94.486,39.41,-6.0228,-21.421,1.0663,43.374,88.211,-16.327,-0.92163,0,0
1.7321,23.739,24.051,-165.38,24.731,-305.33,21.079,210.62,-128.55,-136.14,-31.46,114.53,29.191,0,0
-0.43301,-83.767,178.19,-25.019,57.139,-0.47548,31.771,-132.11,11.795,-152.43,-62.481,66.158,4.0984,0,0
-5.6292,47.901,113,-94.697,44.971,30.7,-75.131,-51.772,-135.53,-173.47,123.24,-5.9118,6.3319,0,0
-4.3301,18.379,76.729,88.458,-90.264,-86.358,-171.41,-28.534,-84.41,228.07,-20.094,31.906,-66.284,0,0
-8.8818e-016,-15.598,-7.1226,20.479,205,50.912,-0.63878,74.845,-59.53,149.12,213.33,-28.379,2.8549,0,0
0,0,0,0,-91.364,156.46,-82.442,-35.165,-64.789,-45.779,-10.634,0.80024,0.74463,0,0
-5.1962,-30.874,-75.422,-132.32,-108.4,-147.5,81.016,-67.488,13.001,-20.262,89.416,159.02,-31.923,0,0
8.6603,-4.5377,27.392,3.317,137.69,247.99,33.509,89.733,-28.841,113.31,-39.567,-11.571,2.081,0,0
31.573,-10.171,1.4381,128.06,57.706,-21.883,60.426,85.957,91.902,37.36,81.712,-62.072,26.788,0,0
-6.6962,15.7,-30.044,58.733,62.084,-3.8106,-42.506,-115.48,-111.81,212.84,-2.7366,-32.66,-6.4477,0,0
20.352,-3.6309,93.512,145.58,69.787,27.587,58.764,54.969,-140.44,126.15,-46.254,8.4581,-4.7386,-4.4409e-016,5.5511e-017
-11.258,-16.658,-0.96234,15.471,117.91,278.73,100.73,-21.822,226,118.23,6.1558,8.6596,1.1609,0,0
13.856,-8.1848,26.575,-1.5245,8.6759,132.34,39.207,62.153,92.998,65.821,8.8361,52.677,-7.9856,0,0
13.423,18.993,-55.933,101.48,-187.48,-205.88,-129.69,180,31.97,8.6182,-21.576,39.279,2.4513,0,0
17.754,-24.611,13.299,118.69,-54.504,194.13,-33.585,16.748,150.71,-194.39,177.32,128.71,104.83,0,0
-0.86603,-5.2434,-18.667,-7.1274,26.402,180.33,61.033,-47.276,-138.25,17.369,126.14,-11.853,-11.582,-29.829,14.03
0,0,0,0,245.08,-28.156,-28.204,22.781,-78.361,-54.82,-10.932,-8.1842,-4.0718,0,0
0,0,0,0,-66.732,-155.71,274.19,-36.738,189.74,-177.8,-15.73,-17.595,6.5311,0,0
0,0,0,0,-102.65,211.18,-101.47,52.786,-42.674,3.0096,46.999,-14.219,1.3612,0,0
30.67,7.0255,-130.07,66.692,-128.19,-191.66,59.816,-36.398,-128.76,103.5,32.18,73.697,-34.382,0,0
22.992,-26.457,123.19,134.09,84.179,218.03,0.39248,-99.05,-13.58,76.589,205.04,65.909,-7.3809,0,0
1.0882,-3.9952,61.197,81.828,217.49,-234.11,63.502,151.02,-42.186,167.31,100.15,88.764,-23.336,0,0
29.234,-4.0836,-35.436,154.48,108.25,-17.193,4.1112,69.252,-37.455,-32.17,-13,-2.3023,5.9297,0,0
1.7321,1.384,4.2321,30.021,-62.546,159.71,4.233,-57.851,-101.73,-106.55,-23.853,9.1037,-44.898,0.35192,4.9372
0,0,0,0,22.653,-35.692,161.63,-197.24,77.09,81.236,-24.355,-4.6785,-3.0069,0,0
0,0,0,0,96.672,49.75,-21.903,-3.1983,-53.331,201.83,-89.235,36.862,1.0946,0,0
0,0,0,0,20.077,-116.15,-55.864,-228.64,87.465,143.93,91.534,-35.166,1.3248,0,0
0,0,0,0,56.76,29.5,24.289,-115.08,-108.56,-86.833,33.526,22.399,-5.5643,0,0
8.8825,0.9133,-23.351,65.904,50.834,139.35,-90.148,59.092,79.443,-60.896,40.741,9.2228,-2.433,0,0
-6.0622,-9.1764,-3.7811,-5.9689,-147.05,-46.462,-315.07,-24.015,14.668,-34.536,87.714,35.739,4.9534,0,0
8.2272,-25.119,-71.461,95.324,-193.86,-110.92,-16.935,-281.87,-38.75,35.078,6.1163,-22.897,3.8002,0,0
0,0,0,0,81.496,-19.35,-118.75,87.625,-226.19,151.59,-65.727,21.773,-4.0254,0,0
0,0,0,0,15.361,121.14,7.3168,179.12,54.48,-113.64,57.715,9.2434,-4.4713,0,0
0,0,0,0,17.395,-135.06,23.667,-106.08,74.246,-38.991,18.49,6.5433,0.92885,0,0
-10.392,-8.75,89.506,-65.583,-15.216,313.01,-90.406,55.23,24.466,-71.975,324.81,-63.902,4.5693,0,0
2.1283,8.3346,16.668,-35.841,39.031,-171.76,-204.08,144.06,-138.53,-143.83,23.546,2.0111,-2.7467,0,0
-7.7942,28.979,-4.4479,-52.179,37.132,-169.54,-224.46,-132.69,16.5,-50.887,-89.965,-156.68,22.672,0,0
0,0,0,0,23.254,32.271,162.4,313.62,124.68,109.6,-94.85,-4.4329,-3.4627,0,0
0.82925,-22.009,32.592,-134.23,95.012,38.386,-56.299,-38.634,-223.36,-24.154,243.73,-45.093,1.549,0,0
1.6098e-015,-2.498e-016,4.4409e-016,1.5543e-014,-65.607,26.36,20.112,116.54,81.449,156.35,-70.357,-1.9776,2.3615,0,0
0,0,0,0,34.776,-191.44,24.603,44.497,188.91,178.26,-3.1821,17.562,2.2369,0,0
-42.868,14.067,103.39,-29.562,113.18,71.511,14.41,-327.61,100.59,242.43,-40.722,70.411,2.5302,0,0
2.1651,8.1896,15.507,-37.659,16.304,-66.265,-6.983,-7.3818,-29.276,-132.52,123.29,62.536,-0.76402,0,0
0,0,0,0,64.872,-121.58,-205.58,16.475,6.2535,-34.233,19.781,-9.8373,0.99311,0,0
-13.423,14.99,-15.301,-66.156,33.082,17.318,28.193,-31.3,154.31,-51.577,-26.527,7.6083,2.6352,0,0
3.0311,4.3726,4.0849,86.979,-190.69,14.248,-64.101,130.29,78.016,51.166,24.136,27.629,2.1134,0,0
0,0,0,0,83.402,-132.03,37.065,-138.68,8.7101,59.502,26.713,16.589,0.7246,0,0
-7.7942,28.979,-4.4479,-52.179,-165.86,-198.79,31.264,206.04,67.249,-27.326,27.358,71.739,35.067,0.94888,-0.39623
-7.7942,28.979,-4.4479,-52.179,-20.702,92.661,171.7,-175.99,138.43,10.681,-145.15,31.88,2.5906,0,0
2.1651,8.1896,15.507,-37.659,-163.83,73.514,-80.881,37.213,126.02,-112.36,97.017,-0.84262,5.7312,0,0
0,0,0,0,6.7063,-142.76,-51.772,296.24,1.6239,-75.832,-30.746,3.5066,4.9199,0,0
-2.1651,-10.232,14.252,-68.761,33.957,85.436,520.13,17.721,45.942,14.634,25.061,-16.071,-5.5452,0,0
-8.6603,4.5377,-27.392,-3.317,46.094,89.074,81.148,-123.44,274.81,-88.937,-233.01,53.16,3.5984,0,0
107.39,-49.918,69.384,84.053,-68.875,108.31,-30.407,-147.76,209.42,90.079,81.743,-23.389,-6.0057,0,0
-9.9593,9.4593,17.634,1.384,-64.382,61.679,-35.132,-29.443,-121.83,35.871,-235.57,51.495,4.8589,0,0
5.6292,3.1519,-18.551,3.1734,13.079,124.63,-169,-4.0013,50.752,-6.6549,-181.56,-7.4036,4.2637,0,0
0,0,0,0,-13.777,215.71,-6.9068,172.43,-59.368,39.469,46.695,103.98,40.955,0,0
1.299,-7.3415,-2.8971,24.296,-229.37,140.79,30.873,213.17,196.67,78.145,55.097,-3.8699,-3.5628,0,0
16.814,-7.5284,-117.16,-36.864,-13.401,-5.7503,-90.938,180.75,133.37,-39.708,-172.64,73.261,6.4098,0,0
-2.1651,-23.788,-22.629,58.138,131.66,-14.588,15.928,-63.15,-48.552,-0.69078,4.6238,5.0033,2.5817,0,0
6.0622,-20.819,-72.631,-139.92,-31.234,-63.255,25.274,-8.3759,-24.001,55.58,28.402,54.14,0.47909,0,0
-0.86603,-6.7811,-17.69,-0.14535,76.844,-59.396,-84.24,167.96,88.366,-169.14,14.731,2.8453,0.59479,0,0
0,0,0,0,-202.77,51.872,-22.923,6.7967,-106.23,-55.6,30.182,16.876,5.4501,0,0
-14.722,19.191,-73.129,174.68,12.022,237.65,23.357,-275.47,-46.896,5.7916,-150.29,17.179,-8.0485,0,0
0,0,0,0,-0.59479,-21.877,105.87,168.05,55.241,-29.467,62.382,-19.059,2.3256,0,0
1.299,-17.989,-16.977,126.35,-111.89,73.118,-127.42,18.125,35.96,99.666,80.133,-7.6494,-0.82435,0,0
0,0,0,0,39.39,152.09,205.63,-274.38,153.37,144.82,-41.473,-42.19,-5.8069,0,0
5.1962,3.7557,29.094,-9.3409,-53.374,156.72,7.1333,-83.608,271.79,54.303,-52.692,-47.715,-0.0036071,0,0
7.7942,10.56,8.0131,35.99,63.032,-71.618,-243.7,124.45,-103.08,-110.57,62.215,27.92,5.0873,0,0
-11.142,6.5308,-129.93,33.655,82.835,-84.252,13.912,5.4216,-217.13,-226.79,2.3931,29.996,7.4328,0,0
2.5981,21.002,15.536,-87.519,66.425,-6.9085,-32.651,-219.13,-30.377,-4.2434,-15.477,-12.746,-12.356,0,0
25.548,6.0455,-4.2728,56.75,-212.97,-49.728,21.875,-139.55,14.422,217.91,-143.6,-3.5418,-1.1333,0,0
14.289,36.964,-0.24519,-144.05,-231.95,28.092,89.966,-98.824,-203.89,52.949,28.595,35.805,-9.5353,0,0
-15.366,9.9413,-167.18,-14.062,-55.198,55.577,-2.8151,-3.4231,36.598,-82.431,-164.98,-66.18,58.926,0,0
-6.0622,-2.4199,2.7925,71.192,101.35,-36.41,-262.6,45.852,126.84,-111.91,-52.693,5.3711,-4.9151,0,0
0,0,0,0,-14.424,-19.434,-9.2093,190.89,-17.044,-189.62,6.6551,21.514,-2.9919,0,0
7.7942,-28.979,4.4479,52.179,2.3289,38.887,24.323,179.92,-159.13,-129.21,255.64,-212.33,12.364,-4.2045,2.2811
0,0,0,0,116.89,19.259,7.4869,164.22,-46.578,119.29,-264.53,160.92,-25.086,0,0
19.644,-19.872,-56.135,-26.908,153.73,-45.727,-32.179,194.6,-249.59,200.87,72.809,13.717,38.194,2.2518,-10.825
8.6603,-13.564,-104.08,-126.08,-34.671,-65.361,-105.92,-119.62,51.452,3.5611,-119.1,16.878,-11.24,0,0
0,0,0,0,-111.97,126.93,6.8938,166.77,191.69,78.292,-1.5099,10.48,-3.8289,0,0
2.5981,-1.4085,14.386,32.709,29.932,-86.059,-154.86,-79.031,-202.89,-196.13,-167.91,-52.307,-5.2631,0,0
0,0,0,0,-63.806,-146.7,-11.06,-27.914,223.7,-51.714,200.86,-6.9729,0.26138,0,0
-4.5409,13.173,-101.33,79.176,75.801,-237.84,16.395,24.765,70.879,51.35,104.9,62.431,2.4109,0,0
-3.6749,-7.5245,-15.485,35.618,200.75,-27.59,-35.249,-189.67,14.544,-87.953,-32.302,24.216,-1.947,0,0
0,0,0,0,-49.538,-3.6019,-84.772,177.02,129.81,179.12,3.2675,125.64,-18.241,0,0
9.9593,6.3349,3.701,-108.46,39.865,47.643,1.9696,63.94,57.291,128.79,-155.49,285.91,-43.715,0,0
5.1962,-3.6471,-0.81699,-4.8415,76.794,-128.67,-137.88,298.06,27.968,-1.6495,-70.444,73.905,-3.6671,0,0
0,0,0,0,-64.319,-178.02,40.682,-265.86,48.353,-108.28,-85.381,89.101,1.5117,0,0
1.7321,23.739,24.051,-165.38,94.653,-71.879,-195.13,61.395,19.912,107.15,76.241,23.698,1.8936,0,0
-3.4641,19.404,84.845,49.588,-42.572,-102.05,110.29,86.185,49.455,-231.66,9.6808,-50.213,3.8042,0,0
-13.93,11.526,-61.41,87.615,-109.65,174.43,-63.704,-64.099,-168.98,172.59,-86.865,97.901,-16.062,0,0
0.86603,-18.739,-92.042,110.92,-106.96,-10.239,-197.4,110.86,-122.51,-16.656,-120.71,-27.561,-6.7345,0,0
0,0,0,0,243.28,-34.092,225.55,-141.17,82.523,106.86,-31.219,-23.703,8.0066,0,0
13.856,-8.1848,26.575,-1.5245,86.615,-193.23,84.877,294.27,-3.3051,90.225,-143.02,8.3903,-2.1107,0,0
-38.538,7.9317,16.25,-141.47,10.721,223.14,-255.51,-10.214,12.125,50.735,135.46,40.77,-2.1932,0,0
25.115,-25.061,-5.8314,126.65,-88.37,-31.719,-13.026,123.72,41.748,-58.556,26.966,-54.28,-1.1603,0,0
6.0622,2.4199,-2.7925,-71.192,-37.354,-17.021,-46.902,-113.74,5.3287,3.4249,-0.40521,-6.5712,0.45425,0,0
37.947,-36.908,-97.531,-68.846,96.32,36.926,20.963,52.586,133.73,-54.689,116.5,-38.172,-0.80177,0,0
-11.332,-15.897,-2.2234,125.29,129.48,200.99,25.903,-161.6,-143.44,177.23,60.858,-93.279,0.53044,0,0
-4.7631,-4.1095,29.015,-95.411,-80.727,17.294,-60.923,396.8,-31.614,39.515,-37.108,37.403,1.2731,0,0
0.86603,3.433,-12.776,51.863,-125.96,55.142,-114.16,-47.892,-2.9082,179.01,-53.743,-22.599,-11.685,0,0
-4.7264,-0.090948,-22.457,-1.7064,119.57,30.732,20.728,62.66,175.59,-48.285,-70.356,38.265,2.4205,0,0
1.7321,-41.454,46.775,-9.1016,4.4551,-149.98,-157.36,37.302,-50.23,222.17,-116.79,35.967,-1.4399,0,0
-6.4952,12.727,-11.886,-40.976,-56.44,152.15,124.65,-73.65,-84.936,-149.36,78.516,23.283,5.8185,0,0
13.856,-8.1848,26.575,-1.5245,-46.852,225.15,-2.5128,-105.42,-177.9,24.665,-56.734,69.768,3.7626,0,0
0,4.4409e-016,1.9984e-015,1.5543e-014,117.25,-105.48,69.833,-83.076,-57.407,201.42,157.06,10.541,1.122,0,0
-22.517,-0.29552,11.346,-95.779,-10.169,165.53,22.146,-169.38,68.094,37.605,-55.422,14.303,5.1376,0,0
0.86603,5.2321,-20.685,-3.4869,73.785,-4.6554,162.74,-74.899,-188.65,-190.75,-62.306,8.8549,-4.0882,0,0
-29.878,41.86,80.074,140.09,-74.842,105.12,6.2951,35.515,-143.88,303.67,-315.23,-8.0116,74.9,-28.401,-1.6797
-0.39054,-1.3795,22.69,105.92,33.866,16.228,82.807,-31.495,151.58,-45.336,-0.12083,26.498,4.7644,0,0
0,0,0,0,-92.92,-99.999,-77.063,-63.525,59.539,-19.321,5.1366,-2.8272,0.90849,0,0
-10.392,17.74,43.412,41.923,150.66,82.52,-43.027,119.58,-200.02,151.13,-170.73,16.309,2.6259,0,0
0,0,0,0,-113,27.877,-8.5512,-42.563,10.916,2.6908,10.793,17.04,10.442,0,0
0,0,0,0,-53.692,65.434,163.96,59.266,-39.643,113.13,-176.67,7.7856,8.1854,0,0
15.119,22.25,115.69,-111.01,-4.3435,-27.004,26.304,7.6884,128.91,-58.898,-68.38,22.046,6.5437,0,0
-3.0254,73.203,16.98,-81.044,-50.926,-15.81,14.069,4.0179,19.917,41.655,54.742,-20.368,1.224,0,0
0,0,0,0,-266.59,208.76,-174.67,-224.03,-95.427,11.233,66.057,-55.627,2.0442,0,0
-1.5099,0.66506,0.021234,-2.0413,-69.007,-80.008,71.685,-140.56,-46.559,62.972,-62.743,-8.558,-1.6932,0,0
0,0,0,0,-41.368,-231.81,-263.26,217.06,-197.27,137.18,37.75,-43.451,5.7449,0,0
-4.4829,6.4225,4.0248,19.99,163.29,95.404,13.898,75.269,-29.036,179.66,-13.566,40.442,-64.113,0,0
0,0,0,0,-91.212,-64.828,-67.066,-108.06,-2.9229,95.725,10.401,-6.9413,-5.5607,0,0
-29.878,-31.237,-28.158,268.34,16.263,182.33,-195.42,43.222,-91.753,191.48,-36.62,82.703,105.28,-10.025,-18.287
8.6603,-4.5377,27.392,3.317,99.967,-86.509,-172.42,0.09157,24.892,-226.61,-196.45,-35.85,-1.4283,0,0
-14.03,-2.7736,89.019,-131.6,-94.423,104.64,-99.448,-15.568,141.11,121.08,-170.19,2.6975,-2.997,0,0
0,0,0,0,56.329,-26.147,81.537,92.577,121.4,-45.708,-27.009,-11.825,3.1884,0,0
0,0,0,0,-124.44,25.32,22.104,-94.557,-32.583,125.46,-0.3475,-2.2192,-0.79487,0,0
6.7174,6.2679,-10.01,-43.349,20.164,123.23,-23.818,53.082,-72.569,-34.382,-66.964,-0.36162,-1.7575,0,0
0.86603,5.2321,-20.685,-3.4869,89.555,24.6,-39.408,78.906,-259.26,-44.933,-23.722,6.6708,-7.6349,0,0
-6.0254,-2.1711,27.146,181.6,-190.28,-51.521,17.708,-93.679,94.356,-21.742,78.307,42.8,-3.2422,0,0
-0.18958,22.488,196.08,-90.023,-19.329,10.343,8.8971,93.964,-4.1913,24.028,-249.99,100.1,-32.209,0,0
0,0,0,0,82.547,-23.105,-18.588,26.471,84.093,226.31,20.672,-32.718,-3.4776,0,0
0,0,0,0,194.2,-115.82,-147.78,-90.968,131.25,-91.499,79.89,5.088,-8.5317,0,0
5.6292,12.873,132.86,154.52,-68.633,61.699,141.89,-87.763,-24.243,0.0092968,37.109,-20.9,0.026279,0,0
22.517,-25.95,-32.549,218.31,80.629,42.735,22.67,6.5622,137.5,-159.61,-116.74,-154.74,26.066,0,0
-24.477,25.581,4.2031,-126.62,87.113,-35.193,42.61,-20.591,176,78.615,-106.35,-32.608,-1.4085,0,0
7.7942,-19.209,-235.77,15.788,226.49,225.58,-157.79,-73.94,-168.89,-158.4,-71.906,42.917,33.103,0,0
-3.4641,0.60465,22.513,17.482,77.344,-378.98,152.8,169.85,-44.552,98.789,81.448,-10.442,-86.144,10.923,-6.9282
0,0,0,0,79.455,-164.74,-104.65,246.08,-131.05,-18.272,-85.291,81.389,-67.514,0,0
2.4425e-015,-20.319,24.18,-130.41,-8.8162,123.82,71.602,-146.75,139.3,48.43,-50.262,-36.222,64.544,-29.829,14.03
2.1651,8.1896,15.507,-37.659,138.79,-34.707,138.8,-164,45.41,120.86,-12.308,2.7303,-0.40849,0,0
0,0,0,0,-2.8415,82.64,-98.785,153.53,-194.52,25.849,-7.4389,3.516,-6.0413,0,0
0,0,0,0,68.712,78.793,263.02,-204.8,-237.46,60.583,-217.83,8.9373,-11.091,0,0
0,0,0,0,105.95,-34.288,-47.018,-9.2425,260.71,-125.42,-6.5761,-19.928,1.6489,0,0
-23.647,-3.0563,-0.20841,96.043,-31.186,8.1917,-4.3645,218.83,20.074,75.964,148.78,-24.753,-3.0323,0,0
-1.5099,0.66506,0.021234,-2.0413,196.8,41.756,36.379,98.898,-8.6965,1.212,125.45,-54.951,-8.9486,0,0
6.4952,-12.727,11.886,40.976,92.766,183.76,-257.19,-156.76,-52.685,-80.026,17.087,37.912,-20.512,0,0
-30.522,-3.9654,33.529,10.192,-47.559,-53.688,13.424,151.99,-42.664,171,-184.04,111.79,-13.931,0,0
-6.4952,12.727,-11.886,-40.976,-103.42,-140.64,-136.22,-275.7,27.642,-39.891,34.996,-11.263,3.8424,0,0
0,0,0,0,17.139,-126.69,-58.619,197.56,-252.11,-59.677,76.889,-55.848,3.6053,0,0
0.43301,7.4707,12.078,50.627,-142.73,-116.03,117.44,-45.365,25.837,98.843,79.318,-45.022,1.1913,0,0
0,0,0,0,10.121,-95.848,-41.783,-148.23,49.39,-41.601,-39.232,11.157,6.1032,0,0
0,0,0,0,22.387,-4.3134,-133.32,41.982,143.6,380.57,51.968,-7.1745,-2.0102,0,0
-9.9593,13.069,95.676,29.586,-55.152,57.066,-89.779,-165.68,-112.55,26.669,0.35465,10.44,4.3529,0,0
-8.8818e-016,-15.598,-7.1226,20.479,-17.894,103.05,-45.233,18.271,201.88,2.9023,32.245,-12.657,-1.247,0,0
-22.95,43.036,69.396,149.55,-42.621,-193.29,-179.51,109.72,-78.918,-39.665,-70.18,-87.725,24.628,0,0
0,0,0,0,12.629,152.04,-239.01,70.691,-37.381,160.65,229.95,-26.101,-2.0413,0,0
0,0,0,0,99.404,-157.65,6.0399,144.9,5.726,90.292,-110.94,42.511,-4.3837,0,0
0,0,0,0,62.809,7.194,-75.041,24.203,-77.132,45.125,-27.805,24.866,11.277,0,0
0,0,0,0,86.868,-221.54,-96.719,-135.86,82.639,-2.3417,-16.367,1.0879,5.0772,0,0
9.9593,26.123,16.275,-228.15,242,82.383,-95.85,48.043,-145.95,82.667,39.604,-15.209,-0.74135,0,0
-2.5981,-6.616,16.453,-26.535,-70.047,-117.8,40.022,-92.653,49.71,178.63,-110.25,-0.90386,-5.2952,0,0
0,0,0,0,7.0368,-29.049,-78.16,17.545,145.25,-151.21,53.639,25.889,7.0934,0,0
-16.454,34.773,210.17,26.86,0.45096,231.65,-65.367,-14.131,16.482,-89.608,33.671,-20.372,-54.776,0,0
-8.2272,22.173,-15.722,15.502,-150.12,-87.419,-96.698,127.32,30.99,-9.7973,-37.214,13.44,0.57837,0,0
1.9984e-015,-13.549,-15.721,12.995,-71.552,-27.617,-178.02,-18.043,-49.537,-0.26628,-34.833,14.024,0.27364,0,0
11.258,-36.517,2.5591,151.14,24.032,-63.876,122.73,90.858,-33.891,108.64,30.691,9.5095,75.756,-39.618,-7.3612
19.053,-13.838,12.368,49.929,260.18,-144.29,80.378,143.28,-27.398,168.25,78.898,-208.57,31.348,0,0
0,0,0,0,261.47,108.77,-92.728,-42.455,-45.995,24.437,99.368,-13.313,-2.1926,0,0
19.528,-29.494,-70.622,73.349,-87.338,128.07,-54.221,-73.128,58.628,-99.523,-121.57,96.624,-39.316,0,0
13.893,4.9252,113.6,199.67,-143.03,-25.665,3.9574,-68.063,-379.87,53.274,-54.857,-36.983,1.3018,0,0
5.724,7.6764,-48.017,20.894,-116.68,104.24,-22.96,95.611,26.052,35.341,38.048,16.077,-65.936,0,0
0,0,0,0,10.938,76.706,80.498,-362.95,136.73,261.58,285.32,-124.31,23.912,0,0
3.4641,33.776,25.208,-225.09,117.63,-97.809,-65.574,51.439,-84.962,68.37,133.26,-59.141,10.562,0,0
-7.1235,5.195,44.155,69.523,62.756,-43.461,-58.533,-75.802,7.8256,16.206,-53.238,50.999,0.11242,0,0
0,0,0,0,-8.8337,169.08,-277.23,218.68,105.51,203.05,-476.04,50.123,3.8789,0,0
0,0,0,0,100.9,-40.499,212.78,-93.927,160.19,-72.129,-4.2411,2.5903,0.1597,0,0
-4.7631,-9.9689,-60.741,-59.676,-166.18,-159.82,118.08,107.47,57.657,-179.54,52.498,17.892,-51.468,2.0215,3.4641
9.9593,-7.3074,120.04,-131.74,194.94,-54.267,72.179,-74.422,162.02,132.96,-208.87,165.41,-12.597,0,0
-2.1651,-32.423,3.1979,-261.39,49.265,312.31,126.97,-66.72,-61.127,148.86,11.229,-159.05,119.94,5.1319,-19.016
-16.887,-30.547,13.469,245.54,2.291,15.581,39.874,89.974,-78.795,-66.405,-93.935,190.64,-22.135,0,0
-13.423,14.99,-15.301,-66.156,-66.648,38.481,-130.66,317.21,-219.67,283.22,19.428,-11.025,-8.332,0,0
-3.4641,-7.7255,-5.8481,35.603,105.47,36.477,54.657,-156.53,-158.83,24.278,-69.537,-188.35,-15.818,0,0
4.7631,-1.4743,67.039,131.96,-178.57,-19.847,59.337,-29.675,41.742,-223.37,33.334,55.42,1.4229,0,0
16.244,-31.803,-53.445,54.386,-138.61,-20.692,82.946,-1.8702,48.993,194.94,43.503,-7.3675,-5.0952,0,0
0,0,0,0,87.379,59.961,23.818,-40.45,-24.55,-84.786,-65.206,-104.26,195.77,-48.024,22.95
8.2272,-11.343,16.118,70.997,257.98,71.491,-56.144,-142.93,53.781,144.76,7.6639,15.472,-3.2721,0,0
0,0,0,0,54.199,-98.778,45.266,248.26,-121.41,-179.02,20.024,-12.691,-0.29728,0,0
3.3113,-7.6217,-43.378,14.31,86.673,-96.237,2.4572,-100.36,-116.15,-18.38,-153.75,-4.8587,1.5075,0,0
-9.0933,36.321,-1.5508,-76.475,-44.136,-72.514,-350.11,159.98,102.61,48.41,127.57,76.201,0.21627,0,0
8.6603,-4.5377,27.392,3.317,-163.23,-36.716,-177.55,27.856,-6.5214,65.657,6.2811,-12.167,-8.7482,0,0
16.454,-33.517,31.84,55.496,11.251,122.08,-152.54,177.77,146.98,59.814,32.463,-99.549,30.3,-29.829,14.03
-6.0622,-2.4199,2.7925,71.192,-244.18,138.13,-108.36,-162.7,-34.568,-49.601,-127.48,9.7932,12.731,0,0
1.6953,1.529,5.3938,31.84,31.707,2.2321,-149.03,-17.692,-70.832,38.578,-6.681,28.904,5.4749,0,0
0,0,0,0,-53.805,-5.2475,-45.877,0.12193,5.1044,97.079,-27.387,-1.6639,-2.8484,0,0
1.7321,1.384,4.2321,30.021,12.441,37.729,109.3,-197.55,13.585,-169.4,5.5808,16.246,5.0006,0,0
0,0,0,0,214.32,-93.697,119.99,146.35,-54.589,-1.0426,22.043,5.2751,-2.5993,0,0
35.116,-17.945,-58.885,-188.99,50.532,6.9917,-146.78,164.05,-81.353,136.16,156.55,-37.113,0.29631,0,0
1.299,-7.3415,-2.8971,24.296,100.19,-152.01,44.19,-19.949,17.143,44.392,41.872,-37.485,-2.3703,0,0
25.453,5.7196,-4.5297,53.814,-123.96,218.15,-35.54,-112.53,-0.14664,-59.048,53.601,73.229,-34.8,-10.923,6.9282
-1.3358,-79.029,5.8212,-21.568,188.55,190.2,-68.186,-89.885,125.3,82.506,-368.21,47.644,4.9623,0,0
3.0311,-8.1471,12.221,-15.923,-6.6968,42.481,-15.616,159.58,-93.578,-13.897,2.512,20.314,4.9337,0,0
0,0,0,0,20.791,151.63,-88.618,68.002,-67.977,-155.33,0.20616,32.482,8.4095,0,0
0,0,0,0,104.46,90.292,-146.3,174.04,-96.555,72.396,-128.42,13.686,-12.083,0,0
6.4952,6.433,-3.8403,-2.5622,233.6,-43.913,20.843,-29.917,-21.847,82.887,170.4,-2.9142,-63.286,0,0
1.9984e-015,8.3267e-017,-1.1102e-015,6.1062e-015,2.7255,-84.952,-46.362,86.944,147.22,72.712,-49.842,-10.108,4.3146,0,0
-3.2688,5.177,-6.6501,-14.54,88.984,75.785,75.523,-57.885,131.65,-54.003,18.648,86.499,35.064,0,0
39.468,12.363,-98.218,281.63,33.406,201.66,-102.3,186.97,-86.351,58.933,155.43,-11.889,-13.718,0,0
-4.5409,-12.757,5.1994,39.105,-4.8519,-23.298,16.803,-15.112,109.44,-42.342,63.561,-110.04,23.925,0,0
6.0622,2.4199,-2.7925,-71.192,66.407,-95.42,103.33,-72.967,21.027,-0.69078,4.6238,5.0033,2.5817,0,0
0,0,0,0,-11.058,-142.34,-23.468,-98.027,-58.703,-197.53,31.912,17.459,2.3227,0,0
0,0,0,0,2.3558,95.747,210.13,176.77,-139.86,198.36,101.8,-130.61,22.986,0,0
0.43301,-1.866,-4.116,27.283,160.09,17.683,-8.1261,-132.14,182.34,26.799,26.687,-64.733,14.674,0,0
0.86603,15.531,18.404,-61.955,77.026,-51.28,15.242,-67.765,-73.297,-42.542,-83.202,-44.969,-2.1576,0,0
-8.2272,22.173,-15.722,15.502,-33.863,265.67,54.05,15.511,-192.97,-50.14,31.713,-40.455,-1.5647,0,0
0,0,0,0,-101.11,141.84,-64.926,-8.4011,186.68,-55.943,107.68,-161.21,30.274,0,0
11.691,-16.374,11.069,36.134,59.37,-113.7,6.0264,-37.426,120.13,-221.65,-31.777,-28.58,4.0487,0,0
11.258,12.292,-27.571,77.36,-129.45,17.835,142.65,51.657,-97.745,-44.044,-74.109,74.196,1.8696,0,0
-3.1839,17.295,-19.667,-91.791,32.627,-5.5231,-4.5043,-7.8101,250.45,-165.64,-7.4846,29.561,2.9818,0,0
0,0,0,0,67.391,-98.096,-8.5787,-253.56,-43.33,22.025,12.881,0.92108,-6.4746,0,0
0,0,0,0,97.575,210.07,347.42,39.629,-0.7952,-324.89,-24.745,-71.621,1.0598,0,0
44.716,7.9678,112.1,-49.679,3.7409,42.471,-84.666,71.578,9.5413,-19.226,-36.655,-51.205,1.0251,0,0
-12.99,5.0753,-119,-122.71,173.23,121.35,159.44,-120.46,-162.7,-143.03,-34.732,-85.646,-6.1681,0,0
-7.7942,-10.56,-8.0131,-35.99,-43.734,246.32,-154.86,30.534,-145.6,146.36,32.829,-46.401,-49.32,0,0
3.0311,6.0179,3.5622,-11.959,155.91,-138.49,-48.363,80.38,-96.273,113.4,-211.8,-17.6,-2.6274,0,0
-2.1651,-8.1896,-15.507,37.659,-130.81,37.794,-134.4,-121.84,110.85,44.655,-162.06,-0.33751,-6.0162,0,0
0,0,0,0,255.28,-5.5283,11.86,-70.523,213.61,73.996,27.962,-6.2479,3.346,0,0
-8.6603,-26.069,-172.22,138.43,203.23,24.715,-180.06,-83.381,50.876,-25.517,-94.66,6.0012,1.2264,0,0
-9.0933,-24.549,-95.176,118.25,-42.014,5.6725,-9.0789,14.04,-67.218,102.46,-183.41,-30.176,5.9419,0,0
0,0,0,0,-224.99,-95.948,166.02,-77.942,48.716,115.69,-97.471,25.108,7.2817,0,0
0,0,0,0,-17.576,144.14,43.478,-270.41,68.029,-30.991,-29.606,25.148,0.88013,0,0
1.6098e-015,-2.498e-016,4.4409e-016,1.5543e-014,5.6627,-54.558,50.505,-0.098721,38.484,-52.275,-58.501,206.37,-23.955,0,0
-16.021,16.517,-8.5412,-7.8218,13.665,-68.21,-19.111,-63.511,-70.253,-117.58,-127.34,156.35,79.393,-9.4272,9.13
0,0,0,0,-60.225,103.2,221.33,52.181,-21.486,-146.54,25.6,21.493,-7.1223,0,0
10.392,-21.008,-91.944,108.15,20.522,-178.57,32.839,89.384,115.38,77.276,102.63,100.33,-53.287,16.76,-12.557
1.6098e-015,-2.498e-016,4.4409e-016,1.5543e-014,11.076,133.84,168.33,-44.815,40.609,20.187,104.28,-37.295,6.0155,0,0
0,0,0,0,70.139,117.27,-72.6,-34.269,105.27,-66.117,-147.98,24.584,2.5825,0,0
1.7321,1.384,4.2321,30.021,189.46,-47.973,142.81,-4.0577,-53.129,5.6516,-7.3301,9.0385,-5.3795,0,0
-2.3236,19.387,-53.083,-70.131,-8.8905,-99.2,-23.492,-53.042,-1.5023,35.307,8.57,159.14,-21.774,0,0
0,0,0,0,-150.77,-58.109,-114.1,236.41,151.21,-5.574,109.67,-15.849,-1.8248,0,0
-23.816,1.162,-20.968,-128.41,148.51,-207.39,61.201,51.461,115.82,17.859,-13.702,-29.679,2.6558,0,0
0,0,0,0,-76.398,70.276,-3.0598,1.2957,-41.175,11.373,-165.71,-15.194,2.8175,0,0
-8.2272,22.173,-15.722,15.502,-10.633,-64.49,98.509,158.48,-24.975,233.34,-52.598,-146.97,24.07,0,0
0,0,0,0,-69.885,-85.978,-168.6,-142.85,132.5,-77.263,28.194,-4.9168,6.4151,0,0
0,0,0,0,-109.48,-115.72,-13.358,-37.052,123.35,-190.24,152,-5.1673,-3.4641,0,0
-2.2204e-016,4.6629e-015,-2.2204e-015,-2.9532e-014,-156.56,-62.958,11.843,-25.014,108.3,-126.9,17.659,10.269,-3.8648,0,0
0,0,0,0,181.59,150.52,-131.99,-20.416,-165.26,-50.284,96.835,-22.374,7.3373,0,0
-0.15849,-7.7685,-14.991,-158.2,15.417,44.637,-40.898,9.0284,53.632,-172.23,-54.185,113.11,41.245,0,0
-0.43301,-1.6405,-16.422,23.51,129.4,88.252,-14.109,-140.16,284.53,-8.5181,-15.165,36.229,-0.8367,0,0
2.1651,-20.953,-20.464,129.73,-407.94,92.544,-138.22,-130.29,30.073,6.7835,159.73,-30.061,137.89,-14.208,0.33253
9.9593,26.123,16.275,-228.15,-110.17,-162.21,-161.41,128.38,3.5676,-260.59,42.391,2.2022,-1.2488,0,0
-4.3301,-21.629,-11.353,113.42,-95.734,-36.327,-92.507,112.71,-121.48,33.131,5.3149,-16.725,0.65937,0,0
-28.146,-3.9361,16.971,-108.71,85.205,104.84,112.47,-3.989,-303.51,24.409,-118.14,18.418,-5.91,0,0
-3.8858e-016,-3.3862e-015,-1.1102e-015,-1.4433e-014,-81.095,-24.344,-105.28,7.1748,-150.7,-261.73,15.331,-153.85,4.8126,0.94888,-0.39623
-12.177,68.722,-33.518,79.743,-102.09,130.13,-175.83,-7.7289,150.62,-271.61,36.118,-73.913,10.122,0,0
3.0311,-8.1471,12.221,-15.923,-33.837,0.050798,33.37,3.9414,-29.83,-11.107,-49.226,204.56,-20.994,0,0
3.6863,1.317,-8.1014,-67.615,1.3588,86.351,53.024,-92.006,174.19,32.839,21.792,-83.671,3.02,0,0
11.258,-29.387,-1.3936,87.343,-132.85,-61.223,-34.285,-53.132,188.38,0.3022,2.1199,-126.62,19.031,0,0
-3.6169,0.42732,3.4351,-15.324,156.86,55.437,-9.936,33.668,40.869,-9.3502,21.678,-12.512,-2.3454,0,0
0,0,0,0,15.018,-20.999,1.2526,2.8517,45.048,35.797,-12.995,29.189,0.82716,0,0
0,0,0,0,24.833,48.958,105.68,-144.58,36.483,-94.296,266.88,-11.715,139.44,50.764,-83.571
-11.258,-12.134,97.311,-160.42,45.114,15.816,15.003,231.36,-52.953,-208.29,120.52,-33.23,-6.0763,0,0
3.4641,-4.3792,95.811,54.936,117.58,-59.854,215.67,81.691,-32.528,-34.256,-125.13,-3.4394,-10.399,0,0
9.9593,-20.789,19.954,14.52,11.032,-9.4351,12.098,-74.302,45.612,-86.609,-13.659,4.47,-4.5592,0,0
-6.706,-2.5556,-2.343,122.41,-15.499,93.295,-40.422,110.64,148.46,-57.029,-61.781,13.459,-0.17316,0,0
6.0622,6.1405,9.3481,89.942,36.998,80.085,-80.131,239.03,-36.509,53.316,17.171,-80.03,0.19823,0,0
0,0,0,0,11.955,-161.69,90.523,275.73,-83.241,-11.158,17.041,-50.525,-1.4486,0,0
6.4952,-12.727,11.886,40.976,-146.4,-177.21,55.401,-146.6,100.66,70.846,-25.702,-77.763,14.744,0,0
16.887,-22.954,-6.1633,-164.17,80.816,-1.0804,61.681,-127.35,-226.68,178.67,104.08,-1.8507,94.899,-25.997,-9.5263
3.8971,30.301,-6.3385,88.932,-125.07,-182.73,22.646,94.536,-130.15,-37.813,-21.774,6.6977,-8.7724,0,0
1.5543e-015,-10.647,-14.08,102.05,146.4,197.43,-37.094,-77.677,-51.02,-173.05,-161.52,49.063,-0.61122,0,0
-2.6645e-015,10.647,14.08,-102.05,32.913,-43.938,-110.22,138.67,40.108,-111.41,-74.882,6.276,-5.3783,0,0
6.4952,-12.727,11.886,40.976,52.928,-113.4,-83.057,-185.78,201.6,-259.41,167.93,-79.872,-4.0622,0,0
8.2272,-7.0197,-11.232,7.4593,-260.6,1.7199,16.527,44.737,-45.315,-160.96,20.352,10.937,-3.2198,0,0
6.4952,-7.1962,-240.84,152.36,-62.67,66.743,-256.95,49.163,-200.31,38.707,-73.862,71.776,5.7324,0,0
-28.146,-3.9361,16.971,-108.71,128.13,102.64,-113.33,116.54,-168.33,89.236,-126.36,-17.149,9.3983,0,0
0,0,0,0,-128.57,-172.17,191.62,87.838,151.83,-6.9779,142.99,-51.221,4.6905,0,0
2.1651,5.2925,0.73862,7.201,-75.593,-42.743,-223.06,87.251,11.161,-138.92,19.832,27.844,-5.7039,0,0
1.6098e-015,-2.498e-016,4.4409e-016,1.5543e-014,-42.382,227.43,-45.442,-14.889,31.011,-126.29,167.02,-86.431,-2.0395,0,0
0,0,0,0,193.71,-28.661,40.743,90.489,-112.78,-55.084,84.285,-28.489,-0.5129,0,0
-10.825,-9.8038,75.241,-93.196,67.957,-25.699,-169.79,86.725,89.943,150.36,221.57,-3.3162,-150.03,46.998,-26.081
0,0,0,0,-199.24,127.79,-71.792,-48.407,286.53,-133.76,-10.805,-13.036,-0.97132,0,0
0,0,0,0,57.472,-205.59,-202.03,-137,82.864,81.286,-41.142,-23.047,2.4895,0,0
0,0,0,0,-80.225,-22.667,-120.86,-2.2966,-220.07,-64.971,-107.76,54.394,1.6872,0,0
8.2272,-11.343,16.118,70.997,151.55,-104.19,49.835,-240.53,-83.03,-37.401,-198.03,-95.39,16.528,0,0
3.0311,4.6095,-31.423,74.702,-11.837,-101.5,-76.377,108.8,158.15,132.7,-51.178,-122.72,85.37,-10.398,6.4796
0,0,0,0,62.793,-48.686,301.3,103.74,37.439,-54.253,120.38,-61.322,-3.1172,0,0
-4.7631,-4.1095,29.015,-95.411,-78.355,299.84,-141.24,-46.748,-157.08,-15.239,-196.25,-123.18,13.856,0,0
0,0,0,0,-220.6,-8.8673,167.14,42.72,-132.8,-35.848,-202.69,69.51,-3.6958,0,0
22.517,-25.95,-32.549,218.31,24.647,-66.04,50.317,131.09,33.189,148.6,-119.36,108.54,-11.804,0,0
2.5981,-0.68301,-24.74,-51.606,-131.61,-125.29,193.41,47.212,114.98,239.15,-25.979,39.85,-31.063,0,0
1.6098e-015,-2.498e-016,4.4409e-016,1.5543e-014,31.352,204.09,-350.85,70.889,12.182,-203.85,47.923,16.163,1.9145,0,0
-2.049,-1.52,-0.1875,3.6238,-29.396,231.93,-101.65,-0.7178,62.678,66.973,-1.7216,20.929,-1.6157,0,0
-16.454,10.722,89.906,40.739,-92.869,98.052,-4.6807,-33.558,-88.616,57.415,-87.537,-7.4005,4.1095,0,0
-31.61,8.5167,-0.3008,-127.51,-210.42,-171.89,48.71,219.02,-113.8,-104.58,76.32,-58.094,-2.2913,0,0
-11.258,-12.292,27.571,-77.36,128.78,-131.61,91.774,52.622,25.808,53.558,7.3763,-10.384,-0.823,0,0
2.5981,6.616,-16.453,26.535,-178.78,139.35,65.125,37.823,-25.521,125.05,-6.2472,-19.447,-7.5129,0,0
0,0,0,0,-114.69,-156.43,-22.52,26.822,110.02,-182.39,31.822,-33.135,-1.8634,0,0
-6.273,-20.837,66.967,44.973,-39.51,83.493,-74.738,88.227,113.52,121.72,1.0178,-90.376,25.747,0,0
-24.682,2.162,9.9199,-160.17,-242.61,123.44,-15.807,-25.618,-2.3971,-29.787,-65.73,53.249,-7.3528,0,0
2.2204e-016,0,1.2212e-015,2.8422e-014,3.1062,-38.379,125.72,123.44,-32.007,-162.42,5.5106,30.018,3.7886,0,0
-3.4641,38.053,15.217,-258.13,290.68,148.11,-229.63,62.485,-45.809,-34.691,4.8322,10.563,1.3475,0,0
12.557,-2.5442,121.54,-15.387,-90.083,77.12,8.0267,113.11,-188.75,92.213,34.103,12.422,7.5918,0,0
5.5511e-016,-5.5511e-017,9.992e-016,1.1269e-014,-11.042,185.27,-95.35,-60.713,42.116,7.4381,28.956,-9.4264,1.4829,0,0
-5.6292,7.6651,55.335,-65.366,-263.99,19.348,-73.932,-61.453,-142.03,102.97,73.401,28.491,-8.9157,0,0
-22.855,1.8923,7.6458,-4.007,-43.351,-21.475,67.835,-113.15,129.35,-104.44,9.0905,-167.18,72.65,0,0
-23.383,15.887,9.7679,55.145,-141.01,-2.3695,115.56,119.73,-58.222,2.2494,231.19,128.5,-23.92,-1.6696,1.4731
-19.053,13.838,-12.368,-49.929,-211.18,46.945,166.83,-33.289,-173.53,-144.44,-21.408,29.899,-0.46859,0,0
67.55,8.2609,-9.683,57.54,26.436,17.41,61.679,30.424,46.19,-50.277,162.08,-64.192,-1.4204,0,0
12.78,-33.803,70.625,98.877,-80.109,-149.95,-67.957,-40.408,-90.517,150.95,-278.05,-16.606,-9.5494,0,0
-12.557,9.3187,16.593,20.359,33.234,111.84,-37.47,-160.95,25.354,81.276,-60.72,-35.769,30.361,0,0
4.7631,7.5066,-9.2338,-89.265,-106.19,-55.048,12.271,-164.41,18.122,31.809,229.04,18.961,-1.4423,0,0
0,0,0,0,-102.98,-61.918,-70.782,52.68,-35.095,194.6,-110.2,-29.213,-4.8511,0,0
3.4641,14.848,-6.3367,-113.56,-114.59,-91.733,-53.344,172.37,-2.3144,19.529,-214.9,-1.8531,1.32,0,0
0,0,0,0,209.26,145.39,-157.9,179.36,53.284,37.065,3.7578,-2.8588,1.1337,0,0
-8.2272,22.173,-15.722,15.502,-22.905,4.5185,-115.44,-138.44,-304.09,228.59,-71.727,-18.948,-6.6902,0,0
13.423,-14.99,15.301,66.156,-75.983,-61.162,73.083,83.12,-19.95,-263.83,21.73,-67.116,-1.8544,0,0
6.9282,9.7255,-4.8792,-87.071,246.7,18.733,-101.24,-36.434,-28.876,8.8361,-70.818,-60.247,21.505,0,0
13.423,9.75,0.29071,60.819,-20.788,-14.346,-94.734,-27.508,-97.042,-248.67,25.002,-17.786,5.6235,0,0
6.0622,6.116,1.2925,-98.965,224.81,-16.511,-84.344,37.171,118.3,31.422,24.078,-77.536,12.124,0,0
25.548,6.0455,-4.2728,56.75,-102.07,207.5,0.85276,163.19,134.95,-33.563,-41.183,9.6686,-5.4474,0,0
-7.7942,4.1112,11.842,4.9689,40.55,179.72,-127.61,94.171,21.766,227.65,-14.907,27.924,-55.958,1.5904e-014,-8.8818e-016
-8.6603,-13.152,-6.0311,31.626,-96.04,90.473,127.63,99.081,-98.085,235.69,-180.21,137.4,19.869,0,0
-5.6292,-13.018,-6.5867,28.402,-151.05,112.65,-85.601,-188.96,-198.83,49.58,51.24,-39.593,53.69,0,0
6.4952,-12.727,11.886,40.976,168.39,48.894,48.213,-76.267,87.484,16.356,-44.046,10.619,-5.0721,3.9968e-015,6.6613e-016
0,0,0,0,0.25569,-121.65,179.51,7.4391,141.75,235.94,68.527,7.8905,-0.073557,0,0
1.6098e-015,-2.498e-016,4.4409e-016,1.5543e-014,25.046,62.938,-287.81,-79.898,-126.08,7.626,74.908,-21.751,-0.89304,0,0
0,0,0,0,-17.492,109.99,129.69,-60.916,-185.25,-108.39,17.91,14.699,-0.85016,0,0
8.6603,-4.5377,27.392,3.317,-222.62,-84.535,317.35,156.43,70.805,-159.2,5.2524,-84.032,13.712,0,0
4.1193,8.1226,3.1732,-135.3,-64.114,113.2,169.56,0.81332,7.5871,-42.011,10.381,-72.101,1.3429,1.5904e-014,-8.8818e-016
4.7631,-3.1405,-23.314,12.786,-178.64,20.193,15.802,-61.165,85.269,-78.578,-65.221,141.26,-5.9417,9.799,-8.2272
3.4641,14.848,-6.3367,-113.56,-47.309,-231.06,-7.2815,124.39,10.325,59.387,22.369,-34.915,-65.412,0,0
3.0311,6.0179,3.5622,-11.959,125.23,19.835,-130.62,-37.96,-99.094,149.91,-34.84,17.312,62.243,-17.078,6.0622
-7.7942,28.979,-4.4479,-52.179,-17.188,179.41,-87.118,273.23,-20.928,197.98,-157.76,46.815,6.03,0,0
-4.0499,13.228,15.299,-47.691,87.337,72.934,110.28,-35.76,-3.363,110.05,-92.727,31.787,2.1307,0,0
0,0,0,0,180.56,48.783,-85.915,-10.488,-86.848,-25.811,-35.349,91.577,43.392,0,0
-6.9282,4.9707,10.391,-97.945,-58.554,-162.09,-132.27,-20.416,-15.35,-30.235,-21.062,10.767,193.27,-14.37,0.86603
6.4952,-12.727,11.886,40.976,177.5,-272.93,-245.8,50.317,13.705,-30.253,-35.596,89.144,3.4573,0,0
0,0,0,0,-36.028,-52.44,89.426,-46.047,147.73,215.42,-69.488,41.839,5.1178,0,0
30.311,1.2824,-1.6878,-164.02,-106.4,17.851,-143.09,134.07,22.713,-12.419,84.976,-97.056,24.198,-4.4409e-016,5.5511e-017
12.557,1.2614,-4.9462,46.025,5.9342,-49.728,-111.84,-25.034,-1.3562,-27.314,44.539,1.985,22.476,-39.618,-7.3612
-8.6603,4.5377,-27.392,-3.317,8.1898,-37.452,-59.566,-4.2268,-81.301,34.891,61.384,-84.288,-3.5006,0,0
0,0,0,0,7.1937,107.83,-21.093,-162.43,86.565,-119.4,103.72,116.44,-15.896,0,0
0,0,0,0,-183.77,120.1,88.255,32.947,-56.486,-130.42,-47.047,54.346,-1.0482,0,0
8.2272,-11.343,16.118,70.997,44.923,143.12,-37.987,0.033171,15.848,-85.198,104.69,-21.475,-2.672,0,0
0,0,0,0,69.468,-12.257,-64.924,37.414,-71.615,130.68,-63.33,30.936,-6.0361,0,0
2.1651,8.1896,15.507,-37.659,-162.87,173.22,-117.22,-15.904,131.88,92.087,-55.715,95.293,2.0673,0,0
-14.289,15.765,39.441,-12.579,-28.103,36.559,106.64,150.18,-18.037,233.68,23.466,16.65,3.5114,-4.4409e-016,5.5511e-017
0,0,0,0,-86.85,214.3,384.08,-35.152,237.43,-97.739,-0.8428,-55.382,22.58,0,0
0,0,0,0,-15.503,16.03,-25.318,-5.6619,80.283,95.455,-36.907,7.006,-1.0736,0,0
2.1651,8.1896,15.507,-37.659,-177.44,158.48,-82.67,-50.022,72.34,11.335,-60.031,63.75,-103.08,2.0215,3.4641
0,0,0,0,-96.459,-44.65,-22.045,-72.681,4.9723,-95.909,-41.412,0.064025,-6.4791,0,0
0,0,0,0,-124.99,-0.30754,-31.776,-69.65,65.247,14.165,73.059,67.262,-21.297,0,0
-5.6292,4.1962,-0.78109,-6.866,86.281,-96.704,46.539,28.698,14.881,-123.02,-85.95,32.061,-0.14239,0,0
0,0,0,0,-63.745,-18.606,-81.014,81.123,-8.1506,90.743,133.07,-2.0325,-0.55408,0,0
-1.0401,12.208,-40.863,0.21193,74.977,-27.17,19.199,2.7512,24.769,91.304,-145.59,26.097,-5.1286,0,0
12.99,9.6208,53.099,-121.55,-84.587,122.23,-129.75,-20.509,101.02,-83.319,18.389,-187.53,20.355,0,0
9.9593,26.123,16.275,-228.15,54.327,-206.13,-90.305,16.341,-91.636,129.62,15.496,60.132,29.685,0,0
0,0,0,0,-85.948,-88.132,10.577,70.342,-9.7356,111.97,94.306,-19.041,-4.7486,0,0
6.0254,82.154,131.68,-138.4,-2.4001,-23.853,-19.177,100.21,-3.0693,-102.7,-52.661,-29.675,-5.5314,0,0
0,0,0,0,-30.841,23.341,-138.98,253.6,116.43,140.12,-12.351,-29.952,-3.7456,0,0
-1.299,-8.2566,-4.2255,-3.817,104.36,-133.13,-12.31,105.71,-165.22,153.39,-47.187,65.602,89.759,15.866,16.296
1.1102e-016,-29.015,-237.52,156.27,86.668,45.802,-2.0442,0.10289,13.238,254.11,-101.64,17.31,-42.698,0,0
-32.476,17.218,80.033,99.67,203.17,-92.672,34.564,-107.22,-60.948,-14.384,-1.2838,19.082,9.9986,0,0
15.155,-15.265,-57.293,-192.52,20.332,14.874,70.238,4.4105,-177.94,241.57,-114.44,54.158,-3.2012,0,0
-20.4,-16.153,-56.435,87.225,213.88,-3.8688,9.7212,146.87,0.86461,61.529,60.935,45.016,-7.1478,0,0
12.124,55.76,159.99,228.64,73.129,-212.98,81.645,44.345,153.7,-70.721,88.645,-2.5864,-5.0581,0,0
-1.7321,39.131,150.94,-84.666,187.56,-67.796,259.86,263.5,-174.25,-141.62,-110.95,-19.04,-6.177,0,0
3.4641,-14.904,-26.16,-20.518,-135.13,-66.387,36.962,25.915,-91.136,-108.14,64.585,19.693,6.753,15.81,-8.2272
-15.155,-19.225,-24.025,142.99,118.9,-23.403,-144.45,-170.73,-19.794,109.18,220.02,13.712,164.62,17.644,-6.0622
-11.258,-16.658,-0.96234,15.471,-10.253,-157.48,-20.91,-174.87,-40.945,-83.97,116.77,18.386,-6.5125,0,0
-6.4952,-5.2566,-15.152,-226.36,56.478,-207.62,64.463,-36.872,74.544,16.05,208.72,-122.32,28.876,0,0
-18.187,11.905,93.473,130.61,-122.7,121.93,-265.71,23.407,52.565,10.49,32.803,-8.7328,-7.0039,0,0
-2.5981,2.1095,12.698,-51.959,48.594,62.415,199.63,-181.68,48.498,-86.658,76.743,-11.41,9.3646,0,0
10.181,-20.082,21.141,136.88,-142.78,31.732,70.743,-62.231,5.4701,19.253,195.8,-14.896,-3.7255,0,0
13.423,-14.99,15.301,66.156,-88.845,-82.793,-71.816,-85.7,-103.07,-118.08,-42.647,-71.912,26.015,0,0
-15.366,8.8498,-26.554,-0.51675,200.5,-119.81,-7.3111,-2.5975,-149.93,12.219,-11.906,-5.3876,1.1944,0,0
5.4764,12.757,7.7258,-88.474,3.2714,28.764,-25.938,-9.7619,51.071,-42.18,-49.636,27.18,9.076,0,0
25.395,17.872,19.61,-128.67,79.733,-143.67,6.1396,-83.71,-164.47,-15.561,156.47,-17.633,-3.5715,0,0
0,0,0,0,-69.745,-220.47,30.256,-72.79,-198.37,1.2872,9.8783,-12.279,-1.448,0,0
13.054,11.933,-51.933,91.061,17.226,24.639,91.743,-16.852,44.149,23.839,-73.569,10.232,0.77027,0,0
-3.6169,0.42732,3.4351,-15.324,124.53,107.43,-58.671,44.312,144.98,-11.577,16.045,-35.999,-3.1717,0,0
10.392,-21.008,-91.944,108.15,-20.542,-163.86,5.963,-45.94,1.7335,78.245,-75.982,-145.11,27.353,-0.55353,0.41178
2.1651,18.239,-23.224,133.95,324.32,-110.59,-110.7,150.69,43.991,8.9089,61.99,-12.827,5.6393,0,0
0,0,0,0,-147.63,57.512,-23.035,-22.941,-157.75,-18.61,19.825,26.076,2.4561,0,0
6.2844,-28.314,4.4691,50.137,56.392,9.5171,-69.853,-91.345,-22.713,26.459,-13.378,-6.2643,-5.5269,0,0
0,0,0,0,-9.5221,-92.602,78.148,-53.127,-31.324,-98.513,-6.9005,30.975,9.4038,0,0
-10.302,-9.747,87.13,106.56,164.65,-100.98,19.518,105.04,57.211,0.91571,98.689,-83.04,4.0111,0,0
-0.9028,-5.087,21.847,5.305,-20.43,113.22,-149.52,7.666,68.85,-108.85,66.818,-18.51,0.30857,0,0
1.299,-4.049,-6.201,20.824,24.752,-177.5,127.42,-62.137,-1.9321,-5.3502,-22.965,35.815,174.44,-54.411,25.548
3.0311,-7.6896,-24.812,-251.45,61.361,-67.553,0.64887,-27.68,-109.13,-60.5,-33.437,6.479,0.4653,0,0
19.919,-23.175,-1.9606,-155.75,45.293,-292.04,122.71,-78.535,-175.95,-56.223,-20.301,74.077,-150.41,25.997,9.5263
-21.535,44.858,18.541,-46.943,92.326,-146.76,6.7101,-122.18,110.99,-55.487,136.2,74.669,-62.202,0,0
21.218,2.6322,3.5425,141.73,-143.5,160.83,17.046,-52.197,-36.997,57.588,-3.1813,-9.4853,3.6863,-4.4409e-016,5.5511e-017
9.9593,6.3349,3.701,-108.46,-71.328,203.41,-3.8108,-21.694,147.32,-74.954,-158.3,39.406,7.8442,0,0
-2.1651,19.489,16.752,-135.97,-8.4844,31.876,76.267,107.37,-43.55,40.617,-176.53,-21.549,-43.478,0,0
-3.8971,-5.1208,21.136,-102.08,56.82,-49.841,-181.37,19.011,-163.58,-60.577,225.11,-224.45,18.39,0,0
12.124,13.873,17.359,58.433,-111.02,-80.272,186.81,46.72,-174.85,178.66,97.43,50.82,-1.494,0,0
2.5981,-15.466,-37.31,238.02,13.239,70.266,69.763,189.9,25.869,-76.525,151.48,0.1735,4.4752,0,0
-1.299,-14.185,58.499,-30.37,-81.461,-91.296,172.52,-67.212,49.056,-76.196,117.78,-164.36,-43.588,2.2518,-10.825
41.136,-18.659,-28.127,227.03,51.148,101.01,-112.08,-148.38,0.69669,-160.28,143.16,0.82156,9.8434,0,0
19.486,29.366,-32.201,69.443,91.547,36.841,-113.15,34.076,-55.51,-77.557,-155.99,14.809,7.1994,0,0
-7.7942,12.649,-55.638,56.787,200.08,-118.26,-306.31,187.74,-144.31,-98.344,75.148,-10.561,9.3474,0,0
-26.847,10.856,6.4641,-99.555,-88.22,1.5803,-56.433,151.28,-76.002,58.322,-136.55,91.375,45.964,0,0
-10.392,-5.5849,89.975,-112.41,-123.05,-125.81,-284.72,212.25,203.26,146.19,221.4,-130.06,-134.36,25.444,9.9381
7.8367,-4.5756,27.862,4.2512,-92.563,-186.28,-271.36,70.096,198.21,80.22,6.5718,49.317,-10.273,0,0
-6.4952,-18.507,-19.373,140.88,40.411,76.524,-56.904,235.29,59.428,163.18,-143.22,-9.2236,4.1869,0,0
0.86603,11.373,16.904,-121.21,-66.355,165.83,-94.49,-0.7454,-46.846,-22.71,-5.7094,-39.821,-1.1313,0,0
-17.754,7.6734,97.468,89.463,-53.952,-113.01,208.4,-71.11,100.65,128.09,-121.17,43.454,-1.889,0,0
9.9593,26.123,16.275,-228.15,-61.197,193.94,48.586,108.82,28.742,5.4417,250.04,79.198,32.29,0,0
32.476,15.771,-9.1519,-30.321,-42.993,95.677,-88.66,-84.727,-30.062,60.747,126.9,147.57,-23.146,0,0
4.3301,0.70096,-20.508,-21.585,-82.852,-246.18,-100.47,-122.55,271.42,-34.849,-56.328,4.557,8.7369,0,0
-4.3301,-21.629,-11.353,113.42,-33.952,-86.131,120.56,-51.947,11.812,156.75,-3.4795,63.722,36.796,0,0
17.754,-2.2159,-75.058,46.046,-7.3275,-69.271,-6.6011,-16.736,-55.513,-0.66532,7.8341,-30.701,-1.736,0,0
6.4952,5.2566,15.152,226.36,-160.2,-163.62,-126.57,-86.34,178.37,3.8383,-13.697,-93.916,30.408,0,0
20.352,-3.6309,93.512,145.58,-130.78,121.79,-170.67,181.4,62.988,-40.08,-88.463,92.07,-18.235,0,0
0,0,0,0,23.714,12.759,-198.88,-243.4,126.79,-41.824,99.494,-67.6,67.405,0,0
18.409,14.219,-24.36,29.631,-21.481,65.783,-67.517,76.366,15.083,256.51,45.218,-226.27,-7.8168,0,0
-1.0768,-26.24,6.1408,137.7,53.7,-110.79,16.643,110.58,-32.784,-286.5,239.02,-6.2809,7.2697,0,0
13.213,-16.155,-86.724,175.35,126.45,52.134,42.457,228.8,103.15,-54.159,-51.604,107.35,-5.8948,2.0215,3.4641
8.2272,-11.343,16.118,70.997,91.335,181.36,-13.658,-62.046,-160.43,-1.1182,-38.309,6.2667,7.7674,0,0
9.0933,12.33,4.2907,-73.149,-112.86,-20.491,37.623,-140.25,22.318,-23.526,-502.53,-14.536,2.4468,0,0
5.0433,1.1965,-10.242,-41.971,124.29,-22.237,27.957,58.706,-65.576,-169,-231.48,-64.509,-32.317,0,0
-4.3669,44.168,13.127,-204.13,62.53,82.458,-1.0346,11.659,72.194,-79.366,-19.081,18.396,-68.031,14.37,-0.86603
-7.1235,4.9318,-44.641,12.295,90.758,-14.568,-1.4228,122.27,20.573,-112.91,99.124,-30.774,-97.151,25.997,9.5263
0,0,0,0,212.64,25.318,-38.97,70.197,-189.93,7.5352,-56.473,39.706,-5.8389,0,0
0,0,0,0,0.11723,-197.84,-71.592,333.88,-195.15,200.91,-84.469,4.7336,0.57476,0,0
0.52364,111.28,-110.66,38.472,-263.86,90.396,8.178,41.24,-20.021,99.137,-72.336,-112.47,30.259,0,0
0,0,0,0,-129.81,167.82,132.48,71.234,111.6,-126.13,14.033,-18.408,6.1184,0,0
1.5543e-015,-10.647,-14.08,102.05,198.35,18.028,-73.027,110.58,-1.0655,-220.82,103.03,42.899,10.815,0,0
-0.43301,-11.397,-89.145,86.629,149.35,-266.91,-173.04,-260.13,277.08,-98.015,-42.803,-54.159,-1.6272,0,0
9.0933,-20.453,-22.966,146.17,210.96,300.45,27.579,-109.07,88.852,58.207,334.07,-43.479,8.8149,0,0
-2.1651,-8.1896,-15.507,37.659,175.05,40.489,-8.0223,345.93,-78.878,9.2422,-13.259,-13.381,-8.082,0,0
3.0311,1.0179,101.54,34.841,-45.235,190.06,-34.532,-101.53,-155.21,243.92,-55.587,55.609,2.3529,0,0
-28.146,-3.9361,16.971,-108.71,-101.47,-148.71,-185.27,204.01,73.761,40.523,46.257,-143.81,25.129,0,0
3.4641,-12.696,-16.239,133.55,96.119,-137.99,176.58,-45.572,-162.51,55.186,43.022,6.3373,0.52244,0,0
4.3301,-6.2141,21.224,-25.468,-156.68,35.615,135.12,99.089,134.4,-104.12,-179.92,-39.956,139.34,-54.411,25.548
-12.99,17.149,-10.252,-54.728,-33.003,-12.392,21.363,158.13,-76.075,41.514,8.6914,-8.3881,0.66058,0,0
2.6368e-016,6.6613e-016,1.4988e-015,1.6209e-014,-67.832,-42.903,181.22,-34.097,-52.367,51.925,-58.319,-0.46947,-0.12949,0,0
-9.5263,23.417,-83.604,-43.208,-143.49,-76.657,-40.729,-37.054,19.986,-142.39,-255.86,35.813,-64.805,0,0
9.5263,6.1095,79.455,-35.68,-174.12,-83.669,-142.12,-193.31,1.4243,-8.9955,-152.75,-99.339,39.957,1.637,1.2042
17.321,-24.87,-104.08,51.237,177.7,54.167,74.562,-123.1,-8.6108,-232.63,252.75,-62.277,-13.921,-4.7365,19.031
-2.1651,-8.1896,-15.507,37.659,-83.481,22.909,158.16,32.162,21.824,-139.77,-12.819,16.391,-1.0187,0,0
-10.556,-29.737,-93.448,45.812,187.75,60.497,-81.149,12.89,229.6,43.139,-166.38,86.336,31.459,0,0
12.124,6.7123,-81.162,19.04,-104.86,-139.22,-39.507,-49.813,-61.138,104.35,149.69,26.78,-1.8429,0,0
27.28,8.7841,102.85,52.387,-110.2,46.04,-122.68,20.915,-25.274,-81.309,-246.18,120.92,-38.502,13.12,-10.087
12.99,9.6208,53.099,-121.55,-109.27,169.49,104.22,56.462,-143.97,2.3159,-63.928,73.056,-5.2129,0,0
25.548,6.0455,-4.2728,56.75,127.24,-57.732,-193.92,101.26,42.164,15.586,-0.89984,-19.556,0.77299,0,0
-3.0311,8.1471,-12.221,15.923,111.44,168.4,-250.58,7.2658,61.233,-206.24,4.0345,-30.957,6.1447,0,0
12.99,4.2482,-101.72,-41.757,49.348,197.58,41.196,-223.32,-31.576,-86.724,6.0899,1.0652,-4.1417,0,0
1.6098e-015,-2.498e-016,4.4409e-016,1.5543e-014,-13.132,-118.02,-207.24,106.44,-53.746,27.015,-119.42,31.058,-8.1642,0,0
14.289,-23.088,-34.544,-141.8,31.249,-22.51,4.3314,112.87,200,-55.587,-28.476,36.012,165.36,-54.191,26.023
-4.3301,-21.629,-11.353,113.42,111.13,-155.22,-91.747,128.66,169.95,16.151,-19.131,-92.649,29.66,11.364,-2.4877
2.1651,8.1896,15.507,-37.659,-248.44,177.34,-67.822,-204.62,121.29,-356.72,-75.416,78.026,-76.219,13.12,-10.087
-3.0311,8.1471,-12.221,15.923,26.301,-93.98,30.199,46.205,-28.615,-145.64,126.92,24.812,8.5969,0,0
0,0,0,0,38.739,-152.31,405.34,61.665,27.693,-56.314,79.09,26.23,1.0766,0,0
-25.981,-14.699,45.014,41.718,213.8,285.58,-70.725,-107.11,183.38,-88.066,80.305,137.15,-95.782,29.108,-12.954
-1.299,-13.433,73.997,-112.5,125.42,66.244,131.09,97.124,-97.157,-58.595,52.658,-21.094,-4.9169,0,0
22.517,0.29552,-11.346,95.779,-102.26,-88.491,-11.962,-33.504,-65.489,-55.232,178.16,1.8362,-6.9857,0,0
-5.6292,-13.018,-6.5867,28.402,147.47,240.59,60.963,-45.501,44.123,208.45,-255.56,-37.927,138.36,-28.747,2.8358
0,0,0,0,-124.68,130.49,-8.2943,29.453,-169.04,-50.789,22.119,-29.439,6.6905,0,0
17.754,3.7596,-13.286,95.035,65.96,11.759,146.41,42.568,-7.5155,-4.8304,-227.62,95.059,-99.147,16.964,-5.9462
6.9282,-8.7093,-10.773,1.3038,3.0867,-2.3301,-168.71,72.444,178.1,141.35,-68.946,-2.3111,135.04,-30.179,-7.3612
12.99,6.6764,0.25481,50.049,265.75,197.2,1.1033,88.283,171.75,-40.087,96.289,93.188,60.319,-42.181,-5.7296
1.299,-6.2925,-96.336,48.554,-86.721,204.73,61.993,-73.416,-58.101,178.17,-166.17,33.949,-274.53,55.624,0.84479
28.146,-14.791,4.0574,-12.002,-156.32,90.822,21.185,-98.715,-37.481,65.047,106.32,-0.022091,150.28,-25.997,-9.5263
-3.4641,0.60465,22.513,17.482,10.835,78.119,154.84,-283.57,-132.91,75.172,-48.814,-9.2901,-2.4539,13.886,-9.5263
1.9984e-015,1.3323e-015,2.2204e-015,-6.7724e-015,149.67,37.568,-193.71,-494.29,59.481,-89.586,-3.6071,-84.047,56.656,0.94888,-0.39623
-17.321,-44.404,-34.549,189.73,-41.21,-77.585,-72.575,58.289,-95.118,180.11,-33.799,72.6,-10.915,-28.408,-17.421
1.1405,26.798,-5.3498,-159.75,-281.92,-129.8,-81.864,112.11,-124.64,128.95,-80.073,107.57,22.318,7.4631,-15.039
-3.6749,-7.5245,-15.485,35.618,48.561,-86.914,-26.495,171.09,-107.2,-81.558,82.506,55.321,16.27,-28.159,12.557
13.423,6.0538,62.752,137.77,-48.933,21.845,-156.6,347.61,-43.322,-39.832,-68.187,108.1,-40.97,12.459,-9.5263
0,0,0,0,76.425,52.546,-44.261,41.288,-19.163,82.105,34.48,19.439,-2.2918,0,0
-0.9028,-5.087,21.847,5.305,-5.6316,-82.82,-78.937,207.14,-32.124,-18.152,66.75,-124.9,17.646,0,0
9.3155,-5.8612,-27.755,157.66,239.14,-239.42,122.89,88.727,-123.9,-36.984,49.907,-142.47,57.001,-10.398,6.4796
3.0311,-8.1471,12.221,-15.923,-65.389,-4.8006,-71.87,160.92,12.535,-55.687,49.461,22.102,7.0582,0,0
-5.5981,-6.375,96.999,100.44,79.712,-32.594,7.1962,-22.508,0.69167,-31.058,36.086,138.15,-20.763,0,0
0.43301,-22.899,4.0885,-33.517,-105.76,60.809,-51.182,-122.81,-95.069,-16.975,-70.283,12.372,0.33045,0,0
0,0,0,0,21.435,231.81,245.39,-68.774,12.905,55.589,117.92,-47.68,1.5777,0,0
0,0,0,0,-172.74,98.617,97.206,-155.01,116.3,200.14,-134.57,72.245,32.52,0,0
-19.919,-5.1143,-11.884,40.193,9.8751,-37.964,-5.578,-79.377,58.108,-44.822,96.476,-142.12,21.208,0,0
37.282,-23.3,-72.227,-79.735,50.542,127.61,-25.947,-26.57,-118.74,16.159,-33.749,0.14063,-161.64,25.997,9.5263
7.7942,-28.979,4.4479,52.179,-42.325,103.5,5.9217,-169.58,-31.347,162.16,243.94,-47.591,-11.75,0,0
0,0,0,0,-64.741,10.527,-22.152,-122.93,18.619,75.374,-72.753,-50.728,-9.948,0,0
0,0,0,0,159.09,115.81,66.624,51.293,-15.471,34.079,56.903,-11.46,4.5575,0,0
0,0,0,0,-79.009,208.93,-241.73,10.739,-21.899,130.58,-140.57,-55.5,5.4159,0,0
-5.6292,-2.3708,7.4934,-73.649,-8.3791,174.3,-81.491,-125.13,52.482,294.55,-51.855,-62.574,-0.24047,0,0
3.0311,-8.1471,12.221,-15.923,62.216,172.41,165.37,50.267,7.917,-120.19,116.87,-110.52,21.015,0,0
9.5263,19.317,5,-160.47,-42.243,59.471,42.662,-19.903,-50.758,159.39,-78.577,73.699,0.0024047,0,0
0,0,0,0,18.059,63.377,-230.29,-45.183,-144.23,59.364,4.5755,0.17524,-0.73982,0,0
0,0,0,0,33.678,-49.548,-137.34,50.552,-68.473,-102.29,-210.05,29.165,-0.77364,0,0
0.43301,6.8056,11.275,-67.68,-126.59,139.19,48.979,-4.7365,-214,135.64,-224.33,-100.41,-24.547,0.35192,4.9372
0,0,0,0,-118.88,125.28,38.961,-113.97,-17.981,29.885,6.6731,16.471,-0.19912,0,0
2.2204e-016,0,1.2212e-015,2.8422e-014,63.271,-51.643,112.32,68.43,-118.08,-48.216,-79.472,-5.9785,-1.3684,0,0
-26.847,-0.0096189,3,-229.11,-123.29,222.85,13.525,6.6217,169.55,19.526,-105.76,15.035,10.967,0,0
0,0,0,0,-117.08,-44.544,155.94,-71.973,-40.557,119.3,53.301,11.257,0.14864,0,0
0,0,0,0,82.337,-15.823,-302.71,275.72,-97.947,57.502,-31.11,39.328,-2.4079,0,0
0,0,0,0,11.107,-151.47,117.68,333.8,15.522,7.9728,-125.58,12.272,-7.3675,0,0
-2.1651,-8.1896,-15.507,37.659,-6.9945,87.627,35.282,-134.41,78.376,-102.39,18.407,-159.63,25.435,0,0
8.2272,-11.343,16.118,70.997,107.74,39.633,-51.068,78.601,-109.17,-42.531,23.435,35.785,-25.499,0,0
7.7942,34.618,-106.18,-191.9,17.886,-85.973,-120.33,192.57,-122.75,115.32,-8.8087,73.895,2.7638,0,0
4.3301,24.879,14.775,-113.93,-70.946,136.8,-60.48,59.671,39.992,0.32004,86.442,53.82,32.781,16.601,-6.0622
12.557,1.2614,-4.9462,46.025,-63.083,112.3,11.828,-72.247,-97.356,87.306,211.84,81.891,-27.066,0,0
1.7321,1.384,4.2321,30.021,107.99,102.38,288.8,88.905,162.08,-187.84,76.723,3.5368,5.6462,0,0
8.2272,-11.343,16.118,70.997,56.385,174.92,-39.587,-11.702,-123.53,-150.13,-37.791,-5.0352,2.1804,0,0
0,0,0,0,17.659,36.347,-25.078,-148.94,48.297,-41.697,-116.36,-12.532,-5.4471,0,0
20.352,-3.6309,93.512,145.58,135.29,25.353,106.49,-56.382,-11.582,-107.67,149.59,-26.462,-103.17,25.997,9.5263
21.218,-13.887,0.4282,-138.63,203.83,-44.768,-68.569,-137.51,115.01,-12.861,-11.789,-171.74,17.92,0,0
-6.0622,-9.1764,-3.7811,-5.9689,-150.92,-108.45,145.96,-46.569,31.649,-53.172,224.08,-53.397,-5.1932,0,0
0,0,0,0,-131.5,90.857,-201.78,-53.433,141.85,-88.736,-88.303,23.225,6.8921,0,0
9.9593,-0.18958,-2.8792,4.4527,53.009,-144.07,168.03,198.41,157.65,50.79,188.03,-56.071,-31.799,0,0
12.124,20.768,2.933,-118.9,-48.698,91.6,201.14,82.42,5.3607,181.75,42.556,28.03,7.5347,0,0
17.754,-5.0819,95.579,104.01,-231.04,105.3,44.799,167.61,90.426,-175.52,-31.196,127.89,-27.521,0,0
-8.2272,22.173,-15.722,15.502,-252.29,-26.799,-35.04,115.66,-86.793,-163.85,-28.997,-255.23,43.996,0,0
1.7321,1.384,4.2321,30.021,144.06,157.64,-215.48,-8.1133,26.425,63.049,11.262,-14.532,2.1998,0,0
-0.43301,-6.8056,-11.275,67.68,-69.544,-222.72,354.9,-306.98,-88.668,2.0535,-12.823,24.523,16.257,0,0
6.7697,-1.6014,8.5,-36.494,109.05,-35.118,-101.51,-325.63,-40.697,94.597,-10.284,-24.015,-164.15,25.444,9.9381
-28.146,-3.9361,16.971,-108.71,-250.8,221.73,90.002,-100.71,-111.08,74.278,85.181,103.04,43.307,0,0
0,0,0,0,-67.545,-134.47,-91.09,172.18,16.207,67.709,-73.469,-148.62,-18.188,0,0
3.0311,-0.1226,-39.803,94.955,30.409,189.72,47.142,-51.016,-101,205.89,-84.91,60.988,-163.27,25.444,9.9381
1.299,-22.642,28.358,-32.658,301.02,117.6,-135.81,69.069,1.0516,156.23,-124.18,195.29,-25.811,-4.4409e-016,5.5511e-017
-13.423,-21.404,70.751,88.042,253.88,187.88,-63.088,224.61,-41.887,-110.42,-58.835,84.076,-62.654,0,0
2.1651,8.1896,15.507,-37.659,-58.221,58.075,-97.815,8.5022,13.551,128.44,-100.47,14.775,7.9064,0,0
-13.423,14.99,-15.301,-66.156,-207.8,95.35,-4.4001,55.639,-54.066,-15.39,-152.27,-2.8082,-6.0652,0,0
8.6603,-4.5377,27.392,3.317,-154.53,52.291,-133.1,-167.27,43.681,226.39,2.1144,17.641,3.1041,0,0
0,0,0,0,-91.877,-53.37,143.1,-60.322,-31.664,36.856,-133.66,20.35,7.7324,0,0
0,0,0,0,32.579,-126.97,-220.36,89.749,-124.19,-62.84,-150.53,19.571,1.32,0,0
2.1651,-2.4575,1.4264,64.392,-6.4724,-87.045,-93.571,-20.557,-71.412,36.205,37.691,-11.617,1.6782,0,0
0,0,0,0,47.366,-185.28,-0.098186,77.526,-72.805,77.729,39.257,12.547,2.5595,0,0
7.7942,-28.979,4.4479,52.179,107,-59.89,-78.067,17.007,137.02,183.77,262.7,162.05,-19.583,0,0
11.691,-16.374,11.069,36.134,28.218,-32.516,134.24,-132.17,-40.425,-36.921,103.06,-23.547,5.02,0,0
-6.4952,12.727,-11.886,-40.976,-21.999,127.19,295.33,357.5,194.39,106.3,-70.088,17.493,-4.8182,0,0
-8.2272,22.173,-15.722,15.502,-10.083,-31.273,72.805,232.73,-23.621,-54.239,-183.59,82.755,-8.6501,0,0
17.321,-24.87,-104.08,51.237,214.06,110.31,-38.724,-19.923,59.056,138.9,-23.704,-191.7,21.674,0,0
0,0,0,0,63.749,-24.817,101.27,-157.36,-78.937,4.7066,4.1292,64.974,-4.0603,0,0
-1.7321,-1.384,-4.2321,-30.021,-23.692,-146.72,93.981,21.672,-199.25,-85.952,120.72,-35.954,-3.5751,0,0
1.7321,1.384,4.2321,30.021,57.662,-45.98,-44.712,-76.074,-268.15,7.7275,96.837,158.99,-35.305,13.12,-10.087
4.6046,-9.7909,-7.0066,1.1651,-110.7,-17.721,75.354,-157.83,-150.53,1.99,229.29,-68.412,32.157,-23.445,26.166
-18.62,-20.103,2.5377,-66.915,-297,-261.88,140.3,102.32,75.563,93.002,-67.364,92.497,-5.2559,0,0
-6.9282,-15.232,36.419,-145.5,-146.34,149.66,347.3,214.17,207.76,33.81,225.85,60.573,-49.428,-25.577,-5.8301
31.177,-14.889,1.9659,201.15,-138.02,102.84,-175.33,203.56,-62.84,-38.786,-39.522,-148.93,149.91,69.731,-19.263
0,0,0,0,16.156,-11.246,-176.3,-63.261,-204.04,-20.178,-165.52,-80.879,19.704,0,0
0,0,0,0,-10.549,67.823,364.53,36.777,34.692,-198.31,97.275,-60.164,34.484,-10.398,6.4796
25.548,6.0455,-4.2728,56.75,-79.2,51.861,-172.63,-96.921,-63.73,136.13,50.964,-203.75,3.3713,-20.21,-20.088
19.217,-14.062,-79.501,-25.92,-0.37708,62.095,206.05,299.97,-58.823,-323.27,-53.101,243.9,15.725,0.94888,-0.39623
1.6098e-015,-2.498e-016,4.4409e-016,1.5543e-014,61.282,-311.71,-56.374,225.86,-24.676,-166.38,-226.77,53.44,15.528,-23.445,26.166
0,0,0,0,111.16,17.209,-117.7,240.56,-0.85278,-30.249,51.444,162.21,118.3,-14.208,0.33253
6.4952,-12.727,11.886,40.976,8.4858,198.36,-420.08,-54.125,163.75,-129.1,-290.58,-11.597,46.143,45.761,-3.4698
-2.5981,-6.616,16.453,-26.535,-173.03,-35.982,-421.65,208.6,-74.069,36.21,-114.78,-119.66,89.796,-10.398,6.4796
-12.99,17.149,-10.252,-54.728,-11.823,-181.3,119.33,82.808,-82.284,38.907,100.42,-26.679,0.52091,0,0
-4.3301,-21.629,-11.353,113.42,90.267,37.97,-124.65,68.877,-74.718,117.43,-39.818,-95.091,0.84262,0,0
4.3301,-12.672,-21.941,-0.49167,-159.54,303.19,139.95,-2.7881,173.51,-154.16,49.721,-158.21,51.287,-10.398,6.4796
25.548,7.4002,98.615,22.365,-55.715,-196.57,-310.84,-22.908,0.30561,135.5,-78.964,-118.12,90.539,-10.398,6.4796
8.8818e-016,-8.2386,47.703,102.05,1.9478,-77.241,-28.173,-80.115,229.8,-111.8,11.962,133.5,-26.008,0,0
12.99,-17.149,10.252,54.728,285.11,77.82,47.878,-95.492,7.9066,177.91,-86.193,8.7308,5.7982,0,0
-4.3301,-1.3708,-2.1178,70.187,185.56,25.585,-121.99,253.85,-219.17,-315.1,41.361,157.71,-19.148,0,0
-6.9282,6.3546,-10.221,32.664,264.12,177.76,-161.31,139.93,39.183,136.94,73.879,-114.85,1.9676,0,0
-5.6292,4.3857,14.067,3.5114,-138.37,4.2711,-79.782,57.975,-77.968,75.955,-103.52,24.333,-2.7823,0,0
30.274,5.4405,-5.6062,28.735,-79.735,100.86,65.51,7.4741,84.462,1.9594,-110.5,-24.661,7.7772,0,0
-1.5099,0.66506,0.021234,-2.0413,-46.649,-85.191,33.081,-67.94,-69.554,54.411,34.633,32.447,-3.119,0,0
5.6292,-0.68958,-9.9821,-31.284,31.789,55.38,-27.534,-54.78,48.743,-187.43,45.914,4.7817,3.2671,0,0
3.1086e-015,1.7764e-015,2.7756e-015,1.0103e-014,-124.26,2.757,82.633,213.41,-141.12,-36.043,-66.892,45.134,3.0304,0,0
-7.7942,28.979,-4.4479,-52.179,-137.13,269.26,65.205,-248.18,-27.244,-46.088,-178.66,45.414,3.7237,0,0
-8.2272,7.0197,11.232,-7.4593,-61.469,30.72,-60.875,28.573,-235.26,81.418,-42.296,-8.0748,-4.4043,0,0
-38.929,-74.032,-9.2254,-145.14,-24.056,100.23,-20.186,-137.99,172.24,127,-55.162,72.718,1.2168,0,0
4.7631,7.5066,-9.2338,-89.265,181.19,-9.9263,115.58,-61.842,78.335,45.097,-20.324,-20.871,-15.741,0,0
7.8367,-4.5756,27.862,4.2512,-83.966,85.839,4.3989,-132.67,134.37,23.195,46.773,3.1083,8.3002,0,0
0,0,0,0,-2.953,105.34,-0.47707,-87.547,181.42,-74.774,36.577,0.94375,-3.0404,0,0
0,0,0,0,70.488,-84.588,-62.598,11.523,-86.572,-107.14,33.339,-13.42,1.6528,0,0
-8.2272,22.173,-15.722,15.502,-84.066,80.705,-47.733,-20.022,117.02,-103.94,-26.91,-175.04,27.929,0,0
1.7321,-28.789,13.407,36.69,29.9,89.921,94.848,-94.143,190.11,-33.479,122.46,46.795,-6.1627,0,0
-2.2204e-016,4.6629e-015,-2.2204e-015,-2.9532e-014,-245.54,195.93,164.42,-125.45,69.488,-14.163,-0.36427,12.585,1.2638,0,0
15.155,9.1029,-69.79,186.94,-244.38,69.137,-293.34,-18.301,-15.292,-233.19,23.136,230.05,-109.57,18.96,10.371
-9.9593,20.789,-19.954,-14.52,-85.441,-46.265,318.63,-270.29,-81.711,29.975,122.45,94.192,-17.183,0,0
13.856,-8.1848,26.575,-1.5245,262.53,90.739,166.06,-279.43,7.7974,34.042,-53.037,-131.47,-7.0329,0,0
-2.5981,-1.1095,30.071,-94.882,1.1066,160.07,113.37,-159.94,-65.364,-215.5,192.82,104.78,-176.91,25.997,9.5263
29.878,-8.9742,-43.647,-28.08,-4.1974,-103.7,-9.8297,255.37,262.59,-210.34,-87.806,288.88,111.77,-54.411,25.548
16.887,-12.722,-17.933,124.18,-156.56,27.888,-271.85,29.442,-217.65,78.653,-113.39,25.427,-4.5616,0,0
0,0,0,0,-234.79,47.874,144.16,86.406,-57.48,60.119,-25.426,-53.242,-2.9743,0,0
17.754,-2.2159,-75.058,46.046,-153.87,306.04,-7.3062,-75.504,102.22,268.95,28.13,146.67,-29.793,0,0
-5.1962,-2.7811,94.561,131.48,-88.691,50.153,-120.41,210.91,144.98,-88.629,-110.99,7.3538,-1.854,0,0
-4.3301,-21.629,-11.353,113.42,187.34,80.057,-182.46,140.74,68.275,-141.06,58.976,230.71,11.078,0,0
6.4004,10.4,155.82,-64.738,-143.13,127.61,42.872,22.025,159.76,84.114,-11.348,56.133,38.963,0,0
9.5263,7.951,138.84,-91.841,-61.493,130.29,-68.166,-100.12,70.097,-128.67,42.256,-61.741,-26.379,0,0
-5.1962,23.539,-81.445,-3.3896,5.7841,154.31,-6.2295,106.38,-40.934,-71.395,-12.472,-290.77,-10.219,0,0
22.517,-25.95,-32.549,218.31,-115.23,-117.48,-141.6,-63.893,-15.247,-32.256,1.7404,21.823,5.4433,0,0
-9.9593,-5.8104,-3.134,7.3301,50.296,-3.52,-164.72,16.619,-88.402,145.72,75.695,-39.018,6.4581,0,0
8.2272,-11.343,16.118,70.997,51.794,135.4,-89.998,-141.93,105.98,115.24,-21.129,132.63,-16.515,0,0
-17.754,-10.469,-25.225,149.45,-61.145,-65.544,140.62,102.9,-21.627,-15.375,-18.41,-42.301,5.4088,0,0
-3.4641,-1.7925,-2.433,0.86603,117.53,-23.795,-79.551,-80.85,-115.9,94.757,-120.13,-110.12,-38.12,0,0
0,0,0,0,-162.61,142.78,115.37,-33.999,-9.4665,148.76,37.998,-21.539,-1.4994,0,0
0,4.4409e-016,1.9984e-015,1.5543e-014,-24.492,82.752,-32.976,-48.996,41.201,-118.3,27.159,100.58,6.6732,0,0
-6.4952,4.3481,-69.875,-33.556,152.8,-191.76,-34.425,-126.53,16.195,91.936,-160.11,-61.704,-39.088,0,0
18.9,-24.808,-7.8018,-12.342,26.977,10.714,-7.4943,47.858,-11.851,69.06,333.56,-45.152,10.118,0,0
2.1651,8.1896,15.507,-37.659,79.134,-9.0816,-255.01,52.276,-267.67,-23.545,-58.222,-1.3551,1.2604,0,0
-16.887,0.12436,108.96,-208.88,134.92,76.466,152.37,-0.43797,-173.83,-7.6827,-106.8,48.392,7.1962,0,0
32.476,15.771,-9.1519,-30.321,-137.78,138.15,133.35,-78.88,112.75,107.17,50.999,26.752,4.9151,0,0
-12.99,17.149,-10.252,-54.728,96.572,-43.696,150.79,-63.895,-27.653,-107.26,161.45,66.527,-12.6,0,0
-5.6292,-29.886,-15.578,109.6,254.81,-117.54,160.46,-6.1547,-91.654,23.46,-12.783,-80.762,7.8232,0,0
1.7321,23.739,24.051,-165.38,-69.267,118.13,-10.88,-3.7419,-8.3574,265.35,-110.77,-29.447,-0.67533,0,0
0.86603,15.531,18.404,-61.955,-127.17,-2.0068,-122.91,155.3,62.625,144.13,15.809,15.513,-3.8134,0,0
3.4641,-33.015,-0.24824,89.97,-173.72,-107.56,-219.71,19.236,-106.9,-61.597,-35.351,187.66,-23.776,0,0
9.9593,-20.789,19.954,14.52,-22.395,-166.49,91.947,-121.3,28.668,112.65,139.01,53.199,1.1418,0,0
4.7631,4.1095,-29.015,95.411,-2.3275,156.9,86.545,-1.4171,-6.5509,95.892,-3.724,2.3127,-1.6573,0,0
24.682,19.882,2.6896,-25.352,72.729,3.2282,-178.95,-293.95,-39.161,25.697,107.06,-73.065,-3.2883,0,0
9.0565,-11.772,-88.744,-158.69,-6.6871,90.729,128.94,-204.64,-35.701,63.853,-26.526,-2.9292,-7.7345,0,0
-3.8858e-016,-3.3862e-015,-1.1102e-015,-1.4433e-014,262.95,38.877,33.059,-166.93,30.309,75.753,-20.097,-65.653,-7.1429,0,0
-4.3301,-21.629,-11.353,113.42,115.31,128.79,210.32,-14.536,-10.045,34.319,275.92,143.8,-111.97,25.444,9.9381
8.2272,-15.539,-79.563,-129.13,-20.618,134.41,-44.532,44.33,-62.622,-119.29,122.63,-128.06,-95.858,0.35192,4.9372
2.1651,8.1896,15.507,-37.659,-27.46,251.43,210.24,127.17,157.02,-57.159,-41.363,108.41,-72.859,0.35192,4.9372
8.6603,-4.5377,27.392,3.317,-66.15,132.61,102.01,-265.45,187.92,60.803,211.4,137.1,-28.308,0,0
-8.6603,-13.152,-6.0311,31.626,179.81,-87.074,-135.62,-11.767,4.2584,20.601,-1.3926,12.209,1.6854,0,0
10.847,-39.221,-7.39,46.357,221.8,97.629,-96.223,-180.81,-206.05,-123.01,203.79,-315.38,-4.2383,-22.378,-13.957
26.414,-1.747,7.3792,34.283,91.087,-72.93,-123.97,46.47,218.22,110.44,-121.9,190.93,-15.331,1.7796,-10.773
-2.2204e-016,4.996e-016,1.3704e-015,-1.41e-014,143.55,287.69,-7.5295,-134.25,-283.29,-29.191,-46.617,-32.666,-43.728,-22.378,-13.957
13.856,-7.3433,100.26,10.79,209.55,-82.363,245.09,269.91,50.654,-68.295,124.91,109.1,-116.01,23.422,6.474
0.43301,1.6405,16.422,-23.51,105.82,61.347,-260.33,61.112,-0.070272,-104.78,-3.7005,51.681,8.0377,0,0
1.7321,-30.26,107.47,75.483,79.738,-212.68,-151.2,-139.62,-254.46,-159.62,-159.15,-31.105,22.946,0,0
-13.423,-4.3756,-107.28,195.68,-115.22,-47.433,132.38,218.41,-217.31,30.301,-49.072,-18.365,3.2128,0,0
-25.981,-15.614,78.432,74.146,-138.07,-9.2582,-334.92,140.32,45.02,-10.573,-34.148,85.048,33.509,0,0
-16.887,-7.5473,-31.74,-127.11,14.01,0.11523,17.299,-18.32,74.649,-149.8,18.523,-21.446,25.473,-4.7365,19.031
-8.2272,3.5622,42.486,-73.398,-78.949,-173.24,-56.055,-19.055,-311.01,-246.44,19.661,155.08,21.933,-0.24191,-14.237
-2.5981,-14.946,-2.2189,-89.779,88.459,-252.14,-38.965,242.45,-101.38,7.8932,-210.51,-71.864,-163.46,28.878,1.3358
12.557,-17.747,-8.6878,111.98,186.76,-219.1,-263.27,0.069024,-75.193,-49.406,-86.304,-59.024,68.812,0,0
-2.2204e-016,4.6629e-015,-2.2204e-015,-2.9532e-014,-66.699,30.3,-50.858,145.35,-151.48,89.225,-218.34,107.94,44.485,0,0
-2.5981,3.4282,-78.47,-17.584,-28.249,-166.5,10.543,-193.04,82.53,66.668,205.84,-42.003,-97.233,25.444,9.9381
18.187,-0.8367,-36.144,6.3695,-172.65,-133.32,-266.41,-202.55,274.24,133.34,-210.78,-165.52,137.78,-54.191,26.023
-22.517,36.61,-6.3288,252.68,67.331,42.065,280.85,23.454,40.99,18.583,15.685,-17.193,1.9808,0,0
17.754,-19.254,-1.4917,-101.96,163.45,225.65,401.49,89.666,281.78,-204.22,-135.48,-27.17,-4.8526,0,0
3.8971,6.9934,3.6962,72.966,98.133,268.84,-39.17,-46.68,86.341,227.41,59.998,-139.37,-137.23,25.444,9.9381
0,0,0,0,-56.377,-42.523,168.07,-48.619,198.36,84.379,-109.3,-95.089,-45.597,0,0
-23.383,15.887,9.7679,55.145,-98.558,-56.148,62.513,204.93,-318.86,-29.232,-67.434,-66.008,-32.028,-1.6696,1.4731
-6.4952,-7.1764,-75.754,-170.89,-46.519,175.42,325.93,-26.666,195.57,-89.405,77.707,-46.441,-22.112,13.12,-10.087
-7.7942,28.979,-4.4479,-52.179,-58.741,-171.59,3.2332,-20.533,-50.833,-20.397,16.585,-19.167,-6.2037,0,0
19.053,7.8888,25.533,145.11,-95.216,27.046,183.32,-0.93707,-39.159,87.262,97.677,-17.678,-4.2365,0,0
1.7321,-28.789,13.407,36.69,-16.254,-89.449,4.0345,-34.92,-14.227,104.88,-34.145,27.015,-1.9274,0,0
10.825,-36.193,-12.668,155.02,-96.771,-41.353,-180.77,193.31,64.156,-36.816,12.913,-1.2798,0.12251,0,0
10.825,-36.193,-12.668,155.02,-274.23,150.27,196.11,-9.1593,55.379,-195.52,-137,15.973,-10.021,0,0
-8.6603,4.5377,-27.392,-3.317,96.776,-44.081,108.48,-1.3601,-64.297,-57.186,154.04,-2.5375,2.1857,0,0
7.3612,9.3529,-9.7321,110.87,117.69,-38.28,-131.13,150.64,55.012,97.948,-72.628,-62.412,-0.74455,0,0
-5.6292,-2.3708,7.4934,-73.649,59.522,-207,64.428,-28.651,12.853,-248.76,201.37,-79.021,9.1342,0,0
1.7321,23.428,16.842,-155.5,12.877,85.556,25.831,-23.524,-138.19,-59.133,-46.734,-15.927,-10.116,0,0
-5.1962,23.66,65.197,108.56,194.68,8.5415,157.93,97.757,-33.78,335.23,-172.14,-10.655,8.4839,0,0
14.284,-30.858,-133.58,115.41,-157.35,-240.32,-121.09,-39.544,-10.095,73.543,-134.3,4.7549,8.5744,0,0
-28.146,-9.8577,110.59,-106.32,222.31,3.3649,-28.437,179.01,-27.438,159.74,-273.26,97.086,-64.932,0,0
0.86603,0.72548,2.8236,-19.16,-155.19,2.676,34.218,222.16,-173.34,36.388,34.664,-31.294,-5.701,0,0
25.548,6.0455,-4.2728,56.75,-29.202,7.9099,-96.05,19.604,-32.279,-280.07,-20.204,75.59,-24.258,0,0
-1.5099,0.66506,0.021234,-2.0413,92.295,-2.4808,124.45,83.126,75.32,-111.18,32.2,-73.084,-162.43,30.18,-9.0933
-7.7942,28.979,-4.4479,-52.179,-141.27,-58.269,-176.35,-175.19,33.124,-116.3,-4.1031,-152.24,29.011,0,0
0,0,0,0,14.335,-174.07,38.024,161.23,-209.83,-33.262,178.89,-9.3694,5.4447,0,0
23.172,-31.201,-17.085,192.29,-128.9,12.557,23.991,-38.72,-44.619,24.874,244.59,30.469,-2.2966,0,0
0.65521,4.0066,-13.298,-337.99,79.717,133.04,46.76,-86.037,149.77,-23.332,49.703,-56.631,51.691,0,0
31.177,4.4361,-23.301,106.6,-127.29,-86.205,-43.762,53.87,10.932,-13.135,-98.527,58.469,5.0069,0,0
14.289,-0.97067,166.04,-126.85,-43.982,19.598,-68.133,12.22,19.306,70.909,-77.315,14.974,-1.0532,0,0
4.1193,-3.7207,-14.046,-5.5526,73.326,39.179,-39.357,1.6424,-13.87,36.167,150.24,-129.51,21.912,0,0
7.6202,-24.186,-9.5587,-168.45,-63.561,-56.56,45.398,103.5,-124.63,93.806,-79.262,6.7082,1.3335,0,0
-9.7371,-6.201,-14.046,-37.032,240.6,-48.566,-63.212,-14.093,-54.088,263.72,133.65,-20.916,-2.3487,0,0
11.691,-34.809,-97.246,-19.048,26.81,-156.39,-77.801,66.561,6.0265,234.03,-60.856,-101.54,28.426,0,0
7.7942,8.933,-4.8857,20.132,-8.5522,-127.78,114.79,-141.89,90.216,-13.345,56.88,-19.989,3.6292,0,0
3.8971,30.301,-6.3385,88.932,-148.07,-60.252,30.645,118.41,-55.257,81.779,41.473,20.548,3.5865,0,0
0,0,0,0,-66.597,-115.27,-148.05,59.537,-17.775,-42.8,-91.621,48.921,-0.22035,0,0
3.4641,-12.696,-16.239,133.55,-16.978,-172.88,-47.71,-75.75,55.204,113.97,22.765,-23.852,-10.617,0,0
-22.084,15.102,34.806,9.1567,-143.07,166.43,30.478,-74.697,22.44,12.385,-3.0188,11.191,-5.1639,0,0
14.289,18.281,6.1633,-107.87,33.782,77.225,140.86,-62.822,-24.035,-245.24,-56.612,-52.374,0.46947,0,0
-6.4952,24.149,-10.399,231.64,145.67,147.71,-101.69,-119.7,-165.95,101.06,65.862,-1.0346,-4.3696,0,0
-15.155,32.004,6.6388,163.38,-51.069,-194.44,47.108,25.442,-102.02,-40.502,24.584,-10.913,-1.5951,0,0
-19.919,15.283,-12.745,37.663,141.85,-67.978,258.27,-183.51,-41.878,-9.6682,22.835,-49.179,-1.6794,0,0
-7.3612,-9.317,-150.56,-126.05,-290.78,-113.43,-194.8,-15.972,86.824,24.298,29.202,6.1664,-7.5192,0,0
8.2272,-15.539,-79.563,-129.13,-54.802,32.458,-3.799,-5.0875,48.761,163.37,-69.229,20.705,-4.5798,0,0
1.299,15.812,13.799,108.65,30.633,212.58,-174.02,-58.266,37.31,71.82,-92.951,12.1,-7.4365,0,0
-7.7942,28.979,-4.4479,-52.179,-202.97,-97.466,55.215,43.059,-29.66,122.15,39.427,72.113,-1.2494,0,0
23.383,-9.3271,-9.6813,91.839,-81.975,49.694,-154.19,-80.531,189.06,255.15,-38.771,64.538,-0.035898,0,0
21.651,-8.0885,18.461,-21.628,-75.43,175.39,221.94,286.55,123.03,-60.75,-98.685,117.88,-24.914,0,0
-4.3301,24.618,-30.943,144.48,-41.327,86.057,50.019,-71.936,-83.758,28.434,-86.69,2.9008,-8.1827,0,0
0.86603,11.373,16.904,-121.21,109.05,-230.97,7.7135,104.92,206.75,69.205,31.234,179.99,-28.483,0,0
-32.476,-23.931,46.685,25.339,-25.363,-103.51,44.196,-40.689,147.93,79.848,-301.96,43.111,2.3358,0,0
11.691,-29.711,13.834,83.462,165.88,3.1235,-136.48,207.33,-69.57,-61.485,-10.235,70.798,-57.626,0,0
-6.4952,11.977,-108.9,-53.39,-94.118,-140.58,-160.47,48.562,51.605,36.872,32.826,-74.691,-3.8484,0,0
27.28,-2.845,-34.66,108.56,-133.85,-106.52,92.675,-57.929,-54.317,-101.92,59.92,-49.54,-4.0928,0,0
4.3301,-36.68,41.219,12.699,127.18,-241.44,-41.166,-25.394,-95.838,322.98,67.743,-5.6159,6.8809,0,0
-10.825,-2.6029,19.727,-148.48,69.714,-83.284,-143.48,-60.632,-158.44,-121.73,-4.0852,10.597,-0.83253,0,0
-10.825,-21.342,-21.538,69.285,-137.23,93.45,185.79,-54.322,-229.06,1.8384,155.34,3.257,-29.535,0,0
0,0,0,0,80.32,-135.18,-98.856,-13.313,84.456,-12.449,41.857,-49.538,2.2523,0,0
2.1651,-20.953,-20.464,129.73,-189.76,-108.56,32.401,-166.05,81.534,66.28,-231.68,-25.174,7.4387,0,0
8.2272,-29.698,-70.324,-157.84,214.74,26.205,-65.825,18.267,-48.604,181.82,-167.75,133.69,-66.369,2.0215,3.4641
-27.28,-0.42949,-1.5328,-3.4492,-67.379,-169.51,-142.65,10.053,159.63,-48.802,-12.504,46.834,-26.898,0,0
44.167,-3.5543,82.006,270.37,-61.417,-123.6,2.9413,85.886,19.217,-26.303,134.09,209.56,49.152,-10.398,6.4796
0,0,0,0,-212.71,128.77,21.264,-276.67,-70.227,92.805,-38.296,-6.4987,-10.368,0,0
3.0311,13.422,-5.1782,-41.146,-255.35,166,49.171,-82.082,-43.82,17.592,23.665,-18.632,-3.689,0,0
18.614,2.9737,-5.5107,-99.908,-56.101,210.14,143.58,-0.16609,56.846,116.6,6.2128,84.063,-0.090862,0,0
-4.7631,-2.9151,8.4479,-32.092,108.54,-104.12,192.54,26.515,62.869,-236.08,-130.05,-69.771,-4.9038,0,0
6.9282,15.232,-36.419,145.5,-93.295,-21.692,-358.96,-39.73,-161.3,-52.845,37.417,-187.88,30.545,0,0
8.6603,-4.5377,27.392,3.317,-109.97,108.39,-97.289,-111.1,-172.64,114.69,-140.58,46.597,9.2118,0,0
6.0622,29.196,-14.015,-253.5,126.76,48.953,180.99,-16.004,-36.517,-96.336,-66.713,104.66,-2.5938,0,0
13.423,-14.99,15.301,66.156,160.94,-119.88,-120.35,20.561,-117.92,-48.191,-156.3,-6.4817,8.4862,0,0
0.86603,-14.147,-14.172,91.976,35.454,-121.88,-274.79,179.54,141.64,176.01,23.382,-51.538,-3.8972,0,0
-22.95,-1.0455,-63.718,-111.2,-207.2,157.9,19.33,17.797,-96.379,94.401,208.84,-30.142,34.838,-10.398,6.4796
23.816,3.1388,-93.432,119.19,-3.3425,-160.8,-165.15,3.5668,-82.825,147.93,-20.691,102.24,-46.289,29.108,-12.954
3.4641,-12.696,-16.239,133.55,1.1334,-125.31,116.11,18.068,132.74,-105.46,-220.34,64.366,49.489,-2.4599,0.21082
4.3301,-30.979,10.144,-182.7,-69.013,-201.68,43.87,34.229,-197.51,0.84406,57.2,-194.23,57.519,-29.829,14.03
-2.2204e-016,4.6629e-015,-2.2204e-015,-2.9532e-014,-147.72,267.22,-188.81,-73.599,56.414,68.51,-380.64,7.9665,-67.101,29.108,-12.954
-29.445,-19.449,45.38,34.31,-228.12,-147.91,200.73,144.6,-154.46,-61.109,32.256,-90.73,73.887,-29.829,14.03
8.2272,-15.539,-79.563,-129.13,-180.45,-215.06,-255.31,285.86,-234.52,-138.98,132.2,31.433,14.731,-29.829,14.03
-3.0311,7.4264,-84.821,107.63,36.521,16.666,56.401,-15.678,-22.57,-165.91,253.67,-42.691,34.787,-4.7365,19.031
0,0,0,0,1.6863,83.213,154.8,-73.257,-10.875,7.3618,0.41931,-0.82532,-2.6298,0,0
-5.6292,-14.288,-8.4558,89.12,-6.2935,290.53,-41.351,123.58,145.18,19.539,182.08,-180.69,27.785,0,0
3.0311,31.995,28.276,-161.56,154.9,37.704,-128.64,-100.23,-291.18,-16,55.446,-199.8,-34.872,-9.3816,8.0687
-5.6292,-13.018,-6.5867,28.402,134.82,213.98,-56.894,178.26,143.36,-268.57,-35.244,164.81,108.3,16.088,15.271
1.7321,-28.789,13.407,36.69,140.77,-56.584,300.7,-172.64,-47.63,-119.87,27.948,-164.47,-35.63,0,0
13.856,-8.1848,26.575,-1.5245,-122.81,-92.258,-20.923,-153.17,14.93,27.817,-132.41,-166.37,15.985,0,0
-0.43301,5.2027,-61.499,-26.019,197.7,-57.335,115.87,-127.19,88.89,-272.06,-9.1728,-201.59,52.584,-10.398,6.4796
16.851,-10.254,-33.08,27.67,23.48,-34.674,-4.6229,105.62,10.378,-122.64,58.218,247.19,-149.83,25.997,9.5263
-7.0018,-4.0625,5.5953,-13.739,30.105,27.035,-45.255,-31.951,-2.4477,64.962,-12.294,30.021,-85.853,-16.202,-15.155
-1.6653e-016,-42.838,42.543,-39.123,146.5,148.08,87.569,-201.59,34.171,215.89,48.752,83.726,-113.63,25.997,9.5263
-0.036779,0.14503,1.1618,1.8182,87.566,131.05,96.333,-66.66,10.27,-93.87,2.6716,68.463,-31.724,28.159,-12.557
7.8367,-4.5756,27.862,4.2512,-212.32,-15.73,-26.479,-54.606,74.156,-63.047,84.685,-179.51,16.576,0,0
7.8367,-4.5756,27.862,4.2512,-96.02,10.183,11.77,36.177,29.629,21.075,36.041,146.99,-29.482,0,0
5.4339,17.578,91.725,-138.54,174.58,-91.392,-4.73,13.323,40.579,-92.205,27.864,-116.5,25.216,0,0
0.43301,-3.1519,-12.91,36.577,4.7237,-139.88,-71.032,101.2,97.028,-162.15,26.872,62.778,-30.137,0,0
8.6603,-4.5377,27.392,3.317,182.7,-290.74,-134.09,-141.22,10.259,-73.907,54.35,140.24,-19.471,0,0
27.28,-50.116,-93.849,-161.97,-3.1128,-91.488,-76.268,-40.662,15.724,151.6,80.03,-133.41,24.732,0,0
-4.7207,15.915,27.275,145.1,17.767,-145.9,71.404,94.761,46.401,-144.46,63.701,56.899,40.381,0,0
13.423,-14.99,15.301,66.156,-24.31,45.374,-20.646,121.38,-144.29,-102.18,214.78,2.8728,-2.686,0,0
-26.947,-7.0844,21.523,-133.23,-138.18,76.432,17.605,-329.3,203.12,51.946,250.34,28.325,-24.227,0,0
24.09,-13.062,-4.5407,31.008,100.23,56.259,-227.79,72.078,-120.28,28.6,86.751,130.13,-60.004,14.521,16.866
18.208,0.43245,-43.578,-76.957,40.842,49.566,-197.84,175.88,-214.82,103.64,-50.457,-352.53,-9.9993,-1.6696,1.4731
0,0,0,0,-229.52,261.25,-33.846,-73.634,-108.14,91.939,-28.904,24.231,-7.9273,0,0
-7.8098,-11.561,-18.751,96.789,-4.3418,-176.37,81.887,130.82,-199.19,-67.052,37.573,-13.407,4.6071,0,0
0,0,0,0,-245.04,35.024,224.8,190.34,125.39,-187.34,-22.781,-17.408,-6.7159,0,0
25.014,-46.252,-57.154,-105.06,-10.779,105.27,-115.95,54.012,-93.183,-151.42,20.217,133.89,-22.816,0.94888,-0.39623
34.05,-3.319,88.36,-185.5,-100.54,177.28,84.848,-69.73,272.73,-224.03,22.17,-81.968,-96.033,25.444,9.9381
37.983,-28.608,28.831,95.702,-21.085,41.827,-109.47,206.84,-49.064,-75.471,-111.36,148.34,51.453,-29.829,14.03
-1.3726,10.225,14.051,-102.86,12.637,-9.2659,-0.0032849,67.615,-204.72,16.085,201.97,71.262,-6.3272,0,0
0.63814,0.52035,-1.6283,0.032291,-1.4333,38.293,-4.5047,79.488,-43.87,118.02,-86.315,61.309,-11.435,0,0
0.43301,6.8056,11.275,-67.68,200.66,-142.32,19.092,-65.719,-20.873,-47.701,78.35,11.995,-3.0879,0,0
0,0,0,0,143.88,-5.917,16.205,-155.25,64.602,-78.723,-8.3951,-2.7671,-7.0305,0,0
-4.7631,-4.1095,29.015,-95.411,-132.89,198.2,-35.607,118.27,144.07,-99.225,115.65,20.267,-3.1133,0,0
-19.486,4.8923,-31.575,247.39,-18.635,-98.417,-4.3507,-34.554,-14.032,100.76,-179.75,40.516,1.4623,0,0
0,0,0,0,-14.552,-28.548,32.827,-30.02,-87.295,72.553,22.426,-20.594,5.7027,0,0
-1.0768,-26.24,6.1408,137.7,-114.45,-134.26,43.965,148.45,82.884,-67.594,7.9349,41.064,-2.8679,0,0
0,0,0,0,-141.59,54.707,11.074,14.606,-72.784,11.34,-9.3702,-4.5078,-2.8942,0,0
-14.442,6.3082,-71.633,111.46,-20.924,-137.51,63.478,14.011,129.4,197.69,231.63,-31.564,-3.6478,0,0
-2.0278,11.91,166.4,4.383,-51.805,-5.0845e-031,-5.0845e-031,-5.0845e-031,-273,71.129,-46.78,-92.947,0.81514,0,0
30.835,0.4202,-108.65,173.15,144.57,-86.836,73.623,-143.99,82.785,-7.4416,27.734,-41.838,-3.9181,0,0
2.2204e-016,1.1102e-016,0,1.4211e-014,-130.5,119.13,89.084,-11.839,71.496,-32.873,106.49,-45.802,-0.56763,0,0
23.816,-3.229,-105.39,97.769,-171.5,88.403,17.749,-216.27,-178.16,-65.987,-4.4971,120.35,-36.858,0,0
-20.146,3.6758,118.18,-70.36,159.43,218.31,-155.92,172.12,7.3192,-156.43,-90.324,-95.434,13.298,0,0
-19.713,5.5173,10.457,-88.545,-58.218,82.919,-50.036,9.9479,-24.175,-70.63,69.588,70.475,-5.4204,0,0
-9.5263,-186.87,27.576,-130.92,203.94,136.77,-7.4322,39.546,-126.86,-86.553,69.203,-57.514,9.0093,0,0
-11.691,21.338,3.3218,150.86,-53.121,227.57,63.438,129.7,-11.832,139.99,46.452,7.6929,2.3899,0,0
0,0,0,0,-2.4764,-63.376,70.76,-88.135,39.91,-226.08,142.73,-8.1054,5.131,0,0
-11.902,-13.951,-19.15,-75.644,40.121,15.546,-7.153,-171.73,42.583,247.46,13.585,98.566,-60.96,0,0
-19.269,109.82,-176.2,29.057,-156.25,22.03,-3.7844,149.27,48.247,-23.882,11.916,22.606,-2.079,0,0
-21.724,12.593,-156.03,136.33,-237.56,14.355,-22.366,16.793,109.64,55.764,-36.766,-156.57,25.918,0,0
-12.008,-14.038,-244.97,-19.698,-35.41,52.835,-194.28,-117,-115.29,-90.513,131.6,155.93,-32.082,0,0
-1.7688,13.238,41.668,-112.79,109.4,13.258,-85.126,-39.415,155.11,-32.572,-139.63,-284.85,-18.764,0,0
-5.6659,51.51,16.024,-228.43,135.63,-55.617,225.23,-5.9101,-137.35,-120.47,-199.83,-167.08,-21.971,-4.7511,-10.926
-14.289,-27.44,-14.487,120.75,206.89,29.251,135.33,-10.667,-207.37,133.48,85.456,103.29,-32.111,0,0
6.0622,25.544,8.3888,-101.84,-63.522,191.98,91.048,86.544,74.582,129.31,114.96,-18.908,1.3068,0,0
-6.0622,-2.4199,2.7925,71.192,0.29329,64.512,23.51,67.704,-51.277,194.71,119.59,-16.005,-1.5715,0,0
-17.754,-3.7596,13.286,-95.035,143.08,56.059,159.81,104.01,-66.681,122.22,-29.653,-30.462,-0.016189,0,0
13.213,20.69,-67.845,78.553,53.648,-88.392,15.789,76.039,91.977,-14.541,-164.11,-192.66,23.822,0,0
11.691,-16.374,11.069,36.134,-28.952,26.487,-28.729,-145.76,-71.512,-25.882,-82.409,-133.41,37.338,0,0
26.847,-5.8516,-16.219,5.5197,-82.4,55.349,-98.284,9.8413,85.577,-135.85,297.76,31.07,-115.09,28.878,1.3358
2.1651,-20.953,-20.464,129.73,4.0583,175.75,-175.78,162.31,-145.12,-270.35,-25.041,184.74,-30.184,0,0
-22.084,44.494,75.996,-51.444,-74.395,-190.47,70.39,-171.95,47.073,128.54,184.27,-79.513,62.725,0,0
23.605,-6.1489,-135.67,98.784,87.834,-166.18,282.2,-206.24,-140.71,60.241,-9.2303,134.1,34.515,0,0
6.0622,14.263,14.426,-200.93,-103.89,3.0384,17.632,177.2,138.01,83.758,61.195,-0.52669,2.3114,0,0
33.775,-30.811,-78.239,-94.208,-100.31,-144.43,46.951,78.226,-53.6,-224.63,-34.445,54.591,-4.2835,0,0
6.7697,-1.6014,8.5,-36.494,66.206,-230.68,-279.76,-185.96,23.307,165.92,157.36,-13.885,25.502,0,0
8.6603,-4.5377,27.392,3.317,56.483,-127.22,398.07,111.8,247.6,-246.06,-30.677,102.57,-19.922,0,0
5.5511e-016,-5.5511e-017,9.992e-016,1.1269e-014,-348.11,174.76,133.85,69.48,-4.3158,156.56,-50.294,-257.14,-90.84,-18.188,-16.624
-2.1651,19.783,10.346,-41.958,200.15,22.437,-77.75,-113.85,-140.88,47.165,21.882,140,-24.001,0,0
0.43301,6.8056,11.275,-67.68,-52.288,-16.458,140.41,-253.22,129.56,63.381,7.051,-47.101,19.843,0,0
-12.99,-2.9444,10.984,-128.5,99.553,269.64,-139.95,206.33,-53.546,2.8821,16.356,-11.008,4.0131,0,0
-9.9593,-26.123,-16.275,228.15,-91.018,59.514,-135.12,-20.698,50.558,-17.42,14.898,-145.17,28.609,0,0
-7.3612,26.771,4.1747,-162.46,-115.78,386.91,154.79,79.375,129.43,-135.3,30.288,193.88,45.864,0,0
0,0,0,0,169.1,-73.911,74.05,-50.849,198.37,82.475,99.742,-0.96064,4.2172,0,0
14.289,-14.74,4.9037,58.832,356.6,27.035,-258.6,-26.358,269.67,150.06,-275.95,130.51,-20.7,0,0
14.289,-14.74,4.9037,58.832,-191.26,282.71,-287.37,-392.73,-95.689,-117.01,-211.86,34.656,6.058,0,0
-6.4952,-1.683,95.909,-133.04,139.92,14.333,85.082,-111.17,126.94,35.069,-16.29,45.793,-4.2103,0,0
-9.9593,0.18958,2.8792,-4.4527,13.024,48.359,24.642,-59.614,221.8,-138.89,273.8,-86.66,61.14,0,0
17.754,-5.0819,95.579,104.01,379.5,-200.81,-204.81,250.37,171.92,-22.355,-8.9791,61.947,-61.458,-1.6696,1.4731
4.7631,4.1095,-29.015,95.411,-4.1662,-166.11,-113.69,161.23,264.38,34.744,239.56,-136.27,11.504,0,0
-8.2272,11.343,-16.118,-70.997,-74.949,-189.13,291.8,-187.45,-70.33,-260.76,-49.638,-51.446,8.1052,0,0
0,0,0,0,-12.818,-126.5,162.08,278.42,106.32,172.71,-84.651,35.732,2.4716,0,0
-11.258,-16.658,-0.96234,15.471,116.97,-43.197,84.383,-85.64,36.172,120.65,-402.31,18.73,49.261,0,0
-16.454,33.517,-31.84,-55.496,-78.484,-181.07,-116.15,66.295,132.23,64.887,-6.734,14.109,0.096316,0,0
1.7321,1.384,4.2321,30.021,236.72,1.5602,-89.141,187.62,8.1804,-2.3493,-138.61,85.792,1.2713,0,0
-13.423,14.99,-15.301,-66.156,-4.5562,-138.76,-192.68,163.11,-200.46,139.39,-223.65,-90.002,35.128,-29.829,14.03
2.2204e-016,-5.7732e-015,4.885e-015,1.6431e-014,-34.88,-365.34,-140.79,-201.29,164.81,146.25,51.84,-80.924,25.705,0,0
-9.9593,-8.683,86.628,41.762,270.17,-7.6303,49.794,-1.4457,-229.2,-221.87,-8.8529,59.141,175.36,-54.191,26.023
-6.9282,-9.7255,4.8792,87.071,120.53,233.29,437.34,-142.68,270.42,-180.76,34.194,143.38,-20.857,0,0
-13.856,6.7404,-28.785,-128.93,-96.786,232.03,-67.756,74.383,194.75,66.145,-24.033,-68.578,24.825,0,0
-7.7942,-10.348,2.8367,-27.691,-47.389,46.899,-6.0934,159.37,-127.4,-122.01,149.19,159.49,152.84,-54.191,26.023
-4.7631,-21.672,-16.366,18.972,-151.26,-40.818,-10.959,150.09,119.29,232.86,-154.97,176.89,-29.763,0,0
2.1651,-2.2207,63.267,27.561,-11.362,180.6,117.75,42.63,42.39,-72.055,-44.141,-72.313,120.1,-48.742,23.901
0,0,0,0,67.2,63.047,-75.799,-18.237,86.206,177.07,-52.867,-62.752,53.724,0,0
19.919,-23.077,-45.966,-69.215,0.77452,120.31,-167.74,-92.771,61.468,-133.59,-152,-239.32,75.353,-10.923,6.9282
23.816,-17.693,-28.324,222.13,-83.907,-185.73,92.863,25.639,190.74,0.55258,-207.44,-77.548,66.583,0,0
-29.445,31.012,-14.387,27.899,-84.445,-61.498,82.738,-9.1594,20,-166.21,43.849,-57.876,64.555,-4.4409e-016,5.5511e-017
6.9282,12.062,26.426,158.68,152.01,-187.07,179.07,-129.57,93.729,-173.91,-10.595,-13.778,5.6827,0,0
-6.4952,-18.507,-19.373,140.88,-15.191,159.28,10.283,-13.941,84.156,-94.973,-85.39,-42.752,-0.0042515,0,0
-4.3301,-21.629,-11.353,113.42,81.211,-24.593,180.57,34.654,171.82,167.38,76.715,-155.96,-42.5,0,0
25.981,2.8936,-17.183,93.328,-33.769,74.457,72.094,-17.615,24.406,-141.43,202.13,52.989,0.77068,0,0
0,0,0,0,-85.082,337.06,23.324,31.819,-99.821,-80.843,38.3,44.424,12.346,0,0
0,0,0,0,24.733,32.415,-106.35,-83.14,193.88,-53.181,2.7386,40.107,-5.5966,0,0
0,0,0,0,-11.864,-96.438,-111.1,160.14,25.265,-67.902,-149.83,-36.316,2.9865,0,0
9.9225,-20.644,21.116,16.338,138.27,-32.026,-43.26,164.07,175.88,-61.816,31.571,32.884,4.1529,0,0
