-4.25,-2.2452,12.008,-39.165,-230.54,-45.307,94.806,217.8,28.076,195.24,-284.4,-140.44,9.2733,0,0
11.887,4.8541,1.764,-4.6301,-34.431,-233.11,186.22,36.454,-144.9,258.63,-120.19,53.542,70.779,0,0
-28.9,-26.405,24.136,-141.09,-48.359,-65.038,-18.731,-265.06,-42.145,109.97,-60.848,161.73,8.3612,0,0
11.887,-1.399,-21.052,3.3659,92.478,101.44,207.32,42.892,-92.12,5.1969,141.08,21.951,15.735,0,0
-11.5,-8.6309,28.644,-41.889,-222.95,8.8645,440.26,492.59,-163.23,128.96,-170.99,-69.539,-14.004,0,0
18.25,-0.13397,5.5801,33.927,115.32,-132.27,27.583,249.61,-251.43,-154.79,-122.58,228.21,26.186,0,0
-29.503,-10.947,-18.897,-122.14,132.51,-210.86,182.78,58.885,-253.58,153.91,66.078,-150.55,-86.279,0,0
0,0,0,0,18.002,-146.41,229.75,227.55,-102.75,8.2098,43.594,-24.578,-17.745,0,0
-7.0037e-012,-8.8954,-8.4904,8.6279,-75.214,140.43,14.354,278.87,-49.172,-89.994,-95.378,4.253,-6.1549,0,0
0,0,0,0,-20.674,175.28,94.167,-28.244,-124,397.07,236.18,98.583,-10.571,0,0
0,0,0,0,1.241,9.1741,226.15,247.28,40.226,-152.88,-95.807,32.526,4.5736,0,0
6.5,-6.366,5.0556,9.803,-199.79,-124.86,-384.7,61.092,196.37,-40.503,60.807,-53.54,-83.513,-53.767,-8.4363
0,0,0,0,5.1956,40.838,86.828,-174.53,-100.81,-121.88,-1.4506,11.03,2.8448,0,0
9.7198,5.4437,-7.0102,7.1616,-185.35,-151.45,64.396,259.36,-100.94,-5.2979,-78.029,-91.421,8.5311,0,0
-4.8651,9.8415,3.5301,325.51,-36.991,-25.987,139.85,-212.56,-227.94,-281.77,-57.891,307.71,64.722,0,0
0,0,0,0,-23.677,217.6,175.63,347.44,-15.804,-95.248,-64.137,-40.29,14.339,0,0
4.25,10.417,-17.446,-8.0066,0.20906,-17.277,-249.9,-337.56,234.5,17.053,246.14,-158.92,-94.472,0,0
0,0,0,0,-7.4684,-41.679,117.78,91.4,-79.255,0.48982,29.224,41.104,-21.312,0,0
-6.4297,-6.9722,-18.052,-18.412,160.09,105.71,-253.5,-205.1,-261.43,-173.98,-83.638,-15.456,30.786,0,0
1.5,-10.057,47.606,-194.27,78.546,203.85,294.9,371.76,393.7,-82.453,-72.464,45.744,124.74,0,0
2.25,1.9755,3.2566,13.476,-107.53,130.72,224.46,105.58,-184.19,-259.73,-101.13,-244.99,-55.484,0,0
-10.25,4.1274,19.368,-121.67,-232.81,78.641,283.94,-223.18,242.1,188.3,199.75,87.014,-3.8959,0,0
16.299,40.847,-201.52,132.86,-46.904,226.44,-209.04,108.65,66.444,-118.35,248.8,228.7,-66.949,0,0
20.75,-1.8774,7.9199,-2.1471,46.728,212.02,200.31,64.255,130.69,7.7074,98.15,-75.523,-33.337,0,0
0,0,0,0,-3.1708,8.5286,256.16,3.0217,-83.29,-193.03,-58.443,-19.287,6.8346,0,0
0,0,0,0,6.4961,13.199,-359.03,95.375,272.85,-48.721,-218.38,-54.533,-21.061,0,0
0.75,2.1896,-5.3905,-23.448,117.16,54.215,307.7,100.37,-356.03,-12.092,-36.814,-0.037101,0.010177,0,0
-11,11.74,-26.814,-50.929,41.89,-169.45,67.146,-49.81,-17.168,-266.52,75.584,65.571,-8.8902,0,0
-9.5,-13.582,17.977,3.5263,-13.39,247.3,-82.438,13.148,-49.981,189.72,0.93136,258.94,-0.71114,0,0
-4.5,10.176,-4.8643,-27.445,119.63,136.64,216.86,246.57,-87.118,-41.437,-107.98,271.82,75.667,0,0
-25.5,-3.3923,6.116,71.036,-106.71,126.24,254.42,217.59,297.82,60.272,-116.8,-29.679,-23.598,0,0
0,0,0,0,-25.146,237.94,-78.572,-114.66,151.37,228.94,100.93,-65.795,7.7407,0,0
-17.857,0.062092,-113.36,-40.138,172.7,-23.886,90.619,66.69,166.65,-132.69,72.517,36.429,6.9743,0,0
-9.3774,7.5826,17.766,111.49,-31.681,300.83,246.7,278.03,1.0763,-5.4119,-27.656,245.29,-5.4563,0,0
-7.0302,-25.617,54.801,-130.14,-168.08,-71.518,-96.28,58.634,84.184,247.5,-29.585,-131.05,77.862,0,0
0,0,0,0,-25.591,-35.243,236.84,-365.35,52.83,195.11,307.2,177.25,11.06,0,0
-26,0.43606,40.334,-110.65,308.69,-30.786,159.27,181.93,47.15,180.83,-25.519,211.52,-41.425,14.91,8
0,0,0,0,16.547,279.68,-165.23,-65.881,-39.504,-79.593,82.699,18.429,16.998,0,0
-9.992e-016,-5.5511e-016,4.4409e-016,-6.6613e-016,-1.3382,-16.357,207.86,321.13,197.33,-269.84,-215.27,18.676,13.27,0,0
11.25,2.0736,0.86603,4.9462,-1.1745,-111.92,-495.62,-23.894,25.493,-157.49,107.51,133.19,24.953,0,0
5.5,3.5442,-8.2189,15.801,-98.718,38.692,-76.807,-7.4952,30.776,267.22,-104.09,212.49,-10.319,0,0
-9,10.887,-35.175,-8.4939,84.897,150.41,-106.59,-306.72,-243.09,12.927,-1.2196,282.97,-58.852,-139.62,-0.77452
-25.25,-24.868,1.5933,-63.565,-98.753,199.1,-103.45,-241.38,-124.99,155.13,-322.51,-337.52,-0.42853,0,0
12,-19.99,38.713,24.696,-11.842,-144.13,-236.48,-213.28,-107.1,156.44,-38.414,-31.292,0.045753,0,0
0,0,0,0,10.613,-184.79,-45.649,-90.842,148.43,37.396,75.035,-6.5159,-4.2129,0,0
4.75,3.3546,0.1992,14.002,11.556,-123.72,67.245,-8.4982,303.69,122.55,-146.25,-243.49,-11.57,0,0
17.074,7.7368,-25.415,38.258,-184.88,-264.59,-85.554,-37.285,-54.574,-161.73,339.89,-23.524,132.17,-195.11,-1.5
-7.0547,9.9019,-11.342,-129.73,-127.67,151.74,-138.73,-194.7,-98.536,-167.69,143.29,265.03,102.14,0,0
0,0,0,0,-16.707,142.12,-115.67,-166.09,-106.12,162.77,67.871,-90.821,-4.8056,0,0
0,0,0,0,-45.474,-82.627,-115,-317.39,21.551,36.533,237.94,-250.75,1.1471,0,0
0,0,0,0,-5.3143,-22.148,-140.6,69.148,216.82,57.242,112.97,17.505,8.8023,0,0
0,0,0,0,-27.877,178.15,237.57,-53.251,155.47,1.0044,25.003,72.291,10.321,0,0
5.5,3.0131,-14.165,-8.3253,55.262,290.15,203.37,54.303,-16.035,-168.12,-53.514,-67.953,52.82,81.852,13.75
1,-4.567,-10.585,2.5183,174.71,216.98,-73.142,-221.78,-32.381,-90.162,79.388,-227.37,-10.221,0,0
0,0,0,0,-8.2722,30.261,-112.56,192.52,64.013,-286.45,-77.412,0.84632,9.2877,0,0
-3.6127,-4.7063,2.4453,8.3029,-100.14,-103.85,259.61,295.61,95.839,-21.345,-10.082,5.9699,24.241,0,0
0.38485,-6.778,47.61,-144.77,-238.64,-200.96,1.1254,-253.86,-279.79,-71.932,1.1713,-11.243,-0.6597,0,0
-0.86515,3.7123,32.364,-185.06,-80.419,-97.898,3.1584,25.078,359.39,123.3,-139.14,-23.611,-31.792,0,0
-9.5269,-12.737,21.725,41.087,116.2,16.046,270,191.06,452.45,-90.097,193.9,-222.99,-78.845,0,0
0,0,0,0,6.5083,-14.412,-89.608,269.96,350.25,99.329,-150.58,-22.993,11.26,0,0
1.8849,-11.275,2.62,26.563,-136.29,5.2547,28.047,177.82,-254.21,-8.806,106.51,-82.471,31.91,0,0
-54.436,-23.133,2.5421,31.43,78.744,62.388,268.37,39.927,-228.16,76.863,146.32,3.1624,14.629,0,0
0,0,0,0,33.937,132.17,-176.74,-258.21,162.61,181.91,109.85,13.363,-2.1238,0,0
12.635,-6.0328,45.596,-72.595,5.6876,-156.77,127.81,259.44,262.31,-173.18,6.375,57.457,64.292,0,0
-8.8047,12.018,8.4575,-10.605,-290.44,0.86693,45.771,-307.32,-120.48,-250.18,-64.455,118.5,101.55,0,0
0,0,0,0,-23.161,157.43,-87.679,59.087,177.68,-44.426,-32.244,4.3974,26.491,0,0
7.9518,-4.7353,19.286,43.327,-9.4735,207.79,103.59,-121.6,-298.83,73.364,60.751,-217.07,-101.15,0,0
0,0,0,0,27.417,84.017,-58.576,471.77,-105.14,-92.964,-53.856,194.79,9.6468,0,0
0.5,12.495,21.197,54.141,99.012,300.23,109.84,38.06,300.21,82.093,84.44,-57.349,261.99,0,0
-4.4175,-20.273,29.358,-100.71,-34.276,25.391,-226.49,223.92,27.317,15.645,56.867,-59.62,36.586,122.08,-21.5
10.32,7.1767,-30.103,40.343,256.5,116.83,-56.175,11.092,4.0508,53.865,-62.886,11.466,-3.4486,0,0
2.25,1.9755,3.2566,13.476,-107.06,180.33,187.61,-75.554,-0.41693,-209.41,-37.49,140.27,-93.101,0,0
-2.75,-1.3367,13.752,-18.987,-174.72,104.31,228.31,-125.9,-282.59,234.12,-152,3.0349,-38.193,0,0
-2.5,3.1292,-26.075,60.708,61.718,-110.79,-155.66,-60.02,-16.079,127.95,-65.428,1.2498,6.3581,-51.476,-7.75
0,0,0,0,-33.41,145.58,-285.9,339.5,2.4036,-242.83,-270.77,-118.33,4.1172,0,0
-47.382,-7.5204,-41.677,6.3143,-42.064,-32.95,-252.5,-62.458,78.932,-78.679,-94.284,-207.36,234.65,-1.8182,-0.85048
-15.382,7.6986,-21.768,-57.258,74.613,19.908,-204.6,-58.084,450.77,141.43,-242.5,159.73,-11.184,0,0
-51.632,-2.4845,-5.385,-193.44,64.88,49.412,19.313,276.81,110.98,-15.545,4.9312,38.437,-271.39,13.497,6.3571
0,0,0,0,-42.944,-148.38,-8.7342,-203.29,123.71,190.28,-260.38,-18.938,13.281,0,0
0,0,0,0,-35.303,-67.331,91.937,102.93,138.09,46.086,-74.134,-13.043,6.7305,0,0
-25,-8.7631,-43.925,-109.81,2.3814,-89.979,-119.99,-99.325,184.63,62.37,-54.119,-302.45,-52.952,0,0
0,0,0,0,-39.933,-101.66,-7.7511,13.824,175.72,56.486,163.85,-14.368,2.076,0,0
0,0,0,0,8.1704,-69.461,-174.84,177.02,-258.34,4.6624,63.799,6.4656,34.572,0,0
1.5,13.933,-7.8284,-27.021,-244.3,-34.162,-87.88,-68.865,-184.17,23.858,260.59,201.52,-24.638,-11.051,7.75
-3,-4.1651,2.134,9.9724,-63.084,-243.8,195.98,-207.9,-28.656,160.92,-6.0969,5.6651,-5.5446,0,0
2.25,1.9755,3.2566,13.476,-65.134,247.77,-24.102,-157.68,-43.641,70.357,-245.43,-275.54,-64.733,0,0
6.9984e-012,8.8954,8.4904,-8.6279,69.769,227.56,54.467,244.65,241.65,-10.022,-0.82027,-2.4548,20.482,0,0
-5.25,7.9869,0.52628,-3.997,-33.851,17.69,-2.5022,-340.08,11.476,30.938,-263.73,-90.63,-26.742,0,0
-20,-21.605,33.207,107.74,25.441,132.5,115.11,-255.77,-128.6,10.042,-38.877,-64.306,-14.047,0,0
0,0,0,0,1.0913,0.5874,-84.256,137.99,125.14,-34.548,138.28,-26.429,-0.83582,0,0
0,0,0,0,-5.3035,-26.547,-45.219,147.97,-79.401,39.882,36.27,-107.97,6.1537,0,0
1.25,-7.9037,32.621,-21.774,-191.44,-81.746,-222.64,-249.69,-117.36,-18.806,-46.167,-37.096,-0.065785,0,0
0,0,0,0,10.069,10.188,154.07,-168.12,-207.84,-170.56,56.673,43.258,16.513,0,0
0,0,-2.2204e-016,7.1054e-015,-29.652,-133.12,223.8,-223.71,77.786,133.66,-34.883,226.26,-83.132,0,0
0,0,0,0,7.1546,31.405,-167.48,-238.68,-49.738,-53.484,0.28141,-5.6525,26.359,0,0
28.75,23.218,-50.574,-130.34,126.27,145.46,-307.13,90.117,42.225,-107.53,-47.464,92.761,-106.22,0,0
-2.1764,-11.791,-4.1881,31.09,-176.93,-7.3051,125.49,107.38,158.2,-139.56,-14.278,-91.191,-12.92,0,0
-6.5,-4.2207,8.7518,-52.641,-100.39,237.41,-241.36,9.65,-290.74,-96.827,25.361,13.393,13.846,0,0
0,0,0,0,60.512,-15.63,-47.265,227.25,47.794,144.96,-163.96,-6.0673,-25.888,0,0
-16.989,-38.825,-42.009,-263.13,-68.211,-139.3,127.15,-40.651,97.787,193.27,-203.54,62.042,-16.715,0,0
5.0792,-3.52,-0.4407,90.325,-31.507,-282.75,-71.393,8.6918,-155.9,179.7,124.18,48.8,-97.819,0,0
0,0,0,0,-47.195,-117.61,409.76,182.29,-100.55,-50.308,-100.28,-149.95,-6.788,0,0
0,0,0,0,5.448,12.393,-12.767,255.08,296.19,66.359,87.324,20.802,0.39623,0,0
3.7745,-14.741,13.754,-181.66,114.76,-111.17,-70.578,-20.208,-91.072,-0.29931,368.86,-38.195,-87.018,0,0
7.3849,-12.542,-1.6151,28.269,111.46,193.46,-2.5545,-217.72,33.538,257.73,14.767,-2.3526,-93.588,0,0
0.5,11.938,-39.845,47.644,0.45081,91.13,-114.82,-355.4,-116.07,39.878,-171.48,82.856,-160.08,0,0
2.25,1.9755,3.2566,13.476,-97.534,-262.86,299.9,92.11,159.66,-52.996,163.24,-5.2171,37.469,0,0
0.75,6.9462,-23.747,142.29,-11.382,-196.65,-168.08,-24.217,-196.25,-131.77,48.766,30.439,-50.176,0,0
-39.25,-17.236,9.9821,52.537,164.62,-66.371,-333.33,-163.09,-522.56,111.09,134.52,-241.11,-23.082,0,0
-16,15.975,3.0473,-47.521,20.542,-232.97,-63.947,-157.36,-64.121,19.829,-136.76,-2.7781,-3.7889,0,0
0,0,0,0,-66.139,110.89,-83.45,23.182,252.07,89.494,380.69,100.12,-10.299,0,0
13.385,-5.1274,-2.4913,-25.518,0.27583,119.39,127.86,329.54,254.01,-264.69,-123.99,-38.34,25.291,0,0
0,0,0,0,-22.405,-209.31,-132.55,-173.12,-91.711,-218.45,-88.893,55.411,103.58,0,0
4.25,10.417,-17.446,-8.0066,37.826,-260.52,-263.56,139.12,230.42,-41.028,-135.22,-15.343,25.519,0,0
0,0,0,0,-62.519,79.531,-8.5991,-71.039,-72.234,-120.98,116.16,86.47,-2.076,0,0
11.25,-4.6699,1.4851,40.315,-169.85,-32.944,-129.54,-307.19,46.947,-136.26,20.213,163.5,81.971,-21.291,4.1495
2.5,-1.1519,-12.031,1.6471,22.269,-73.404,-176.85,-262.17,-121.91,-55.787,-95.4,-24.282,-8.6994,0,0
-0.75,-11.085,-3.0998,32.076,-161.11,185.84,-226.35,-131.21,16.527,-67.155,-237.91,-0.9548,13.727,0,0
8.75,10.582,-15.27,67.126,-42.696,41.022,70.689,-79.445,112.33,235.45,115.47,221.73,-18.835,0,0
-1.7764e-015,-1.3323e-015,-7.9936e-015,-1.3323e-015,-0.34063,-0.57104,279.47,103.78,2.5596,123.94,-240.51,-17.24,-18.088,0,0
5.5,3.5442,-8.2189,15.801,-196.65,-111.75,-102.15,-219.11,-19.525,-67.389,-38.623,-2.6534,3.8804,0,0
-14.363,-10.28,2.12,37.614,226.84,62.726,30.403,231.28,325.97,-71.236,-20.042,-81.395,-19.342,-193.13,9.5
0,0,0,0,-7.0766,-33.693,154.05,190.58,-82.589,184.7,53.774,37.311,-13.471,0,0
2.25,-6.9199,-5.2338,22.104,-96.08,137.76,-171.49,146.02,153.7,-251.44,-46.717,-134.17,196.07,49.658,6.8995
0,0,0,0,20.389,-182.31,-381.39,-265.88,-238.33,-214.01,55.164,44.883,-3.0556,0,0
-19.25,-25.556,-32.254,176.52,97.213,102.41,-31.708,-334.56,-120.5,26.434,-110.98,112.41,-64.079,0,0
29,21.66,-46.809,-120.97,-208.02,-93.476,276.38,-125.48,-48.122,284.34,-201.91,-122.06,2.096,0,0
-0.75,-2.1896,5.3905,23.448,-126.4,-7.2626,21.732,270.94,-147.91,-183.79,55.934,-126.3,11.828,0,0
-9.1797,-2.526,-9.2555,-133.9,193.43,-62.279,-27.201,140.77,103.02,-213.12,-122.05,6.3391,2.5825,0,0
-4.5,10.176,-4.8643,-27.445,158.67,218.87,171.23,538.93,-55.094,-99.388,-122.94,-30.856,23.603,0,0
2.25,-6.9199,-5.2338,22.104,-136.27,-59.187,-166.67,38.747,239.63,36.335,-3.3572,-206.47,-109.8,0,0
0,0,0,0,-35.828,-84.504,-27.066,138.65,-194.8,159.18,-23.241,-26.286,-4.0891,0,0
-20.75,5.0639,-20.743,-123.13,174.28,-72.782,300.18,143.14,-241.27,-211.9,217.27,-38.457,-314.17,0,0
-0.61274,5.0879,-21.403,-32.74,80.47,241.98,-14.17,-246.7,8.7415,-35.816,364.96,12.593,16.823,0,0
0,0,0,0,-28.996,-110.91,-240.4,-283.14,-73.363,-155.83,38.516,1.7578,0.33822,0,0
-4.25,-1.1274,-0.68958,-35.97,129.57,-100.46,-214.91,141.18,62.113,20.187,-131.95,-16.633,-9.4228,0,0
0,0,0,0,-2.6402,107.61,-39.571,-86.974,46.141,140.41,-233.98,-144.47,17.09,0,0
0,0,0,0,39.996,179.33,182.3,81.133,-4.7387,-74.027,115.37,130.19,-14.937,0,0
-5.25,7.9869,0.52628,-3.997,0.39372,-172.56,-327.28,-266.76,-211.65,11.816,389.91,-8.203,-3.2958,0,0
0,0,0,0,25.159,-115.41,103.34,0.89568,-175.12,-145.74,-207.33,57.074,14.37,0,0
-6.3651,-3.6848,15.581,13.266,-134.99,-256.33,-129.98,-90.163,11.516,-240.72,99.102,33.222,133.33,49.658,6.8995
6.1349,-3.3008,33.627,-150.86,-211.76,43.76,-344.03,-138.63,196.79,91.185,228.35,149.16,17.986,0,0
0,0,0,0,-28.915,-145.49,-128.04,-77.246,207.66,-121.37,-98.999,17.934,-25.565,0,0
0,0,0,0,-24.206,116.31,209.87,-100.68,-305.57,40.905,176.43,29.14,-29.581,0,0
0,0,0,0,4.6944,30.68,242.32,217.86,32.431,-68.189,-313.79,192.51,29.156,0,0
0,0,0,0,0.24158,-33.82,15.146,-41.812,-80.504,-156.9,-109.53,-94.372,-8.3415,0,0
0,0,0,0,-0.26786,7.6144,60.04,-78.023,-140.02,-121.46,-88.742,-90.062,-1.0135,0,0
35,32.376,-11.038,6.1505,218.88,35.092,89.009,-11.761,107.59,55.899,-304.28,-278.43,-9.2904,0,0
12,-2.4803,-3.9054,16.866,-60.731,-216.87,-93.066,114.14,-198.54,166.03,-25.032,-78.666,-7.561,0,0
-20.93,-43.644,-33.603,39.982,298.26,125.92,-220.25,230.44,-8.9695,12.535,26.385,-8.9451,-145.54,0,0
-9,10.887,-35.175,-8.4939,78.546,122.63,-205.01,30.548,280.84,-67.487,75.181,61.4,-14.23,0,0
11,-14.206,-36.341,134.63,-10.592,-266.87,-95.108,166.66,-76.986,-19.994,-44.584,-233.2,97.961,0,0
-4.1151,-2.1046,-1.2933,39.707,134.24,-25.671,62.003,-39.439,-2.915,-188.2,-19.448,-2.3891,-2.7117,0,0
1,-4.567,-10.585,2.5183,190.53,-4.1329,-108.6,19.499,221.54,-17.85,122.14,-2.7094,-40.789,0,0
6,-16.023,-44.725,160.58,-161.86,-181.01,133.66,-48.402,-137.37,-122.47,-124.67,-141.38,209.42,-12.935,-11.75
0,0,0,0,-18.455,119.21,-165.35,-77.178,31.553,41.21,91.732,6.4429,-36.467,0,0
32.32,-9.4118,46.254,139.24,94.731,-8.0643,-16.99,34.556,-173.95,-35.217,95.634,177.9,-9.8636,0,0
21.769,20.566,8.5913,-207.81,27.696,-104.22,-35.139,175.36,181.98,-16.909,131.12,175.15,-120.55,0,0
0,0,0,0,-10.61,-233.87,-84.142,105.65,113.48,-51.046,-37.849,-173.86,33.132,0,0
-2.25,12.152,-1.6077,-13.969,66.243,50.549,-122.42,30.019,-110.96,302.61,283.97,-126.05,14.64,0,0
-2.5,-6.9348,1.5753,21.906,-194.08,119.51,349.74,94.702,-97.989,-116.08,327.89,12.776,-17.272,0,0
0,0,0,0,-46.801,14.381,140.65,-41.461,-218.38,-15.429,177.99,-29.939,8.2443,0,0
-26.25,-9.2583,5.9216,38.952,87.982,33.363,236.53,191.41,-70.275,-35.399,228.68,45.855,-14.031,0,0
-5.75,-6.8971,2.4575,-13.601,-25.861,13.566,-110.82,71.901,25.841,85.928,-139.04,-67.73,-5.4106,0,0
0.9722,-13.725,9.1029,-27.019,-138.08,170.23,19.566,-33.367,164.26,-161.04,-218.38,-3.8819,-17.982,0,0
-8.7778,-10.635,17.49,-57.056,-81.808,146.58,129.31,266.12,296.83,-28.812,-124.97,-149.42,-10.464,0,0
0,0,0,0,-5.8909,-6.8233,-3.6008,79.648,-279.06,-160.19,98.106,-27.064,15.739,0,0
-2.75,-2.8056,2.6716,5.6848,-40.828,-243.55,-167.62,59.741,-109.24,-24.92,258.51,294.99,99.116,0,0
0,0,0,0,7.7883,-48.486,66.204,311.21,-102.93,139.98,225.98,23.87,10.422,0,0
7.25,20.958,12.611,27.793,75.849,-234.18,-444.9,-149.82,187.69,74.924,-199.24,-70.249,39.615,0,0
0,0,0,0,-23.946,122.47,249.49,165.12,50.277,-180.7,-235.67,33.809,5.0936,0,0
4.25,-32.031,-4.4037,29.584,-106.44,-313.28,258.35,-141.01,-283.92,-89.257,182.46,-14.403,-71.771,-0.81819,-0.87172
17,11.966,-21.587,-4.9545,25.276,144.57,193.11,12.235,-409.5,-209.19,11.636,97.155,3.4396,0,0
-17,-12.175,36.863,-57.69,-84.253,-40.302,-115.74,426.63,128.81,94.257,98.601,-19.415,-108.94,0,0
-23.75,-45.811,205.31,-94.378,-228.44,-3.3236,9.4151,-49.411,-83.293,-103.7,-73.156,-198.81,-15.295,0,0
-25.75,-7.9234,27.123,85.484,-239.88,-0.10409,-52.616,204.92,218.01,80.221,-103.17,-110.07,-23.631,0,0
-24.5,-15.736,41.416,-144.52,185.42,-281.03,-138.95,-108.16,-242.24,-23.985,-42.787,6.8231,247.38,0,0
13,8.8205,-27.301,5.6046,32.964,-68.307,221.53,271.2,94.575,25.825,163.85,-99.776,-10.655,0,0
0,0,0,0,-24.481,170.47,20.988,153.45,205.27,-65.141,58.822,27.937,-2.779,0,0
-13,-16.665,-16.099,150.97,108.11,-49.033,-109.1,224.83,11.98,8.7754,30.071,233.97,119.14,0,0
-7.0037e-012,-8.8954,-8.4904,8.6279,-24.1,-106.14,-341.33,196.84,77.776,13.061,79.742,-45.873,-7.7664,0,0
14.137,-16.585,13.771,16.38,148.07,-158.43,-217.91,54.64,-115.94,255.61,-169.16,-419.2,-99.974,0,0
9.866,20.011,-22.569,-6.1714,295.61,104.62,-35.342,370.94,-30.837,-169.84,-307.06,105.48,24.063,0,0
-18.75,-37.77,13.736,-132.26,79.754,247.74,-120.19,52.647,-159.01,-85.985,107.11,-1.0038,17.685,-1.6875e-014,-1.7764e-015
3.5,9.0197,-3.4085,-2.8546,32.478,-120.14,-63.604,-140.54,62.823,-8.005,-126.74,8.6986,-4.3325,0,0
12,-2.4803,-3.9054,16.866,-58.498,48.706,52.169,30.485,-104.72,-140.64,20.035,2.1529,29.803,0,0
-6.75,-13.564,2.3333,-215.22,-80.73,-142.08,62.357,171.89,364.77,130.49,-38.419,-25.049,-9.1483,0,0
24.433,2.0954,52.54,38.805,92.695,45.032,72.307,-0.78854,55.663,4.9619,-63.107,-132.08,-391.23,0,0
31.5,30.863,-11.708,0.71715,35.192,50.409,368.82,24.23,-272.96,-85.012,45.707,84.6,339.39,49.658,6.8995
0,0,0,0,65.668,-96.801,370.31,243.8,255.38,4.9057,-39.809,-11.705,15.196,0,0
0,0,0,0,-17.881,69.982,-31.316,-48.277,70.243,34.735,-93.042,11.539,-24.374,0,0
0,0,0,0,-27.505,206.62,-93.19,-98.513,244.66,-19.794,18.031,-20.377,-5.0801,0,0
-0.8774,-26.192,-4.7272,158.44,-136.48,-163.85,80.978,223.34,-62.611,-96.97,204.23,274.98,128.31,0,0
3.8236,-23.654,-15.748,-113.97,-162.65,-349.56,90.815,6.7657,-247.04,-200.54,19.036,-76.989,27.546,0,0
-5.1151,-7.1506,58.703,-133.15,-72.615,-0.31141,-66.9,290.95,-91.656,-240.73,-128.2,254.66,87.092,0,0
11.635,-15.383,38.248,41.221,-14.367,245.01,231.95,247.85,90.267,-13.672,70.275,-1.9304,-22.13,0,0
-3,-4.1651,2.134,9.9724,-58.745,164.97,-322.04,118.65,7.4846,138.31,-257.53,193.7,-25.312,-21.291,4.1495
0,0,0,0,6.07,-32.12,-316.16,-234.14,43.692,250.55,60.539,2.5861,11.222,0,0
0,0,0,0,25.903,-157.62,-17.745,-17.961,-33.161,-166.12,87.204,-1.9479,-4.0849,0,0
0,0,0,0,5.3795,-30.326,-75.504,103.28,-81.12,-122.67,81.165,120.57,-4.9441,0,0
0,0,0,0,15.209,-8.0827,302.62,-203.71,-108.9,-118.7,0.31883,-12.559,20.766,0,0
-1.6151,-9.247,18.271,14.611,73.063,231.48,-86.518,-58.73,252.19,196.34,7.1845,-1.7599,9.0801,0,0
6.5,9.4168,-15.843,6.4462,-45.232,-94.43,63.8,86.157,2.1146,10.531,35.706,-112.93,-18.486,0,0
3.933,-10.093,-28.057,-231.38,194.45,-93.647,-115.96,80.95,37.635,-39.438,10.409,-5.024,-14.183,0,0
0,0,0,0,21.837,-150.25,139.99,132.4,-180.52,-69.102,59.19,-0.2278,15.023,0,0
0,0,0,0,4.116,19.565,75.857,-121.03,97.394,178.48,-217.04,-33.363,16.687,0,0
0,0,0,0,4.661,22.685,-106.59,331.02,29.043,81.712,-28.43,15.132,-3.4665,0,0
-31,-24.129,15.198,-172.33,114.83,313.47,41.842,-249.2,-222.81,-10.55,229.09,-5.2087,-17.053,0,0
-2.8627,-2.5167,-2.9453,-15.146,100.06,236.63,115.16,-73.047,228.41,-291.13,-107.71,-11.519,10.251,0,0
-4.5,10.176,-4.8643,-27.445,165.77,-164.12,-34.393,94.876,148.02,223.35,-11.325,97.137,-84.612,0,0
0,0,0,0,6.2309,52.932,20.652,152.93,209.45,69.51,-185.53,-68.508,12.923,0,0
14.887,8.2547,-11.15,-24.288,-117.29,187.32,235.19,17.269,-455.35,-188.64,-200.94,103.58,-5.7811,0,0
-9.992e-016,-5.5511e-016,4.4409e-016,-6.6613e-016,-17.579,181.17,-148.94,-243.41,-398.51,-243.3,235.09,-6.9677,-8.8134,0,0
0,0,0,0,9.3182,-55.363,-69.392,12.011,-102.04,124.94,14.536,-14.098,-8.3481,0,0
-35.25,6.5328,-17.263,-145.32,160.68,116.66,-159.82,300.71,-328.69,8.5626,-79.296,-239.77,-9.4429,0,0
-2.25,-1.9755,-3.2566,-13.476,96.347,9.6341,168.53,-161,-297.83,161.87,179.51,-146.33,2.8514,0,0
0,0,0,0,17.382,-190.24,-113.64,-327.81,-247.16,156.16,22.795,-8.0894,-3.7063,0,0
-11.25,4.6699,-1.4851,-40.315,203.65,-144.25,-14.06,-49.229,61.306,83.909,6.0203,-37.229,-9.8346,0,0
14.25,12.734,-13.853,0.69838,-213.79,99.9,270.24,40.213,132.5,153.98,-177.24,9.8974,-7.8873,0,0
0,0,0,0,22.348,-197.6,-42.206,-10.455,-91.907,3.9806,-195.63,9.0458,-2.7042,0,0
-4.5,10.176,-4.8643,-27.445,111.38,71.077,-107.43,465.31,-211.86,-4.3006,-4.9982,28.328,-126.54,-2.2913,-0.6863
-4.5,10.176,-4.8643,-27.445,150.27,28.938,286.57,-107.13,-62.234,-151.92,-35.096,-86.608,-9.6683,0,0
-2.25,-1.9755,-3.2566,-13.476,48.082,-46.893,205.11,1.7679,13.342,182.19,-217.87,-27.1,-21.389,0,0
0,0,0,0,1.797,-36.526,-121,-180.64,-31.453,-21.712,139.04,7.2338,-18.361,0,0
27.25,26.428,18.06,-3.1756,185.31,294.56,211.64,-288.74,-216.94,-35.319,2.9375,-10.206,20.695,0,0
6.9984e-012,8.8954,8.4904,-8.6279,73.344,280.34,112.31,-205.25,-9.6828,-49.56,-574.91,-166.96,-13.429,0,0
-69,-177.6,178.69,-149.84,195.39,23.711,-156.12,-304.46,-275.25,-126.71,263.66,93.58,22.414,0,0
-17.25,-5.884,-11.856,16.325,-25.761,-219.05,-442.1,-116.67,-13.08,-111.32,235.58,-65.127,-18.134,0,0
-1.25,-5.3971,-0.60465,23.013,6.361,57.227,34.132,147.08,-120.13,-0.096638,-68.588,-84.738,-15.912,0,0
0,0,0,0,-3.6915,-172.11,83.682,63.859,-80.857,150.18,-125.12,42.69,-152.85,0,0
9.25,6.1309,-26.044,1.6537,-91.132,77.599,70.183,-111.49,40.266,70.092,-146.6,-19.11,13.297,0,0
29.123,12.196,1.4657,115.28,-12.957,28.612,-13.045,-196.36,132.97,86.089,-20.365,-73.053,-23.922,0,0
15.25,10.796,-24.044,19.081,-78.667,-151.74,129.6,-173.36,143.44,-19.479,2.672,8.197,-9.6349,0,0
6.5,-4.454,-51.612,129.83,131.27,-55.981,173.04,267.51,243.02,309.42,77.453,-161.53,-1.788,0,0
-0.5,-1.549,0.40368,-7.6537,24.394,236.36,-16.072,-202.79,134.34,80.269,-89.123,36.983,-2.2198,0,0
0,0,0,0,-54.333,75.616,218.5,-13.495,-8.0302,-194.46,-63.508,-12.855,-20.34,0,0
-30.5,-12.303,-0.27439,-214.39,-141.27,70.331,-42.301,-67.139,153.27,-19.387,-66.087,-87.626,30.037,0,0
0,0,0,0,-0.15937,4.0985,-40.325,-84.813,118.99,-117.89,-244.54,1.264,-8.6794,0,0
11.25,5.278,-34.405,44.089,39.643,170.74,-153.18,-65.313,53.941,-112.1,-122.73,280.28,3.0765,0,0
0,0,0,0,10.555,-79.687,-120.1,32.612,111.5,121.78,126.84,-12.514,21.672,0,0
-5.317,-8.9183,9.8221,21.731,-17.404,-165.48,-182.5,-308.64,-38.818,-62.868,-41.448,175.78,0.013462,0,0
-9.5,-13.582,17.977,3.5263,-19.266,212.93,-32.288,-139.64,-245.98,-109.44,-51.873,-29.496,-18.986,0,0
-26.201,-14.571,-72.646,-85.07,-367.71,14.855,188.15,257.52,193.58,-138.57,42.594,-11.804,-27.74,0,0
10.5,13.824,2.366,-25.104,200.07,45.246,-424.16,-134.93,54.826,14.569,-14.487,-24.377,46.112,0,0
3.25,-17.785,37.633,-5.1072,-198.38,71.406,2.2168,-40.707,-110.9,-196.8,75.596,116.02,4.2296,0,0
-15.25,-18.017,21.87,-55.643,-151.39,88.07,-4.644,-169.9,-183.62,56.959,-159.21,-7.2888,35.586,0,0
-12.615,3.6747,-31.654,-81.518,-29.912,140.34,111.1,-13.929,22.2,-1.3985,-315.29,29.281,-219.92,0,0
3.5,8.2272,-12.056,15.442,-107.71,261.28,-219.65,-163.65,42.356,57.093,132.44,34.543,18.343,0,0
0,0,0,0,-3.8648,0.85608,-46.749,63.246,-106.89,-49.6,72.74,-6.1288,11.166,0,0
4.5,-10.176,4.8643,27.445,-155.2,-6.361,-48.062,73.343,64.4,-116.63,42.495,-135.81,48.595,3.8612,-0.68301
0,0,0,0,31.32,106.27,-401.9,-35.59,63.959,-10.392,161.98,97.233,93.622,0,0
12.658,-10.086,-43.29,139.88,48.522,78.092,7.0356,65.083,24.41,117.9,398.28,76.318,-148.4,26.747,-17.75
5,-6.3139,13.178,94.979,159.15,-15.435,-281.21,-147.33,-85.066,-71.66,-33.335,-105.66,41.95,0,0
0,0,0,0,-30.002,-191.04,264.51,283.38,389.47,1.6139,-160.36,6.7139,14.29,0,0
23.5,20.819,5.4168,-20.131,235.96,222.61,-44.063,-113.17,95.514,-163.37,28.867,272.19,19.642,0,0
0,0,0,0,-17.097,104.85,-93.603,-282.02,215.43,-101.59,-204.77,62.978,-0.97548,0,0
1.1349,8.6913,-62.93,209.95,128.62,-221.11,-208.55,27.979,274.11,62.346,-66.736,-161.12,-8.9976,0,0
-0.36515,0.8774,1.0123,12.594,-39.812,80.106,-7.7632,-286.7,82.886,-97.866,153.97,-11.516,7.2664,0,0
0,0,0,0,-13.274,157.52,-44.359,204.48,-61.623,-151.17,90.205,30.065,68.076,0,0
2.25,-4.884,-6.25,-35.5,118.39,289.94,484.93,83.145,-160.21,26.739,53.496,230.19,163.14,0,0
12,6.4151,4.5849,8.2386,20.747,-214.81,-129.26,-50.391,-31.921,7.8391,-9.3168,-204.58,13.686,0,0
0,0,0,0,-17.234,140.05,337.83,31.647,21.841,-252.3,-135.11,-212.08,-5.6417,0,0
-17,-12.175,36.863,-57.69,-65.517,-159.33,-137.8,-39.079,-24.054,-2.3972,278.71,39.446,-7.067,0,0
-20,-11.729,41.421,-142.64,-14.988,-305.61,-32.958,-116.98,-131.44,-87.441,95.865,251.42,-14.197,0,0
-4.1274,11.313,-32.028,130.99,-160.87,-103.92,68.427,-247.86,105.84,221.92,78.577,222.31,59.943,0,0
11.5,5.7111,-54.885,185.33,82.65,136.4,158.31,301.06,83.486,114.54,-37.623,-85.375,25.134,0,0
0,0,0,0,65.187,-68.454,213.14,-115.32,-53.602,263.14,93.565,42.9,-29.881,0,0
12,-2.4803,-3.9054,16.866,-37.615,196.47,-255.68,-328.18,108.78,-11.23,-146.39,-52.04,7.8771,0,0
-22.75,13.549,-2.4952,-29.756,-102.85,34.853,-142.19,90.398,-6.3732,26.062,-151.52,-155.55,8.1851,0,0
4.5,-24.486,44.423,36.597,101.6,-202.27,-241.6,-181.42,256.04,-179.14,235.28,234.97,4.3301,0,0
-3.5,-8.2272,12.056,-15.442,124.86,-18.646,-50.566,-287.6,-44.426,-1.014,16.927,9.5107,-1.6953,0,0
41.908,-1.6301,-31.603,118.83,31.019,-207.94,-35.043,26.504,24.153,110.25,22.12,98.228,2.9922,0,0
4.3726,10.161,-7.6663,24.34,-100.84,-139.07,89.098,-69.434,-87.685,-74.921,117.18,197.81,-1.9796,0,0
-4.25,-1.1274,-0.68958,-35.97,160.32,5.7034,-383.4,-0.52729,58.569,37.178,265.76,-9.3167,-4.7512,0,0
-17.5,-17.348,-15.959,30.256,-185.94,-104.15,-183.19,192.03,-5.753,57.28,40.094,-3.749,43.608,0,0
20.814,24.98,-63.769,15.328,9.3452,235.1,268.88,109.12,-104.68,113.43,-8.555,16.635,-9.0335,0,0
11,-1.6436,0.17949,4.3074,-8.4665,-50.759,-142.23,-360.99,-216.53,193.39,-72.947,-130.25,5.3738,0,0
-2.25,6.9199,5.2338,-22.104,137.85,57.98,144.13,91.437,433.84,343.83,-220.04,-12.509,-21.715,0,0
12,-2.4803,-3.9054,16.866,-73.377,-126.07,76.869,216.61,96.428,-120.92,-17.05,-240.45,-14.042,0,0
-3.1086e-015,-2.4425e-015,4.4409e-016,1.7764e-015,31.417,-190.75,-91.693,15.79,151.39,72.533,-407.79,22.271,-4.1875,0,0
-9,10.887,-35.175,-8.4939,117.33,13.906,65.617,-43.92,-63.302,24.608,269.18,-29.759,-19.174,0,0
4.5,5.134,-0.88221,-13.013,15.744,-94.377,-320.44,198.17,313.7,-311.96,59.299,-36.89,15.257,0,0
-22.75,14.961,38.64,-102.98,-162.2,-452.12,17.175,11.714,-30.832,-8.1622,-157.41,-251.24,198.4,96.757,-17.445
-6.6764,-6.6998,-6.1342,51.028,53.753,-55.83,24.384,-127.79,-209.16,-140.74,-109.94,15.268,-17.781,0,0
0,0,0,0,-24.898,134.99,167.5,-244.32,-254.71,-12.444,20.727,30.309,-3.3905,0,0
3,16.969,22.809,268.06,-117.12,536.45,332.7,253.23,34.249,-46.799,67.547,-95.904,-9.7999,0,0
0,0,0,0,-30.277,120.98,20.262,-395.74,-87.096,-12.367,28.181,-0.21299,-38.971,0,0
0,0,0,0,-14.387,11.256,270.08,-108.97,-6.0661,39.763,17.902,-59.458,-30.548,0,0
-0.36274,-7.8075,-9.7719,-124.56,-121.5,-236.75,-219.9,-213.23,-265.41,-31.986,-305.48,-87.283,-24.421,0,0
-23.253,-0.95586,-116.08,-4.5722,137.35,7.0508,-10.185,3.3971,-0.27091,21.177,-171.33,-6.5425,-4.5679,0,0
0,0,0,0,-71.431,-151.53,43.369,-146.84,71.916,172.98,251.51,127.43,-7.6292,0,0
-2.6151,-1.0981,-2.2443,-0.88189,-20.115,-248.89,-64.911,-183.48,-137.77,149.74,184.38,8.1495,6.3191,0,0
0,0,0,0,-11.084,74.585,-19.624,112.77,-119.5,101.56,-106.52,10.62,-21.44,0,0
0.32027,6.0164,-13.034,19.807,62.895,134.72,111.23,233.9,-195.26,-51.169,99.781,3.4511,239.27,0,0
0,0,0,0,-24.44,124.56,-2.4906,-279.84,68.412,37.885,87.564,5.7631,20.753,0,0
2.25,20.374,-9.7482,49.065,-79.106,59.934,-353.44,-139.12,-27.937,202.27,-107.92,-244.99,275.36,110.84,-15.942
-7.0037e-012,-8.8954,-8.4904,8.6279,-34.207,237.89,-26.872,-56.961,-8.2965,185.2,-143.01,59.783,5.3304,0,0
-34.033,-22.335,40.774,-190.59,-133.3,196.35,58.225,146.91,56.622,125.9,33.719,-67.177,11.185,0,0
0,0,0,0,15.093,-157.27,-251.67,-16.924,-115.29,93.22,-24.628,-2.0583,-11.899,0,0
0,0,0,0,-33.343,-116.6,1.576,-41.875,167.53,21.084,-124.89,-27.806,2.9665,0,0
0.63485,-3.6423,11.434,-9.7085,-17.209,14.454,99.967,2.1024,-164.07,-278.14,138.73,48.987,6.5589,0,0
4.5,5.134,-0.88221,-13.013,19.97,238.05,248.84,265,25.309,-316.35,108.73,16.252,28.494,0,0
0.5637,5.325,-31.896,57.44,6.5477,-127.72,162.65,208,55.867,121.64,-3.72,-136.93,12.1,0,0
-16.158,-9.9647,67.406,-41.133,-240.11,-253.48,-240.49,-246.11,7.4462,8.314,-51.826,101.14,120.21,0,0
0,0,0,0,22.118,-179.54,-278.55,-254.56,26.012,149.03,-58.753,14.264,12.979,0,0
0,0,0,0,52.037,76.492,140.15,185.86,146.46,35.993,-178.93,-27.613,31.841,0,0
-11.25,-12.792,14.847,144.07,86.346,-247.26,21.019,65.036,149,-5.1998,13.144,-40.426,-0.098076,0,0
24,-2.9199,-0.48686,56.534,-21.122,258.39,-116.8,-21.366,-0.58736,438.01,374.24,-36.372,-97.28,0,0
-6.8816,21.678,-45.53,-37.968,-104.14,212.9,-130.92,20.973,20.383,95.091,108.26,144.26,5.2566,0,0
-1.5,-13.559,-92.423,71.897,39.504,-18.235,-158.23,-117.78,131.75,-158.99,-71.497,120.98,-123.54,0,0
11,14.234,-7.4772,7.2272,3.1954,127.57,250.16,395.82,175.63,11.59,111.39,246.95,211.65,-14.91,-8
0,0,0,0,21.29,-191.52,265.81,66.66,-106.3,-104.61,-35.752,-115.89,251.96,0,0
-21,-26.444,-17.796,-30.499,-119.57,18.661,112.17,-188.1,134.52,88.08,-186.74,116.44,55.278,49.658,6.8995
-2.25,-1.9755,-3.2566,-13.476,129.17,76.053,48.814,25.146,-78.034,38.263,124.43,-27.484,1.5245,0,0
0,0,0,0,-0.76138,14.098,-172.15,-45.681,-7.8645,-46.764,267.2,9.9453,22.546,0,0
0,0,0,0,18.411,-130.26,76.95,-105.74,-15.602,50.174,234.4,-81.625,41.392,0,0
0,0,0,0,28.389,-140.72,172.91,8.2485,60.147,-88.489,-74.34,-50.222,-6.1537,0,0
-8.3472,11.803,-18.365,38.121,-154.33,-240.87,-245.56,-162.85,91.392,-153.46,44.488,120.14,11.317,0,0
-2.6151,-1.0981,-2.2443,-0.88189,51.108,360.87,117.87,289.06,51.852,-30.188,12.995,65.169,33.397,0,0
2.25,-6.9199,-5.2338,22.104,-128.12,-112.86,16.625,11.096,-107.53,-119.51,143.07,269.92,76.55,0,0
0.13485,26.137,-21.311,272.38,-159.45,92.602,-1.7569,10.577,75.45,39.313,46.971,206.07,51.991,0,0
-2.25,6.9199,5.2338,-22.104,125.26,-292.18,70.756,137.54,269.67,-167.18,-223.29,-25.726,-14.34,0,0
0,0,0,0,4.5924,-203.39,-53.705,-189.49,40.71,-314.7,-53.548,236.34,-13.455,0,0
-8.25,-6.6322,-31.515,13.128,179.83,115.67,179.22,110.2,30.87,-11.076,270.18,80.92,-4.4462,0,0
0,0,0,0,2.7118,12.166,133.21,-44.49,-106.15,-2.1254,156.71,9.3866,-22.777,0,0
0,0,0,0,5.9986,26.222,-55.99,-116.92,58.588,183.1,65.47,6.2542,7.5021,0,0
-18.25,-5.9168,36.493,-142.51,-40.876,-249.42,-298.5,-133.95,-152.45,-90.262,8.9707,-10.908,-16.245,0,0
13,8.8205,-27.301,5.6046,-26.761,8.0692,-169.46,-255.38,-203.1,91.83,-56.555,1.2497,4.654,0,0
-25.75,6.1322,17.341,-111.6,-168.88,-315.68,-352.23,108.8,62.004,-271.81,158.48,-249.29,-91.912,0,0
0,0,0,0,3.384,45.111,22.57,152.3,98.394,-5.8997,-138.95,125.4,7.6181,0,0
0,0,0,0,26.635,-158.61,-118.37,173.17,117.06,31.012,-219.93,-124.88,16.36,0,0
0,0,0,0,16.83,-154.47,-5.1212,156.48,242.21,50.097,223.49,-121.18,-42.086,0,0
0,0,0,0,23.276,-214.34,59.324,114.42,131.64,64.913,24.592,-6.1989,-18.948,0,0
-8.75,-10.582,15.27,-67.126,100.25,-45.249,-208.74,-109.68,-40.172,-0.23005,-129.66,-7.567,2.7667,0,0
-1.5,-0.96891,-1.2518,3.0407,27.243,-279.96,16.909,212.59,10.251,275.95,-111.02,-66.08,19.762,0,0
0,0,0,0,1.8855,10.292,14.596,-228.08,-9.7982,25.809,-64.893,7.1043,-26.473,0,0
-9.5,14.408,46.5,-51.922,8.4413,38.483,-84.153,-248.28,-105.02,-1.1562,161.52,262.1,204.43,0,0
-5.25,7.9869,0.52628,-3.997,-18.367,-112.94,-115.15,172.91,122.14,-150.12,146.66,-19.936,-2.1585,0,0
23,19.37,-23.408,-12.597,22.73,-226.51,45.375,-115.8,-45.428,166.29,235.66,7.4249,-1.0212,0,0
11.5,-8.2679,12.136,20.185,146.7,223.17,15.06,-102.99,-192.67,-67.598,-175.22,-1.7676,33.969,182.08,-1.75
12,-8.6029,-0.93477,24.601,-123.35,-96.183,-69.04,-136.14,-226.02,-185.48,110.37,198.81,-116.99,0,0
0,0,0,0,70.06,-56.546,-163.06,-487.21,-107.05,162.04,-128.97,-41.154,8.183,0,0
5.8236,-19.396,-8.759,193.43,32.107,-239.26,268.51,0.94845,-209.06,-49.972,114.66,190.59,146.73,0,0
27.064,16.064,-5.5078,143.33,-113.45,-68.658,15.886,-25.68,-365.82,-262.18,-0.11128,187.25,-4.8583,0,0
-3.3047,-6.3236,-12.05,-30.09,-25.546,-11.944,-170.91,-215.34,-4.5102,-8.259,-13.419,52.547,246.08,0,0
0,0,0,0,2.9309,26.888,262.43,19.264,-136.27,-107.89,-13.222,-99.702,-89.243,0,0
-19,-13.021,15.788,-64.449,75.023,54.332,173.3,18.794,-21.579,150.78,148.65,85.23,-39.417,0,0
-7.3382,0.37051,13.197,-1.4828,265.43,77.483,8.4036,-268.36,-91.326,350.08,65.536,-231.22,-0.41955,0,0
0,0,0,0,-2.367,18.604,21.121,128.12,167.91,169.73,-164.26,-124.24,-14.476,0,0
0,0,0,0,27.037,-135.93,-194.55,91.027,-206.79,86.154,17.39,5.328,-0.59599,0,0
28.75,30.303,-29.177,148.14,-23.097,-132.26,-78.184,-134.06,255.14,-204.43,-328.58,3.4761,8.0657,-19.472,5
-14.75,-25.539,49.354,94.048,-205.39,103.74,168.28,-166.28,-76.76,111.04,82.776,-6.9142,47.014,0,0
-9.75,-16.518,-2.6668,-56.771,58.913,-72.251,-36.075,77.744,150.7,82.359,110.88,-243.83,-311.27,48.837,-24.936
-18.25,-11.46,95.851,319.01,185.81,-130.51,14.52,-128.76,-27.135,106.42,-288.43,-83.037,82.61,0,0
-11.25,4.6699,-1.4851,-40.315,176.93,-14.786,-251.76,-24.726,126.46,-5.6242,-60.007,-40.75,31.095,0,0
5,6.0018,-14.397,7.3173,238.45,65.992,291.97,527.43,-256.59,59.696,-432.26,-137.9,59.032,0,0
4.067,-0.55177,1.8111,-132.75,-239.35,32.918,24.749,226.24,14.682,205.35,-130.6,17.725,-5.3104,0,0
37.135,14.209,-8.4339,36.511,-156.78,-28.512,-249.34,5.3505,28.525,10.237,136.67,-173.73,19.016,0,0
0,0,0,0,23.413,-106.69,-93.133,-52.831,122.28,-12.058,-91.957,124.75,-209.91,77.828,10.75
-0.75,-11.085,-3.0998,32.076,-125.83,16.931,-180.47,112.77,167.11,-93.852,-171.64,-7.9222,12.212,0,0
0,0,0,0,14.523,18.256,-208.6,85.177,97.032,109.96,-54.775,-21.446,1.1095,0,0
6.8203,1.8417,-46.324,126.09,285.45,63.104,-115.23,-1.8799,150.44,4.5482,-47.27,-79.485,-5.6259,0,0
-13.75,4.0455,21.18,-29.099,173.67,-9.7997,64.03,-152.42,109.22,208.67,-137.24,-129.52,-0.80713,0,0
-7.0037e-012,-8.8954,-8.4904,8.6279,-104.73,77.127,362.43,168.87,-173.75,-256.5,-1.7811,-1.5998,32.649,0,0
4.5,-19.072,-3.6261,36.073,-213.8,-229.9,-221,74.526,4.7307,85.288,268.14,-173.55,183.08,49.658,6.8995
3.5,8.2272,-12.056,15.442,-200.3,89.425,-1.9323,137.99,181.61,8.1459,-19.27,-58.741,-47.513,0,0
-3.6127,-4.7063,2.4453,8.3029,-35.865,-28.249,-20.726,-79.546,-27.284,178.87,-135.63,-25.403,-20.433,0,0
0,0,0,0,-14.417,136.35,-52.339,386.36,105.22,3.4365,61.499,-21.227,10.63,0,0
-3,-4.1651,2.134,9.9724,-38.652,-4.0881,259.44,42.041,-94.563,-34.747,-96.768,7.9752,-18.663,0,0
0,0,0,0,57.426,-115.11,-28.102,-162.9,224.35,20.042,-176.87,-9.1199,9.7006,0,0
44.824,8.8756,-18.241,117.45,-127.98,-50.932,-18.659,229.96,-82.488,212.28,133.96,63.885,-1.1058,0,0
9.25,6.1309,-26.044,1.6537,-2.8255,188.81,190.11,248.22,-177.31,4.4644,-23.197,-12.187,8.846,0,0
1.7198,-19.318,35.591,-6.3581,-176.42,-31.266,312.34,252.47,26.456,-65.913,194.08,-144.26,239.71,14.91,8
10.137,-9.8539,132.77,-32.092,136.45,351.11,-64.489,-276.41,-62.071,227.05,23.476,-130.27,-18.52,0,0
-1.75,-6.6208,-11.752,-2.4103,28.368,34.883,-141.52,20.357,10.763,153.1,-15.437,17.185,-18.413,0,0
0,0,0,0,5.5709,63.598,-332.95,-102.62,178.49,-22.824,-80.477,3.0409,-31.385,0,0
0,0,0,0,27.99,-100.31,197.81,200.38,-92.008,163.7,71.948,-99.549,45.095,0,0
6.25,2.2141,-7.7348,-23.727,51.525,-67.759,-264.93,-249.07,-261.3,-224.24,40.228,96.215,236.19,0,0
-2.2204e-015,-5.5511e-016,-2.8866e-015,-2.6645e-015,0.73029,-6.5404,165.29,41.138,250.97,-43.59,-31.546,10.663,-16.102,0,0
11.789,16.075,-23.778,3.8015,80.898,90.423,-112,27.178,43.86,57.332,26.375,23.56,-130.86,0,0
32.043,0.3577,5.0797,201.28,-188.31,70.394,-122.41,-54.106,48.545,-220.27,51.388,57.481,51.195,0,0
-4.8651,-4.2566,1.8945,25.607,-90.877,-226.91,-253.46,-249.34,-194.06,226.99,20.164,-157.04,-89.288,0,0
-3.5,-8.2272,12.056,-15.442,152.66,-210.9,-69.329,-178.06,-116.23,-19.479,2.672,8.197,-9.6349,0,0
0,0,0,0,-2.9629,-17.149,128.66,383.3,-41.203,97.618,-97.152,-47.717,-8.6683,0,0
0,0,0,0,0.63125,0.76514,-67.501,165.85,-118.94,-4.2484,-50.512,-192.94,-85.784,0,0
1.75,0.86603,-1.201,4.7482,53.465,88.377,11.096,9.7279,-62.63,119.67,20.611,231.26,-54.765,0,0
-11.5,-8.1064,22.788,-15.13,142.29,-142.52,-237.48,400.22,182.97,-29.535,33.385,144.92,8.0523,0,0
-5.25,7.9869,0.52628,-3.997,12.783,-194.82,118.54,205.57,-182.08,66.342,-21.403,-18.2,5.8394,0,0
0,0,0,0,-27.091,184.68,92.839,-263.7,226.59,-112.88,-190.81,-36.058,-112.98,0,0
14.25,-0.50481,-0.64887,30.342,-136.89,38.187,167.65,299.18,263.69,9.2878,52.157,13.639,-15.11,0,0
2.5,-4.1896,-7.701,28.133,-197.84,-74.32,-2.9554,137.16,-179.2,-32.302,-39.049,-230.09,-6.9776,0,0
2.5703,10.028,-10.794,-24.321,196.59,-153.76,4.5159,8.0054,71.064,-96.889,-112.23,36.872,-11.128,0,0
0,0,0,0,18.057,221.74,-14.755,-69.661,22.135,4.9366,-2.0464,-18.075,24.164,0,0
0,0,0,0,26.145,139.35,3.4337,-223.68,27.245,-27.507,-198.46,141.27,-3.9551,0,0
11.451,-26.066,30.046,56.055,28.948,-21.711,-15.895,189.31,-139,60.063,-21.536,79.901,-3.8256,0,0
-14.5,-1.6208,-54.567,-101.57,-73.108,169.63,90.692,68.735,116.34,-108.73,320.71,225.77,23.02,0,0
9.5,13.582,-17.977,-3.5263,24.437,92.094,-106.63,-57.912,-55.845,-54.885,95.489,-185.35,184.07,0,0
-8.75,-9.8253,15.588,-28.322,6.8212,75.938,106.49,11.779,-144.2,-55.114,-224.66,46.193,9.8056,0,0
2.25,1.9755,3.2566,13.476,-127.03,-122.56,0.81344,-122.87,-70.64,-136.99,-33.764,-72.676,22.453,0,0
0,0,0,0,68.401,-40.47,-13.388,-15.192,-190.39,66.015,-156.24,4.8355,-12.487,0,0
-2,-1.3056,-26.741,-94.368,256.72,337.8,195.79,125.46,-250.09,26.111,-47.046,154.53,-4.5772,0,0
12.25,13.736,-49.385,193.1,107.18,-9.0541,18.442,21.177,241.38,49.996,53.249,-98.587,-22.175,0,0
0,0,0,0,-60.286,19.032,173.17,22.991,184.09,-132.17,-163.96,-40.564,-27.176,0,0
0,0,0,0,-4.7095,104.71,69.958,-199.92,-209.55,-17.351,43.156,-14.595,-3.2847,0,0
-9.992e-016,-5.5511e-016,4.4409e-016,-6.6613e-016,1.5173,-37.772,-287.32,17.467,11.802,13.419,-13.35,-216.38,89.401,0,0
13.25,31.883,-42.765,3.2631,-6.2667,16.991,-256.89,-277.57,-109.69,146.15,118.29,-208.66,-139.52,-2.6196,6.8137
0,0,0,0,-16.137,-223.39,-109.05,-294.3,14.755,4.9186,-116.42,11.983,26.581,0,0
13,-1.8446,-48.885,188.96,114.08,-19.208,-339.87,-231.22,-391.96,-10.398,-116.18,288.1,53.444,-12.935,-11.75
-9.992e-016,-5.5511e-016,4.4409e-016,-6.6613e-016,2.9677,36.798,-135.83,-181.75,-255.59,1.9118,-6.7739,117.32,-22.45,0,0
0,0,0,0,18.794,-137.46,-167.31,-255.55,182.74,59.808,-55.273,-102.62,-9.6381,0,0
-3,-4.1651,2.134,9.9724,8.781,41.895,-221.65,-156.21,168.7,-9.8648,-11.567,-11.92,20.077,0,0
-7.8415,-0.58637,-0.55505,-6.5806,-257.38,-246.44,-76.952,2.6263,-280.17,-205.05,40.247,44.65,81.262,0,0
0,0,0,0,-40.398,-131.01,-237.5,-35.435,-43.612,97.658,19.606,52.887,6.8101,0,0
-5.25,16.18,-37.102,-5.7622,-57.217,221.42,-80.001,285.27,-101.65,-122.89,14.987,7.7727,-9.9115,0,0
0,0,0,0,-20.471,-211.23,-425.87,-249.97,-254.9,168.24,218.77,-45.201,-10.515,0,0
-5.25,7.9869,0.52628,-3.997,19.007,-62.249,170.13,-83.202,89.771,42.55,-86.365,-45.07,-89.83,0,0
0,0,0,0,-18.726,150.96,1.1516,233.64,-190.21,-182.42,-49.213,-27.31,-23.941,0,0
0,0,0,0,-29.335,-101.09,-123.72,-292.74,177.11,48.487,-60.758,65.141,12.928,0,0
-1.7764e-015,-1.3323e-015,-7.9936e-015,-1.3323e-015,-41.951,-85.857,140.35,-19.149,13.347,-196.57,-92.179,-11.695,14.424,0,0
0,0,0,0,48.656,136.22,-348.93,-55.609,-61.422,-126,210.19,89.954,-27.383,0,0
-9.0915,-11.033,27.86,-37.603,-98.57,18.579,16.841,-8.9802,29.255,225.58,154.09,41.932,-153.93,0,0
-2.75,-2.8056,2.6716,5.6848,0.09883,247.41,84.314,-23.359,-35.26,-63.944,5.7837,-37.274,3.1226,0,0
10.75,3.2159,-20.464,29.924,-49.219,3.1274,-188.53,-125.28,-81.475,3.6285,1.9415,151.82,21.626,59.709,8.308
-8.75,-10.582,15.27,-67.126,5.8869,90.983,-168.91,-308.33,-6.3518,-109.21,-156.71,8.6785,4.6606,0,0
5.5,3.5442,-8.2189,15.801,-182.58,-117.76,-300.52,-74.194,-195.76,-120.85,5.4456,15.316,-2.4608,0,0
-14.75,9.1537,-8.9886,-36.782,-83.662,-161.19,251.7,73.221,-79.189,95.964,-177.57,-93.436,22.056,0,0
1.3323e-015,-2.2204e-016,-7.9936e-015,-2.2204e-015,-21.729,139.09,-12.46,-213.35,-314.35,0.56995,62.257,-10.29,-13.631,-2.2913,-0.6863
10.592,39.804,-202.39,-245.92,-18.06,-238.19,-195.64,74.093,29.608,17.764,76.985,227.36,-37.777,0,0
-1.75,-6.6208,-11.752,-2.4103,21.096,-9.8056,-4.5047,20.482,-11.579,1.3579,-30.113,-193.55,78.35,0,0
6.3849,3.4689,2.5792,-13.943,-211.04,-201.69,-408.88,-264.94,-70.957,44.167,250.17,253.96,-11.271,0,0
22.5,4.6423,-1.4067,-7.2041,175.17,132.34,438.35,-73.084,229.88,-71.991,31.025,-28.894,-71.024,0,0
-12.18,-8.8579,5.5592,2.7371,26.308,63.841,225.61,231.65,-166.46,-24.001,2.8935,-31.458,8.7533,0,0
0,0,0,0,4.024,18.882,26.481,-6.2503,-4.3934,-160.65,-6.4606,-25.629,-3.087,0,0
0,0,0,0,6.6541,272.16,138.26,51.991,184.02,-192.29,-18.594,-73.172,-218.8,279.19,60.25
-15.5,-8.7679,16.022,-205.79,73.599,251.29,239.67,302.19,235.44,-61.26,122.11,50.83,22.677,0,0
-5,-9.2452,36.084,-141.62,-11.096,-169.23,-243.01,106.46,521.33,90.05,-52.59,-89.835,38.811,0,0
2.25,-12.152,1.6077,13.969,-60.886,-16.144,-24.99,-216.99,131.89,-196.95,-84.543,14.045,17.015,0,0
-38.615,-33.353,30.847,60.732,88.284,82.271,-144.43,30.653,127.88,73.309,-279.2,-63.339,0.64623,0,0
16.5,12.77,-3.8087,-10.821,-145.24,42.031,-159.17,140.87,-89.874,-197.67,186.66,229.98,-0.73982,0,0
0,0,0,0,3.2034,-33.236,-68.249,-113.41,-81.22,184.74,236.15,228.01,5.4061,0,0
2.25,-6.9199,-5.2338,22.104,-192.2,32.678,-81.959,-63.383,-46.648,-159.15,-1.5629,-283.05,-55.025,0,0
29.25,8.1244,-5.1944,-60.186,-67.225,232.07,251.69,93.618,73.639,-25.075,104.02,305.42,266.87,122.08,-21.5
-9.25,-4.5867,-5.201,26.973,-176.64,-146.46,-329.8,-190.72,-213.93,-141.58,155.54,16.852,32.739,0,0
2,-0.85289,-8.3612,42.436,138.53,161.08,-84.051,-249.42,-89.115,114.11,-123,-112.66,2.2811,0,0
-2,0.85289,8.3612,-42.436,-90.477,38.415,375.73,75.769,-388.14,108.55,120.19,13.823,20.072,0,0
2.25,-6.9199,-5.2338,22.104,-138.79,-60.502,-114.01,-520.64,-119.42,-342.24,245.32,338.75,15.16,0,0
11.25,2.0736,0.86603,4.9462,-85.043,50.286,23.035,-5.904,-21.933,-81.447,-65.336,-23.404,12.016,0,0
23.25,15.562,-57.827,82.177,55.989,-265.72,-21.973,65.797,172.97,-83.118,-74.813,-242.7,-21.394,0,0
-14.75,9.1537,-8.9886,-36.782,-72.161,-154.25,-425.25,-80.774,-211.33,66.144,505.61,-13.619,-35.075,0,0
0,0,0,0,-34.451,-133.69,107.85,-52.413,-88.166,-116.58,25.549,109.13,-17.505,0,0
-4.25,-4.7518,15.198,-18.116,-37.497,158.88,-87.289,-308.29,10.124,-8.0804,-88.819,-23.735,21.287,0,0
-9.992e-016,-5.5511e-016,4.4409e-016,-6.6613e-016,-11.356,-221.41,-255.98,-548.53,-76.281,-30.188,170.35,249.62,7.6115,0,0
0,0,0,0,51.906,-83.65,135.45,-141.18,5.4818,-111.99,-207.4,29.231,1.9142,0,0
5.25,12.222,-2.2053,-170.37,-39.977,241.88,227.38,-214.93,16.098,-129.11,-82.582,95.508,-62.461,-77.474,-29.527
0,0,0,0,-53.386,92.257,70.528,-274.28,-156.75,-119.71,-81.887,-4.7308,3.625,0,0
0,0,0,0,15.4,-61.789,280.98,131.69,-208.35,27.658,229,-20.873,-9.2909,0,0
0,0,0,0,-21.496,141.86,-205.26,-63.263,-79.532,42.889,136.44,-261.02,-6.2966,0,0
-0.75,-11.085,-3.0998,32.076,-154.35,134,178.8,449.83,-257.25,-121.24,89.091,-131.18,-61.682,0,0
10.25,8.7973,17.58,44.323,-156.06,-232.7,-109.22,157.96,144.14,90.05,48.936,141.86,-208.42,13.497,6.3571
0,0,0,0,16.825,-144.51,-220.45,-40.369,-136.1,21.526,-247.33,217.76,11.634,0,0
-4.25,-1.1274,-0.68958,-35.97,160.96,243.84,-32.394,-99.926,136.93,-105.96,100.73,-150.17,-51.712,0,0
0,0,0,0,-59.108,54.074,3.3529,151.8,-197.38,-110.2,117.88,-108.14,13.793,0,0
24,-2.9199,-0.48686,56.534,-36.122,28.656,-29.45,-365.64,13.345,40.561,72.543,181.72,44.052,0,0
5.5,3.0131,-14.165,-8.3253,3.8127,133.49,-200.28,121.07,-89.799,320.94,167.85,395.11,115.93,0,0
-9.992e-016,-5.5511e-016,4.4409e-016,-6.6613e-016,8.4006,-7.9078,245.76,-128.65,-18.82,-55.274,-100.72,1.1908,-7.145,0,0
2.549,3.9587,2.6017,10.337,-6.4532,-186.16,77.65,132.25,376.32,85.104,-176.17,0.18366,6.0299,0,0
2.5,19.964,24.071,-135.48,-22.322,-223.42,277.99,212.82,-35.019,155.84,189.56,25.181,-15.337,0,0
-14.75,15.562,-14.734,-18.022,-190.27,51.334,-73.61,-118.9,51.135,159.14,155.51,200.48,8.5511,0,0
-2.5,4.1896,7.701,-28.133,197.66,91.767,171.75,65.327,-112.83,-10.193,-15.551,-10.197,3.0715,0,0
1.5,0.96891,1.2518,-3.0407,-93.917,91.568,84.166,230.69,90.929,17.799,96.103,-20.566,28.039,0,0
0,0,0,0,-30.73,79.339,-80.301,-244.5,-5.2796,66.773,-69.769,-13.937,6.9542,0,0
2.1349,2.1143,42.66,-167.54,8.5928,-254.32,-174.31,249.92,98.041,139.26,98.011,-49.773,-96.09,0,0
-8.75,13.716,-23.557,-37.454,-136.23,77.916,122.62,-26.607,-226.96,-301.45,153.53,-12.878,27.441,0,0
-8.8818e-016,-1.3323e-015,2.2204e-016,5.3291e-015,0.8323,21.409,-209.45,251.62,88.217,-36.56,-94.078,-4.8873,-14.139,0,0
-4,9.2679,-4.6405,-67.016,131.5,-140.7,-221.94,92.43,186.25,-10.681,-39.096,3.4285,-5.029,0,0
-1.25,-13.067,24.004,-174.53,87.906,-188.46,-40.66,55.772,24.508,-93.538,-120.72,10.765,-28.333,0,0
3.3307e-016,-6.6613e-016,-1.5543e-015,1.3323e-015,-2.9587,48.769,299.62,-272.21,-49.817,18.262,18.146,-8.8239,-5.5344,0,0
-29.75,-22.704,26.729,241.73,-38.959,-354.46,-246.99,-92.103,104.66,-42.231,126.98,-165.4,33.274,0,0
-2.8047,17.969,23.57,-243.41,-256.15,147.97,-9.3704,-228.13,-45.603,-151.13,-82.698,-66.442,-271.13,0,0
-23.5,1.4917,15.402,34.633,216.66,165.68,253.76,143.13,66.37,0.079011,86.617,-47.767,80.408,-1.8182,-0.85048
-12,8.6029,0.93477,-24.601,136.48,-85.534,27.049,284.44,249.59,172.53,-278.09,-101.47,1.7488,0,0
16,-41.687,18.549,33.829,-146.35,-1.0215,42.481,-127.18,-3.2575,-25.882,184.57,290.42,5.3011,0,0
24.135,3.7452,22.882,-131.22,-100.79,142.03,-99.647,166.98,-38.081,-212.08,203.16,73.929,35.639,0,0
-14.75,-1.1178,18.106,-18.511,-23.624,56.181,89.665,393.89,160.32,305.55,46.678,-286.25,-113.31,0,0
3.25,1.0377,-17.422,-21.801,102.6,165.02,35.227,207.77,161.77,-112.37,46.589,-70.111,5.3828,0,0
0,0,0,0,-27.594,117.48,-14.561,187.39,-155.41,237.76,261.15,-8.2305,18.105,0,0
-6,-5.0933,8.6226,-23.455,130.02,145.77,-256.87,-65.771,76.886,13.338,207.35,-84.39,-4.9261,0,0
0,0,0,0,56.072,-29.35,98.529,-64.305,-155.27,20.056,68.125,-33.035,-4.2308,0,0
-5.25,7.9869,0.52628,-3.997,15.719,0.91298,-34.791,-87.925,-157.34,263.66,182.82,-30.04,24.968,0,0
11.25,-4.6699,1.4851,40.315,-215.15,-112.96,141.77,254.89,51.101,-6.5378,-319.33,160.09,6.9208,0,0
-1,-4.5377,4.451,-11.089,222.06,-73.576,-37.016,-257.6,148.1,-9.2987,-9.3955,-279.95,-80.258,0,0
9.25,-0.040708,-25.575,21.806,195.21,2.5194,-400.53,-326.35,133.86,55.896,-71.587,-23.383,-20.987,0,0
11.5,7.7631,-5.0652,-52.759,-49.863,87.605,-45.712,154.37,-95.4,-155.16,421.45,98.63,-45.248,0,0
3.25,-17.785,37.633,-5.1072,-168.66,-9.9793,-341.36,-222.45,-143.26,-169.6,83.206,51.928,20.33,0,0
-4.5,3.5131,-9.9707,1.5538,24.963,312.5,-112.95,-61.956,281.43,-74.1,94.351,-0.77385,208.84,-2.2066e-014,-1.3323e-015
10,14.155,-20.544,9.4216,-48.282,206.71,-277.95,-397.39,-6.8967,-170.71,34.64,373.73,-74.154,0,0
9.25,10.754,-29.595,25.433,186.96,187.6,77.323,-336.45,31.458,-43.556,255.21,-160.97,-200.37,0,0
2.25,-6.9199,-5.2338,22.104,-107.85,129.41,269.61,-173.02,-78.015,-174.31,-325.26,-105.19,18.929,-4.885e-015,7.7716e-016
0,0,0,0,0.068512,-3.7876,-30.286,-364.66,-246.59,-100.35,-309.8,-16.618,0.27452,0,0
-9.992e-016,-5.5511e-016,4.4409e-016,-6.6613e-016,6.7111,19.683,-234.96,229.9,-38.696,-55.518,22.648,-141.08,3.3329,0,0
0,0,0,0,-4.6869,62.121,-157.19,-182.64,58.071,277.04,14.664,5.6417,3.1728,0,0
-7.0037e-012,-8.8954,-8.4904,8.6279,-120.64,37.055,-183.23,-21.762,130.39,-201.38,93.652,257.13,-51.174,0,0
7.1349,5.6585,-2.8113,-37.391,-94.623,-200.19,-125.24,101.09,266.72,-122.22,-313.91,126.61,-5.0119,-2.2066e-014,-1.3323e-015
5.25,0.18477,-25.783,20.634,182.48,160.26,237.61,166.59,12.769,-165.96,-171.84,193.97,61.933,16.384,12.75
-6,-5.0933,8.6226,-23.455,148.05,-63.716,53.022,-19.164,96.357,16.874,269.43,229.02,244.12,0,0
-8.75,-9.8253,15.588,-28.322,-1.4001,110.36,240.44,133.77,-33.155,222.12,334.82,249.87,268.89,36.61,2.5
-4.5,10.176,-4.8643,-27.445,151.22,41.338,-328.94,-43.594,-77.949,86.654,-122.32,-40.105,-22.504,0,0
1.0703,8.206,-18.425,-3.6413,176.51,115.29,-96.844,234.03,-0.083176,7.3171,-179.34,-101.96,-7.9518,0,0
0,0,0,0,48.382,110.86,220.36,20.303,-47.45,122.41,33.757,25.906,-161.94,0,0
-2,5.4755,4.8104,-18.656,142.12,111.69,-140.22,-91.954,4.3992,-25.231,-53.124,-216.07,-183.56,59.898,10.5
2.25,-6.9199,-5.2338,22.104,-105.41,8.028,22.939,109.87,-191.84,-32.336,22.711,-197.32,-12.903,0,0
0,0,0,0,-9.6537,11.765,173.16,46.658,-209.24,134.04,-104.3,-242.22,-19.1,0,0
-10.5,-37.035,23.299,-26.95,-131.6,-86.666,-37.214,-11.828,66.056,-28.951,-38.752,-153.92,-90.31,-1.6875e-014,-1.7764e-015
13.75,2.9527,-13.665,8.2079,203.56,242.22,-34.732,135.9,10.887,-36.003,16.799,243.55,232.81,182.08,-1.75
6.9984e-012,8.8954,8.4904,-8.6279,63.187,-8.2112,348.32,-125.5,-40.651,-245.06,23.504,202.37,13.065,0,0
0,0,0,0,1.9276,-22.869,-172.89,98.282,-128.47,165.48,-214.19,40.277,59.325,0,0
0,0,0,0,-49.241,106.54,108.32,-164.09,8.8826,-112.14,-78.121,-236.09,3.9118,0,0
-0.75,-11.085,-3.0998,32.076,-182.92,72.985,80.364,-21.057,-6.3397,-36.637,144.79,83.932,9.9719,0,0
0,0,0,0,18.614,-168.24,130.09,-38.92,-32.896,203.29,20.262,34.423,22.527,0,0
-2.25,-1.9755,-3.2566,-13.476,48.337,-39.299,45.375,-230.24,-251.92,307.02,30.469,-240.56,-7.7153,0,0
-19.75,-2.8546,6.549,-17.624,23.901,-11.185,15.831,-85.933,89.712,85.254,-62.025,-13.79,-13.105,-1.6875e-014,-1.7764e-015
0,0,0,0,-23.271,233.29,9.987,149.86,98.165,-68.899,-223.69,-257.88,-84.271,0,0
0,0,0,0,-4.1539,62.16,21.88,-38.418,-203.25,6.292,237.38,4.6115,4.0066,0,0
-2.25,-1.9755,-3.2566,-13.476,44.435,-23.137,30.113,133.11,46.104,253.12,233.33,8.376,200.67,-19.472,5
0,0,0,0,-25.846,116,-8.9056,-244.55,-112.13,-38.854,138.84,-37.153,24.18,0,0
0,0,0,0,-33.492,-106.52,0.74661,-264.29,-126.08,-3.3983,26.383,245.26,79.481,0,0
4.25,10.366,3.817,5.0622,16.557,-172.18,-71.154,5.4909,-51.837,-26.844,-114.27,-243.91,0.53141,0,0
0,0,0,0,-17.081,165.2,-38.478,-197.82,-45.669,44.665,-132.78,119.53,2.0679,0,0
-8.5335,-4.34,3.8809,-6.8855,-22.273,220.49,252.36,245.28,202.94,258.78,18.026,-97.657,19.14,0,0
-1.5,-10.441,31.692,-140.71,-107,183.66,-382.91,-311.24,434.49,-55.537,87.17,4.2001,-75.965,0,0
-8.75,-10.582,15.27,-67.126,49.963,169.11,311.45,-6.5891,-23.479,176.14,58.942,56.672,-110.79,0,0
0,0,0,0,-23.03,125.15,191.24,-158.97,4.2894,10.789,-150.25,-13.794,17.722,0,0
-15.113,1.5573,-94.557,236.99,98.34,-186.05,165.98,269.07,41.165,396.58,-21.052,126.17,20.644,0,0
0,0,0,0,-8.2638,-10.181,-22.804,-410.72,148.15,134.76,120.5,-10.987,13.979,0,0
3.75,2.6896,-1.2566,3.951,35.668,244,-257.47,-203.55,-65.824,-24.586,83.132,11.482,-152.32,-139.62,-0.77452
9,1.2255,-44.704,78.717,57.155,-113.12,-12.737,-18.338,23.593,80.918,-58.155,-540.1,159.35,0,0
-55.25,-21.838,17.863,-118.74,-114.33,17.146,159.89,-161.55,-370.9,-56.114,5.2256,61.279,-37.315,0,0
9.25,-8.2793,-24.6,61.995,-91.039,63.996,-416.17,2.9991,-48.586,-43.212,-139.28,-53.781,11.947,0,0
-18.601,-4.84,6.925,-264.22,33.908,-365.26,-251.62,-214.77,-182.84,208.58,121.88,-190.82,26.676,0,0
10,14.19,23.159,155.53,-41.582,202.13,-39.004,13.876,69.922,54.939,38.365,-162.28,18.877,0,0
-31,-18.979,41.503,64.114,218.39,-105.82,223.38,239.71,-240.7,65.784,73.731,144.28,23.053,0,0
13,5.9348,-14.696,4.1747,-2.6064,-135.45,167.86,284.22,45.955,143.58,-244.61,-37.233,23.51,-11.051,7.75
2.75,11.038,-3.1502,15.503,82.999,100.26,-64.292,272.57,163.06,19.682,-120.65,133.92,327.16,-45.724,-9.5
3.5,9.0197,-3.4085,-2.8546,-1.8645,-10.861,-93.823,-299.91,51.222,-30.917,163.99,108.7,24.305,0,0
-8.25,-3.8989,24.423,-64.776,97.585,194.71,-92.689,7.0818,-240.55,-6.2641,17.856,-81.024,-107.77,0,0
-26.5,-7.183,6.2947,-107.86,168.7,-224.02,-227.34,-185.08,42.994,-169.29,20.016,-48.857,26.139,0,0
-11.5,-8.6309,28.644,-41.889,-234.78,-228.12,54.864,-400.46,-183.27,-26.643,179.12,118.56,-34.949,0,0
-2.3651,-16.775,-1.6905,31.715,79.178,137.07,270.78,86.511,-213.08,-226.06,74.255,78.421,13.904,0,0
11.25,-4.6699,1.4851,40.315,-218.59,-111.25,-94.315,119.63,121.93,-11.815,-117.23,-257.95,-97.091,0,0
-14.615,1.3822,1.6611,-17.748,112.92,-74.399,-100.25,-22.569,-61.803,-66.914,43.571,13.473,-4.4575,0,0
2.5703,1.1325,-19.284,-15.693,127.73,249.13,-165.66,-257.08,-214,-31.333,5.9504,72.159,-33.872,0,0
9.0703,-8.66,-24.806,2.3671,196.27,115.44,-264.28,-287.09,-391.87,70.687,38.681,54.797,13.329,0,0
0,0,0,0,-18.688,86.114,-71.428,-12.942,97.466,-83.436,-30.103,-8.8212,5.404,0,0
23.293,14.915,-7.5639,80.312,-176.84,132.05,248.58,78.455,13.392,-35.263,1.6976,-217.1,-2.8747,0,0
-12.18,-8.8579,5.5592,2.7371,17.646,127.93,70.323,-2.6682,268.65,68.907,-26.126,-12.598,11.837,0,0
13,-1.8446,-48.885,188.96,103.07,-38.131,-95.587,13.705,1.1107,20.984,-180.58,-144.5,-106.41,-0.81819,-0.87172
-19.25,-16.283,-2.4382,-189.22,-92.424,165.33,-236.26,-83.374,101.33,260.08,-145.11,0.67788,-21.046,0,0
0,0,0,0,-39.559,-64.833,261.29,259.42,-106.76,-103.05,22.788,14.958,-9.1663,0,0
1.8849,-11.275,2.62,26.563,-142.34,-11.961,-23.937,161.79,43.437,28.27,20.137,-1.9058,20.627,0,0
0,0,0,0,-2.5514,-29.509,-216.31,-84.658,183.41,191.79,-5.7374,5.3453,-35.095,0,0
-12.588,-6.0649,0.17299,-124.05,266.5,-68.285,-258.29,-213.21,-439.53,-172.5,2.7502,231.91,-14.969,0,0
-5.1127,-5.6752,1.1935,11.344,-3.8224,45,-199.35,-87.216,-15.06,19.245,-239.93,-18.322,-1.1516,0,0
10.25,8.0131,-2.7596,-26.322,34.025,-27.162,-67.468,243.44,19.018,-23.822,-10.72,28.492,28.016,90.47,12.25
29.25,24.502,1.1554,-90.821,103.2,220.1,50.167,9.1716,-13.372,179.15,-14.669,-1.2828,-1.7365,0,0
11.5,-12.373,14.611,-52.439,-109.57,-108.78,-123.82,203.09,-55.152,-93.059,207.21,-123.14,-59.696,-122.08,21.5
-29.201,1.9145,-7.3397,18.742,-196.15,-466.91,-200.81,-314.46,-304.61,-13.972,-196.8,-140.45,232.14,0,0
10.75,-7.3595,-4.5867,48.61,77.102,190.49,351.78,80.707,-10.349,-264.46,33.605,10.655,-13.757,-1.6875e-014,-1.7764e-015
2.25,-4.884,-6.25,-35.5,88.597,-137.93,88.028,-17.837,158.14,71.343,-1.339,-73.219,-29.275,0,0
-22.75,-15.608,33.613,-50.302,-86.021,-223.95,-309.9,59.53,45.566,-11.181,-212.43,-347.2,162.26,0,0
46.25,48.334,0.88573,-55.588,204.66,82.387,-69.783,-298.83,-278.81,58.674,36.183,296.57,-68.633,0,0
36,28.966,-0.60946,7.8341,-185.84,-101.68,-213.2,-115.48,-41.969,-71.883,132.15,-111.05,5.5756,0,0
4.5,-1.9479,32.335,32.869,-65.27,21.868,-149.76,-311.76,40.851,-16.993,190.81,-66.182,-16.702,0,0
7.75,5.1011,59.838,-167.98,-263.15,-113.89,156.07,328.15,233.19,54.464,-255.51,192.22,156.82,26.747,-17.75
24.25,-17.227,19.6,59.461,-23.531,260.05,66.585,85.405,160.19,-176.92,-26.83,97.855,-36.736,0,0
-22.25,-31.66,-28.693,-240.26,49.432,-99.501,-15.99,-130.86,-17.411,165.78,-50.126,-106.94,-26.869,0,0
-0.5,9.8008,-39.901,147.67,-92.785,89.689,79.538,89.619,68.741,126.21,142.67,-139.17,-34.885,0,0
-39.5,-12.785,25.464,-13.087,119.73,-236.94,135.1,44.297,63.213,-240.38,-86.214,-54.165,-171.54,0,0
-23,-15.281,15.984,-174.35,-124.84,-111.43,-155.28,-159.75,125.98,-22.82,118.57,-127.61,-123.95,-122.89,20.628
-1.4264,-9.6017,-9.5786,7.6413,-86.955,-291.78,10.773,81.548,-116.96,100.89,108.96,-10.133,38.338,0,0
7.75,8.5508,-13.708,33.741,70.335,-172.91,-469.49,-238.55,108.02,-131.98,-179.24,-112.89,-15.626,0,0
-6.5,-4.2207,8.7518,-52.641,-134.79,191.1,310.47,-425.71,155.57,-14.446,2.9465,4.7464,4.2222,0,0
-19.75,-1.951,10.803,-145.47,209.96,-12.043,211.65,195.24,21.19,-138.14,-205.27,-80.545,7.0499,0,0
-8.75,-10.582,15.27,-67.126,19.008,54.459,-67.89,49.182,-166.54,-16.349,43.448,-65.784,-120.51,0,0
2.25,-22.322,42.084,-16.196,3.1263,-258.98,-54.639,127.43,-8.2915,54.356,52.577,134.24,86.383,0,0
2.5,-1.1519,-12.031,1.6471,-25.109,119.08,283.93,-18.166,-13.219,-98.97,138.66,-0.49047,-32.606,0,0
5.5,3.5442,-8.2189,15.801,-166.02,104.92,215.66,66.772,0.94527,23.834,75.502,29.27,-137.32,0,0
1.75,-14.587,-10.968,175.25,-190.87,-284.78,-445.07,-492.19,-101.52,142.16,23.655,22.862,6.4788,0,0
8.25,3.8989,-24.423,64.776,-125.38,24.939,-146.2,-143.12,220.57,-51.583,-39.287,-235.03,-113.48,0,0
-18.75,-37.77,13.736,-132.26,26.013,-59.783,-173,-322.86,-155.34,24.996,0.44248,183.79,68.055,0,0
0,0,0,0,6.3541,12.712,355.94,485.54,-44.037,-154.74,-229.61,-157.33,-251.56,0,0
12.885,0.37083,-0.7246,8.1335,-138.16,171.27,262.85,64.41,-180.55,74.457,-43.604,-77.038,29.173,0,0
-12.865,-18.941,19.14,46.784,121.95,215.94,15.545,36.512,-201.71,65.168,146.86,-83.102,-27.131,0,0
8.8849,-7.1603,-2.3249,180.83,14.014,-148.67,9.3224,239.37,192.03,-5.3991,-237.67,-73.155,-162.01,-19.472,5
-0.75,-11.085,-3.0998,32.076,-170.48,-101.22,98.15,-42.788,-312.77,67.999,31.855,39.517,-28.988,0,0
14.75,9.9904,-24.843,-18.43,112.33,158.9,8.0391,-95.031,-61.182,-3.7285,58.204,94.266,-9.1316,0,0
4.1863,0.034696,13.167,-10.545,8.6366,52.397,-11.488,302.63,103.32,-67.357,-114.33,55.552,120.61,0,0
0.88726,16.594,-25.05,-55.56,-2.1278,-152.16,-13.897,10.562,4.6601,-192.15,-220.02,-279.57,-283.85,-59.898,-10.5
-34.338,-26.7,5.3519,147.94,258.78,121.5,-4.7175,-10.435,-125.84,24.386,165.89,-167.69,-258.47,-122.08,21.5
0,0,0,0,56.978,-44.318,-3.7112,176.73,153.92,-132.19,-30.077,-242.1,21.791,0,0
0,0,0,0,0.031411,-50.569,54.034,-182.82,-127.03,99.024,294.15,-38.527,-2.145,0,0
-17.472,11.882,-228.99,41.932,206.52,67.142,266.87,264.07,-158.36,183.83,82.438,-233.8,-112.93,0,0
0,0,0,0,-34.782,-1.0932,141.13,73.381,-153.46,-149.48,-86.268,30.44,-22.834,0,0
2,-0.85289,-8.3612,42.436,152.44,-62.477,-2.7636,160.33,102.73,203.91,-39.699,-147.6,-40.362,0,0
2.25,-0.41987,-28.841,183.68,181,0.13644,-1.8817,-154.98,-114.29,-106.29,186.04,55.489,6.0727,0,0
28.75,15.206,-39.278,56.179,146.23,-227.62,-47.931,-54.768,171.34,108.21,-66.166,169.3,-32.898,0,0
2.25,1.9755,3.2566,13.476,-45.073,115.09,252.05,-79.2,180.71,-274.19,164.77,-24.026,30.162,0,0
-13.75,-16.165,16.842,111.14,239.05,61.791,357.44,-12.227,132.63,-43.072,-123.1,-195.34,-8.7811,0,0
-14.75,9.1537,-8.9886,-36.782,-133.68,-108.51,277.97,210.08,-32.142,-143.78,-18.883,-36.809,-93.783,0,0
7,0.52628,-19.208,25.973,78.137,61.884,212.21,-92.983,125.39,-220.36,-3.7499,30.946,-1.9498,0,0
9.5,3.9952,-1.5091,-135.12,-282.15,-333.36,-178.23,248.58,100.4,71.764,82.676,-50.014,159.03,90.47,12.25
-15.5,0.61427,3.8678,-25.057,167.85,-0.63397,12.842,38.94,72.711,-17.591,7.9375,10.761,-2.4653,0,0
2.2204e-016,-1.1102e-015,4.4409e-016,-2.4425e-015,-18.176,133.25,481.55,132.05,-29.599,130.03,251.29,-8.5601,0.48325,0,0
-43.5,-28.778,-21.787,172.62,-29.081,-160.63,166.27,-50.224,-218.23,12.941,72.48,64.93,241.86,0,0
21.5,14.69,28.78,-172.25,141.94,120.91,-54.692,-136.31,70.907,34.956,-43.786,-144.73,-52.131,-2.6896,9.3047
6,-16.023,-44.725,160.58,-118.58,-113.51,251.84,59.445,156.58,209.33,-23.829,-101.7,-84.385,-51.946,23.378
2.25,1.9755,3.2566,13.476,-114.35,143.43,-109.28,-130.49,-27.83,-30.805,-90.206,196.66,3.802,0,0
-26.82,-25.427,-36.937,188.35,-168.91,-301.47,-52.359,186.81,290.71,-187.08,-65.492,-108.12,-117.41,0,0
10,1.0473,-1.6493,162.55,229.51,384.33,18.516,-15.469,-253.03,177.26,107.07,53.527,6.878,0,0
10.25,-11.587,36.754,-131.38,-75.396,-39.591,257.9,-266.16,-9.1929,-14.596,78.409,83.73,86.905,-7.4127,-7.7386
-1.5,-10.441,31.692,-140.71,-113.61,-63.987,134.48,104.56,198.7,-276.02,8.8638,-220.36,19.455,0,0
3.25,-17.785,37.633,-5.1072,-107.22,-175.84,-119.26,-307.84,37.35,-42.801,20.733,-13.571,-2.8849,0,0
1.75,6.6208,11.752,2.4103,-0.30162,-127.27,34.061,46.817,298.34,54.138,-126.98,20.222,-22.932,0,0
-5.5,-15.881,-5.2833,149.89,45.268,-66.666,-375.52,-294.98,-223.08,121.09,42.722,13.958,15.457,0,0
-9.992e-016,-5.5511e-016,4.4409e-016,-6.6613e-016,-3.5188,-19.956,-505.68,-152.68,-150.25,176.97,-213.79,-103.98,30.469,0,0
39.75,20.892,3.4689,-13.447,-66.277,-17.685,-282.53,-234.12,-93.284,48.529,11.812,-18.715,59.43,87.048,11.975
5.5,3.5442,-8.2189,15.801,-127.15,-238.01,-353.89,-31.824,-98.12,100.79,-163.64,-264.2,-94.291,-37.097,-6.8448
-2.25,-1.9755,-3.2566,-13.476,25.409,111.73,-94.612,131.44,-57.694,-243.23,-79.968,-101.71,227.67,-7.4127,-7.7386
1.75,6.6208,11.752,2.4103,-23.115,-25.407,171.82,-385.99,135.65,-83.432,-58.614,-158.16,-32.084,0,0
0,0,0,0,10.38,178.47,270.5,273.57,-99.509,-39.122,-202.12,30.267,-4.0179,0,0
-10,9.0998,-7.697,-152.53,70.457,-18.136,-44.162,-315.62,-270.61,-145.82,219.77,137.05,56.773,-53.767,-8.4363
15.75,13.303,-7.0026,-198.99,-23.246,288.59,112.95,86.217,74.655,-223.08,-195.01,-29.902,18.35,0,0
9,-10.887,35.175,8.4939,-147.46,-155.43,173.99,373.81,-161.75,129.36,78.972,-30.668,26.071,0,0
9.25,10.754,-29.595,25.433,266.95,-23.966,-27.117,240.33,-0.10186,-90.407,17.6,47.887,75.293,93.706,0.2778
0,0,0,0,-33.409,-50.601,-199.99,-212.88,10.937,-126.14,-54.537,10.642,-24.969,0,0
1.75,-12.986,35.486,17.366,-102.28,246.03,-147.53,-169.63,-17.442,-13.321,-89.974,95.458,-130.78,-37.819,-3.567
22,13.523,38.133,-17.722,19.971,0.86603,-43.037,-81.272,312.81,11.423,113.06,19.723,38.961,130.85,-17.75
12.5,2.7697,-14.245,18.116,282.11,229.39,-42.433,28.385,-111.63,87.641,-29.968,264.16,85.151,192.23,6.808
6.25,3.412,-61.885,167.59,-192.44,-33.743,61.434,-165.81,122.8,57.242,-85.185,-83.505,-89.855,-193.84,17.878
27.75,-1.1716,28.714,8.6405,-28.037,-40.669,-169.38,-270.03,-102.44,-241.24,34.641,-172.17,60.183,122.08,-21.5
11,14.234,-7.4772,7.2272,-14.626,32.842,-159,145.42,31.108,-29.635,216,0.97003,-33.332,-8.7697,-3.5
-1.5543e-015,3.7748e-015,3.5527e-015,-3.5971e-014,40.104,115.79,-215.71,-57.302,138.95,178.1,-279.18,129.01,-207.11,-2.2913,-0.6863
6,9.4611,-27.513,44.385,-326.58,-79.27,98.855,167.18,-217.11,-85.805,98.79,-2.1366,-167.21,159.71,-31.442
-1.7075,4.4615,20.358,-63.876,227.33,32.084,-234.74,-66.219,-184.06,-96.467,-195.64,-83.896,-141.4,54.324,8.683
-0.36515,0.8774,1.0123,12.594,-80.591,-8.9874,-301.58,-178.13,62.931,130.67,-237.94,1.3829,244.3,51.476,7.75
-2.75,-13.031,12.377,-118.51,-167.45,197.68,-167.17,5.5246,169.64,-12.388,-10.629,209.42,96.118,-5.4462,-5.5
0,0,0,0,20.478,-152.49,31.534,-16.828,11.688,29.341,-140,33.888,8.5532,0,0
-5.1127,-5.6752,1.1935,11.344,0.14295,-19.236,-256.81,-12.813,106.55,-20.864,-240.11,-26.93,-65.856,0,0
-3.8651,-13.696,-8.6414,57.85,-204.81,-13.809,62.055,160.79,-185.33,-86.446,-283.1,-268.41,-102.55,13.497,6.3571
-1.75,-6.6208,-11.752,-2.4103,12.642,157.88,222.17,55.096,53.315,-30.022,-220.5,-261.45,-26.342,0,0
8.0359,11.292,14.223,-129.59,-134.2,28.826,-45.254,-13.598,14.396,13.746,-26.423,45.394,77.488,0,0
-4.25,-10.77,20.866,-0.85641,25.72,-205.85,1.3839,145.93,144.47,-262.71,-270.46,-21.932,-1.2333,0,0
0,0,0,0,5.7434,66.905,-22.562,324.93,-18.063,38.457,230.78,77.974,-5.8881,0,0
0,0,0,0,-46.285,-90.032,294.33,54.203,-83.22,-76.911,2.4955,-69.36,-121.37,0,0
-6.5,9.7925,5.5215,-18.06,-45.412,8.3682,-285.01,-242.43,145.51,-190.29,-43.938,-180.9,-79.151,0,0
42.574,3.2709,-11.404,141.77,-45.919,-377.42,-12.793,-53.623,-12.866,189.04,236.4,-32.439,-17.788,-122.08,21.5
4.5,-10.176,4.8643,27.445,-167.16,-262.9,-28.778,-35.484,-118.87,-223.36,-85.202,65.878,43.851,0,0
0,0,0,0,-17.347,112.22,228.28,-9.2589,-81.788,10.316,-205.15,138.28,37.126,0,0
0,0,0,0,42.629,91.606,70.752,268.07,69.494,28.566,228.46,102.98,-17.009,0,0
0,0,0,0,-21.17,-212.54,49.754,85.399,38.027,41.753,39.958,133.93,-20.213,0,0
7.25,11.606,-21.234,-17.002,125.89,44.393,-23.856,105.46,209.77,-85.906,-115.17,106.07,0.89744,0,0
-1.75,-6.6208,-11.752,-2.4103,46.833,-100.83,116.05,-315.23,-239.71,-27.978,-77.887,-220.79,-78.428,0,0
-9.5,-12.771,20.66,-43.677,-109.88,118.6,-123.78,-5.9946,-16.268,37.935,102.28,-246.79,-0.0089746,0,0
0,0,0,0,4.8388,-20.026,216.43,277.12,-34.541,-39.742,-113.75,-25.774,2.7611,0,0
0,0,0,0,9.024,-146.86,126.23,139.08,253.6,-20.649,115.03,-132.56,2.8873,0,0
0.75,2.1896,-5.3905,-23.448,100.05,-59.63,-138.67,-0.97973,-85.855,64.259,55.481,-112.13,-101.26,-21.291,4.1495
0,0,0,0,-31.853,201.83,103.77,221.63,164.47,244.54,-158.93,3.2462,0.74311,0,0
-8.8818e-016,-1.3323e-015,2.2204e-016,5.3291e-015,16.953,240.52,-141.49,-124.73,0.8709,-91.268,129.52,9.7859,5.1071,0,0
-37.5,-13.696,-8.9282,-55.123,46.781,248.09,-78.018,-45.257,54.038,99.96,-180.19,-92.514,-40.928,0,0
0,0,0,0,-31.371,145.31,37.248,39.542,178.5,28.155,-140.71,-13.338,-0.55473,0,0
0,0,0,0,22.062,258.18,197.34,178.31,131.91,-261.49,-34.888,-228.31,8.9865,0,0
0,0,0,0,2.9761,-10.354,-47.983,331.86,22.069,19.181,-75.107,-85.063,27.496,0,0
2.25,1.9755,3.2566,13.476,-93.853,27.764,-175.97,-22.582,-77.27,-233.81,-77.651,-15.191,-94.923,0,0
-0.75,-11.085,-3.0998,32.076,-166.09,236.67,-206.69,-26.088,195.17,-277.45,157.2,285.35,95.165,0,0
16.5,18.864,-6.391,95.923,-89.472,-21.027,150.63,206.22,-72.251,-54.527,-141.93,-220.57,-10.315,0,0
-15.5,-12.673,12.136,-41.252,112.55,215.9,52.993,445.34,67.796,8.9838,20.582,-142.59,-17.621,-36.832,-4.5
13.75,2.9527,-13.665,8.2079,185.07,20.394,-225.85,-282.56,-106.93,-91.509,301.52,207.61,101.01,0,0
-3,-4.1651,2.134,9.9724,-13.049,275.42,171.63,190.61,130.69,-131.96,-310.33,-24.516,-21.072,0,0
-0.75,-11.085,-3.0998,32.076,-179.85,27.087,74.893,-19.107,-33.513,-149.92,-106.47,132.8,-8.1373,0,0
0,0,0,0,4.7316,288.4,-156.31,-292.22,-290.39,129.47,378.21,-34.881,20.329,0,0
-18.75,-37.77,13.736,-132.26,97.304,98.264,255.69,310.44,6.5772,-0.66614,-212.35,-177.89,-236,-122.08,21.5
8.75,-13.786,-7.5,-49.048,-77.811,62.91,-30.827,157.33,196.39,107.37,-46.3,-30.021,-66.877,0,0
6.5,9.4168,-15.843,6.4462,-46.268,-120.32,-54.942,-179.38,146.43,-130.24,199.51,198.69,19.381,0,0
0,0,0,0,-35.235,-210.34,-33.149,62.055,-230.52,-207.87,-145.09,-62.977,-25.722,0,0
15.25,6.3678,-15.111,7.3367,0.15832,-184.02,-14.143,122.07,338.19,-56.914,89.58,-71.276,118.68,0,0
-11,-16.187,22.106,-42.806,104.41,61.114,-117.18,-270.45,-11.413,37.247,121.87,-156.16,-28.12,0,0
-17.25,-34.355,12.29,-133.13,-216.87,-133.98,-126.97,42.782,108.13,27.274,-109.7,184.6,102.71,0,0
-5.25,7.9869,0.52628,-3.997,-45.744,56.749,422.19,-122.35,-147.23,65.341,-128.59,-318.66,-164.2,0,0
-3,-4.1651,2.134,9.9724,-3.3844,104.21,68.799,-34.479,-19.855,46.831,-133.63,-8.6426,-8.2096,0,0
-0.75,-2.1896,5.3905,23.448,-152.6,134.28,464.98,203.25,-193.59,-71.292,358.16,-143.23,-60.67,0,0
6.0425,-0.38966,5.2321,-8.2881,139.66,72.621,-52.301,93.806,72.534,-252.54,-3.7629,-26.192,-12.75,-122.89,20.628
-14.75,9.1537,-8.9886,-36.782,-173.69,98.059,-36.103,-173.54,-114.45,-67.195,277.67,108.57,-161.63,0,0
0,0,0,0,-18.099,175.74,135.31,446.03,-85.397,15.795,-215.54,-308.76,67.88,0,0
-14.75,-17.471,-12.593,56.305,-153.17,68.787,131.51,-142,120.93,-178.87,77.746,-250.66,-16.038,-122.89,20.628
4.25,-2.9689,10.127,-12.789,-176.01,-5.5507,462.6,294.34,50.417,9.0336,-201.18,-20.211,96.329,-1.6875e-014,-1.7764e-015
-10.25,-4.0819,54.996,-149.37,71.238,-51.575,-329.37,-457,79.881,-39.104,-72.97,-247.58,233.83,0,0
-2.25,-1.9755,-3.2566,-13.476,76.379,56.315,-156.72,-95.953,-21.984,25.538,-150.23,-71.33,-29.507,0,0
-11.25,4.6699,-1.4851,-40.315,139.11,-16.915,-184.58,158.22,69.268,-11.294,4.2533,-55.723,22.636,0,0
-7.0037e-012,-8.8954,-8.4904,8.6279,-102.4,-49.795,173.77,117.24,-79.96,4.7019,-68.746,21.362,-11.585,0,0
0,0,0,0,-24.618,117.12,76.284,32.61,-258.58,-120.49,-30.948,-98.636,-28.858,0,0
0,0,0,0,8.7294,-27.707,-161.01,85.288,-167.85,-84.003,-288.49,55.019,-4.9264,0,0
-0.25,-2.8284,-11.618,28.96,189.54,199.53,-50.254,-193.75,-296.24,-137.61,37.609,-13.429,-6.2631,0,0
0,0,0,0,12.692,-166.84,8.3341,-13.671,231.62,39.436,-162.25,18.131,-9.5523,0,0
4.5,-10.176,4.8643,27.445,-127.15,-152.69,160.3,27.311,35.294,135.21,-39.815,-3.7992,73.084,0,0
14.25,-0.50481,-0.64887,30.342,-145.24,5.212,50.517,28.749,-60.016,130.08,83.903,71.628,-18.735,0,0
-2.25,6.9199,5.2338,-22.104,147.08,11.352,-73.166,0.36021,237.86,-54.425,-169.81,-72.109,17.982,0,0
-5.25,7.9869,0.52628,-3.997,19.155,-19.268,-209.42,-11.865,-74.072,-6.984,-321.92,-178.34,32.283,0,0
6,-16.023,-44.725,160.58,-108.84,132.92,50.514,-17.274,-4.3397,30.503,83.633,-40.465,-80.888,0,0
0,0,0,0,17.081,235.57,267.77,56.748,145.6,19.631,18.695,-40.878,15.153,0,0
3,4.1651,-2.134,-9.9724,35.638,-289.66,106.67,79.969,-205.03,27.002,173.62,78.554,13.342,0,0
-3,-4.1651,2.134,9.9724,-26.535,-149.66,110.76,11.511,67.749,46.941,32.969,-122.86,74.977,-7.4127,-7.7386
8.2925,1.5858,8.4886,5.1878,-11.198,166.28,4.7997,-188.21,35.337,-61.693,62.341,-46.17,-247.57,-28.696,11.674
8.75,19.874,-4.4707,-12.93,-322.24,-87.54,-106.45,-206.12,-352.35,71.28,-174.15,-205.84,19.615,0,0
-4,-1.9378,-1.0263,-40.096,219.69,-218.34,339.26,56.796,-12.226,-70.698,51.336,-55.028,-6.2384,140.36,16.415
11,-20.636,18.324,59.557,-118.74,213.36,33.723,-64.864,31.102,132.33,-33.644,161.75,-231.08,-144.37,21.733
0,0,0,0,4.3289,-17.685,-66.53,-395.72,250.48,140.43,-51.15,-159.27,-73.538,0,0
0,0,0,0,-2.8265,47.22,364.18,291.9,91.068,190.16,-41.352,253.32,-18.511,13.497,6.3571
3.25,-17.785,37.633,-5.1072,-162.53,-67.529,-22.915,-100.62,134.79,56.468,46.349,183.76,-104.68,154.53,-19.062
34.82,14.012,-4.5019,146.95,0.059215,28.264,-134.41,160.8,-224.6,55.76,63.388,77.199,-54.355,-2.2913,-0.6863
-9.992e-016,-5.5511e-016,4.4409e-016,-6.6613e-016,16.421,128.1,504.31,-68.103,70.141,-16.702,-150.81,112.54,-185.52,-28.696,11.674
0,0,0,0,29.785,-160.75,-50.161,230.81,189.35,177.39,5.2782,-119.83,94.754,59.709,8.308
2.25,-6.9199,-5.2338,22.104,-150.7,57.828,656.37,77.994,-191.93,63.658,52.177,58.396,24.525,-161.84,-8.0099
-1.5,-0.96891,-1.2518,3.0407,-0.35074,-102.77,41.745,23.082,289.19,-9.3956,176.35,130.74,-224.94,13.497,6.3571
-15.5,0.61427,3.8678,-25.057,173.53,200.61,-52.962,-146.76,-62.937,139.13,247.34,64.044,-1.9441,0,0
5.5,3.5442,-8.2189,15.801,-132.74,246.32,-197.38,-324.11,-267.08,-42,-154.01,141.32,-3.1447,0,0
11.5,4.2649,-26.905,21.077,2.4926,34.313,215.31,312.85,280.94,-126.69,-51.323,2.651,-81.22,13.497,6.3571
13.25,-7.4216,34.62,-141.35,-18.811,112.59,71.692,71.469,8.0556,27.647,87.555,144.01,-227.71,13.497,6.3571
10,7.7925,27.828,-104.8,-155.42,411.16,-20.659,370.73,47.313,-116.05,-94.829,32.709,97.062,0,0
15.5,-0.61427,-3.8678,25.057,-100.3,-19.403,261.86,-189.05,-109.31,70.067,350.71,-18.848,-21.639,0,0
7.5,10.972,-26.711,42.192,-62.146,-282.77,-283.97,-3.233,-82.569,-36.951,-162.95,81.362,71.463,0,0
-6,1.8463,8.8236,19.432,8.1059,-28.546,-358.36,139.13,79.843,-122.67,-118.31,251.17,-7.3433,0,0
4.25,10.417,-17.446,-8.0066,-37.979,-73.055,-13.904,156.32,202.38,25.726,-192.69,-57.388,10.384,0,0
17.887,-7.5006,23.302,-0.72516,-28.34,181.21,95.891,-144.25,-231.08,0.98654,-28.426,166.69,-29.025,0,0
-2.6151,-1.0981,-2.2443,-0.88189,-14.124,86.952,194.73,234.62,380.65,17.868,-136.59,-22.789,11.64,0,0
10.75,5.5736,0.32532,-29.311,-235.55,-235.44,-412.39,-115.44,143.79,184.13,-87.798,-6.2345,-12.193,0,0
-4.4409e-016,-1.7764e-015,-6.6613e-015,-3.1086e-015,-33.295,-93.172,-207.32,55.913,-86.411,-99.471,-0.51653,-226.8,-11.31,0,0
-4.5,10.176,-4.8643,-27.445,119.08,-187.51,-37.704,173.88,67.661,4.902,43,-60.526,-13.897,0,0
-11.25,-2.0736,-0.86603,-4.9462,-1.2552,162.74,18.148,-23.456,-36.881,133.87,92.011,6.9489,16.437,0,0
-36.426,-21.743,159.13,-20.093,-127.86,-264.51,-25.529,-19.446,-45.092,148.32,67.202,-226.35,-4.5413,0,0
3.25,1.0377,-17.422,-21.801,179.61,-40.703,14.952,-152.28,-76.227,-52.631,37.808,-21.538,58.745,0,0
-1.4264,-9.6017,-9.5786,7.6413,-84.652,189.37,-183.14,-283.35,96.623,103.23,-135.97,0.88541,-30.977,0,0
0,0,0,0,-0.79127,23.119,-152.42,-272.25,-63.408,64.56,-253.46,-19.53,11.347,0,0
0,0,0,0,18.887,260.36,-4.1281,-210.93,-36.503,146.82,20.278,-0.65225,-6.1683,0,0
-5.25,7.9869,0.52628,-3.997,-0.66906,201.47,464.8,246.53,12.433,-126.58,-138.85,83.182,-104.23,0,0
1,-8.25,11.899,-26.234,-5.2949,16.673,-147.54,-162.78,-27.752,109.47,55.779,-114.19,22.999,0,0
-1.7764e-015,-1.3323e-015,-7.9936e-015,-1.3323e-015,-65.793,111.55,8.1374,-352.34,-300.42,24.773,20.257,8.7072,-4.7165,0,0
11.25,0.25,-18.478,175.15,-98.673,57.285,161.22,53.912,20.149,-65.845,116.56,64.105,-92.878,-97.063,24.378
-2.25,12.152,-1.6077,-13.969,40.948,-262.49,212.66,86.959,54.513,-202.31,-24.776,244.84,64.129,0,0
12,-2.4803,-3.9054,16.866,9.5204,-41.577,-141.56,48.311,78.724,41.678,160.73,389.28,26.247,0,0
9.5,11.507,13.423,-61.775,168.42,306.05,-71.391,210.4,132.33,-58.65,109.21,135.36,39.186,-122.08,21.5
19.75,-9.1489,25.664,-28.754,21.325,-42.127,-75.786,45.956,-12.618,-139.3,31.285,217.04,261.94,90.47,12.25
18.25,-0.13397,5.5801,33.927,65.424,-109.37,-98.72,69.184,-41.132,55.409,-201.44,-88.621,17.024,0,0
0,0,0,0,-62.913,88.923,13.781,119.12,-167,165.57,233.56,223.96,11.1,0,0
1.75,-14.587,-10.968,175.25,-230.13,137.61,-218.17,-279.67,-78.064,-104.24,-92.922,80.894,111.19,0,0
-34,-30.137,36.821,-109.04,-170.13,234.3,217.22,-207.63,140.33,108.71,97.886,139.7,6.9192,0,0
5.5,3.5442,-8.2189,15.801,-106.73,97.886,21.771,-79.481,-113.92,248.58,169.55,289.61,-41.345,0,0
-7.2802,-10.169,47.171,41.873,-93.765,-26.295,86.702,252.5,287.17,347.77,100.07,11.558,-145.41,0,0
-6.5,-12.817,22.059,93.623,150.39,43.805,101.77,-263.45,-60.339,269.01,439.69,86.017,98.448,0,0
-11,-0.084936,-42.058,123.08,-16.025,32.909,89.131,40.388,-149.55,-225.08,110.17,323.08,38.136,0,0
24,-2.9199,-0.48686,56.534,-73.602,-152.73,-137.31,-115.2,-245.98,114.62,390.95,125.78,-20.315,0,0
0.75,8.0245,5.5,7.7679,20.601,235,217.33,125.93,222.63,-186.34,-143.8,-21.903,-24.102,0,0
-0.75,-11.085,-3.0998,32.076,-181.08,13.615,52.636,123.42,200.85,121.96,52.06,31.476,61.636,0,0
-8.75,4.1878,12.358,6.2591,17.613,-274.14,-455.08,33.285,65.527,19.177,407.3,209.26,-20.186,0,0
-3,-0.40849,-1.75,-0.59808,36.125,76.365,-47.753,-286.3,-127.1,-50.157,212.02,101.37,142.27,0,0
0,0,0,0,-43.571,-53.913,167.05,49.808,-13.883,55.915,-137.19,-2.5212,5.596,0,0
-3.1086e-015,-2.4425e-015,4.4409e-016,1.7764e-015,-6.5627,76.785,-136.27,179.29,-28.622,219.01,115.68,-145.52,-24.905,0,0
-2.25,4.6747,8.179,162.41,6.1199,53.001,326.13,225.75,153.87,273.63,65.106,-116.07,145.88,0,0
32.82,9.4135,2.6393,-9.3203,6.5779,-134.38,-27.6,53.254,210.52,34.889,-72.411,-77.259,-37.762,0,0
-2.25,-1.9755,-3.2566,-13.476,113.18,232.81,137.35,94.734,215.86,-113.27,-247.14,-130.35,-4.7039,0,0
14.75,29.758,25.419,-219.89,104.69,93.45,-78.473,93.168,-52.168,-87.933,-263.79,-62.681,-26.857,0,0
2.25,-22.322,42.084,-16.196,-22.273,-37.526,138.9,-344.51,-54.873,-124.64,22.66,-111.11,-18.343,0,0
-15.5,0.61427,3.8678,-25.057,202.57,88.911,27.849,316.37,8.8701,-279.17,-37.793,82.431,47.023,0,0
9.25,6.2338,-9.4755,19.752,-80.941,-91.485,-39.02,51.063,-24.439,166.11,241.12,221.87,-29.197,0,0
-17,-12.175,36.863,-57.69,-109.44,199.56,69.459,-8.9308,29.721,59.388,-117.42,-89.937,2.5204,0,0
-11.5,-8.1064,22.788,-15.13,87.576,151.91,-53.715,-49.453,136.7,-109.72,-137.7,13.651,14.232,0,0
13,1.0819,-12.198,38.983,-227.79,-95.679,-159.44,26.516,-13.31,141.66,-258.96,-208.07,88.732,0,0
2.25,-12.152,1.6077,13.969,-69.843,-323.86,120.25,-183.15,-117.44,36.712,-124.38,58.139,-4.2614,0,0
4.25,1.1274,0.68958,35.97,-182.57,-236.22,-132.87,-15.192,34.64,8.304,-126.09,-0.83221,6.1851,0,0
-2.25,-18.809,32.113,-14.642,48.232,232.43,226.47,436.46,-322.7,-50.163,-35.47,211.91,12.272,0,0
-10.863,-22.048,-29.76,95.718,-119.81,-222.5,-354.08,151.63,-68.094,-223.44,-17.179,-1.2547,28.865,0,0
1.3323e-015,-2.2204e-016,-7.9936e-015,-2.2204e-015,70.456,-75.627,17.151,-16.246,-96.389,19.568,190.53,243.4,26.658,0,0
5.5,3.5442,-8.2189,15.801,-126.03,-69.45,-239.63,77.265,-31.479,-16.164,-324.11,-307.08,-207.5,-122.89,20.628
7.25,-4.2093,10.478,134.95,155.5,28.766,78.343,-241.31,-23.94,138.39,72.768,38.94,164.87,-21.291,4.1495
-2.25,-1.9755,-3.2566,-13.476,84.621,71.144,-11.118,400.28,-11.787,36.9,167.42,9.9362,79.037,-21.291,4.1495
-7.0037e-012,-8.8954,-8.4904,8.6279,-78.718,-209.45,-398.6,-32.591,133.81,-55.045,-102.11,81.133,105.65,0,0
10,14.155,-20.544,9.4216,25.632,47.565,98.188,113.79,-4.9333,-7.1546,12.795,-0.18301,-6.2901,0,0
35.787,15.659,-30.161,-14.489,-357.29,150.66,65.045,117,132.46,-61.973,-56.969,4.9001,-170.17,145.28,-6.442
8.75,-15.141,0.31699,5.0425,15.395,-177.81,-145.41,-69.939,81.718,-30,-172.11,-25.783,46.11,25.808,-20.195
-2.2204e-015,-1.1102e-015,-3.2196e-015,-9.1038e-015,38.465,169.3,202.95,188.88,109.95,37.95,-55.285,139.79,-22.797,145.28,-6.442
4,-10.255,9.205,-167.72,78.696,342.62,418.1,255.09,197.24,-188.79,-220.9,-351.96,-8.3986,-103.42,15.628
2.75,2.8056,-2.6716,-5.6848,62.929,148.13,-210.07,235.47,142.3,-178.01,-97.96,-6.4127,-29.997,0,0
-29,-38.644,55.22,-153.48,33.595,155.27,309.96,134.79,96.168,27.448,-137.47,-356.48,-85.637,0,0
5.75,16.481,-78.594,223.47,-103.1,-120,176.57,108.32,295.5,-77.653,-44.789,-215.24,-11.99,0,0
-5,13.855,22.597,-152.82,174.9,-245.8,47.153,268.26,365.24,49.892,-422.23,-64.494,-125.06,0,0
16.75,29.703,1.0311,-23.485,-74.111,-262.23,-268.78,-253.52,-261.45,-81.77,-90.565,22.346,-231.4,-51.946,23.378
4.75,13,19.678,-39.43,115.49,126.82,-132.92,140.46,179.77,4.5299,63.599,-110.15,91.051,45.281,-25.195
-17.5,-19.201,-15.575,-15.912,180.73,23.305,-356.12,-56.582,317.08,7.1211,-89.506,56.007,131.2,-99.987,14.314
31.75,15.859,31.299,56.88,-135.17,68.861,233.81,330.08,-183.56,-68.988,106.16,-21.016,-256.81,0,0
-1.7764e-015,-1.3323e-015,-7.9936e-015,-1.3323e-015,-17.872,-298.9,-50.196,220,36.181,-58.796,196.35,-58.841,-166.02,0,0
-0.5,2.7224,-57.509,176.93,3.732,-85.87,336.92,-0.89845,-314.79,3.1233,-111.28,-174.98,-262.49,-122.89,20.628
42.5,26.149,-8.6585,14.157,-24.333,-132.41,-0.23574,-12.919,-249.33,-52.548,25.451,264.58,162.34,87.048,11.975
-16,13.776,-39.289,80.797,-28.135,-130.36,-338.82,-320.87,-240.89,-23.033,-2.032,12.681,-7.3926,0,0
31.75,10.848,20.593,-34.295,168.97,-17.679,35.629,53.929,-111.3,-127.34,27.117,139.44,18.11,0,0
3.75,2.1681,33.258,22.604,-142.79,291.68,-210.34,-236.5,-91.965,65.34,-66.527,-19.152,-113.24,-122.89,20.628
0,0,0,0,-15.106,-260.22,-22.369,-102.58,233.95,-75.193,260.38,-17.029,170.17,0,0
-23.5,1.4917,15.402,34.633,228.03,17.16,-230.71,33.333,278.72,33.551,-22.148,-34.378,110.67,-1.8182,-0.85048
-14.25,-10.413,-45.494,108,-128.23,-170.94,-110.98,134.28,61.16,-91.075,191.32,95.057,25.738,-7.4127,-7.7386
-4.5,10.176,-4.8643,-27.445,140.08,-47.458,-70.307,-245.28,156.81,12.483,-5.0499,-3.0209,23.152,0,0
5,-9.7811,6.5018,10.674,22.725,120.62,256.68,-59.358,20.75,10.478,242.59,101.02,15.811,0,0
1,-8.25,11.899,-26.234,-17.662,39.004,148.03,218,-27.06,41.752,95.817,-265.55,7.1932,0,0
21.75,2.4527,3.9838,16.244,50.871,149.03,349.73,191.73,-53.836,-83.838,-270.83,-233.35,-0.45721,0,0
21.75,2.4527,3.9838,16.244,3.3216,129.48,393.81,171.77,259.13,65.852,-144.71,-113.43,37.398,0,0
6.9984e-012,8.8954,8.4904,-8.6279,86.924,109.72,8.1807,-214.95,-230.08,165.13,56.4,99.753,-8.1573,0,0
-8.25,-12.271,22.026,33.415,78.74,136.41,-42.319,-33.901,-176.42,69.598,210.07,393.71,2.7787,0,0
7.25,11.606,-21.234,-17.002,144.08,190.54,-98.968,18.901,-6.5547,-78.412,97.539,104.18,-34.089,0,0
-14,-9.2583,10.69,-42.123,-81.011,24.63,246.75,197.53,-54.284,-114.21,137.05,-39.634,37.753,0,0
-30,-19.053,30.718,-106.88,-115.55,-321.92,187.25,-12.824,-211.18,-148.62,257.82,145.59,-31.662,0,0
8.7401,-12.194,-29.394,-81.858,245.42,-304.39,-209.59,-112.87,201.23,60.069,-169.35,-104.78,-32,0,0
-6.75,15.567,42.409,92.638,-194.58,-276.96,-231.22,-195.72,-150.45,-210.8,3.6927,73.382,242.33,0,0
-4.5,-5.0736,0.39054,-10.206,-59.296,313.6,254.22,159.99,-108.72,37.082,-388.59,138.52,21.276,0,0
3.25,-17.785,37.633,-5.1072,-149.14,-211.76,-259.83,-79.677,218.13,-64.161,248.76,264.9,90.534,0,0
-2.6151,-1.0981,-2.2443,-0.88189,23.106,216.84,301.51,88.196,80.83,-156.62,-69.03,27.749,117.18,-70.948,-2.75
-4.5,10.176,-4.8643,-27.445,117.97,-117.81,-310.92,30.529,-95.309,-23.269,129.15,-24.955,-108.27,0,0
0,0,0,0,3.8412,-72.006,-54.074,33.401,272.67,168.48,82.276,66.234,-20.32,0,0
1.1349,-27.773,47.57,59.164,-44.85,-71.808,-3.5634,1.9359,147.89,13.844,39.776,-55.328,8.5712,0,0
3.1349,3.6274,-0.61691,-72.978,-192.14,35.701,107.85,235.41,37.709,64.879,-7.9501,-71.63,-192.91,0,0
23,-3.4575,0.85465,30.458,70.19,-273.22,-71.107,-264.43,29.883,1.5281,-0.28657,-178.28,-18.686,0,0
31.75,18.819,47.686,41.353,152.14,-26.459,24.963,92.986,-4.6215,-19.596,246.69,5.8663,3.9306,0,0
-6.8651,-11.515,15.202,7.1247,18.925,-169.48,-11.567,-259.84,-240.77,148.26,278.56,-97.573,-81.775,0,0
8.4665,-4.7712,14.013,-45.117,-155.08,148.16,33.438,283.5,51.074,198.91,49.394,131.26,-4.9767,0,0
-17.865,-10.892,4.5679,-13.944,81.195,-86.827,148.55,-42.971,159.38,85.986,-444.44,6.6492,8.7655,0,0
7.25,-12.444,-24.411,117.56,-36.345,-54.871,314.63,269.57,90.89,61.456,-23.073,-252.23,-106.09,0,0
1.5,-3.0179,-10.989,10.172,207.01,-76.042,-24.346,-215.3,-62.054,-183.6,-226.38,3.6178,-13.544,0,0
-9.25,-4.5867,-5.201,26.973,-182.8,-116.62,141.66,264.83,76.993,1.1473,-153.05,6.1659,-13.385,0,0
0,0,0,0,-17.845,98.385,-281.76,-296.85,45.579,-9.8342,-290.31,-103.45,0.82235,0,0
7,0.52628,-19.208,25.973,47.833,-1.1221,-141.8,-305.62,303.4,66.886,-166.42,-20.684,39.623,0,0
-11.25,12.379,-7.9348,4.4151,-35.746,-51.721,-285.53,-258.85,-99.321,-66.601,-5.5278,10.793,19.272,0,0
16.75,8.9772,-15.145,-53.048,163.41,-144.75,75.152,69.552,-20.702,102.1,-129.13,135.41,-1.7521,0,0
-7.25,4.9803,4.3187,57.578,-22.883,129.44,-344.79,-403.54,72.764,-63.329,-98.451,-14.562,16.308,0,0
-39.25,-17.236,9.9821,52.537,100.61,-42.352,-309.61,28.775,-32.051,160.75,8.9175,-7.721,5.953,0,0
-34.5,-12.742,22.879,27.405,309.97,-50.127,273.92,112.8,-113.62,167.21,266.31,230.43,6.2676,0,0
-4.75,-0.71891,-45.833,-107.5,-191.83,193.01,365.23,-241.41,-14.19,-175.62,-0.96475,-38.499,28.062,0,0
7.25,-4.2093,10.478,134.95,146.35,22.52,204.64,263.09,-136.83,33.318,77.937,47.61,17.092,0,0
-0.75,2.3349,3.0442,9.6559,-156.64,52.711,-103.4,28.651,57.319,-164.08,-31.873,152.59,27.754,0,0
-4.5,10.176,-4.8643,-27.445,101.44,-151.42,324.7,471.35,101.27,64.239,123.23,-153.87,4.6627,0,0
12.5,-10.734,25.863,10.34,-122.88,159.99,213.31,142.22,226.5,-41.294,-79.12,-248.32,0.13397,0,0
23.5,2.134,20.894,-46.004,-0.93136,-205.52,-120.65,176.8,229.41,-95.589,148.32,209.73,92.981,0,0
-20.5,-10.064,3.5197,46.751,88.871,14.917,-221.24,-21.408,185.33,27.186,-22.46,116.66,30.538,0,0
-6.5,-4.2207,8.7518,-52.641,-87.788,160.39,312.3,-121.01,-120.06,116.01,225.79,-150.62,106.3,0,0
-2.25,20.136,15.332,-123.65,30.125,-390.85,-335.04,-284.51,-24.384,140.39,-1.7922,-188.5,-8.7174,0,0
12.25,-6.0784,6.7452,-3.2633,318.67,-90.312,-450.37,159.83,350.33,-54.937,-81.883,11.28,215.06,0,0
5.75,14.719,-15.761,165.52,-54.951,109.86,144.95,-110.66,4.088,249.1,87.113,265.51,14.362,0,0
14.25,-10.703,9.3923,29.128,74.432,116.03,-251.26,-311.35,-117.88,105.37,-265.89,14.844,15.275,0,0
17.5,3.8319,3.9851,9.2207,32.691,67.331,88.152,-12.338,-59.012,-179.43,-56.221,-112.17,-25.68,0,0
-12.75,-3.8481,5.7237,-22.439,-73.898,258.4,-49.112,-100.19,-261.36,98.096,129.68,-40.413,3.1071,0,0
12.25,16.131,-17.288,22.898,-151.3,-53.924,255.16,331.45,-39.123,20.183,56.177,537.42,110.23,0,0
0,0,0,0,21.522,-148.8,-150.38,-82.781,7.5104,126.66,1.8111,17.626,-8.4058,0,0
10.75,3.2159,-20.464,29.924,9.2416,-116.58,-34.682,-45.449,-40.559,-138.31,-7.2719,87.126,-27.762,0,0
38.25,22.997,-14.68,96.574,207.04,-92.478,353.74,289.62,-179.57,159.22,-140.69,81.484,63.677,-19.472,5
-32.25,-8.1747,-44.188,25.167,-23.76,-286.64,-371.47,-339.16,-178.87,-181.67,154.46,288.73,100.38,0,0
18.5,-21.618,41.091,-78.414,-61.836,94.226,-262.63,-234.61,31.656,-28.939,46.727,132.18,-73.254,13.497,6.3571
0,0,0,0,-56.995,78.702,103.7,-67.173,-166.97,-60.044,204.12,-52.177,38.693,0,0
2.25,3.1585,-4.1388,-26.489,19.532,104.87,110.07,184.87,-17.543,-282.06,-264.82,11.658,13.768,0,0
0.24015,-15.469,-14.089,-30.275,-113.44,-186.53,-111.66,-144.99,-258.35,-5.8809,-191.98,-223.03,0.3391,0,0
-10.25,-6.8074,26.577,-38.494,-215.18,-198.01,-50.988,-339.32,-221.52,-67.682,17.067,117.17,18.301,0,0
4,1.9378,1.0263,40.096,-283.9,-73.845,-367.81,-35.428,83.853,164.82,-52.735,-40.898,-114,0,0
-7.0037e-012,-8.8954,-8.4904,8.6279,-90.459,-21.144,213.6,354.23,-21.832,-92.565,-202.14,-85.044,-34.379,0,0
-23.5,-21.053,8.1537,-62.075,53.83,104.67,225.64,-56.15,-6.2498,-273.52,-120.85,-220.52,9.6803,0,0
11.25,-4.6699,1.4851,40.315,-151.66,68.695,159.33,-232.86,161.58,166.79,-41.675,-80.755,-31.671,0,0
8.5,3.9413,-20.654,25.102,-154.14,-36.818,136.17,90.615,142.72,106.02,-31.477,-4.4889,14.545,0,0
-8.75,11.321,-55.655,132.75,106.22,-55.667,36.14,47.879,-20.698,-66.364,-94.194,80.009,-19.834,13.497,6.3571
65.25,44.972,-10.349,164.89,96.807,-60.799,289.62,150.77,238.83,50.826,95.712,17.349,-127.94,-53.767,-8.4363
7,0.52628,-19.208,25.973,52.686,224.44,183.36,103.1,-122.56,-201.29,-126.55,67.172,-176.52,-14.703,-22.854
-21.5,-33.641,-8.5377,-59.635,-117.99,112.22,334.01,88.707,223.58,-103.83,49.481,-194.58,81.497,49.658,6.8995
-1.7764e-015,-1.3323e-015,-7.9936e-015,-1.3323e-015,-39.582,-16.046,-111.42,443.01,254.54,-137.92,-68.796,30.374,-50.267,-53.767,-8.4363
3,23.899,5.4729,-131.97,-49.053,18.082,-482.47,-125.11,47.604,-68.532,151.95,198.49,20.408,49.658,6.8995
7.25,-4.2093,10.478,134.95,112.68,-154.07,-12.395,534.88,-86.938,10.602,-37.712,89.9,241.18,49.658,6.8995
-47.25,-42.572,-5.5841,204.7,84.148,213.76,267.71,520.34,76.934,-42.531,5.5615,-73.621,-266.16,-51.946,23.378
0,0,0,0,0.45184,13.238,299.23,88.139,-277.39,139.03,-5.4047,-27.472,9.8146,0,0
-3.75,-2.5867,17.825,14.148,-128.94,-150.87,-102.87,-210.21,-127.9,-137.09,35.554,50.293,-103.7,0,0
-20.75,-14.865,38.12,-61.641,-57.081,115.67,218.28,353.79,-88.187,-227.01,-241.01,-83.57,91.75,-17.442,-13.025
9.25,10.754,-29.595,25.433,263.56,148.05,-66.598,-215.16,94.521,-35.433,59.162,67.622,-47.418,-112.49,22.183
1,-8.25,11.899,-26.234,24.412,77.988,-154.47,-124.63,-117.09,157.11,-208.18,320.64,132.97,0,0
12,-2.4803,-3.9054,16.866,-93.729,-116.58,137.53,216.73,135.33,243.26,-225.77,-149.03,-59.656,0,0
0.25,2.028,-63.034,162.48,34.346,350.61,55.803,59.358,-39.192,-207.89,215.06,203.32,-86.06,13.497,6.3571
8.6373,-9.0526,-16.184,102.97,-46.964,-29.019,-35.54,54.803,100.4,-27.369,-217.86,51.691,-61.874,-122.08,21.5
-8.1274,-3.0071,25.429,-28.638,-219.31,30.582,15.595,-6.6388,-6.6546,25.983,-125.26,-245.06,-35.974,111.28,-23.25
14,2.5215,-1.9545,-5.6651,71.581,109.09,142.74,11.172,-61.214,68.064,-69.728,31.435,-196.98,-122.08,21.5
-0.61274,-0.54127,0.3113,-1.6696,21.089,304.03,-39.352,-216.62,154.7,-10.661,199.07,-13.126,-186.63,-51.476,-7.75
-1.4264,-9.6017,-9.5786,7.6413,-119.04,12.011,18.112,-22.974,-208.7,-49.012,186.99,57.574,-61.863,0,0
-1.4264,-9.6017,-9.5786,7.6413,-87.882,-231.55,-227.12,-278.17,14.348,1.3047,11.491,24.48,110.03,0,0
-23.588,-23.697,82.85,-212.81,-64.224,68.482,-260.99,-250.58,-54.711,2.0507,200.79,-204.8,-94.106,0,0
24.75,23.521,-17.701,-2.0819,7.6913,-47.768,-153.67,169.21,79.698,-186.73,54.979,289.86,112.47,0,0
-7.0037e-012,-8.8954,-8.4904,8.6279,-12.038,39.089,32.789,103.2,160.71,-198.54,-43.482,57.322,72.668,0,0
47.25,9.6309,-14.553,109.8,136.5,-48.727,-255.16,-81.939,-42.525,-1.5658,95.33,-135.15,-92.303,0,0
-23.176,-14.726,-0.38902,52.383,19.016,-41.575,-42.118,240.36,93.721,-156.57,-52.747,22.422,-150.7,0,0
11.25,-4.6699,1.4851,40.315,-201.3,-266.16,51.114,44.881,42.306,139.66,-221.06,76.389,10.024,0,0
-13.674,8.3232,-12.179,-35.114,-133.23,-87.909,-1.7209,-25.351,-116.46,47.044,-126.65,348.78,90.415,0,0
5.0425,-19.82,33.535,-8.567,2.9419,131.14,196.46,-59.829,238.24,46.865,284.31,120.65,-291.6,-107.98,28.628
11.537,-4.4931,-4.02,1.5531,-247.95,34.439,135.44,4.3053,-9.614,117.95,76.707,109.74,28.457,-1.8182,-0.85048
0,0,0,0,-61.5,111.4,-61.626,392.94,-17.755,203.74,121.66,-26.259,29.585,0,0
-5.5269,-1.6994,5.1288,8.1091,301.34,124.8,-71.566,-132.13,219.13,-136.76,-208.56,18.874,-17.194,0,0
0,0,0,0,-65.659,-329.72,-229.96,155.54,9.9795,27.698,-93.921,-5.5349,25.064,0,0
49.326,14.751,-5.0066,141.98,-238.86,-230.52,-10.965,154.93,243.36,-49.651,-96.334,10.429,89.479,-2.2913,-0.6863
18.292,-12.79,77.82,-205.58,26.127,216.62,-37.862,-177.35,-14.906,-138.96,78.259,23.838,-266.97,-122.89,20.628
11.436,-29.911,35.359,27.717,-152.8,-231.28,-51.259,-22.851,-25.748,-251.18,-65.778,-45.36,104.13,49.658,6.8995
-4.3774,-0.42043,7.6034,-42.786,-96.74,7.5986,-19.081,13.39,-208.93,25.815,73.108,-272.01,23.613,0,0
-2.3816,-2.808,-1.1062,-1.3705,-2.5885,-10.409,-19.17,-10.585,-144.39,131.36,79.929,-293.51,42.675,0,0
0.75,2.1896,-5.3905,-23.448,187.73,-80.361,-117.38,-35.734,132.14,-43.667,-212.79,26.417,11.524,0,0
0,0,0,0,38.552,84.952,30.016,-31.444,-54.981,-30.887,-75.89,-15.257,26.238,0,0
-4.25,-1.1274,-0.68958,-35.97,146.34,246.04,-77.359,50.061,49.163,52.589,-243.32,-2.8723,11.619,0,0
-16.75,1.8397,5.6375,48.085,-95.634,-29.72,162.31,244.1,251.05,252,27.039,-82.203,-5.4575,0,0
0,0,0,0,-3.8992,16.437,5.0832,0.087663,25.081,7.1443,-137.93,22.439,-21.283,0,0
-12.865,-18.941,19.14,46.784,76.896,-86.339,-102.13,45.896,118.07,190.86,-220.35,-223.83,10.703,0,0
0,0,0,0,-37.938,-19.248,256.42,257.3,226.84,-9.3322,-0.7883,-14.43,10.801,0,0
-11.93,2.5672,-65.182,209.81,94.89,-272.19,71.117,271.95,262.86,112.86,-260.38,56.389,13.614,0,0
-18.378,-13.389,0.085518,103.84,193.34,-2.0761e-014,-2.0761e-014,-2.0761e-014,-73.151,-126.3,-47.189,184.4,-3.0421,0,0
9.0278,-18.202,-50.282,-75.758,154.88,73.174,-237.17,-36.994,-80.2,-6.87,1.8345,52.743,14.623,0,0
0,0,-2.2204e-016,7.1054e-015,-34.967,-56.85,-113.63,-195.78,-198.51,-34.443,201.73,80.136,2.1184,0,0
18.25,-3.7338,3.9768,146.86,73.788,-65.953,-189.64,-13.857,-388.59,63.211,-263.53,166.01,137.56,0,0
-21.382,-2.5317,-0.95201,-180.96,-77.781,145.78,-85.254,-56.586,79.306,-64.471,-125.73,-137.66,-49.628,0,0
-15.632,3.3277,-21.083,-27.98,85.01,6.9119,-154.84,-273.11,-291.51,158.95,-18.675,-169.24,20.229,0,0
9.5,-32.123,-58.131,-38.295,-30.247,123.51,63.96,12.819,244.41,-255.58,-76.276,246.97,-33.623,0,0
-6.25,9.8349,0.36122,27.18,115.95,93.243,-82.017,358.1,316.08,315.85,345.19,-150.88,-8.9192,0,0
0,0,0,0,-0.66354,1.2373,143.41,-128.13,-100.5,-35.063,-122.45,81.36,-19.149,0,0
-27.615,-20.799,-25.63,-17.539,-220.22,74.018,-14.808,-49.056,-301.27,-192.09,-38.758,60.772,227.51,0,0
-47.375,-0.86128,43.11,-64.595,-60.68,-86.932,-3.3621,64.342,-292.76,16.925,25.277,-231.32,7.759,0,0
-23.627,-0.98918,-25.701,-72.745,-201.07,79.441,34.585,-14.362,-44.144,277.62,53.394,-24.261,-96.727,0,0
11.299,18.186,-65.477,58.487,-216.95,-39.582,210.08,-117.25,-141.51,-144.75,-70.676,100.06,119.73,0,0
-6.6127,-1.497,-16.926,3.5556,-119.57,230.65,195.64,11.874,-226.57,-200.05,110.63,79.682,70.028,0,0
-8.3627,10.464,0.99431,-57.213,47.132,70.006,272.89,154.72,197.38,-7.3806,-174.88,61.055,-138.07,99.931,28.808
6.25,11.569,-2.7189,23.569,-94.363,-292.1,-241.26,230.49,178.39,-77.764,166.01,85.438,119.84,0,0
6.5,7.9689,5.549,-22.43,140.49,-178.99,99.332,-131.19,-168.66,51.308,131.15,50.703,-4.8771,0,0
3.5,8.2272,-12.056,15.442,-134.79,-7.6231,200.37,268.27,-311.04,-180.41,121.66,68.848,5.8648,0,0
-1.75,12.986,-35.486,-17.366,158.3,102.29,-91.646,87.36,-164.54,-154.72,215.54,0.55529,0.060417,0,0
29.885,23.712,5.1139,14.79,-126.8,-21.636,-258.77,-229.01,-19.271,-168.44,125.27,123.21,-88.904,0,0
14.25,-0.50481,-0.64887,30.342,-160.56,-237.66,-216.67,130.69,144.08,-26.839,-304.54,-107.45,-139.35,0,0
22.5,-2.8744,34.941,11.891,-19.589,182.57,-195.4,-83.706,-1.4585,260.8,-173.12,-49.332,-49.314,-99.987,14.314
10.75,3.2159,-20.464,29.924,61.175,298.12,-132.72,-289.7,174.93,110.9,57.232,47.278,112.65,0,0
-45.25,-13.745,-9.3285,242.51,-21.417,81.902,-42.09,198.54,171.44,-135.71,-86.726,38.531,-234.09,0,0
3.8849,-18.694,-59.629,204.34,103.42,-175.45,150.01,118.66,-140.83,-64.243,-1.4018,-256.36,-128.81,0,0
10.5,8.9462,-5.9575,-59.958,30.307,188.12,238.06,300.44,-50.382,-173.12,30.944,214.48,-8.6262,0,0
16.5,-21.706,-33.658,117.11,-313.36,-121.13,310.17,111.26,478.64,-187.36,36.349,-191.6,15.986,0,0
6.0425,-0.38966,5.2321,-8.2881,128.18,157.65,-157.06,-224.43,59.429,68.872,-270.05,-586.19,-95.177,0,0
-7.0037e-012,-8.8954,-8.4904,8.6279,-45.858,-51.497,11.342,72.49,-234.25,48.77,98.173,18.774,74.35,0,0
3.3307e-016,-6.6613e-016,-1.5543e-015,1.3323e-015,-93.277,23.297,138.22,80.413,-127.93,43.913,75.645,-43.125,62.903,135.06,-14.062
8.25,15.471,-7.9264,-22.556,148.48,-18.399,22.211,145.33,112.49,154.79,-147.91,29.799,89.572,0,0
0.75,2.1896,-5.3905,-23.448,119.95,-31.008,57.096,0.69302,97.416,92.636,-162.59,-300.76,-74.053,0,0
-8.5,2.2303,20.185,-45.254,-40.145,-95.261,-96.419,-37.449,87.531,-38.345,12.794,-17.969,-14.977,0,0
8.75,10.582,-15.27,67.126,-59.794,154.42,-179.55,-112.66,-255.56,17.584,-51.795,-24.558,-106.77,0,0
-8.75,4.951,-8.0179,-49.97,-139.31,5.1598,65.658,143.62,114.87,12.992,175.46,-139.9,-171.17,0,0
0,0,0,0,45.31,-333.51,-323.33,18.425,-156.43,107.4,234.34,85.788,-15.739,0,0
15.75,-0.87083,-0.56875,29.496,-87.389,-261.84,-333.87,203.42,-305.13,135.47,69.074,98.814,77.254,0,0
15.75,-0.87083,-0.56875,29.496,-234.19,135.95,83.131,-30.662,-39.667,-266.87,-356.73,-164.3,-22.609,0,0
-10.25,-4.9413,48.476,-205.23,-26.271,115.05,222.47,41.255,174.68,114.54,-167.97,-217.23,15.713,0,0
-15.25,-6.3678,15.111,-7.3367,17.535,5.6873,248.04,-136.38,17.398,-109.21,-36.553,-112.78,-228.18,0,0
-17.25,-34.355,12.29,-133.13,-53.277,123.25,-139.07,127.66,4.1123,65.742,24.836,-20.246,220.5,-1.8182,-0.85048
4.25,1.1274,0.68958,35.97,-183.07,-29.177,305.39,-217.8,-72.949,-81.754,80.948,-51.629,-42.932,0,0
0.75,11.085,3.0998,-32.076,174.88,388.68,234.18,-270.48,40.724,120.21,76.565,17.749,-30.249,0,0
0,0,0,0,-3.4345,-34.22,-19.529,125.04,224.04,158.51,336.67,-27.873,-9.2243,0,0
3.5,9.0197,-3.4085,-2.8546,32.223,-188.61,-486.92,-280.65,-119.14,24.948,-3.3245,5.6156,-183.85,0,0
-4.5,19.072,3.6261,-36.073,195.78,-309.83,47.409,194.87,-123.98,235.34,124.09,-11.971,-0.35946,0,0
-3,-4.1651,2.134,9.9724,21.443,-61.478,-42.639,187.25,-55.329,-25.866,-78.88,-92.703,-4.7446,0,0
-11.25,4.6699,-1.4851,-40.315,193.57,-29.153,-118.86,333.72,-147.08,-280.7,155.48,-111.43,165.06,49.658,6.8995
8.8818e-016,-3.1086e-015,-1.1102e-015,2.2204e-015,-9.346,-88.796,-94.319,266.86,-30.464,126.25,82.626,-168.85,-95.933,0,0
4.75,11.255,52.061,-145.45,118.8,212.09,297.76,90.867,-67.407,34.057,322.04,-167.06,22.085,87.048,11.975
1,4.5377,-4.451,11.089,-123.66,-75.223,207.05,-172.29,-49.643,-164.35,47.817,302.24,77.841,0,0
-1,13.093,-25.464,-31.436,-114.53,-23.034,316.58,9.5408,-104.11,89.43,-172.08,-242.41,-92.648,0,0
-17.5,-13.361,8.7793,9.9462,-0.097259,176,-170.8,-229.15,-186.73,-136.24,-42.244,102.9,106.15,87.048,11.975
13.75,12.167,-9.0981,6.9067,-26.818,-92.274,-271.54,-204.23,-136.14,150.82,-109.28,-5.3471,111.08,0,0
8.75,6.2351,58.9,-167.6,18.216,-351.8,-128.24,-159.37,7.0904,224.35,-45.05,124.84,72.872,75.313,10.201
0,0,0,0,18.006,-127.14,201.01,418.58,-86.622,-128.48,62.342,-31.776,-200.5,0,0
14.5,-9.3463,-17.788,-3.8808,-249.99,-207.54,-187.37,-333.88,-60.342,-52.763,-134.92,-382.45,-171.38,14.91,8
20.25,-5.6095,0.76971,52.583,-72.915,102.37,-31.815,-142.01,34.418,50.57,-57.585,58.251,-248.49,0,0
8,42.42,22.303,0.083176,-12.424,139.94,28.6,-137.07,-27.897,-14.988,-73.462,-30.76,-240.92,-1.6875e-014,-1.7764e-015
9,6.0885,-29.814,41.328,92.245,-326.95,157.17,51.407,-72.304,-193.37,70.093,-28.943,-21.208,0,0
7.75,8.5508,-13.708,33.741,55.436,12.053,-267.17,-526.12,-72.23,-168.43,144.97,-0.062822,0.015867,0,0
5.5,3.5442,-8.2189,15.801,-135.16,227.33,333.93,171.11,278.49,-39.871,113.71,210.84,158.61,0,0
28,5.7369,19.932,-7.1891,-143.93,-283.74,11.772,270.5,254.5,44.348,186.42,-70.083,-2.8762,0,0
0,0,0,0,-22.798,233.62,18.903,2.8667,205.24,-37.112,169.17,-173.84,-46.077,0,0
0,0,0,0,6.6271,-8.3576,-12.466,136.92,68.716,-93.98,-258.85,-211.07,20.887,0,0
0,0,0,0,-3.1788,-30.563,132.1,-233.06,-114.49,30.245,92.46,115.95,-11.146,0,0
1.6373,-12.693,1.919,12.3,-29.169,94.361,-15.484,77.761,167.1,-76.661,-225.63,28.636,-15.499,0,0
