-17.754,5.1244,-1.9952,-159.14,108.24,76.141,-338.83,-15.98,256.92,123.85,-149.78,-398.9,-28.397,0,0
-15.451,-23.347,-42.257,-434.43,211.33,358.32,-325.43,-253.67,158.38,142.93,66.698,178.69,-137.26,0,0
7.4249,8.3272,-476.55,373.46,-167.27,-25.368,-52.208,-94.426,-1150.4,558.57,1052.1,-399.65,-27.201,0,0
-21.513,-13.363,-7.4453,-308.41,102.24,53.329,-188.75,625.98,262.78,-602.38,-223.03,4.6612,-17.76,0,0
-5.1962,-0.060417,-5.3905,27.108,-36.728,86.714,-186.26,253.43,57.562,115.02,407.15,-228.97,-21.102,0,0
-16.887,-31.977,-26.273,-85.032,-65.823,181.18,-670.3,48.979,354.12,-165.15,133.94,73.281,-110.03,0,0
2.8089,-0.26851,-110.67,142.5,40.422,-2.567,71.33,46.574,-484.29,152.8,309.29,296.35,-387.27,0,0
0,0,0,0,3.9654,202.34,-300.47,-587.12,680.73,109.21,-268.62,-7.7479,-26.92,0,0
7.7942,10.609,-6.6471,-315.61,118.95,83.023,57.763,-12.074,65.701,47.952,-130.93,-14.152,-19.699,0,0
0,0,0,0,-391.75,451.22,-115.98,447.57,-78.788,84.243,-102.81,-23.392,-17.21,0,0
0,0,0,0,36.053,801.4,500.72,-583.18,-83.14,773.87,-579.66,-8.951,-10.542,0,0
-0.86603,-14.196,-336,128.57,119.74,-102.09,-132.52,64.264,-60.475,124.84,-15.621,63.191,150.75,-76.725,-2.4183
0,0,0,0,68.359,-95.011,217.82,-1147.5,772.82,-1240,35.053,-13.737,-12.923,0,0
-7.8735,17.292,11.794,-157.38,158.02,-6.6244,-43.443,-193.37,-343.19,154.44,112.33,-204.05,-22.451,0,0
11.264,-3.1848,-152.71,-50.019,132.5,-208.35,-146.89,182.58,168.4,-136.28,270.62,512.86,-186.88,0,0
0,0,0,0,-231.74,52.073,296.4,226.34,246.62,-17.279,-217.38,-29.518,-19.214,0,0
12.557,14.444,-16.178,-658.86,280.65,816.91,-444.61,-1070,527.48,412.51,-291.33,115.8,-295.72,0,0
0,0,0,0,-28.573,543.22,461.88,84.235,-46.414,134.2,172.07,-45.293,-63.91,0,0
1.8693,18.608,-5.5879,-273.18,178.69,159.44,-96.125,-645.22,107.15,494.59,-72.945,-117.27,-30.232,0,0
-5.1962,-13.763,-432.66,223.7,167.85,-166.57,162.82,-514.7,95.019,-68.735,176.96,701.31,-226.22,0,0
-8.2272,4.4707,-5.5556,-241.18,-3.9551,-99.465,26.765,194.66,-195.26,-84.644,441.13,-257.02,-48.609,0,0
-2.1651,2.3905,-222.97,33.728,168.71,-31.066,233.53,81.989,-180.48,323.84,11.385,27.353,-112.02,0,0
-16.338,-256.11,-187.95,329.76,49.461,-557.19,8.765,57.25,64.581,243.62,0.73774,751.26,-315.95,0,0
16.021,24.641,375.96,-50.802,167.38,174.88,-164.41,-537.9,26.105,481.98,-177,-44.52,-176.35,0,0
0,0,0,0,-671.83,234.92,-430.89,-324.75,560.29,-40.897,-175.84,-11.083,-18.366,0,0
0,0,0,0,-81.215,638.52,-590.14,-1349.9,446.37,400.96,28.406,-54.937,-19.896,0,0
6.4952,9.9755,2.4085,-752.89,438.56,-366.62,89.285,-214.38,359.21,303.6,-207.8,27.86,-17.199,0,0
12.124,-2.3253,-22.257,-108.31,271.39,297.91,-525.46,188.61,-206.49,-260.65,743.23,-189.97,-16.091,0,0
-37.239,-25.181,-9.5718,-217.91,105.53,156.29,36.993,111.96,-126.98,-20.972,229.98,203.14,-110.79,0,0
12.99,17.743,-4.0556,-401.06,116.63,49.824,83.928,835.33,-465.81,341.82,-73.899,301.72,-89.745,0,0
8.6603,-7.1603,-17.348,-163.68,396.32,-300.23,-10.6,14.546,-259.63,904.97,-565.19,4.3119,-23.897,0,0
0,0,0,0,438.14,95.465,457.65,-159.63,-487.27,530.92,-54.638,-107.79,-27.665,0,0
-16.713,-11.133,112.74,119.76,-163.98,77.595,-165.97,-74.123,-314.83,685.77,354.39,-942.69,-22.065,0,0
26.773,-162.1,-93.103,426.24,293.16,-76.657,1.111,-48.714,-38.458,183.39,908.24,-613.48,-26.313,0,0
-2.2443,-13.047,-95.241,325.68,162.33,311.09,-126.69,66.239,-234.09,177.43,253.98,-136.21,-91.698,0,0
0,0,0,0,74.228,372.71,223.32,401.19,-133.42,-355.81,121.02,-195.32,-22.198,0,0
9.5263,5.6274,-577.59,101.84,349.12,22.013,-453.34,104.95,-83.675,193.48,349.53,-364.6,102.17,-47.382,2.5981
0,0,0,0,109.58,239.89,-90.278,-69.892,30.622,122.15,92.682,-296.71,-20.06,0,0
-36.373,-13.546,3,-339.01,31.335,709.83,326.94,-248.83,-733.91,244.63,-630.62,-30.238,-11.801,0,0
-11.691,-7.8954,3.866,-167.45,346.61,82.029,-95.124,82.698,-112.34,408.67,172.74,-34.097,-70.443,0,0
5.1962,16.714,-3.2452,181.23,373.77,436.29,-128.49,-77.02,-199.71,-81.69,153.06,-348.02,-24.752,0,0
8.6603,-8.4593,-11.042,152.12,144.18,136.56,-59.293,50.724,519.29,3.6795,388.12,-30.695,42.537,-216.49,1.4575
-2.1651,4.2386,14.982,-63.996,128.82,195.38,269.8,-101.47,-19.197,-210.39,503.58,-342.62,-17.942,0,0
-4.3301,-14.794,-16.536,238.99,191.16,317.07,-98.299,-299.83,-35.433,595.89,-781.35,-1.4402,-26.936,0,0
0,0,0,0,-407.67,147.35,99.083,-551.65,1063.2,-206.73,-71.58,18.154,-28.347,0,0
2.1651,-15.935,-330.17,319.84,65.399,308.6,-201.23,243.8,-53.49,384.28,-165.16,355.22,-160.12,0,0
0.47548,-12.28,-16.193,175.74,111.97,-821.22,13.945,191.42,91.127,-410.46,-63.347,-299.73,45.719,-433.39,2.5981
-6.1839,11.232,444.1,4.3792,45.313,-206.09,8.3823,346,98.616,381.54,200.5,-44.655,-298.88,0,0
0,0,0,0,-586.39,335.7,119.14,-857.45,193.54,-23.698,-19.881,-68.164,-15.922,0,0
0,0,0,0,-33.012,123.42,-512.8,428.9,230.95,-212.78,-304.26,-173.05,-19.129,0,0
0,0,0,0,16.931,575.01,139.76,-232.1,-83.071,222.08,-306.5,30.121,-22.438,0,0
0,0,0,0,-395.24,73.714,343.38,-654.14,428.68,105.44,-195.12,0.75073,-23.785,0,0
-15.588,17.137,7.2728,-108.87,320.6,-143.23,362.9,-11.687,-125.52,-59.683,-27.257,-52.958,9.4484,-155,3.0311
4.3301,29.959,9.6567,144.83,503.35,13.196,-65.487,-486.66,899.67,115.53,28.568,-242.7,-19.842,0,0
0,0,0,0,49.388,2.3428,-29.798,-689.31,416.04,925.65,-501.45,2.7925,-12.975,0,0
-21.513,-8.582,6.6283,-857.5,194.66,53.496,-113.18,-446.68,161.53,664.67,-369.95,-10.874,-25.07,0,0
19.491,-294.99,17.939,-465.68,130.57,-126.59,-96.237,-5.6337,-473.19,462.26,521.95,-276.66,-14.758,0,0
-0.86034,-11.739,-259.73,-42.607,162.97,-217.13,-5.8355,0.66206,102.45,158.63,7.791,-102.84,-28.721,0,0
9.9862,-15.755,-21.136,-315.15,214.72,973.83,-293.76,-403.46,257.98,54.092,-460.21,102.51,-209.15,0,0
0,0,0,0,899.06,946.73,-263.12,-598.17,22.16,141.84,-572.28,1.1758,-24.503,0,0
18.625,15.261,-4.1349,-393.45,113.76,55.763,-358.32,245.6,252.27,747.65,-728.62,-19.543,-18.795,0,0
18.366,25.036,-341.52,454.19,190.29,-467.48,85.096,25.907,-559.89,336.18,-865.01,-50.341,-24.134,0,0
0,0,0,0,159.04,905.82,-23.787,-355.77,-981.15,1222.3,-758.1,-7.8998,-22.892,0,0
30.317,8.1011,-593.89,129.78,364.18,293.17,-117.11,9.0523,-176.98,320.49,111.67,-171,-91.134,0,0
-4.8849,-3.1651,59.575,56.531,114.93,15.696,4.9297,302.49,-77.268,269.78,-383.55,-144.44,-293.69,0,0
0,0,0,0,100.39,567.6,457.85,-422.45,318.84,630.77,-440.28,-44.071,-28.483,0,0
1.9698,29.621,151.65,80.694,91.115,-204.61,-135.9,10.459,-650.82,161.89,124.79,-262.01,-465.46,0,0
0,0,0,0,80.307,-51.251,31.511,344.37,37.869,134.85,-317.84,-170.38,-25.692,0,0
-6.9282,18.691,226.42,172.83,-40.852,106.06,75.123,-222.68,-1435.4,408.39,1098.4,-431.17,-205.75,0,0
5.9617,6.9187,-673.11,93.415,-96.727,-144.17,-263.24,106.59,-393.35,92.12,205.38,-378.17,167.09,-70.434,-0.86603
-4.6259,5.6504,-2.6663,24.696,268.15,-84.822,-67.162,-830.76,38.536,-480.69,-162.71,-10.354,-12.935,0,0
-8.2272,4.4707,-5.5556,-241.18,-304.31,63.44,-278.05,-90.426,101.88,-104.72,74.668,59.33,-164.9,0,0
6.4952,5.1095,4.1585,188.75,60.455,-97.911,16.588,-574.76,591.69,867.42,-372.84,13.875,-25.6,0,0
-12.124,-14.701,-332.03,-100.44,41.313,153.28,323.31,-394.15,268.93,-115.64,-104.15,-6.0948,188.42,-73.184,-3.8971
0,0,0,0,68.755,-218.16,252.79,21.166,252.51,-370.85,74.641,-36.17,-140.53,0,0
13.207,-21.921,-849.01,177.8,563.71,-437.21,-67.507,-114.21,-193.66,19.007,495.29,-85.258,243.27,-87.776,-8.9617
-3.2476,14.962,198.73,265.56,251.5,3.3839,-279.61,149.79,-93.079,236.81,232.83,-342.81,-24.086,0,0
25.764,-7.153,-443.02,170.23,105.59,487.86,-304.68,21.532,170.09,107.92,-127.21,331.54,9.1939,-49.344,4.2721
0,0,0,0,-60.597,66.406,133.23,-117.52,33.791,247.94,-211.59,2.4674,-19.964,0,0
0,0,0,0,45.919,487.26,-369.38,-13.334,325.41,1249.1,-709.04,-12.168,-24.551,0,0
-3.7748e-015,19.91,-48.538,16.826,104.92,234.23,-433.33,85.459,70.419,-293.79,545.87,877.43,-437.51,0,0
0,0,0,0,328.71,780.13,-164.74,-434.31,-226.21,1266.5,-731.55,9.4127,-21.772,0,0
0,0,0,0,-489.63,320.8,160.7,279.33,32.804,383.29,126.3,-65.912,-29.15,0,0
-0.86603,8.299,-17.069,5.2845,96.11,144.81,75.918,306.01,-201.84,-68.242,-59.876,-94.153,-22.236,-119.76,-3.8971
-18.187,-6.7728,1.5,-169.5,15.654,602.27,-326.59,-49.422,1088.3,-350.22,-15.602,-19.781,-19.919,0,0
-8.2272,4.4707,-5.5556,-241.18,16.856,-66.499,-95.022,348.76,28.331,19.28,171.26,103.66,-90.503,0,0
7.7942,10.609,-6.6471,-315.61,213.41,39.385,-235.66,9.8187,477.45,1307.9,-713.06,-10.83,-17.348,0,0
3.0311,6.5,3,-329.38,5.1171,-49.31,254.9,-1349.3,403.85,-973.9,273.83,-53.963,-21.527,0,0
0.86603,4.7075,99.166,-138.57,38.069,51.201,-173.58,178.67,246.14,-268.92,112.58,-445.54,-18.167,0,0
0,0,0,0,-149.49,227.4,223.43,-814.44,595.23,17.148,-359.82,-6.599,-15.939,0,0
0,0,0,0,86.564,-45.14,-180.24,-160.98,-53.567,144.85,165.84,-175.44,-24.77,0,0
-0.43301,-2.8726,-18.623,-153.65,333.35,-334.56,-16.065,-1257,357.45,488.2,-229.57,-161.72,-30.861,0,0
0,0,0,0,-330.43,75.448,-136.04,232.88,-270.98,-446.6,295.02,-218.73,-29.045,0,0
-3.4641,-1.2679,9.4641,-681.21,179.29,604.79,7.9797,-676.41,356.98,400.8,-168.56,-94.206,-39.547,0,0
0,0,0,0,55.253,222.33,509.94,-307.32,-68.487,-105.72,70.883,-198.08,-23.44,0,0
-9.9593,-0.65192,97.771,118.58,-43.132,-161.51,-116.61,137.7,-13.384,-37.808,-81.206,250.33,-341.75,0,0
0.90849,-0.49223,-1.3448,-247.42,330.8,240.59,-845.27,159.32,153.02,340.62,39.647,-439.9,-20.023,0,0
10.392,23.141,-10.551,-61.318,268.44,172.31,-44.053,24.519,-777.7,454.16,-391.88,-97.328,-18.154,0,0
0,0,0,0,407.41,577.86,99.579,-661.05,267.26,251.19,-464.55,-14.312,-27.116,0,0
-0.70753,16.706,-195.84,231.6,444.79,-18.045,-44.223,-404.43,-129.98,358.58,135.97,-572.32,-31.287,0,0
4.7575,1.3688,-599.11,379.95,-22.667,-110.37,26.607,108.58,-566.25,194.64,-17.25,198.81,-137.41,0,0
0,0,0,0,78.16,-108.76,-112.23,197.85,-123.07,-71.046,65.729,112.49,-187.37,0,0
0,0,0,0,-842.42,228.57,-420.41,-399.44,820.44,-586.2,0.24425,-4.1659,-15.171,0,0
-19.412,-8.9109,-769.68,685.63,-15.022,-167.65,8.5775,-809.31,330.71,629.69,-196.63,11.952,-88.923,0,0
14.295,26.373,-83.617,215.86,112.14,434.98,-225.78,-394.06,259.96,-2.4452,125.65,184.49,-707.68,0,0
-1.7321,-16.196,127.86,57.013,1.3915,-199.88,144.5,-108.28,193.1,-112.3,316.76,123.47,-399.32,0,0
-8.2272,4.4707,-5.5556,-241.18,30.864,-33.036,168.78,-1365.9,474.75,-617.68,-120.21,-28.083,-29.799,0,0
3.8971,21.129,55.007,108.11,-72.523,-44.826,-105.96,548.54,169.97,174.92,-295.23,-67.41,-26.566,0,0
-2.1651,7.5131,-165.05,43.213,-91.233,341.65,14.413,17.594,532.14,37.155,-167.38,-189.97,-24.306,0,0
-3.4641,8.7386,-4.7386,-295.21,553.34,-618.23,10.397,-97.468,153.82,1768.5,-508.87,9.7302,-19.088,0,0
0,0,0,0,177.08,-200.17,341.07,-217.49,75.405,1.9396,179.38,-171.27,-24.41,0,0
16.027,18.275,0.53502,65.501,51.823,16.109,-463.8,95.866,72.995,267.15,-139.57,118.78,-194.4,0,0
0,0,0,0,138.39,-209.2,125.7,125.37,-314.18,-171.55,22.566,34.526,-287.78,0,0
12.557,14.444,-16.178,-658.86,598.57,-44.496,-13.431,-8.1706,-79.459,770.55,-772.28,-53.424,-26.172,0,0
0,0,0,0,153.24,-33.982,-20.98,-198.49,174.31,81.796,100.69,-123.11,-32.867,0,0
3.8971,5.683,9.6405,-391.83,165.98,169.88,-84.798,-248.87,83.03,-124.71,62.036,-19.973,147.91,-40.772,-7.2296
2.5981,23.91,5.7728,60.636,432.39,-351.4,5.5527,-231.72,-214.8,85.518,-256.08,2.6462,-18.748,0,0
-2.1651,-0.63397,0.40849,-243.93,174.98,91.587,-98.988,427.22,513.38,263.3,102.46,-72.1,-24.093,0,0
10.825,13.926,-14.435,29.938,108.98,-49.225,198.4,294.21,-165.14,318.48,-169.04,-201.03,-20.827,0,0
4.3301,-27.137,-30.402,-73.253,415.19,-33.426,-445.06,70.797,-17.029,-105.97,60.447,-84.965,-20.757,0,0
5.1962,16.714,-3.2452,181.23,-70.302,-136.5,107.95,-446.53,1008.6,-414.05,-215.8,14.056,-23.829,0,0
-18.482,-5.1735,-5.282,-39.486,458.62,-188.01,-187.93,13.001,334.07,445.55,-446.7,-29.212,-77.172,-73.804,2.5981
0,0,0,0,82.1,170.94,-433.76,-262.98,660.45,103.33,-280.37,30.187,-19.899,0,0
-20.352,-7.4067,1.9085,-413.44,264.37,-99.366,78.021,-36.701,-234.95,63.876,22.529,-54.178,233.08,-66.953,-9.3947
0,0,0,0,32.458,1082.4,-425.32,-9.9952,-5.8014,528.66,1185.1,-321.45,-13.342,0,0
1.299,16.489,148.87,62.306,27.927,-107.67,165.88,14.427,806.6,744.91,-607.99,170.87,-128.25,0,0
-3.1086e-015,-8.183,-161.3,88.71,167.96,154.85,-205.02,-717.81,63.481,588.25,-47.841,-176.79,-24.587,0,0
9.9593,11.243,-7.0556,-71.68,166.13,42.308,293.56,-216.51,345.68,586.37,-598.46,-11.499,-22.556,0,0
10.963,2.2826,-127.08,473.29,11.938,-58.938,97.931,-271.13,227.55,111.35,342.75,-199.39,-30.94,0,0
12.99,17.743,-4.0556,-401.06,-87.938,137.46,-66.857,374.14,-489.81,494.43,272.05,-165.94,-19.753,0,0
-20.352,-7.4067,1.9085,-413.44,16.342,326.18,212.65,198.52,395.49,-266.17,-262.94,266.53,-86.891,0,0
0,0,0,0,-51.816,21.482,62.068,-281.66,633.41,372.37,-499.36,-8.9865,-21.674,0,0
-16.021,-31.203,-148.57,22.64,-72.198,234.61,-156.74,100.26,-61.993,-5.6666,893.19,204.34,-449.89,0,0
-25.844,-8.399,-3.3047,-44.588,87.077,-439.79,-41.775,-606.69,664.15,757.92,-636.27,-9.1621,-21.672,0,0
0,0,0,0,249.45,95.344,5.587,661.32,1432.1,-472.23,-121.72,-38.081,-21.689,0,0
-5.6292,-4.7925,0.70753,-247.55,250.06,94.377,-248.43,220.81,318.67,-96.413,-117.36,-35.935,-23.856,0,0
0,0,0,0,502.51,270.05,-20.328,-504.93,143.95,-168.86,26.345,-108.17,-21.396,0,0
0,0,0,0,251.84,-246.84,174.14,187.98,250.33,-151.03,42.865,-94.533,-145.19,0,0
3.0311,6.5,3,-329.38,83.596,297.82,-159.67,-536.35,675.93,-194.76,-211.24,-11.631,-25.085,0,0
0,0,0,0,-87.303,140.38,-846.94,259.21,-104.64,-394.4,204.03,-227.24,-23.723,0,0
5.2018,8.5736,-508.59,331.81,513.66,-346.17,120.86,80.504,106.18,-109.37,-76.549,13.631,173.02,-66.953,-9.3947
7.7999,-6.0197,-590.39,128.03,275.56,-183.4,-97.333,-94.156,101.06,364.52,882.97,-54.425,-108.22,0,0
0,0,0,0,104.51,-175.94,-418.88,243.41,686.22,-538.79,-63.012,-16.632,-28.843,0,0
0,0,0,0,-154.41,114.77,-468.01,-92.589,338.7,252.93,-401.58,-4.8669,-23.755,0,0
0,0,0,0,452.09,626.96,-366.62,-1313.2,357.61,-910.45,-16.629,-179.66,-19.603,0,0
0,0,0,0,-133.72,263.56,-654.29,-20.837,450.36,83.27,288.81,-238.62,-19.042,0,0
0,0,0,0,103.08,-442.96,41.721,-152.51,288.54,307.04,-425.69,-151.78,-23.464,0,0
-12.99,-2.0114,-342.85,104.65,373.12,204.56,-424.4,-304.23,443.53,224.78,137.28,-33.155,-118.52,0,0
13.856,16.926,2.5849,-463.51,30.134,-5.9822,138.14,157.42,639.91,-324.17,-83.05,191.06,-110.44,0,0
-5.9249,26.177,311.72,334.16,637.79,-216.85,13.222,-28.784,-13.862,-521.18,492.45,400.94,-814.02,0,0
8.6603,-8.4593,-11.042,152.12,5.7811,-83.821,99.071,230.39,703.01,119.81,-973.63,-138.38,-23.185,0,0
1.7321,12.647,-410.47,-5.3965,-56.997,443.48,407.85,259.7,-157.51,-85.535,251.54,-100.08,-96.898,0,0
16.893,4.6633,-2.7623,366.3,581.95,-397.59,51.857,179.96,813.67,465.71,-335.12,11.786,-22.047,0,0
4.3301,29.959,9.6567,144.83,77.868,320.48,-905.73,328.96,-52.355,-23.32,263.82,-348.65,-23.152,0,0
6.9282,2.4869,-250.82,184.66,-17.366,388.2,131.78,-150.63,-239.59,165.61,175.41,42.671,111.06,-83.946,-3.0311
0,0,0,0,-274.18,302.8,479.38,280.63,289.19,-140.21,-56.519,152.3,-75.302,0,0
14.427,-16,-239.37,205.28,526.84,-264.55,33.762,-388.68,360.56,749.08,497.58,-409.39,-17.788,0,0
-30.56,-2.6792,314.47,172.34,-60.458,161.44,47.281,-519.79,307.98,-274.97,-154.95,58.879,-279.54,0,0
0,0,0,0,144.97,-232.11,412.81,25.795,-48.831,42.274,-242.74,-61.559,-24.603,0,0
-15.155,-0.27276,4.5,-498.89,90.541,260.64,536.41,396.31,-266.81,194.34,334.61,-142.39,-25.247,0,0
2.5981,8.5736,15.415,-86.231,233.38,-45.852,-67.373,-608.99,353.22,-191.52,-284.91,16.013,-24.352,0,0
0,0,0,0,6.3884,269.66,-182.27,-22.485,628.4,91.061,-290.41,-0.41266,-18.952,0,0
7.3612,11.549,-13.466,-223.7,138.17,566.83,-226.56,268.31,-261.96,-45.08,379.4,-116.79,-18.325,0,0
-0.43301,5.9821,4.0245,87.869,16.567,91.066,-107.06,-70.262,370.02,-16.632,276.9,-523.71,-25.058,0,0
18.873,16.19,-663.73,406.51,308.27,-283.14,29.646,-98.084,-852.5,253.65,1308.6,-344.85,-18.482,0,0
-24.861,-23.047,-18.915,447.5,814.83,-167.13,-15.421,-2.0323,-158.79,464.87,1566.4,-535.75,-20.124,0,0
0,0,0,0,-77.758,426.2,520.61,-335.01,-12.484,535.5,1195.2,-328.8,-13.828,0,0
2.1651,10.141,-3.2386,-354.7,4.8174,-36.032,97.946,-359.76,296.6,201.96,-150.77,363.23,-136.54,0,0
0,0,0,0,49.661,170.81,20.362,-630.21,628.4,-657.64,-0.67295,-137.36,-20.716,0,0
1.299,7.8905,-11.428,95.771,198.91,-243.71,-205.03,242.91,69.376,-76.311,117.08,-193.77,-29.045,0,0
0,0,0,0,-15.654,29.004,538.01,351.96,-135.73,566.3,-432.6,32.487,-21.928,0,0
-13.423,-12.92,-669.39,221.93,85.811,240.87,40.794,-71.126,-431.17,-137.95,385.16,66.893,257.46,-138.8,-3.2688
-13.856,-7.8954,-4.9575,-378.93,5.1367,-14.808,-355,-360.72,-211.1,484.21,82.11,-134.06,-30.405,0,0
-3.4641,18.52,1.8774,-47.635,37.62,74.894,288.12,64.93,-67.174,94.553,227.22,88.396,-152.73,0,0
-1.299,305.86,195.9,-186.79,73.495,-8.8546,-7.5,-137.14,-485.26,465.75,447.91,-1026.7,-19.666,0,0
-9.9593,1.5801,-84.96,-44.702,239.51,292.37,-61.676,-18.842,43.179,589.87,48.942,-33.796,-115.21,0,0
3.4641,18.33,-268.94,153.79,39.873,107.99,-781.95,16.874,128.28,-190.19,64.325,52.477,-379.98,0,0
14.722,18.036,-4.6226,90.735,284.54,-48.784,-137.9,-300.47,44.597,419.1,35.883,-69.869,-22.467,0,0
0,0,0,0,-38.478,349.1,-214.02,-279.79,578.51,277.13,-420.88,22.811,-19.934,0,0
-5.1962,-325.1,121.79,4.6112,98.412,-169.9,-31.031,254.88,-436.26,376.45,298.04,-564.19,-91.909,0,0
7.7942,10.609,-6.6471,-315.61,132.81,95.491,-460.87,402.45,-33.289,324,6.8856,-98.979,-13.436,0,0
5.7664,-4.6214,-1038.6,235.93,-409.27,-19.638,52.877,91.238,139.72,214.49,-15.392,-223.47,-92.161,0,0
0.23205,-5.6627,10.163,-404.64,77.38,380.65,-899.62,120.01,17.662,215.67,-114.6,-140.77,-26.236,0,0
-3.8971,5.6537,-255.48,113.49,66.935,180.61,-76.542,-415.64,488.12,367.18,338.59,-126.42,147.34,-52.361,-4.3301
-17.321,-19.342,-16.328,79.584,-57.691,320.4,-375.96,139.69,267.52,113.33,284.61,-155.34,-34.159,0,0
13.856,16.926,2.5849,-463.51,207.62,234.08,-299.7,-756.67,127.78,542.35,-686.39,25.995,-25.495,0,0
-18.62,0.032849,196.62,-104.06,36.345,72.076,188.33,-504.2,-192.4,633.46,-213.8,-81.856,-29.862,0,0
-13.74,-7.3783,287.38,-4.1916,-352.57,32.91,-13.727,-316.02,443.32,-121.94,-467.23,409.68,-711.58,0,0
-2.5981,3.3546,-314.99,51.184,-102.16,-38.142,124.53,-443.21,263.16,75.163,275.96,3.7192,76.386,-66.953,-9.3947
0,0,0,0,155.66,366.05,136.55,-73.64,443.91,1122,-564.57,-6.0984,-20.152,0,0
0,0,0,0,-144.34,248.68,66.982,113.42,39.308,-391.9,-128.27,4.8038,-15.982,0,0
0,0,0,0,-582.51,-348.22,728.91,-115.29,-129.25,139.11,151.24,-71.179,-17.91,0,0
15.515,-5.2195,-244.6,526.32,-62.158,377.88,-132.09,-5.9777,37.095,340.44,3.4085,25.061,-140.66,0,0
1.7745,6.5568,277.38,-56.99,199.19,-148.58,-24.961,-59.71,-1056.8,589.5,203.52,-680.45,-24.52,0,0
7.3669,-8.9103,-163.06,12.553,305.39,121.58,-131.15,13.066,-586.33,202.11,-677.39,223.11,-96.477,0,0
4.3358,-20.423,-35.256,-479.07,532.38,-130.15,-1.317,98.975,1121.8,1228.8,-692.83,-3.2377,-19.001,0,0
-18.187,-6.7728,1.5,-169.5,212.5,75.453,18.89,151.24,-86.872,-41.387,135.7,-87.685,41.129,-40.772,-7.2296
0,0,0,0,-840.59,618.67,441.45,-325.45,676.56,268.23,-231.65,-0.60168,-13.827,0,0
0,0,0,0,-415.83,-54.295,268.43,226.7,-153.29,56.919,-424.82,5.6585,-13.83,0,0
0,0,0,0,-671.4,446.07,-654.4,253.93,-334.54,288.78,16.873,-53.244,-18.988,0,0
0,0,0,0,-635.3,346.22,332.89,-106.12,168.91,-6.7804,-0.23759,-87.83,-29.925,0,0
3.9028,-0.80561,-16.171,-358.25,201.84,659.18,-271.5,-42.821,-846.48,634.23,620.7,-384.2,-24.343,0,0
-19.053,-18.408,-11.072,-48.405,-133.56,-62.877,88.141,317.67,116.52,92.412,27.95,-233.21,-20.419,0,0
8.4593,34.657,-5.4325,230.27,270.57,-280.48,-74.226,3.2761,27.769,130.41,1135.4,-361.69,-27.625,0,0
0,0,0,0,-173.42,593.87,-99.834,-559.83,507.61,177.33,307.56,-112.93,-20.463,0,0
0,0,0,0,-996.32,393.29,483.63,244.44,189.36,-617.63,-372.69,36.943,-28.249,0,0
0,0,0,0,-496.63,0.62899,189.68,-316.68,157.26,-151.87,-124.46,153.69,-65.872,0,0
11.258,13.116,-238.06,182.79,298.72,-267.94,-41.917,-1188.8,508.49,792.72,55.266,-94.408,-76.771,0,0
-8.09,3.9294,-9.8914,-247.97,-150.49,41.46,0.46236,-265.46,254.33,418.48,-319.7,-18.318,-16.7,0,0
12.99,17.743,-4.0556,-401.06,215.64,-153.66,218.76,-284.95,-7.6867,269.58,202.09,-45.685,-84.008,0,0
0,0,0,0,-355.53,99.359,-75.667,-944.33,170.78,312.35,162.79,-131.53,-20.015,0,0
-28.442,3.9688,-335.78,-290.91,507.47,-341.77,-32.524,-614.68,122.11,-7.1703,316.13,-63.7,-74.557,0,0
-36.373,-13.546,3,-339.01,120.78,-25.474,340.89,-405.48,341.74,270.65,140.66,-129.3,-22.063,0,0
0,0,0,0,12.153,591.31,710.25,-596.02,750.03,555.24,-396.76,12.2,-12.008,0,0
1.299,-18.868,-109.47,102.07,-75.76,-60.764,-70.657,-38.814,723.08,1004.1,-322.26,113.72,-66.366,0,0
-8.2272,4.4707,-5.5556,-241.18,-37.047,-76.508,-399.46,420.65,557.3,-20.404,-148.91,86.706,-62.763,0,0
0,0,0,0,166.38,351.58,-157.75,159.71,1258.9,-735.37,9.0993,24.844,-20.702,0,0
3.8971,5.683,9.6405,-391.83,49.47,4.8242,-368.63,-172.74,-413.4,587.6,-868.55,-25.028,-22.491,0,0
3.0311,1.3595,6.4151,-279.47,408.06,-292.89,-59.345,-114.22,-242.42,181.99,-506.94,-24.235,-24.196,0,0
0,0,0,0,-312.99,427.15,-278.74,-635.96,516.39,593.06,-493.58,-9.6994,-21.307,0,0
12.99,17.743,-4.0556,-401.06,62.129,509.82,324.9,-203.08,-33.272,-13.064,267.5,-70.824,65.297,-55.902,-2.8514
12.99,17.743,-4.0556,-401.06,124.98,476.23,-641.48,182.19,124.62,228.47,372.79,-158.25,-27.405,0,0
-8.2272,4.4707,-5.5556,-241.18,95.277,186.02,-338.77,-653.18,-127.47,122.49,-633.84,7.8325,-27.193,0,0
0,0,0,0,-21.193,137.85,244.47,185.21,7.9376,5.2685,-267.01,28.216,-14.325,0,0
4.7631,-18.075,-334.29,121.82,-132.46,-41.612,-421.27,443.03,103.96,-94.34,8.9997,52.457,-312.63,0,0
7.7942,10.609,-6.6471,-315.61,-25.809,365.73,212.15,-314.59,944.53,191.52,373.53,-140.62,-21.751,0,0
-547.33,443.56,77.044,-9.5154,-35.123,-68.449,23.483,412.26,-261.41,162.49,-440.99,-122.72,-17.984,0,0
-0.43301,-21.459,-192.75,140.95,46.244,206.49,-46.045,-477.72,721.78,-49.617,-395.53,-15.645,-24.75,0,0
-9.0933,3.1782,-184.3,119.98,182.31,14.397,232.5,-894.06,-4.4115,339.64,63.92,-360.58,-28.404,0,0
0,0,0,0,-192.07,696.51,-585.59,-253,-214.07,-554.76,-63.603,97.556,-225.48,0,0
13.423,28.891,-5.0442,-18.434,44.101,-89.991,137.39,-123.08,-382.63,187.59,-243.1,163.82,-191.69,0,0
17.247,-160.78,-87.979,140.2,283.03,85.72,-107.86,-276.55,171.57,176.01,-217.33,47.932,-110.22,0,0
-13.423,0.01971,3.933,-7.0873,-7.5589,283.76,-662.69,-253.85,293.44,1364.7,-634.65,-10.945,-15.555,0,0
-12.99,0.53766,-399.93,64.635,584.59,206.64,-130.55,-5.5661,-669.31,-147.44,1014.7,-284.65,-115.92,0,0
4.3301,22.977,0.51619,188.62,238.3,-6.5552,-120.03,274.23,132.82,-86.373,-70.585,-214.27,-30.019,0,0
0,0,0,0,8.9864,75.033,-323.45,623.21,361.27,0.082572,-357.44,-3.953,-27.046,0,0
-9.5263,12.093,43.206,33.893,95.328,44.965,220.46,77.661,-1060,273.69,341.42,-43.029,-198.44,0,0
0,0,0,0,33.586,174.76,508.7,-318.03,923.82,-709.44,-202.79,-20.494,-22.604,0,0
9.9593,22.757,6.1699,242,235.03,-171.83,111.86,0.73912,64.834,1114.5,-340.69,-220.48,-25.981,0,0
0,0,0,0,16.856,159.43,252.29,-744.81,267.5,566.26,-384.13,-6.5009,-30.48,0,0
14.088,6.3675,-273.29,222.36,271.76,-66.481,-19.145,-106.16,239.16,156.99,1423.1,-546.34,-19.379,0,0
-37.239,-25.181,-9.5718,-217.91,-15.881,67.325,331.47,-141.66,-17.828,110.83,108.65,-139.06,-22.674,0,0
-3.3481,-508.48,239.5,177.93,-116.88,41.806,-33.511,-5.4575,-57.635,126.6,-247.89,-281.33,-112.1,0,0
6.0622,9.6585,-0.098076,39.007,79.321,308.83,132.43,93.464,461.44,1410.9,-214.32,-49.989,-25.544,0,0
-4.7631,-12.696,-15.335,-137.51,75.26,-108.2,23.158,691.26,126.04,178.07,42.754,-122.35,-27.181,0,0
-10.825,14.758,-162.67,152.4,78.886,-59.479,-587.67,56.462,357.06,-4.3344,-56.875,-171.32,-21.15,0,0
4.7688,10.549,227.21,22.237,119.55,83.158,-76.708,6.6017,-160.51,214.51,133.08,-314.4,-376.13,0,0
2.5981,3.201,-9.1226,-587.18,152.13,185.4,132.53,-741.08,-64.636,210.49,-912.02,-35.161,-19.366,0,0
0,0,0,0,114.66,-116.91,191.63,36.489,516.17,-117.83,-13.183,-302.44,-27.566,0,0
12.99,17.743,-4.0556,-401.06,88.485,-70.766,271.5,202.69,-95.899,-51.583,-20.537,-127.43,-45.59,63.82,-232.96
0,0,0,0,-350.9,199.27,133.53,572.51,-141.18,62.133,191.08,106.58,-91.009,0,0
1.4886,-1.308,-896.2,454.82,715.69,-186.25,12.621,-294.09,-33.599,19.799,-99.325,-18.196,-10.218,-97.134,3.0311
3.4641,-13.087,-140.81,53.114,209.31,-69.817,-166.86,323.72,-182.13,53.286,826.28,-264.21,-20.107,0,0
0,0,0,0,466.41,47.278,-363.98,325.59,23.537,137.87,-379.47,18.731,-23.634,0,0
-1.3323e-015,4.3726,-164.39,82.788,46.24,-417.71,-76.475,93.967,-245.62,-115.05,-62.085,418.5,-165.3,0,0
0,0,0,0,-928.04,406.53,282.8,-452.75,-549.16,370.37,-65.256,-93.93,-18.886,0,0
2.6038,-5.5131,-266.07,184.75,-27.992,313.32,-350.08,-31.318,118.32,873.07,-225.63,-76.837,-68.545,0,0
-2.5924,1.9886,-5.6349,-233.57,369.09,234.89,-184.42,118.81,782.25,-639.58,90.56,-67.39,-24.984,0,0
0,0,0,0,-325.39,177.05,240.49,69.565,-92.094,35.261,-41.37,352.85,-128.85,0,0
4.7631,20.665,-11.446,105.83,30.927,217.91,-895.4,61.58,199.97,39.434,-324.87,331.64,-154.04,0,0
1.7321,5.049,10.049,-635.77,199.83,490.32,237.42,-785.46,295.82,116.59,-209.96,293.37,-110.66,0,0
0,0,0,0,10.423,261.75,41.935,-295.86,147.46,-97.859,-43.714,-238.22,-17.972,0,0
-3.4641,18.52,1.8774,-47.635,108.74,263.21,-123.13,57.081,126.63,-144.4,154.1,-289.22,-20.838,0,0
14.722,20.025,-413.63,4.2865,144.06,221.62,-77.623,-24.655,-585.87,-158.41,331.4,-788.87,-67.116,0,0
-10.899,-3.5885,-576.74,395.7,-48.66,722.43,-273.6,-492.57,61.78,102.61,100.58,-223.62,-92.073,0,0
4.3301,21.739,-253.34,122.38,-25.109,439.17,-424.79,327.47,-385.75,-6.8171,-14.198,-313.19,-23.393,0,0
0,0,0,0,146.78,-327.5,128.27,5.6769,-258.55,426.66,-152.22,-169.18,-20.19,0,0
13.856,16.926,2.5849,-463.51,-127.27,221.45,412.47,-95.592,104.33,601.01,-811.58,-28.549,-22.801,0,0
-6.4952,-18.147,-15.25,-95.422,215.97,429.5,-185.28,-511.36,278.34,299.58,-64.929,-380.72,-21.149,0,0
1.7321,-18.789,-7.7596,-132.31,346.99,-445.3,-38.948,-8.3,567.71,728.92,-810.27,-202.6,-25.42,0,0
2.5981,3.201,-9.1226,-587.18,211.61,60.84,-120.7,88.375,350.98,-665.05,-99.159,-12.029,-20.035,0,0
1.9216,-20.544,-773.6,496.1,240.79,-506.1,2.8394,1.6071,-945.57,276.24,-273.87,209.35,-116.09,0,0
12.484,9.3672,-3.1124,293.38,121.8,311.88,-78.645,57.934,169.06,708.78,-389.02,-148.41,-23.189,0,0
-5.6292,-4.7925,0.70753,-247.55,193.96,242.8,-362.55,125.39,570.15,-82.743,-438.67,24.683,-26.175,0,0
-4.3301,-8.8971,-346.19,141.69,-25.58,245.81,193.9,40.133,-12.137,12.244,10.736,-136.75,-67.653,0,0
-11.512,12.348,-4.52,3.3182,214.04,-549.21,-98.142,115.81,-4.6464,511.74,-1075.4,-2.0526,-21.864,0,0
6.9282,35.526,16.938,68.404,25.145,94.435,105.9,-575.89,893.78,732.71,-178.17,-153.38,-21.554,0,0
-20.352,-7.4067,1.9085,-413.44,10.767,22.269,-116.72,31.662,-496.22,693.98,913.95,-334.72,-25.444,0,0
13.856,16.926,2.5849,-463.51,175.3,416.66,11.971,-829.98,36.325,544.98,-202.98,26.871,-71.228,0,0
19.919,22.487,-14.111,-143.36,-173.82,282.43,647.6,-1409,355.67,228.89,-394.45,-77.189,-26.299,0,0
8.6603,-8.4593,-11.042,152.12,58.751,-32.805,-148.69,-153.06,279.24,34.185,-325.62,-3.1115,-23.879,0,0
-29.445,-8.4606,4.8415,-671.82,236.52,-129.25,44.901,-179.56,205.64,-10.513,172.22,-70.305,-66.563,0,0
4.7631,-9.4772,-432.89,331.66,83.033,115.58,-117.74,-14.688,27.967,-206.33,48.444,90.504,262.42,-121.55,0.67075
-9.4838,-5.4677,-169.69,27.643,248.98,-536.71,108.52,-10.765,-395.08,18.118,146.77,-712.59,-25.987,0,0
0,0,0,0,129.43,397.69,-480.91,123.12,250.87,372.99,-492.94,22.868,-19.85,0,0
4.3301,-2.8971,9.6619,167.53,254.72,91.97,-59.586,-589.61,638.76,559.79,-227.45,-6.3518,-77.772,0,0
0,0,0,0,342.56,73.829,214.35,-22.96,56.397,30.675,-327.43,18.547,-22.927,0,0
0,0,0,0,-187.07,135.95,-271.93,-176.29,177.63,-747.95,184.43,-101.56,-16.947,0,0
-31.473,-11.325,167.26,3.8141,320.11,-523.68,0.044551,-473.19,400.59,604.41,-685.29,88.947,-191.33,0,0
-8.8825,-584.06,338.53,285.91,-144.94,-119.76,0.49343,0.066987,-1.4898,-195.18,201.89,643.14,-292.22,0,0
0,0,0,0,47.484,87.588,160.15,196.72,106.58,128.59,231.21,-252.17,-18.335,0,0
32.482,49.799,-9.7167,69.187,266.17,42.042,-214.13,-154.43,391.23,413.62,-862.69,3.9341,-16.359,0,0
0,0,0,0,-228.67,-177.84,224.03,-20.617,106.82,145.26,-205.61,-50.069,-18.463,0,0
-2.8938,14.199,-6.9228,303.09,216.16,46.42,-152.08,223.54,607.63,10.061,-92.674,-58.791,-206.66,0,0
0,0,0,0,-729.59,242.9,258.31,227.83,166.94,646.1,-313.56,21.093,-30.554,0,0
-2.1651,-8.1651,-0.29247,84.433,-19.781,40.34,-412.27,-85.096,-31.916,261.28,236.06,139.89,188.62,-190.8,-2.7721
7.7942,10.609,-6.6471,-315.61,97.808,-85.815,-113.83,317.84,5.1544,-40.111,382.76,-209.67,-71.521,0,0
0.10048,-2.9788,-430.3,276.63,0.062068,-59.727,-121.24,-31.372,614.51,120.49,-194.95,-182.01,-14.186,0,0
0,0,0,0,-298.88,139.42,-291.07,-197.3,929.29,-123.49,-216.38,4.6474,-24.819,0,0
0,0,0,0,37.251,778.33,-367.03,435.41,66.897,-91.156,-356.13,4.8493,-19.096,0,0
12.13,4.3888,-27.11,-514.12,157.13,95.807,-67.288,-594.62,58.454,744.79,-380.2,-119.11,-24.178,0,0
-29.445,-8.4606,4.8415,-671.82,476.8,-638.89,-3.0021,100.79,-105.6,927.54,-680.98,-60.524,-27.118,0,0
17.5,32.254,-514.13,77.371,723.46,-59.576,-3.4313,-45.359,-849.6,501.97,1450.5,-576.48,-23.98,0,0
-3.9396,22.717,529.27,40.712,80.135,-74.712,-3.2763,66.196,-50.578,230.62,73.526,366.07,-676.36,0,0
0,0,0,0,-150.74,503.28,322.23,-161.78,27.081,93.021,-662.09,-35.775,-31.879,0,0
0,0,0,0,778.93,622.13,-437.46,-1138.1,344.88,-55.077,-468.3,33.255,-20.323,0,0
-13.423,7.1178,116.62,24.634,-207.68,-19.633,-322.92,155.97,498.45,1058.9,-746.94,-20.738,-18.982,0,0
6.9282,-6.7763,-12.768,125.79,4.2162,-184.13,-124.81,391.97,-105.13,202.13,135.79,-48.566,-288.31,0,0
-0.64952,-20.731,-1.6828,-132.43,11.427,856.45,-279.98,-20.289,8.5677,289.08,208.65,-343.65,-24.592,0,0
10.392,13.317,258.25,105.74,-48.897,206.15,583.46,-232.97,-16.721,314.33,280.46,413.51,-406.69,0,0
9.5263,-9.0687,-329.66,203.18,-101.91,135.27,-95.536,180.88,657.47,-165.78,-348.33,2.5751,105.17,-47.382,2.5981
0,0,0,0,201.56,23.892,-199.56,19.537,624.04,-206.29,156.57,35.253,-206.7,0,0
15.588,13.158,-318.78,170.36,-91.306,156.67,-677.48,414.72,-260.33,122.21,128.55,207.6,149.42,-66.953,-9.3947
-8.2272,4.4707,-5.5556,-241.18,126.02,133.84,197.27,531.75,-261.37,-153.56,85.662,2.4264,-64.358,0,0
0,0,0,0,29.842,652.87,-890.86,139.4,361.08,-34.745,-252.42,-0.01402,-19.56,0,0
0,0,0,0,-1089,372.46,208.95,-158.9,-133.11,239,-51.217,-185.85,-18.549,0,0
0,0,0,0,-381.29,228.51,-43.208,21.659,350.72,128.34,-108.25,-1.549,-14.025,0,0
-31.225,-21.746,-835.61,262.77,860.76,-249.87,-2.3586,-78.026,-72.195,918.68,1552.5,-441.79,-23.25,0,0
13.429,20.75,-510.39,132.14,-3.0604,73.813,-35.945,-431.38,-28.093,814.05,-610.7,-47.689,-26.536,0,0
-20.352,-7.4067,1.9085,-413.44,-56.581,-25.92,-135.2,-108.35,383.44,156.3,120.04,109.4,-92.407,0,0
-11.253,-12.384,-174.7,-89.443,375.02,199.28,-144.67,-148.56,476.15,-63.271,-182.76,171.25,-87.865,0,0
-20.352,-7.4067,1.9085,-413.44,85.51,-114.72,-377.61,-383.51,539.93,-68.051,400.61,-165.04,-69.232,0,0
0,0,0,0,547.27,-68.628,-339.85,-410.82,629.94,-566.49,27.318,-204.65,-19.661,0,0
-3.8971,3.9575,-329.94,129.56,14.327,2.2685,74.205,5.8856,381.42,358.49,279.72,178.07,-111.84,0,0
0,0,0,0,-383.7,783.45,-432.57,129.02,1100,-434.21,-201.83,-28.586,-24.774,0,0
0,0,0,0,76.692,176.98,-345.72,248.75,179.46,-43.901,-399.04,-4.5987,-23.212,0,0
0.43301,3.4085,-72.381,65.331,88.696,55.132,27.983,31.616,467.57,8.8059,-572.58,-11.698,-19.018,0,0
14.722,18.036,-4.6226,90.735,-11.868,-2.4061,-253.77,9.0849,-1111.1,536.87,-1151.3,1.4734,-20.127,0,0
-0.43301,9.3726,-438.18,-73.904,78.266,-164.48,96.704,-68.079,-23.014,286.33,374.63,16.529,-138.6,0,0
0,0,0,0,-422.78,487.78,-721.05,114.89,180.2,141.64,23.122,-117.95,-21.096,0,0
0,0,0,0,-242.38,-265.4,-30.214,210.07,-305.36,197.06,283.92,-106.58,-26.581,0,0
0,0,0,0,678.31,781.55,-238.72,-518.75,820.48,1007.3,-70.579,-331.22,-24.382,0,0
0,0,0,0,-403.08,-31.758,-288.88,642.16,466.99,-483.46,-36.358,42.747,-17.908,0,0
10.825,13.926,-14.435,29.938,9.9722,61.036,119.97,-207.43,760.84,109.43,-236.63,-153.15,-21.573,0,0
-11.258,-1.6878,3.3415,-502.31,175.95,-275.02,-153.79,-97.263,108.32,-102.04,-92.703,-382.48,-27.148,0,0
0,0,0,0,-320.88,588.94,910.6,48.089,480.41,-288.79,182.04,-88.263,-25.71,0,0
-26.847,3.028,-14.457,-7.2713,343.85,211.9,-353.75,-97.003,80.323,-108.3,226.93,487.24,-386.57,0,0
3.0311,6.5,3,-329.38,-97.389,63.442,149.59,-791.03,138.08,761.66,-377.6,-66.222,-24.967,0,0
-10.392,19.039,-208.63,53.82,274.86,192.1,48.001,12.197,-219.1,801.66,-120.71,-359.81,-67.85,0,0
16.454,26.317,-21.912,59.751,-23.616,-211.73,33.568,95.226,-166.46,-33.085,161.01,-222.13,-88.235,-193.57,-1.299
-4.3301,2.2631,10.025,-388.62,193.24,664.32,-226.33,41.882,-383.1,770.62,351.25,-246.34,-45.163,0,0
0,0,0,0,153.81,135.85,145.28,21.906,12.982,628.57,-794.96,-21.391,-16.036,0,0
18.229,-0.49399,-450.53,105.82,124.72,388.18,-200.52,-75.867,-1302.4,443.89,744.29,-115.65,-93.593,0,0
5.3759,-466.03,124.06,394.16,-92.214,-292.17,-7.2168,40.192,-208.83,381.47,-59.188,348.49,-155.86,0,0
-22.205,20.747,553.74,54.443,110.9,-228.68,-8.2894,-86.989,-30.135,-1202.1,419.98,595.75,-886.71,0,0
0,0,0,0,20.297,350.97,778.14,-67.053,-237.83,-45.37,-2.9737,-15.805,-161.22,0,0
8.6603,26.446,3.9133,-139.13,145.58,432.51,-374.36,-283.19,-358.4,769.63,56.373,-142.2,-21.623,0,0
-8.1635,27.24,153.52,667.3,122.13,-73.252,-64.131,-63.312,-310.72,180.96,202.84,-1107,-24.687,0,0
0,0,0,0,-38.221,61.021,-311.67,129.58,445.91,279.88,-76.197,-203.87,-27.643,0,0
0,0,0,0,-905.23,257,-256.79,53.185,402.71,85.585,-194.72,-12.605,-23.047,0,0
-4.7631,-1.9689,-236.49,-29.771,174.35,-70.537,-69.216,-190.99,110.8,48.092,-126.4,-98.922,36.325,-47.003,-1.7321
-7.3612,-164.37,147.97,-82.828,-19.828,105.06,148.81,-777.04,377.24,625.64,-33.016,-394.8,-48.726,0,0
-15.155,-3.2237,-498.45,40.482,-141.18,62.108,66.933,216.13,-117.83,-28.48,86.038,9.1913,110.72,-100.16,-1.5523
-16.887,-240.08,-246.05,-185.39,203.36,106.92,-173.41,-26.208,-748.97,552.53,1258,-185.67,-87.973,0,0
3.8971,5.683,9.6405,-391.83,193.1,96.353,212.07,-370.64,-174.98,-123.18,213.23,-78.285,-25.511,0,0
-17.321,-12.359,-7.1878,35.791,59.575,-49.498,-481.65,345.24,604.05,113.44,-39.797,71.863,-132.68,0,0
7.6782,-493.39,205.72,178.06,-285.64,-88.306,-79.31,77.338,-58.81,-223.77,167.48,1345.5,-379.38,0,0
26.852,8.9067,-504.08,317.83,438.59,-171.07,-50.659,-18.163,-494.5,-215.79,599.5,-761.49,-70.108,0,0
0,0,0,0,-417.49,-301.02,627.16,184.02,391.58,-319.9,86.037,-27.223,-55.637,-26.046,3.0311
-2.1651,-0.63397,0.40849,-243.93,-146.02,60.779,197.84,-63.25,281.75,-102.91,-713.72,-12.78,-16.02,0,0
0,0,0,0,45.78,418.49,41.164,52.559,4.4309,86.915,-331.53,19.62,-12.167,0,0
7.4985,19.534,-433.46,604.08,117.38,221.7,-111.03,78.409,-694.46,295.62,960.79,-342.73,-20.461,0,0
6.4952,24.147,5.0114,-276.14,250.6,317.54,65.484,148.08,-329.62,174.44,-271.49,-238.02,-23.865,0,0
7.7942,10.609,-6.6471,-315.61,77.808,240.94,-482.32,-146.11,-710.11,291.7,163.25,-181.21,-18.359,0,0
0.86603,5.866,3.4085,-573.32,119.05,-222.94,390.25,174.93,-10.16,27.23,-136.03,22.718,112.37,-66.953,-9.3947
2.5981,3.201,-9.1226,-587.18,114.77,340.21,-365.59,-11.609,164.11,169.81,521.96,-170.39,-22.631,0,0
-21.513,-8.582,6.6283,-857.5,358.91,92.31,-228.08,37.114,-371.86,609.44,477.64,-214.17,-20.116,0,0
0,0,0,0,-110.3,105.73,331.77,-1822.8,545.71,-691.31,-93.949,7.3436,-28.834,0,0
-18.187,-6.7728,1.5,-169.5,-18.947,-67.443,124.65,-319.24,156.79,-802.28,-67.49,-5.9123,-26.775,0,0
0,0,0,0,-307.73,310.18,342.74,-169.44,470.93,690.87,-456.08,-17.397,-19.982,0,0
29.487,2.0778,-260.35,-92.086,88.128,-635.47,135.69,-361.63,273.22,187.49,96.871,-176.47,-19.977,0,0
13.423,28.891,-5.0442,-18.434,116.06,-1.1715,-154.56,-119.75,493.03,1041.3,-570.56,-4.7177,-22.038,0,0
-0.94527,-14.212,-683.92,63.732,-14.346,109.88,174.05,-167.7,-196.91,186.32,451.49,-28.803,-306.52,-47.382,2.5981
-5.4919,-252.12,76.565,-187.55,-35.774,-277.31,-13.732,-381.25,227.53,557.34,28.915,-110.4,-71.832,0,0
-22.084,-3.6077,2.5736,-180.38,366.14,460.2,-306.46,43.779,264.87,232.75,-273.52,-41.626,-32.217,0,0
0,0,0,0,-133.36,-14.994,465.27,359.55,504.38,584,-234.65,-43.034,-26.087,0,0
0,0,0,0,157.17,179.51,148.1,-160.82,250.67,-154.03,45.001,-319.71,-23.158,0,0
1.067,-4.567,-4.2431,137.33,407.91,577.07,-166.56,39.452,-11.909,199.28,77,185.66,-296.71,0,0
-4.3301,-1.2679,0.81699,-487.87,93.255,-4.8017,153.51,-172.45,146.76,883.78,117.38,-190.99,-22.764,0,0
-24.66,5.776,-6.587,393.96,625.5,-350.85,33.457,-17.704,-149.24,-621.37,645.89,-78.796,-273.57,0,0
2.0123,-7.9151,-757.14,410.35,-422.14,-61.846,84.7,-46.753,420.69,521.7,-427.41,-128.63,-20.192,0,0
4.3358,7.0736,-3.7933,-566.38,507.18,-117.29,-20.001,428.46,649.84,-326.65,46.87,74.552,-42.569,0,0
2.5981,3.201,-9.1226,-587.18,309.89,-360.26,136.12,-1303.2,453.33,1688.9,-483.78,-3.2623,-16.738,0,0
0,0,0,0,-665.76,628.06,294.84,130.65,-77.865,298.57,36.441,-96.604,-17.137,0,0
0,0,0,0,-244.95,307.16,395.88,-572.89,241.98,578.79,-216.72,42.667,-170.74,0,0
9.0933,3.9869,-5.6651,-102.16,378.65,191.8,-429.7,11.613,252.96,114.11,239.75,-261.11,-27.963,0,0
-14.722,10.874,3.5114,-116.26,73.762,18.78,311.85,-409.52,847.65,814.31,-655.98,-67.061,-19.438,0,0
3.0311,6.5,3,-329.38,0.3414,89.117,-106.43,549.74,875.62,-325.6,49.278,-36.953,-15.808,0,0
0,0,0,0,157.24,-77.669,406.4,348.55,-264.86,-6.2462,-56.19,-92.914,-167.69,0,0
-14.289,-1.0897,11.141,-561.34,478.39,283.73,-269.05,10.989,-464.32,274.91,337.47,-218.07,-22.78,0,0
-7.7942,-5.9264,0.43301,-257.86,68.271,383.63,309.77,-686.12,-254.02,40.044,-187.1,-230.81,-28.634,0,0
-6.7909,-9.3203,-7.1956,394.38,225.41,-297.43,-47.113,-2.1549,-74.968,158.37,-33.986,-159.66,-21.106,0,0
0,0,0,0,285.64,416.65,-231.1,368.23,-60.067,-107.79,-426.67,-13.691,-25.301,0,0
0,0,0,0,129.12,147.1,87.442,163.64,-180.13,58.86,-71.545,-175.85,-24.517,0,0
8.9772,-500.09,250.88,341.34,-188.16,10.516,85.747,133.71,-103.64,401.12,-216.64,-417.94,-21.924,0,0
-15.588,-20.464,84.96,-13.658,-123.73,22.548,168.57,-104.48,-272.39,192.87,-112.61,-95.713,-146.1,0,0
-37.239,-25.181,-9.5718,-217.91,-72.993,182.1,305.18,-321.95,255.47,-51.555,121.3,314.81,-196.61,0,0
2.1651,17.946,0.38878,94.559,-170.42,250.79,76.95,-235.99,-817.21,220.54,-126.96,-263.26,-12.654,0,0
-8.2272,4.4707,-5.5556,-241.18,-6.2166,-136.6,-379,1018.5,-434.73,138.36,132.59,-75.367,-16.627,0,0
0,0,0,0,-139.75,347.12,-121,345.01,-151.6,43.36,-154.46,-4.0796,-12.273,0,0
7.7942,24.239,-224.88,193.82,84.568,-64.1,142.87,-359.86,-108.95,930.84,310.51,-331.49,-18.737,0,0
-4.7631,3.5981,-265.03,-56.998,10.469,183.26,-23.205,-149.76,-67.647,321.67,27.124,-555.26,-27.35,0,0
0,0,0,0,190.99,-456.89,229.66,151.43,-463.99,320.56,174.23,-316.72,-17.467,0,0
0,0,0,0,-643.26,288.52,292.2,141.84,135.94,202.93,-26.928,-96.696,-27.285,0,0
-36.373,-13.546,3,-339.01,44.36,91.144,39.234,143.32,-138.35,172.02,65.178,113.91,-79.431,0,0
1.299,0.21891,-31.6,-119.89,-30.368,120.15,151.71,502.04,-56.036,23.417,35.395,151.14,188.43,-210.6,-10.646
0,0,0,0,-266.73,-430.21,142.96,-5.6232,337.15,348.62,-177.42,-3.0269,-25.526,0,0
4.3301,21.58,-411.4,184.67,178.71,-159.59,-281.77,6.761,715.82,975.09,-299.15,207.63,320.83,-83.946,-3.0311
-36.373,-13.546,3,-339.01,61.912,16.722,240.07,-207.53,201.76,1169.4,-164.66,-115.22,-21.978,0,0
0,0,0,0,-754.9,486.41,337.61,-80.89,282.69,23.893,-68.417,-84.466,-19.344,0,0
-18.187,-6.7728,1.5,-169.5,-58.593,331.94,-155.57,-1118.9,430.96,1095.8,-473.54,12.177,-24.677,0,0
-5.4396,0.98894,-416.9,229.51,485.84,-164.22,-5.5449,-64.462,-67.23,-10.138,481,435.66,-184.16,0,0
0,0,0,0,186.65,171.03,124.03,89.81,-137.19,198.36,9.8919,-286.12,-21.989,0,0
1.299,-8.5377,-161.91,15.966,492.16,478.9,-97.811,-138.67,477.13,994.09,-807.23,3.2333,-18.818,0,0
0,0,0,0,-58.292,221.02,-575.36,-11.492,-423.55,419.8,-71.037,-367.94,-19.069,0,0
3.0311,6.5,3,-329.38,44.825,62.316,-30.193,212,-0.40691,177.97,84.88,-235.12,-44.936,0,0
0,0,0,0,-9.2419,112.67,-176.33,42.828,-836.61,622.15,-877.24,6.9886,-11.062,0,0
0,0,0,0,-42.619,160.3,167.91,660.53,-396.28,-110.73,172.26,-72.313,-13.134,0,0
4.3301,-27.137,-30.402,-73.253,24.516,-74.236,-253.18,-597.71,430.36,1400.2,-381.83,-7.0116,-14.223,0,0
0,0,0,0,-211.69,241.46,-196.63,460.63,616.09,-184.46,53.927,-159.52,-14.344,0,0
-9.3367,-3.2611,153.04,64.892,507.33,-395.37,-3.2554,-15.995,-447.13,-215.81,177.72,-212,-529.96,0,0
2.1651,10.141,-3.2386,-354.7,411.28,438.71,-451.96,37.468,905.36,157.49,-417.44,-14.084,-24.31,0,0
6.4952,12.842,6.317,246.61,79.036,-237,280.86,48.302,-41.019,-5.2673,-133.58,12.937,-2.3297,-146.55,-4.0712
10.825,13.926,-14.435,29.938,35.725,100.04,120.28,-1071.3,271.02,1367.6,-444.16,-23.388,-19.96,0,0
5.1962,16.714,-3.2452,181.23,-59.884,90.04,29.097,-216.69,345.98,865.09,-876.89,-15.13,-14.564,0,0
3.8971,-14.502,-20.458,91.362,-88.696,71.275,-379.73,22.497,434.78,215,-46.932,-224.49,-27.314,0,0
6.9282,35.294,4.0228,106.49,88.582,-103.34,106.12,42.101,-275.36,28.307,-39.356,145.29,-7.0316,-55.902,-2.8514
17.052,-276.66,135.99,346.36,-133.64,-124.85,34.515,-113.7,370.13,665.19,-756.86,123.78,-74.169,0,0
-22.084,-3.6077,2.5736,-180.38,549.83,-41.613,-887.09,747.54,887.74,-394.61,-68.889,-24.893,-35.39,0,0
14.295,-5.7093,-14.604,257.47,158.54,99.866,-361.59,-410.01,-99.632,651.48,75.078,-511.47,-23.472,0,0
13.856,22.201,-10.044,-137.48,-97.081,188.85,621.92,-45.281,36.501,-98.607,185.22,4.3294,-219.53,0,0
6.6325,3.6552,-8.9898,-83.849,100.36,14.518,-36.188,-23.712,834.75,1318.5,-643.08,-19.401,-17.551,0,0
0,0,0,0,-378.61,423.44,-447.34,-345.55,1066.7,-314.56,-146.16,-2.7769,-23.605,0,0
0,0,0,0,1087.8,1152.8,-163.99,-795.02,421.65,119.4,-204.68,16.539,-4.5768,106.6,-126.01
-4.4409e-015,-0.28109,167.51,-124.1,44.762,11.286,19.202,74.272,751.61,1314.4,-276.41,-151.72,-21.086,0,0
5.1962,15.696,-438.88,-57.177,362.86,4.5537,33.034,141.85,172.21,-123.35,187.76,95.07,-114.97,0,0
-15.155,-0.27276,4.5,-498.89,106.84,25.717,-16.474,403.9,394.38,-35.34,-193.73,-70.512,-24.82,0,0
29.884,7.4672,-359.99,-248.5,102.45,111.79,-696.85,-26.115,111.62,608.04,436.27,-182.77,-18.05,0,0
-2.5981,-6.3726,-7.201,-2.7931,-57.209,331.13,31.745,300.79,464.36,370.55,-153.99,-152.58,-22.352,0,0
0,0,0,0,-17.403,290.98,-98.05,-603.41,331,21.528,113.9,-226.02,-21.772,0,0
-20.352,-7.4067,1.9085,-413.44,111.37,-74.145,-77.172,3.6939,-56.897,13.846,400.46,41.65,-90.598,0,0
-11.691,-4.4869,-337.32,-108.22,17.754,1.2022,63,-36.962,-545.7,367.13,252.26,-132.12,237.34,-70.434,-0.86603
-9.0933,-2.1274,-183.05,76.236,64.667,123.95,17.395,-503.09,85.286,854.37,-758.92,46.4,-25.474,0,0
16.454,16.353,-2.8971,117.07,11.471,84.026,-327.27,448.96,-491.87,-8.2337,-117.3,-134,-12.611,0,0
16.454,16.353,-2.8971,117.07,-21.603,3.3554,203.9,-442.57,55.351,972.21,1.1208,-163.82,-21.178,0,0
-20.352,-7.4067,1.9085,-413.44,3.6232,-7.7474,245.51,216.86,-129.24,350.43,267.52,7.9564,-65.047,0,0
-11.691,-7.8954,3.866,-167.45,192.1,454.7,-891.72,675.13,1337.4,-390.1,237.84,-113.29,-26.819,0,0
-2.1651,-1.817,28.907,104.13,-86.789,174.56,311.73,84.828,86.746,106.21,254.69,76.474,-112.64,0,0
3.8971,-14.502,-20.458,91.362,-66.955,35.432,91.872,-462.99,-16.093,164.08,-697.71,234.61,-190.22,0,0
0,0,0,0,121,-143.87,398.46,444.12,19.805,168,429.44,-152.23,-21.394,0,0
8.2272,11.158,8.0425,272.95,74.512,154.1,443.08,-394.53,3.5023,287.56,160.96,-340.86,-17.734,0,0
-36.373,-13.546,3,-339.01,-8.8431,-184.34,59.732,299.04,-125.87,-88.772,514.27,181.51,-106.44,0,0
0,0,0,0,44.657,257.14,415.5,301.28,-164.03,-65.047,243.09,-320.77,-23.398,0,0
-3.8971,12.928,-68.803,100.63,-269.48,167.88,360.27,8.3876,-129.86,149,65.886,-70.742,-30.228,-26.665,6.3522
0,0,0,0,11.768,-140.32,524.73,-335,-52.035,171.74,-421.57,-9.8469,-17.442,0,0
0,0,0,0,-286.42,-278.34,228.77,-11.171,-91.821,-71.772,326.57,-155.85,-21.716,0,0
0,0,0,0,-408.03,495.35,814.85,24.914,175.51,31.164,-395.7,124.02,-61.764,0,0
-2.1651,-0.63397,0.40849,-243.93,-67.715,59.606,641.77,-211.53,-154.69,232.5,145.73,-140.65,-42.846,0,0
-2.1651,2.7075,-488.07,70.437,145.12,-258.82,157.01,373.45,-50.543,-171.81,-69.45,79.943,-68.866,-49.344,4.2721
0,0,0,0,9.6361,-174.65,7.3806,274.55,-18.262,-151.92,403.17,-386.56,-22.955,0,0
-5.6292,-4.7925,0.70753,-247.55,160.95,-14.757,103.27,-55.459,-10.306,89.226,122.66,-51.989,-40.52,0,0
0,0,0,0,161.52,-407.01,587.24,-64.186,-147.84,389.57,-87.9,-260.99,-22.644,0,0
6.9282,-6.7763,-12.768,125.79,-236.75,164.19,118.28,-321.16,-185.68,183.32,394.49,34.985,-94.464,0,0
-15.588,17.137,7.2728,-108.87,-332.97,90.33,506.36,-400.7,-146.59,110.58,19.233,-67.058,-88.714,0,0
-36.373,-13.546,3,-339.01,35.467,72.607,34.81,-38.84,-193.78,-209.86,25.917,212.8,-112.44,0,0
4.8792,10.624,-340.37,343.83,419.4,4.2252,69.726,-461.94,405.46,78.69,-573.3,-39.999,-19.429,0,0
3.4641,-15.16,-252.83,131.42,86.126,106.3,-410.8,210.19,351.84,11.381,30.452,-127.45,-19.217,0,0
2.1651,-8.0622,-364.79,47.728,-251.99,-33.148,1.9334,70.7,72.814,9.9776,158.81,-473.7,-18.225,0,0
-7.7942,-5.9264,0.43301,-257.86,365.04,281.87,-403.02,-552.89,121.91,489.23,-874.69,-5.1172,-20.647,0,0
-11.258,-1.6878,3.3415,-502.31,-123.84,335.36,-358.82,-1252.5,463.36,645.42,-331.6,-16.669,-25.515,0,0
0,0,0,0,-38.392,324.33,-593.81,151.51,847.68,694.32,-371.03,7.4599,-21.381,0,0
17.326,-1.6178,-147.67,-165.41,443.54,147.55,-175.31,85.309,23.106,-305.35,427.32,222.19,-179.46,0,0
-16.021,-20.342,-13.701,-206.13,-30.807,444.44,246.24,-189.47,-92.386,593.23,368.22,-189.25,-29.236,0,0
-10.392,-4.5359,-14.879,-518.51,118.74,448.6,-48.31,-954.01,491.72,799.47,-320.99,-10.632,-26.613,0,0
-6.0622,10.513,-2.3415,100.75,134.74,18.576,245.42,-99.019,-751.69,224.42,923.55,-438.09,-23.31,0,0
15.155,21.433,-96.342,-213.21,95.48,369.49,-124.9,-177.95,280.31,178.94,-935.59,-74.97,-28.298,0,0
-5.1962,8.6962,3.5,-352.25,71.29,117.01,36.372,84.412,762.62,332.02,-7.038,-42.322,-25.552,0,0
9.9593,6.6029,-293.14,6.7077,266.5,-38.91,-337.04,61.374,-198.3,-8.4016,407.6,-59.047,-117.08,0,0
-14.411,15.325,365.76,177.07,167.43,-168.06,34.234,39.883,-586.12,134.55,52.314,212.86,-491.74,0,0
8.6603,-10.276,-351.77,155.36,-13.482,21.05,-11.198,80.933,337.16,75.718,-131.07,112.22,331.29,-87.776,-8.9617
-4.3301,2.2631,10.025,-388.62,0.77297,351.44,-541.35,-115.49,691.73,116.79,-88.441,-75.361,-23.818,0,0
-12.99,-30.196,-523.42,149.81,424.44,-223.55,-420.6,46.578,349.66,157.17,-79.682,-395.75,-22.083,0,0
17.326,-6.1554,141.58,-39.579,385.15,65.679,-322.48,-42.145,118.93,-162.53,211.63,-129.55,-110.1,0,0
6.4952,5.1944,-11.665,-203.8,52.963,15.033,45.059,-236.63,27.326,355.43,350.5,45.209,-93.366,0,0
12.557,35.154,-1.2828,-11.045,152,-38.946,-203.62,-175.33,-83.631,207.69,-420.76,8.4003,-196.56,0,0
0,0,0,0,1.3146,-42.195,13.855,-378.19,386.57,560.69,-415.66,-13.673,-19.145,0,0
6.0622,41.557,7.7841,113.88,223.57,-102.31,-304.46,-104.99,65.492,-43.566,131.37,-317.79,-23.944,0,0
0,0,0,0,276.99,94.482,260.13,-303.01,274.11,373.19,-598.88,-6.6705,-18.298,0,0
3.0311,6.5,3,-329.38,182.7,222.75,-613.45,-71.364,314.06,1.3997,-46.692,-44.915,-26.192,0,0
3.8971,5.683,9.6405,-391.83,-18.278,650.45,245.8,-268.31,964.75,-259.57,-200.89,117.18,-64.886,0,0
-6.0622,3.5556,-7.5131,0.73802,42.83,-35.313,-284.2,-215.03,92.066,135.53,184.71,-124.4,-170.9,0,0
8.2272,19.116,1.9019,-255.47,-28.581,188.57,163.05,130.09,-25.638,225.96,422.72,-167.23,-20.474,0,0
9.5263,13.384,-9.5018,65.122,-121.68,109.11,-522.98,38.766,297.68,23.704,461.53,-397.5,-24.847,0,0
-4.7631,-12.696,-15.335,-137.51,-80.098,-45.953,-57.27,156.3,-72.339,145.65,77.677,-98.632,-18.594,0,0
6.0622,-1.2452,-16.806,332.44,257.37,134.13,-42.966,-388.89,2.3781,81.862,-4.072,-224.48,-83.017,-239.52,-7.7942
4.3301,10.75,-16.727,-197.81,-56.993,88.702,250.54,-301.42,-62.292,148.01,13.393,-61.467,-125.51,0,0
-12.557,-13.299,-6.9133,140.34,46.46,-120.39,465.57,-339.53,-139.97,162.09,44.406,-67.946,-207.83,0,0
-20.352,-7.4067,1.9085,-413.44,139.73,14.664,541.02,-385.29,-32.507,197.24,-442.01,46.402,343.84,-94.006,-3.4641
0,0,0,0,-83.67,-82.235,118.46,498.5,-152.03,84.552,104.96,-194.32,-17.551,0,0
-36.373,-13.546,3,-339.01,-112.07,93.072,66.262,-379.72,26.62,202.89,268.08,3.7889,-75.907,0,0
0,0,0,0,0.97821,539.62,-8.9695,14.638,-180.31,-156.77,-79.744,-14.054,-15.961,0,0
7.7942,10.609,-6.6471,-315.61,111.08,-241.14,232.03,36.471,-171.94,158.02,19.873,-194.19,-63.678,0,0
24.254,5.5341,-21.659,185.79,-213.22,-65.714,288.6,-259.44,115.63,218.21,-278.27,-51.715,-27.538,-239.52,-7.7942
9.0933,29.02,9.9313,249.39,184.23,192.4,-40.604,-75.917,-46.236,-186.16,181.59,-15.219,-45.82,-262.55,5.6292
6.0622,41.557,7.7841,113.88,-19.154,-57.961,346.62,-62.31,-66.319,-49.578,95.148,-121.66,-375.49,0,0
2.1651,17.946,0.38878,94.559,-209.09,173.47,-339.01,-256.61,-20.854,2.6547,69.993,-278.01,91.897,-145.43,-9.5263
12.99,17.743,-4.0556,-401.06,242.23,539.53,-238.8,-792.44,665.32,712.15,-65.259,-81.524,-20.223,0,0
7.0655,25.443,-13.978,231.41,348.78,-209.64,-22.96,-1257.5,355.57,1438.4,-335.17,-152.63,-18.019,0,0
0,0,0,0,-337.85,99.663,-29.349,643.85,596.12,-675.43,2.1337,87.96,-234.18,0,0
-15.588,-0.76138,-9.0604,4.8409,67.946,57.321,-145.18,-56.091,611.61,417.07,-219.59,27.487,55.103,-145.94,-6.0622
-20.352,-7.4067,1.9085,-413.44,143.12,209.17,-20.391,-327.65,505.3,1198,-513.55,124.61,-67.932,0,0
0,0,0,0,17.261,-537.71,321.71,-572.36,101.11,-83.685,-114.3,-174.94,-22.337,0,0
-6.9282,-20.495,-337.9,196.9,-7.5062,53.627,160.91,33.203,372.81,-134.3,-437.27,81.119,128.31,-52.361,-4.3301
2.1651,-3.1896,-4.616,337.23,110.22,-447.87,-124.85,194.76,514.71,-168.63,-54.631,25.118,-22.316,-193.57,-1.299
7.7942,10.609,-6.6471,-315.61,70.973,-0.30514,-21.46,259.23,982.57,-252.53,-66.787,109.57,-64.952,0,0
0,0,0,0,56.186,155.07,-291.78,382.78,715.07,-693.8,66.156,217.66,-85.833,0,0
0,0,0,0,-284.91,219.02,-356.03,936.59,1145.1,-295.92,-60.735,-196.03,-20.039,0,0
-2.1651,-0.63397,0.40849,-243.93,405.36,210.76,-751.02,670.84,288.98,-236.7,225.31,-70.446,-15.943,0,0
0,0,0,0,-107.91,340.56,51.114,943.66,1442,-445.59,197.54,-161.86,-20.69,0,0
-8.2272,4.4707,-5.5556,-241.18,209.6,34.274,-306.7,171.99,-211.01,-118.16,-119.89,-181.94,-27.831,0,0
3.0311,-4.1405,-1018.6,651.03,-380.08,11.641,188.39,8.5734,-22.353,116.19,-219.35,-108.77,151.19,-52.361,-4.3301
0,0,0,0,-99.967,33.154,-564.64,488.86,-369.62,-77.019,-0.073557,248.32,-94.792,0,0
0,0,0,0,-547.01,185.49,-875.15,267.16,1274.2,0.88057,-258.96,27.344,-16.118,0,0
-8.2272,4.4707,-5.5556,-241.18,220.32,421.3,-1204.5,606.29,-1068.9,12.959,-57.544,66.165,112.36,-47.003,-1.7321
0,0,0,0,-405.59,302.23,-304.19,-1078.3,543.44,-906.99,109.4,-45.317,-15.328,0,0
0,0,0,0,-380.04,368.96,-424.03,218.11,-415.2,-468.25,-65.674,260.47,-82.727,0,0
-4.7631,-22.477,-21.951,-385.09,58.076,286.34,-346.57,637.3,38.893,-549.68,-116.77,-187.33,-18.737,0,0
0,0,0,0,-69.152,329.85,-220.4,762.77,1588,-510.59,-16.015,-31.951,-15.195,0,0
11.359,20.784,-651.49,434.61,627.93,-154.76,3.3334,-281.5,320.82,131.05,-104.17,-468.36,-72.072,0,0
-11.258,-0.30385,-231.78,118.07,-402.37,508.1,-469.56,119.09,260.41,-285.44,270.59,460.42,-178.65,0,0
10.825,13.926,-14.435,29.938,-139.65,-1.7576,215.73,134.75,-96.933,-71.157,318.25,112.23,-271.73,0,0
0,0,0,0,124.51,231.56,-429.87,171.88,564.44,108.01,-579.86,0.37972,-26.425,0,0
-17.183,-258.4,15.114,-43.932,273.56,-278.06,-4.6185,-91.104,-642.25,-377.17,39.919,-175.45,-115.79,0,0
0,0,0,0,-178.59,204.82,257.65,-31.895,-363.56,197.26,-633.94,-44.603,-34.098,0,0
8.2272,24.44,4.4444,215.66,-45.485,400.21,578.86,-242.02,-33.171,2.3239,-218.73,83.907,-20.811,-216.49,1.4575
-12.124,5.4527,153.22,103.86,432.23,-175.92,-358.55,71.024,294.89,-24.214,276.95,4.2009,-206.29,0,0
16.887,-3.4593,-253.9,-119.67,94.776,175.59,-834.14,195.44,274.25,-566.9,357.79,-599.14,-25.629,0,0
-2.1651,-6.1405,-260.25,-54.523,-125.61,-9.7169,-420.11,272.16,27.896,-68.787,223.51,254.7,-155.6,0,0
15.652,15.338,-147.53,-69.475,636.44,-252.48,-1.0625,127.91,335.54,111.34,453.77,-32.234,-239.55,0,0
5.1962,-3.4037,103.05,-56.1,-117.28,-23.357,-126.45,10.152,212.24,-178.62,134.48,-264.51,-396.62,0,0
-2.5981,-180.76,5.7785,-70.06,32.035,-54.992,178.57,-170.31,130.9,-76.621,60.885,-71.822,-68.253,0,0
19.053,22.377,-8.1112,-21.026,152.49,256.31,-31.405,-47.056,338.29,-945.39,-244.88,27.978,-147.36,-119.76,-3.8971
4.7631,-9.6537,8.0867,308.74,45.756,204.21,178.54,-113.13,-7.7075,155.73,-260.05,-95.965,154.42,-223.36,-7.7942
-17.321,-19.342,-16.328,79.584,1.8807,371.84,-84.442,-221.1,970.23,-500.01,215.85,-194.77,-25.533,0,0
-2.1651,-8.1226,-0.10289,-666.56,368.68,678.7,-212.89,-72.582,454.66,103.05,-1046.1,246.14,-86.842,0,0
-19.053,-12.072,-92.767,-30.81,-149.53,213.44,-128.14,62.313,1387.3,-520.56,-8.6791,129.27,-63.869,0,0
-5.1962,-0.060417,-5.3905,27.108,6.8867,122.08,-124.25,-706.31,251.59,-1189.7,103.59,-188.38,-23.035,0,0
21.656,23.042,-351.78,-136.46,188.31,359.48,-63.796,46.137,-880.87,644.33,983.96,-330.03,-15.953,0,0
3.8971,5.683,9.6405,-391.83,167.21,26.888,123.16,-731.13,621.88,462.14,-158.49,164.6,-89.071,0,0
19.491,14.444,2.5057,-455.89,319.79,-170.09,-17.06,-658.22,103.62,582.34,-112.73,-124.11,-26.686,0,0
5.3334,2.5571,-14.66,566.63,523.89,21.271,1.9813,36.911,955.02,849.62,-850.19,-33.928,-21.65,0,0
-0.72877,-6.0703,4.5544,108.39,284.88,-341.86,5.4073,68.438,28.167,-53.986,92.856,-206.67,-25.372,0,0
0,0,0,0,156.75,504.47,-126.2,-193.91,404.3,251.4,-197.27,-0.044873,-16.681,0,0
3.3113,5.0801,-651.8,402.88,-417.71,23.133,106.99,-18.829,355.91,406.42,-80.43,265.71,-116.19,0,0
6.6325,3.6552,-8.9898,-83.849,223.84,-91.103,21.869,-124.72,-199.27,379.39,-77.977,-110.36,-26.387,0,0
4.3301,21.58,-411.4,184.67,-24.304,295.67,199.05,-125.03,-12.952,-90.22,19.06,210.23,99.27,-138.8,-3.2688
2.1651,-19.533,156.05,-139.68,-13.213,446.17,-19.176,-216.43,-61.521,107.42,-96.279,36.789,-440.01,0,0
0,0,0,0,602.06,429.05,-321.45,-276.48,48.181,874.8,-391.81,-144.59,-24.661,0,0
18.625,15.261,-4.1349,-393.45,301.96,-260.79,65.561,-988.04,887.46,-475.25,-93.605,9.0715,-27.502,0,0
0,0,0,0,-827.1,606.85,-287.16,-759.91,937.1,-432.5,-112.01,16.144,-24.381,0,0
15.25,7.7127,-24.557,184.06,46.217,-52.227,-0.49015,-225.74,200.7,-28.557,21.276,-400.75,-26.876,0,0
-29.308,-9.0018,0.50569,-678.6,468.56,-204.86,-73.256,400.73,597.93,385.94,92.734,-85.054,-22.103,0,0
-5.6292,8.2942,-639.13,319,5.0066,-382.4,-26.275,-160.9,-1.1241,239.76,-38.291,-125.83,169.65,-68.55,-1.299
-9.9593,-10.641,-689.25,58.661,42.26,-431.27,-9.5736,6.7877,-82.582,219.65,1353,-336.94,-65.312,0,0
-0.86603,-13.721,-513.38,211.27,30.49,217.33,-1.016,148.02,-306.51,364.94,-151.93,-256.72,167.92,-70.434,-0.86603
-1.616,11.691,10.033,155.22,65.185,-140.65,-194.67,46.396,212.77,-8.3428,-138.69,-82.368,-334.3,0,0
3.8971,4.9755,-499.11,-56.115,110.85,222.37,-210.49,-508.37,-214.45,680.46,675.29,-224.63,33.599,-52.361,-4.3301
4.7631,20.665,-11.446,105.83,200.81,287.36,-134.8,-577.86,403.06,612.63,-149.33,-216.72,-23.958,0,0
0.43301,14.27,5.7123,60.535,94.327,208.18,94.553,251.74,-233.65,802.11,184.4,-176.08,-234.18,0,0
-14.289,-14.719,-350.48,-35.104,121.54,165.7,480.3,-287.6,549.64,182.12,32.337,97.587,-89.237,0,0
0.86603,17.337,91.021,93.973,226.41,94.035,-634.75,176.98,62.039,222.11,40.368,-359.97,-267.37,0,0
-0.86603,-24.417,-8.1143,-53.812,166.51,86.971,-697.67,2.2835,102.74,682.88,-189.13,-92.971,-19.068,0,0
-17.754,-10.011,-603.65,117.99,110.42,255.51,51.816,-19.103,205.53,-74.32,22.028,359.29,143.44,-97.134,3.0311
-3.8971,-25.959,-173.9,-112.12,207.19,579.11,160.67,-42.018,824.93,-206.86,-207.53,-266.31,-26.58,0,0
-22.084,-11.938,261.19,98.222,87.744,-57.306,82.013,466.06,7.3214,521.3,107.71,-115.89,-274.7,0,0
-3.4641,-15.355,-251.74,167.23,68.133,103.22,423.73,-150.31,108.19,-15.059,167.16,232.66,-110.88,0,0
-5.1962,0.78109,-239.67,137.19,163.17,176.81,-269.51,221.78,-231.07,210.73,-148.34,301.14,-193.88,0,0
-7.7942,-5.8529,-432.35,21.214,15.836,-40.866,84.725,-93.454,185.42,301.67,-157.56,-27.797,144.96,-68.368,-2.4028
7.4037,9.4833,1.0637,-1000.3,349.58,560.21,-46.557,-348.12,-8.1227,499.16,-502.85,-81.771,-24.29,0,0
-3.8971,5.5556,-5.7877,-41.932,-76.051,182.18,91.764,107.05,-68.97,259.93,49.282,-259.07,-26.823,0,0
10.392,23.141,-10.551,-61.318,123.53,225,-447.46,-118.72,909.71,557.27,-382.99,-43.213,-24.975,0,0
3.8971,3.817,-237.16,334.21,-111.26,-9.3708,21.779,-61.863,-206.68,440.69,-265.77,-241.43,-19.588,0,0
10.825,13.926,-14.435,29.938,-33.301,195.21,279.5,-44.608,-23.079,-279.26,-37.29,177.89,-279.48,0,0
3.0311,-10.886,-22.58,64.992,63.78,257.02,-40.553,249.79,105.47,20.811,148.1,358.17,-180.32,0,0
2.5981,23.91,5.7728,60.636,106.96,-33.354,-307.55,-64.581,115.25,121.58,-28.588,-275.47,-24.727,0,0
5.1962,16.714,-3.2452,181.23,108.17,446.68,317.02,133.15,-54.892,-23.171,-136.65,171.63,-394.01,0,0
-1.299,-3.1405,-260.61,165.41,-0.3686,203.06,-222.39,172.76,53.403,44.051,181.98,-99.798,-64.368,0,0
1.299,-6.8546,-9.567,14.644,25.761,395.29,65.354,-12.102,30.116,-31.163,-44.936,85.587,-91.314,0,0
-3.8971,5.6537,-255.48,113.49,156.57,114.44,-68.227,-145.11,-341.24,-272.29,290.15,-116.42,-286.94,0,0
0,0,0,0,-66.394,235.12,256.18,-86.274,40.856,-2.2158,30.615,23.046,-130.94,0,0
8.2329,-11.941,-26.689,-53.185,96.677,397.86,-721.99,-297.09,601.42,-219.03,-500.15,105.06,-129.41,0,0
23.388,16.724,-18.11,-74.799,354.99,217.53,-104.3,-128.67,328.42,74.691,723,-254.5,-23.064,0,0
23.821,-7.3875,-282.35,-25.294,234.24,241.9,-163.41,17.204,-146.83,-170.11,8.3143,-441.83,73.145,-47.003,-1.7321
-2.1651,-0.63397,0.40849,-243.93,410.43,443.26,-578.56,-19.087,305.44,102.21,-816.84,10.017,-22.64,0,0
14.289,10.121,-13.513,-281.11,499.33,-447.53,12.473,-182.54,22.04,272.32,290.72,-404.07,-20.136,0,0
-2.5768,12.396,-0.5649,317.61,-152.71,394.85,-142.11,41.18,1016.4,273.03,53.752,242.52,-156.43,0,0
-7.657,1.4653,-34.112,-469.48,315.15,-471.79,-524.43,112.22,-151.2,-38.221,-305.07,-13.429,63.924,-145.94,-6.0622
11.755,16.951,-916.61,268.22,-293.73,-31.894,-28.461,125.3,519.89,-95.709,-398.83,-16.019,236.67,-70.434,-0.86603
0,0,0,0,-129.92,274.19,-425.84,286.8,-26.596,-217.71,-87.829,110.74,-69.457,0,0
0,0,0,0,-847.83,307.17,-121.39,-13.152,130.42,68.936,-80.403,-41.79,-18.359,0,0
-2.1863,-424.29,321.83,71.21,368.32,-164.59,-5.0482,-162.9,193.09,220.47,480.26,125.15,-185.41,0,0
0,0,0,0,478.21,385.64,-60.488,157.82,260.09,306.8,-465.98,26.646,-22.432,0,0
16.454,16.353,-2.8971,117.07,74.6,-95.861,337.19,150.35,-301.32,-29.745,171.63,-478.43,-23.568,0,0
10.825,15.335,-262.41,-2.5507,6.2393,-445.1,-22.316,325.95,-91.742,-2.9622,178.32,-311.72,-23.454,0,0
9.9593,22.574,-6.3678,54.627,214.85,-274.83,-6.9412,-33.912,299.37,-161.59,-137.12,434.25,-403.25,0,0
-8.2272,4.4707,-5.5556,-241.18,101.81,-266.41,157.46,300.07,-308.82,-110.48,164.45,-51.843,-69.501,0,0
0.43301,-2.9821,99.538,-91.091,-77.106,-24.632,-25.985,-22.5,174.4,-136.71,323.04,241.55,-483.72,0,0
3.8971,-14.502,-20.458,91.362,27.117,-667.15,393.28,342.5,-381.02,-81.026,257.42,-36.241,-90.242,0,0
5.1962,23.696,5.8954,137.44,5.4623,128.84,566.82,-98.375,-175.28,113.6,-208.95,56.736,-195.42,0,0
-14.722,0.22724,-396.6,361.21,188.74,-181.43,84.923,117.73,-394.36,215.27,466.36,-67.558,207.71,-68.55,-1.299
3.4641,11.806,21.007,-74.633,474.33,343.91,-262.27,134.41,238.48,473.79,404.2,-151.64,-12.572,0,0
-12.99,-7.3529,-15.879,-181.42,-86.457,259.18,-509.19,-355.16,1067.9,-620.94,57.098,-241.33,-19.2,0,0
4.3301,-2.6226,39.824,-259.17,359.94,80.551,-348.69,7.1607,117.94,-176.67,-7.2471,11.747,-294.6,0,0
-6.9282,-14.208,-425.64,-71.66,342.03,87.095,-164.07,273.18,14.015,-4.3648,-4.6682,38.536,-253.09,-45.796,-1.7264
6.9282,2.4869,-250.82,184.66,-142.32,167.62,-58.45,-172.44,250.69,13.932,-8.6692,250.58,254.1,-94.548,-4.5679
-8.2272,4.4707,-5.5556,-241.18,154.22,-9.4154,241.88,-39.214,-85.886,-206.27,-0.45051,248.38,-115.99,0,0
-34.662,-19.12,-34.829,-266.34,278.38,-205.93,55.292,-120.87,-44.798,294.11,-323.76,23.428,-229.08,0,0
15.588,0.98029,-278,-100.13,69.925,211.1,-225.31,400.84,-166.57,350.04,571.26,-177.8,-15.389,0,0
-15.155,-23.542,-251.74,-40.971,24.892,-111.07,601.31,-322.27,-23.175,-68.776,-113.3,98.473,10.201,-48.921,2.0915
-11.258,-0.30385,-231.78,118.07,124.74,388.02,-22.126,81.774,15.978,239.05,59.044,-51.464,-71.753,0,0
-4.7631,-12.696,-15.335,-137.51,33.655,45.201,227.95,195.68,62.518,-110.61,-326.49,-32.575,-22.032,0,0
-22.084,-3.6077,2.5736,-180.38,-76.515,317.73,265.95,-30.279,205.41,556.74,-542.82,5.9327,-20.504,0,0
-6.9282,-25.02,-90.198,39.637,-25.232,54.128,-93.577,374.93,588.63,517.61,-72.631,-23.617,-24.546,0,0
-36.373,-13.546,3,-339.01,42.747,369.48,-230.54,146.61,-48.427,-60.928,271.34,-127.69,-19.423,0,0
9.0933,1.3529,-317.05,76.86,-151.66,-39.778,-74.67,-263.91,-52.325,-101.53,-9.9061,161.64,128.57,-69.373,-3.0736
5.1962,16.714,-3.2452,181.23,29.361,251.58,310.76,-27.09,-101.59,89.492,75.28,-268.44,-130.21,-126.15,-5.9249
-8.2272,4.4707,-5.5556,-241.18,-158.84,215.21,56.532,-156.21,-54.136,152.11,208.41,159.21,48,-48.921,2.0915
-22.084,-3.6077,2.5736,-180.38,12.102,116.36,-90.936,518.4,-326.03,40.375,92.952,-243.84,-25.375,0,0
0,0,0,0,162.32,17.604,408,159.9,-278.78,265.96,-187.74,-165.43,-22.08,0,0
6.9282,16.824,-240.44,282.77,-101.31,32.192,152.11,236.42,-300.31,149.32,54.783,-296.09,207.13,-76.725,-2.4183
-11.691,-12.799,-145.85,-3.2385,95.395,331.15,-409.44,6.7745,83.995,48.871,200.29,705.48,-810.27,0,0
8.6603,-8.4593,-11.042,152.12,-96.128,-31.901,-188,-220.43,-107.19,-2.7943,161.58,113.72,-111.48,0,0
-12.557,-13.299,-6.9133,140.34,160.17,64.182,-136.69,152.54,-48.633,-185.34,-36.99,219.53,-31.97,-267.41,3.2958
0,0,0,0,216.48,643.88,-169.93,-750.31,635.73,311.33,-469.23,8.5615,-24.791,0,0
9.9593,-12.374,-14.201,289.3,161.17,-331.94,157.81,-52.488,-61.927,-180.67,3.9433,224.83,-109.68,-145.01,-9.9593
-5.1962,-10.147,-353.48,32.704,-468.55,429.73,299.01,-176.34,131.42,-93.969,159.78,81.112,267.99,-125.37,6.4952
-9.5263,-22.605,-3.3397,153.58,333.64,290.91,334.5,22.423,-212.29,77.84,64.811,76.803,-57.591,-239.58,3.7231
-16.021,-1.9133,-427.22,81.5,-68.949,-3.4213,316,-317.67,-356.45,123.57,-32.51,52.913,153.04,-94.548,-4.5679
7.3612,-11.569,-347.89,201.85,-1.635,-88.926,-223.28,296.11,-214.19,-328.46,-77.782,-44.308,-75.181,-70.434,-0.86603
9.5263,-9.0687,-329.66,203.18,519.03,239.33,120.63,-153.21,-79.442,-86.64,80.019,181.49,444.01,-136.94,1.7321
-25.115,-26.085,-364.41,-67.39,45.035,11.95,245.16,-116.96,-376.05,-199.93,155.87,-136.25,-40.303,-55.902,-2.8514
-1.7321,8.9886,11.732,440.04,167.52,299.37,-54.22,-2.6809,241.31,-71.645,49.295,87.435,163.07,-257.4,7.6202
-2.5245,8.4698,-1.7255,-58.808,93.09,159.01,-42.346,75.442,-69.938,-73.923,167.81,53.742,59.277,-182.51,3.4641
0.87172,0.34151,-7.4028,-325.57,233.51,-525.5,-335.38,457.54,148.08,-423.58,-59.415,-63.606,244.97,-73.184,-3.8971
-12.557,-1.5538,-258.4,40.155,181.76,-56.194,207.67,17.855,142.09,-143.78,79.529,5.4675,132.29,-46.454,-2.6645e-015
0,0,0,0,436.72,317.62,-75.814,-169.68,197.84,-15.935,-179.04,-103.77,-24.401,0,0
-29.308,-9.0018,0.50569,-678.6,147.51,817.19,-381.02,-1185.1,357.54,154.46,-632.83,187.46,-86.001,0,0
13.862,14.518,-5.7084,-660.4,458.29,389.59,-916.31,777.65,-112.82,-445.13,15.973,52.248,139.33,-49.344,4.2721
-22.084,-3.6077,2.5736,-180.38,30.504,240.24,-912.63,-195.6,293.14,239.98,-145.05,-165.09,-28.449,0,0
15.356,13.002,-97.311,-617.36,183.25,706.51,-190.37,480.25,-78.102,-136.66,59.52,94.721,-93.474,0,0
-18.62,-11.993,8.9413,-265.19,197.21,-472.01,-80.113,257.55,709.97,343.92,-412.52,-129.02,-16.059,0,0
0,0,0,0,-323.31,211.77,486.49,100.51,32.279,-484.65,-61.282,-29.81,-22.692,0,0
0,0,0,0,-200.5,658.99,1072.9,-186.34,861.55,166.55,-487.79,45.202,-105.9,0,0
6.9282,0.39535,0.031089,-88.866,227.66,-304.79,-15.382,28.261,366.65,379.98,-147.18,207.71,-92.061,0,0
21.26,-3.1166,-249.41,63.791,382.93,-404.1,32.574,-766.62,509.58,-67.5,-72.984,-35.082,170.98,-70.434,-0.86603
12.99,17.743,-4.0556,-401.06,233.83,532.63,210.04,89.96,-426.35,219.98,559.24,-215.73,-23.542,0,0
0,0,0,0,-499.56,190.77,-530.67,-1197.9,329.35,-914.5,122.81,-206.17,-19.529,0,0
0,0,0,0,81.252,-51.53,-257.7,-351.9,924.49,-557.75,259.16,-47.045,-21.955,0,0
0,0,0,0,31.101,174.53,488.21,47.894,-216.55,93.211,-316.73,-200.01,-30.418,0,0
-9.0933,-7.1651,-18.127,-120.09,-45.262,-245.16,80.307,-60.024,-3.2613,-14.285,470.05,166.57,-110.24,0,0
-22.084,-3.6077,2.5736,-180.38,108.64,-179.95,541.44,-303.92,-2.8847,-31.629,-152.96,124.16,-86.774,0,0
0.86603,2.683,-7.3792,101.62,-101.1,241.69,-230.46,205.03,-146.99,141.6,-39.694,-353.71,-17.174,0,0
0,0,0,0,-308.75,101.86,188.08,-72.851,-266.42,460.14,37.936,-69.67,-26.649,0,0
0,0,0,0,-403.72,166.43,505.86,-328.07,-245.17,282.06,-64.525,-84.744,-17.734,0,0
9.9593,11.243,-7.0556,-71.68,149.63,-63.341,274.16,-513.32,53.057,32.958,369.98,37.675,25.565,-40.772,-7.2296
0,0,0,0,-248.48,-0.54028,420.2,-176.6,-78.486,484.45,-120.4,-28.307,-23.265,0,0
-10.392,-4.5359,-14.879,-518.51,475.85,806.33,-248.25,398.73,357.07,-85.568,-211.97,-41.392,-21.906,0,0
12.99,-13.307,-11.451,-277.67,382.99,266.2,-6.6866,-91.711,289.18,201.67,122.29,-118.89,-25.862,0,0
0,0,0,0,-259.16,-268.29,554.68,141.39,-221.12,607.53,63.09,-64.836,-19.411,0,0
0,0,0,0,57.682,-326.89,148.94,9.2328,-121.31,-109.79,35.6,-327.85,-21.968,0,0
0,0,0,0,-313.33,-435.84,450.24,258.08,-85.837,663.77,-65.221,-64.321,-23.329,0,0
-8.2272,4.4707,-5.5556,-241.18,-31.036,188.98,453.34,-285.79,-116.45,91.847,109.8,131.58,-86.4,0,0
-2.1651,-0.63397,0.40849,-243.93,199.1,38.199,54.253,457.37,24.538,-186.99,204.89,104.15,-91.087,0,0
-1.7321,25.35,-245.39,106.14,-124.25,-48.97,118.27,375.53,6.6137,-1.3779,-51.414,-324.75,-18.426,0,0
6.9282,2.1208,-5.5425,315.02,-6.8809,-444.21,339.61,-57.808,-180.53,-145.68,-60.689,31.393,-616.33,-88.691,6.0622
2.1651,-3.1896,-4.616,337.23,-118.73,381.08,292.98,-464.59,-175.28,-76.56,35.046,322.56,-130.82,0,0
-18.187,-6.7728,1.5,-169.5,71.658,96.269,480.6,128.08,-102.05,256.41,-295.74,-2.8382,-26.162,0,0
-2.1651,-0.63397,0.40849,-243.93,104.86,181.93,-317.02,149.84,-35.219,141.36,294.8,-6.4411,-66.408,0,0
0,0,0,0,-174.35,982.39,-225.23,-602.39,781.25,-134.42,-326.54,-3.4357,-147.23,0,0
-3.8971,5.6537,-255.48,113.49,9.808,49.652,346.2,185.13,-176.73,-232.63,490.61,138.29,140.98,-70.434,-0.86603
10.825,19.799,-162.17,-146.21,53.369,-360.03,58.895,-193.44,100.85,74.188,167.81,390.57,-381.79,0,0
-19.053,-18.408,-11.072,-48.405,49.16,100.24,201.24,300.16,-51.507,250.27,256.42,-138.86,-23.48,0,0
0,0,0,0,41.289,-402.85,163.14,302.57,-393.94,408.11,-117.79,-78.345,-18.164,0,0
0.43301,-9.2386,-8.5,253.04,62.963,86.601,283.25,-107.73,-75.234,-48.375,-41.539,-349.26,-108.84,0,0
2.5981,8.7321,-3.4952,185.81,119.08,17.617,225.56,63.525,-14.037,-252.7,290.44,-194.41,-195.55,0,0
-5.6292,-0.39535,-259.37,29.289,192.77,214.63,284.32,35.299,-368.07,-3.7082,95.74,266.8,-259.39,0,0
3.0311,6.5,3,-329.38,28.625,178.35,276.31,81.973,-160.98,-80.855,124.21,387.7,-154.59,0,0
-18.187,-6.7728,1.5,-169.5,40.748,36.299,222.66,-149.68,-305,343.06,-134.35,-23.441,-26.625,0,0
9.9593,11.243,-7.0556,-71.68,117,-143.73,340.9,-23.813,-30.032,127.59,-52.149,-306.26,-27.819,0,0
-9.8857,0.61034,-0.80385,-239.33,-89.956,101.43,356.33,-39.259,-42.503,-235.91,-89.683,-91.636,173.48,-68.368,-2.4028
3.8971,-14.502,-20.458,91.362,-249.7,49.878,58.958,188.73,230.25,-151.34,320.18,-98.368,-225.37,0,0
0,0,0,0,19.366,8.8008,437.26,138.84,-461.84,99.022,281.13,-37.189,-131.65,0,0
-13.423,-8.0114,-328.91,18.898,69.474,157.33,245.82,145.34,-606.95,-191.21,15.439,4.0609,129.57,-68.368,-2.4028
-2.1651,-0.51795,-164.96,213.22,-0.75328,-76.116,324.71,-10.119,-70.027,41.851,133.45,221.17,-45.949,-52.361,-4.3301
-3.0311,-12.319,154.55,113.35,-88.983,77.979,455.9,178.9,-121.5,-10.136,96.737,246,-427.65,0,0
-8.2272,4.4707,-5.5556,-241.18,223.38,113.03,-102.24,-455.64,196.72,217.64,-189.44,-79.122,-19.481,0,0
3.8971,5.683,9.6405,-391.83,-165.59,353.96,562.2,278.81,536.35,200.96,97.188,-121.47,-25.792,0,0
7.7942,10.609,-6.6471,-315.61,436.06,-39.359,-551.12,805.32,225.75,-52.484,-266.85,10.368,-24.299,0,0
0,0,0,0,316.59,-62.04,-37.201,289.38,-498.25,130.42,412.61,-323.01,-24.194,0,0
0,0,0,0,228.98,-467.37,520.91,-427.69,-188.36,92.27,-15.686,-266.24,-26.373,0,0
-11.691,-1.6633,5.6585,19.247,-1.9821,231.39,383.78,-471.89,-546.75,889.88,-913.73,1.6788,-13.732,0,0
0,0,0,0,-33.256,40.664,43.025,-257.34,51.845,293.39,-660.42,-22.506,-21.41,0,0
12.99,17.743,-4.0556,-401.06,96.99,-535.73,168.72,253.46,160.99,-65.222,220.35,40.777,-86.208,0,0
-14.289,-1.0897,11.141,-561.34,474.47,358.92,-968.46,97.88,259.49,167.41,-35.407,-50.713,-17.918,0,0
-20.352,-7.4067,1.9085,-413.44,-3.776,-323.7,114.16,175.75,-344.65,226.77,-202.42,-58.97,-16.924,0,0
3.0311,6.5,3,-329.38,46.726,-140.17,473.89,-12.9,32.473,-173.59,465.88,-184.76,-15.752,0,0
6.9282,2.4869,-250.82,184.66,-49.51,-266.1,147.19,-116.94,-670.33,335.99,-44.959,329.75,-135.33,0,0
0,0,0,0,143.93,-31.012,-70.907,479.71,-443.11,150.43,335,-580.68,-19.149,0,0
-18.187,-6.7728,1.5,-169.5,231.25,305.09,101.61,136.71,93.916,-2.2397,-208.01,36.125,-67.986,0,0
-18.187,-6.7728,1.5,-169.5,181.36,356.33,-145.66,54.86,-21.45,219.26,154.59,76.11,16.018,-48.921,2.0915
18.26,18.627,-9.3595,-141.51,23.376,343.44,-97.136,65.137,47.271,-194.49,-23.08,-271.21,144.2,-181.03,-1.241
-2.1651,-13.08,77.2,112.39,39.628,35.702,230.41,-274.84,235.14,-89.039,241.62,194.55,-327.49,0,0
-19.053,5.4904,10.268,-516.43,261.98,-83.807,369.41,-110.45,-9.6982,-62.347,90.586,-61.85,54.81,84.62,-216.27
-3.1086e-015,-14.203,-14.792,-280.56,168.56,123.25,-97.477,28.25,-155.92,-12.973,107.21,132,-33.039,-70.118,-7.7885
0,0,0,0,-670.92,264.57,126.69,-207.25,-162.83,5.4668,35.288,162.25,-87.817,0,0
0,0,0,0,88.768,16.398,372.57,11.891,132.27,-158.18,-61.292,-42.367,40.049,-49.344,4.2721
-4.7631,-12.696,-15.335,-137.51,-72.43,284.7,211.79,163.51,-122.92,-163.67,-53.748,70.22,223.61,-130.99,-2.1962
10.414,-6.7105,-263.15,148.78,28.577,199.28,117.11,2.5428,178.78,29.634,-0.56087,-64.257,92.827,-55.902,-2.8514
-36.373,-13.546,3,-339.01,111.91,460.65,-4.3077,136.59,-77.598,-138.47,-40.65,167.96,69.996,-181.03,-1.241
0,0,0,0,-37.126,137.35,194.31,-138.97,-7.594,160.15,19.499,52.711,100.55,-146.55,-4.0712
-20.352,-7.4067,1.9085,-413.44,287.99,166.18,316.17,-108.12,37.351,171.82,-35.55,-77.761,64.084,73.359,-211.2
-11.258,-1.6878,3.3415,-502.31,-4.7267,-45.214,367.33,320.79,-79.985,-54.111,33.451,153.01,57.158,-49.344,4.2721
3.4641,11.806,21.007,-74.633,114.68,215.13,374.23,318.36,744.9,-725.78,64.304,-190.39,-21.825,0,0
5.1962,16.714,-3.2452,181.23,-18.341,203.56,125.88,-150.71,-87.181,86.696,249.43,-283.79,-15.944,0,0
-3.4641,2.3546,-303.7,240.06,145.19,-139.87,43.056,333.06,-60.221,-71.432,-102.26,14.018,23.591,-49.344,4.2721
3.0311,-16.77,-253.24,128.53,-40.447,-344.73,407.95,-364,-8.2697,-137.09,101.08,155.31,62.902,-49.344,4.2721
2.5981,17.556,-86.073,126.39,38.407,-27.399,353.61,-220.76,252.17,102.25,325.76,-41.002,-212.61,0,0
3.4641,11.806,21.007,-74.633,-35.758,-181.75,372.24,-184.02,-194.72,415.71,257.09,-105.42,-24.085,0,0
12.99,3.0048,-13.471,176.69,24.061,403,73.386,-158.31,135.56,-49.379,186.13,-1.1233,-156.6,0,0
-18.187,-1.2662,-348.09,-85.149,-67.944,260.6,-104.84,56.844,-193.3,-92.908,186.29,103.59,-116.64,0,0
12.557,14.444,-16.178,-658.86,406.53,277.47,-52.312,-542.12,-359.66,956.8,110.61,-156.71,-18.594,0,0
-17.183,-35.353,-25.506,108.62,613.96,4.9217,5.277,-25.507,-333.14,364.74,-147.69,-402.53,-21.36,0,0
22.089,18.737,-4.7264,-816.95,271.57,-424.88,-45.367,-246.69,171.6,689.99,185.98,-150.86,-29.729,0,0
-0.43301,2.1405,-2.4462,136.8,169.85,-34.998,162.76,-82.691,-89.547,1350.8,-599.61,1.6627,-19.095,0,0
-38.105,-36.817,-22.144,-96.81,210.05,-45.417,153.97,-461.37,-38.584,317.21,191.66,-126.9,-78.527,0,0
12.99,17.743,-4.0556,-401.06,331.3,561.12,-377.81,-484.94,810.42,1311.2,-533.21,-32.508,-21.134,0,0
-11.691,-7.8954,3.866,-167.45,154.71,665.61,-248.57,-212.67,420.15,125.59,459.88,-201.18,-23.764,0,0
1.3415,-81.454,173.15,-311.93,219.2,91.255,-101.99,-321.85,541.98,119.59,-382.35,-615.48,-19.85,0,0
12.557,35.154,-1.2828,-11.045,46.833,144.08,84.794,-802.31,1.3289,208.59,-716.77,21.111,-28.699,0,0
17.796,40.545,-3.9267,-114.17,551.81,-219.19,-26.387,-679.56,-286.41,677.52,-631.24,-5.087,-23.018,0,0
0,0,0,0,27.328,368.08,-288.97,32.189,250.43,170.86,-344.54,-4.7183,-12.867,0,0
0,0,0,0,568.81,667.14,-255.22,31.571,-86.45,276.65,-67.831,-221.12,-25.155,0,0
3.0311,6.5,3,-329.38,-384.61,62.313,621.14,-185.99,208.48,54.982,389.59,8.7558,-87.929,0,0
3.4641,10.018,-8.3905,203.94,-111.59,-97.606,27.341,-153.1,-200.36,35.293,98.926,136.18,-360.14,0,0
4.3301,-27.137,-30.402,-73.253,-73.994,168.45,242.34,-531.22,338.24,1076.2,-397.51,-22.002,-21.989,0,0
-1.299,-28.923,-266.94,130.6,-482.54,413.47,-25.246,-258.31,-7.2123,71.19,127.45,118.53,422.02,-150.1,-6.2999
-15.155,-0.27276,4.5,-498.89,50.43,127.89,267.18,-396.49,126.19,-63.609,159.16,56.043,-90.645,0,0
13.856,16.926,2.5849,-463.51,292.41,-4.3386,60.676,-337.2,38.129,-11.877,271.56,10.863,-109.07,0,0
-16.454,-21.475,-362.12,-332.78,-33.648,-309.73,-78.453,12.957,98.404,-70.391,90.872,39.875,103.7,-70.434,-0.86603
4.7631,-11.167,-522.25,55.73,44.909,-165.72,7.0171,66.678,-1.9437,83.768,-276.02,183.56,81.831,-68.55,-1.299
-16.887,-31.977,-26.273,-85.032,-119.52,51.944,367.17,-5.1948,70.615,42.685,424.14,-315.06,-22.195,0,0
0,0,0,0,-15.571,150.43,302.98,2.644,-103.88,148.24,178.8,-283.57,-20.748,0,0
-1.299,-3.1405,-260.61,165.41,-21.314,-165.67,-35.97,48.996,-28.997,183.78,-208.41,-29.483,-90.353,0,0
-6.0622,-20.66,139.34,8.8678,-137.62,88.063,-74.149,-49.545,108.35,16.773,170.18,-132.6,-312.62,0,0
5.1962,16.714,-3.2452,181.23,62.438,231.83,60.297,-65.977,-48.983,241.39,23.054,186.74,-299.89,0,0
-0.079247,22.187,344.02,11.602,173.83,-262.24,-78.593,-13.674,-253.23,148.45,928.91,-69.72,-528.36,0,0
-16.454,6.8074,238.18,70.346,88.792,79.94,137.14,-74.816,-217.62,73.189,254.58,-114.57,-362.92,0,0
-2.5981,16.013,-8.0873,-44.38,38.064,115.03,-223.32,-244.71,67.053,-47.435,98.754,349.25,-269.65,0,0
6.9282,-6.7763,-12.768,125.79,75.395,-27.467,651.61,-122.53,475.61,189.78,453.09,-421.66,-25.234,0,0
-2.1651,17.154,-7.6603,-72.882,-18.445,212.52,-53.649,-18.763,-85.578,172.89,254.85,-133.18,-19.393,0,0
-2.1651,-0.63397,0.40849,-243.93,113.27,73.588,148.29,-228.69,-130.79,141.31,-152.42,-321.62,-48.617,0,0
-1.299,-4.799,10.971,67.011,129.62,-189.67,248.14,-315.86,-59.899,127.12,114.67,-272.06,-22.441,0,0
7.7942,23.623,105.51,172.28,-24.798,-103.4,56.842,-93.475,159.49,-128.49,374.76,-101,-353.84,0,0
0,0,0,0,27.803,-24.632,410.57,-321.42,511.12,2.1976,370.1,-266.68,-20.458,0,0
19.919,22.487,-14.111,-143.36,5.9815,168.8,355.33,-25.429,-247.83,-32.738,41.84,-105.21,-70.601,0,0
-14.289,9.0933,122.31,122.32,-12.412,194.07,212.07,-103.33,102.47,72.629,320.56,-174.47,-395.81,0,0
16.159,-1.0409,-358.03,582.86,785.05,-132.62,-6.1504,-27.849,481.39,669.4,376.2,-322.04,-28.932,0,0
-8.2272,4.4707,-5.5556,-241.18,136.41,-354.18,3.3367,337.42,-161.27,231.62,233.55,-367.99,-20.941,0,0
2.1651,-9.9282,-460.88,110.77,44.333,282.37,-362.32,-31.115,79.34,280.18,-124.97,-60.72,-20.478,0,0
3.0311,-10.886,-22.58,64.992,-106.56,106.26,257.98,-555.12,-52.944,74.647,8.9443,-391.24,-21.036,0,0
3.4641,11.806,21.007,-74.633,149.24,63.83,753.95,-78.492,-0.33921,108.5,-17.102,-131.23,-44.101,0,0
6.4952,5.8595,-2.8236,290.4,-37.744,-226.44,266.23,-70.123,-105.23,-149.5,270.1,-492.76,-22.599,0,0
-3.4641,18.52,1.8774,-47.635,99.143,73.324,-237.25,191.82,342.95,398.79,91.523,-199,-23.069,0,0
-14.722,10.874,3.5114,-116.26,44.611,-61.558,-586.83,269.59,440.67,424.42,-371.23,-8.0679,-27.616,0,0
-19.919,-6.1813,-2.9085,-278.06,142.63,-5.7279,-711.98,243.61,80.939,-889.05,24.163,130.97,-86.208,0,0
-15.155,-0.27276,4.5,-498.89,183.79,105.86,-566.06,180.43,207.37,100.38,-222.17,-48.342,-25.734,0,0
-5.6292,-4.7925,0.70753,-247.55,22.649,-19.519,-59.325,77.394,2.587,-885.14,-184.04,19.181,-19.555,0,0
7.3612,-17.497,-24.627,194.19,-53.961,40.625,-36.236,80.814,182.8,196.68,-431.47,-455.52,-19.419,0,0
-15.018,-31.213,-433.92,-83.884,160.02,569.79,-333.22,30.224,164.77,191.04,2.8434,-967.09,-61.664,0,0
6.9282,35.294,4.0228,106.49,-71.882,-77.931,-310.04,205.51,45.762,146.99,-33.771,-603.99,-19.73,0,0
5.1962,16.714,-3.2452,181.23,-4.5128,148.11,561.55,-55.603,-73.106,400.53,-54.818,-120.13,218.51,-68.368,-2.4028
15.155,1.2058,-269.28,48.212,-88.141,-162.72,157.64,331.71,-258.49,33.358,-108.73,-73.959,85.996,-40.772,-7.2296
-8.2272,4.4707,-5.5556,-241.18,225.47,-48.199,45.37,156.38,-392.31,92.567,45.864,33.319,20.024,-40.772,-7.2296
7.7942,10.609,-6.6471,-315.61,276.54,-467.5,465.52,152.93,-190.8,202.45,-170.78,194.51,-92.143,0,0
4.3301,10.75,-16.727,-197.81,74.845,-302.88,313.35,-399.54,7.691,-47.877,201.51,152.8,-239.94,0,0
17.821,23.665,-15.151,180.02,56.81,40.954,127.21,151.39,11.951,-172.06,23.836,-109.26,-158.49,-191.99,-14.03
11.691,4.9264,-320.27,33.8,269.53,-300.81,284.22,59.852,14.88,-24.807,93.195,4.0646,174.62,-95.371,2.8358
12.99,10.219,8.317,377.5,-45.508,-10.204,-273.97,441.01,-116.61,25.947,-40.538,30.771,-39.053,-191.99,-14.03
-18.187,-13.438,-441.57,-4.4061,160.3,-146.04,281.51,-265.44,-475.39,-262.82,84.617,354.14,267.18,-115.37,-4.1349
2.1651,10.141,-3.2386,-354.7,57.222,-30.337,113.99,-428.79,530.27,974.68,-339.44,-10.024,-25.561,0,0
-3.5527e-015,-14.868,143.69,-67.393,273.78,21.244,65.296,251.24,402.39,53.748,-67.385,-47.734,-291.48,0,0
-14.289,4.1112,-86.578,-9.2295,261.41,-66.943,248.12,92.956,-158.87,323.38,28.364,-116.13,-190.41,0,0
0.86603,7.9707,-75.298,281.24,-40.906,-24.836,147.64,283.92,-197.19,-3.4539,211.84,-99.494,-232.21,0,0
-8.2272,8.4527,-484.98,121.92,234.21,-69.491,125.39,32.372,-8.737,87.556,81.512,183.73,218.53,-94.548,-4.5679
11.691,12.036,-345.85,138.66,0.82837,66.511,312.34,76.272,-25.521,-4.3756,-141.06,-57.996,406.56,-142.37,1.1038
4.3301,12.665,-345.25,-1.3212,62.098,79.727,237.98,57.719,332.34,167.18,-164.32,149.02,380.83,-126.86,2.3448
3.0311,-20.966,226.85,49.346,-230.2,-103.29,73.112,-30.807,-47.834,-300.08,-13.123,123.41,-379.32,0,0
4.3301,-27.137,-30.402,-73.253,105.94,-439.37,256.74,325.28,-194.89,194.8,-1.5945,170.41,-282.46,0,0
-4.3301,-6.5,-267.79,-19.048,136.84,332.75,-378.56,147.26,75.273,-253.52,39.287,-135.74,120.48,-68.368,-2.4028
9.5263,1.1274,-325.77,-71.479,-17.107,94.226,284.81,196.68,-100.95,-79.7,338.84,33.492,91.258,-69.373,-3.0736
-25.115,-10.907,-154.7,-43.208,16.781,-55.246,30.032,211.78,775.14,1197.3,-694.69,-24.335,-17.268,0,0
11.691,2.3708,-166.45,108.46,-306.76,67.016,-127.94,271.13,309.59,-5.0984,138.88,63.818,-313.33,0,0
-1.299,-2.3236,-341.36,17.844,263.48,315.94,88.662,-73.272,-10.743,-18.374,77.798,41.085,152.17,-68.368,-2.4028
0,0,0,0,283.36,181.6,231.08,-40.077,44.728,-200.2,-149.64,-21.353,-236.36,0,0
8.6603,-10.276,-351.77,155.36,-92.884,61.448,-45.132,-4.0281,205.61,-31.876,-121.94,82.058,269.1,-87.776,-8.9617
5.6292,-28.729,-268.03,94.789,57.808,159.1,96.337,131.08,50.054,-60.204,-34.633,148.13,-19.882,-48.921,2.0915
12.99,17.743,-4.0556,-401.06,10.161,51.17,-218.88,-113.06,-445.93,75.411,89.273,-148.65,-20.727,0,0
0.86603,-8.1471,-332.12,212.77,226.59,211.66,-618,174.87,260,342.44,59.09,-139.37,-15.126,0,0
3.4641,10.018,-8.3905,203.94,4.9399,3.5161,181.23,148.68,-187.38,-1.8121,608.74,-522.36,-29.45,0,0
3.8971,10.958,-2.9886,-65.8,122.82,-19.345,-445.29,-52.336,-25.987,288.27,-674.19,1135.6,-246.53,0,0
3.8971,10.958,-2.9886,-65.8,-13.456,136.52,60.977,-194.43,80.301,128.73,35.165,-339.15,-23.397,0,0
7.7942,10.609,-6.6471,-315.61,-71.076,47.816,-205.46,543.13,363.95,-80.972,-220.4,-388.11,-21.786,0,0
-5.6292,-3.183,-179.89,177.84,132.71,-139.67,-76.187,-169.89,-79.822,-161.62,202.34,-473.45,-20.779,0,0
-9.0933,-7.1651,-18.127,-120.09,202.15,40.624,324.52,-59.762,-140.09,46.235,539.5,-79.934,-194.43,0,0
5.1962,-3.9282,-9.4264,230.82,-15.573,161.56,280.14,-250.56,-87.16,292.64,774.14,-458.69,-23.385,0,0
5.1962,14.013,-76.615,247.4,103.38,81.183,-340.8,254.5,95.825,54.838,321.98,-451.76,-25.945,0,0
6.2844,-10.069,138.48,106.77,381.69,-82.523,211.77,119.28,-89.051,-1120.8,802.47,-514.9,-24.175,0,0
-7.3612,-12.433,51.45,135.98,-51.279,294.48,-88.875,-69.749,-117.55,137.64,525.74,-26.901,-383.13,0,0
6.9282,17.007,0.6633,199.11,176.17,115.55,-332.12,-655.34,229.99,691.49,-157.57,-185.21,-22.642,0,0
-4.7631,-12.696,-15.335,-137.51,581.29,345.38,-552.33,-490.16,286.29,446.33,-421.62,236.01,-86.624,0,0
22.089,18.737,-4.7264,-816.95,295.95,-7.0263,-390.45,-171.33,708.8,234.16,-335.81,97.297,-81.973,-26.18,-2.1651
12.99,17.743,-4.0556,-401.06,301.17,97.613,358.13,592.54,29.97,396.07,-793.67,198.78,-89.594,0,0
0,0,0,0,-486.2,84.33,298.88,-188.02,183.17,360.82,140.48,-143.9,-28.45,0,0
17.326,-10.028,-14.894,-196.37,165.11,-65.863,-277.37,-1088.9,472.61,174.28,-775.93,-101.1,-21.857,0,0
3.4698,14.105,132.26,-47.509,209.14,369.83,-153.6,-40.794,852.08,9.9867,-1012.6,120.96,-135.39,0,0
-5.3291e-015,-17.502,-22.042,342.79,101.22,275.88,-417.78,671.22,62.484,501.81,-811.43,-167.75,-24.418,0,0
9.9593,10.225,154.28,-42.019,176.31,2.9546,-1328.3,500.32,12.13,-764.65,-234.36,10.321,-17.712,0,0
18.192,11.962,-16.257,-651.25,347.68,116.46,217.84,-379.68,212.7,7.7701,224.8,100.87,-98.265,0,0
-0.76554,11.224,-988.58,280.63,107.19,422.45,-203.12,-412.74,514.57,72.356,198.9,191.5,-202.93,0,0
18.192,-348.43,185.26,-22.145,122.6,67.001,-105.93,-912.59,551.23,414.48,-770.15,-235.8,-22.998,0,0
3.0311,23.636,-103.99,-50.614,153.13,721.15,-364.78,-245.47,940.33,613.3,-720.35,110.5,-166.05,0,0
3.4641,5.116,-1.3726,212.18,70.958,101.11,444.73,1.4583,629.51,430.19,-420.82,-14.239,-24.17,0,0
-9.0933,-2.1274,-183.05,76.236,-208.11,128.7,-69.923,-273.87,1021.4,1114.6,-445.66,-47.899,-20.318,0,0
0,0,0,0,-62.255,-42.188,163.99,151.48,-431.17,221.32,-17.013,-91.571,-23.33,0,0
5.1962,23.696,5.8954,137.44,-19.726,195.41,-327.87,-528.65,-410.06,372.39,-800.02,-22.047,-24.14,0,0
-4.7631,-9.549,-156.89,176.47,-4.4995,172.46,290.45,-836.78,706.01,460.76,-491.01,-1.3018,-21.268,0,0
9.0933,5.3529,-7.9216,170.83,0.71475,128.51,-212.88,-102.06,-29.543,305.57,397.05,-335.74,-23.618,0,0
1.299,20.27,-155.03,-67.319,-48.92,161.53,254.47,-535.01,172.13,759.5,-767.13,-14.951,-22.844,0,0
-2.1651,7.5131,-165.05,43.213,-16.784,485.21,-151.56,-1539.4,656.17,-1127.9,43.274,12.936,-14.823,0,0
11.258,10.975,-175.78,95.711,-79.826,139.29,337.83,-556.08,756.97,767.22,-289.19,-180.76,-14.161,0,0
-3.8971,-155.59,22.948,12.087,10.707,160.84,-48.806,-106.56,-664.73,675.88,-1104,-3.6878,-12.844,0,0
15.155,1.2058,-269.28,48.212,204.7,382.85,-214.82,105.31,-917.9,174.88,115.54,-172.87,-22.112,0,0
12.557,23.531,-155.15,197.94,-92.792,112.95,-468.98,54.432,479.45,48.498,276.31,-301.39,-21.799,0,0
12.99,17.743,-4.0556,-401.06,286.71,153.49,-305.63,-272.21,233.69,91.579,95.042,-194.5,-65.117,0,0
3.4641,-17.667,-10.828,393.73,-25.618,242.55,-98.259,-199.15,-603.13,129.72,52.496,-1030.3,-25.611,0,0
-3.4641,-4.549,-22.618,-222.57,-12.427,188.52,-465.9,114.7,346.19,52.16,208.09,155.94,-88.984,0,0
-1.7321,0.40849,-168.45,-46.659,29.389,140.43,-426.61,333.13,23.934,-70.838,113.55,-32.318,-70.594,0,0
10.392,23.141,-10.551,-61.318,-48.058,-70.099,180.09,114.96,-7.8389,-270.54,335.34,-80.775,-212.89,0,0
-1.299,-8.7745,-224.16,97.174,18.199,155.21,-352.04,216.41,-3.5855,174.3,295.47,-16.437,-116.37,0,0
6.4952,15.074,-14.856,131.43,9.1376,132.41,-204.85,231.67,-237.66,717.29,-104.45,-1.0594,-132.34,0,0
9.0933,4.2679,-237.37,258.96,57.464,136.82,278.3,-198.97,114.55,-30.57,-14.421,-287.2,-20.87,0,0
4.7631,10.342,-9.4282,24.009,118.8,87.832,-480.62,200.84,220.26,-12.212,191.27,-339.02,-28.458,0,0
6.9282,18.324,13.958,-213.56,191.33,-208.33,-13.884,135.45,-78.662,161.96,-161.36,-327.23,-22.904,0,0
-0.43301,1.884,-162.39,151.64,234.18,43.216,141.61,44.288,-51.349,63.131,112.92,-166.27,-70.927,0,0
-23.816,-7.2662,-8.1716,-295.63,151.8,386.61,-386.78,-124.49,28.937,16.046,-88.674,200.54,-134.47,0,0
0,0,0,0,-48.247,354.51,-85.959,144.62,357.16,223.29,-33.935,-150.31,-27.326,0,0
6.4952,12.842,6.317,246.61,126.15,63.74,-788.22,143.67,-208.36,230.94,82.197,-262.08,-22.298,0,0
-9.0933,0.95272,-234.38,17.859,84.284,-219.44,-132.05,317.9,-205.8,-25.971,17.534,125.16,-159.75,-47.003,-1.7321
-8.2272,-6.4689,-330.54,36.117,291.53,-162.82,21.518,-105.16,-30.206,24.922,-65.934,74.615,-89.824,0,0
-14.722,-11.328,-431.77,53.891,-159.49,-132.28,426.59,-167.05,-12.967,121.82,0.95891,286.43,-109.32,-49.344,4.2721
0,0,0,0,330.77,84.014,-472.01,499.38,233.37,88.992,-651.04,-24.513,-26.124,0,0
-1.299,9.5556,-3.7141,-573.99,266.22,477.19,-752.03,-12.215,329.78,37.144,749.6,-225.83,-19.844,0,0
-1.5099,-20.361,302.57,-112.55,80.85,347.43,-803.36,-90.7,306.85,74.163,-138.68,-236.7,-23.491,0,0
2.1651,10.964,-8.7518,138.35,21.236,105.3,274.37,15.528,70.354,182.51,-58.988,-399.5,-17.949,0,0
-19.053,5.4904,10.268,-516.43,227.72,103.28,111.58,2.8961,106.88,169.96,-102.39,37.197,-95.595,0,0
7.7942,10.609,-6.6471,-315.61,-157.71,316.18,312.21,-436.92,-17.022,234.12,244.58,141.94,-113.53,0,0
0.86603,7.6471,-327.93,402.52,85.841,-38.33,-440.03,70.812,-82.524,43.202,227.95,275.18,-152.54,0,0
3.8971,5.683,9.6405,-391.83,295.19,387.96,-250.54,31.793,-75.078,259.76,-36.343,183.35,-112.41,0,0
3.4641,17.647,2.0114,53.246,-230.02,99.39,535.83,231.79,-137.15,94.303,-28.446,0.50625,-72.075,0,0
3.0311,-9.4772,-270.56,32.503,-54.462,-331.56,229.8,-188.13,62.88,-19.251,-20.612,130.68,-8.0407,-49.344,4.2721
4.7631,-13.946,-437.76,39.747,19.357,-227.11,119.64,-113.77,-167.58,-63.535,318.87,-80.357,92.053,-76.725,-2.4183
5.1962,23.696,5.8954,137.44,48.096,132.63,-57.113,-112.45,-298.45,253.32,-193.41,43.378,-105.72,-115.61,-8.898
4.3301,10.306,-322.05,55.963,-34.314,-153.86,-30.264,-105.51,-146.05,0.038688,-59.483,-13.834,135.26,-66.953,-9.3947
4.3301,-27.137,-30.402,-73.253,134.7,37.377,144.6,237.89,-87.074,-87.841,255.56,128.3,138.89,-76.725,-2.4183
-1.7321,6.9527,-225.89,249.64,-107.73,-111.79,332.33,79.368,-228.25,-77.381,341.84,148.25,154.36,-66.953,-9.3947
15.155,1.2058,-269.28,48.212,-66.2,315.53,-17.258,83.661,-191.39,219.95,141.84,-97.559,131.11,-66.953,-9.3947
-7.3612,-8.1585,-281.15,-9.7499,-68.891,109.92,88.89,75.25,-200.92,-19.299,261.26,122.08,218.39,-94.548,-4.5679
0,0,0,0,-476.29,476.55,298.14,-1367.4,605.37,-934.9,-52.326,-5.7907,-12.614,0,0
11.691,10.31,-12.312,56.308,-37.811,124.7,363.19,-413.11,-39.372,-41.091,164.61,147.58,-208.79,0,0
-2.1651,7.6651,2.299,61.535,70.648,-220.81,174.36,287.14,-188.48,-172.11,187.69,79.959,-133.79,-264.11,6.2207
-12.557,-13.299,-6.9133,140.34,-352.59,157.24,55.286,96.651,-77.414,-37.501,226.19,44.11,6.2917,-228.38,5.1962
3.4641,10.018,-8.3905,203.94,27.044,-338.79,394.21,-194.8,46.671,-223.01,114.48,97.177,-275.17,0,0
13.856,16.926,2.5849,-463.51,230.99,-83.813,395.35,53.938,-30.256,291.25,-238.9,163.08,-88.391,0,0
-4.7631,-15.739,-593.95,42.497,296.01,-747.95,-3.2887,32.322,-91.437,106.68,217.11,-71.912,14.116,-49.344,4.2721
-16.75,2.0406,-572.09,161.89,33.133,90.791,-128.17,153.99,230.61,457.47,-491.93,253.84,187.9,-70.434,-0.86603
6.4216,-7.7129,-6.0616,832.49,78.112,900.94,-874.24,259.4,172.98,357.82,-418.24,-54.588,61.615,-228.81,5.6292
-11.258,28.754,18.438,-101.1,203.13,277.71,-211.13,614.28,-14.71,638.34,-404.1,68.936,209,-70.434,-0.86603
-39.7,-15.355,8.1283,-1027,330.93,547.13,-411.42,-247.84,338.18,949.68,-570.43,74.66,221.2,-73.184,-3.8971
7.4037,9.4833,1.0637,-1000.3,483.6,-482.52,-8.6462,-50.875,-1333.4,422.29,-220.59,74.406,-93.794,0,0
7.4037,9.4833,1.0637,-1000.3,336.8,154.19,-390.21,74.668,-331.85,359.35,494.18,108.6,-131.36,0,0
20.848,24.676,-232.2,320.09,-72.433,-496.25,-2.6632,61.547,125.91,1115.1,-300.8,65.602,-291.54,0,0
-7.3612,-2.5179,-12.08,-252.56,114.07,350.89,-584.54,-414.37,403.57,-3.833,-383.13,231.68,-216.65,0,0
7.7942,10.609,-6.6471,-315.61,-16.941,173.19,-17.68,-99.878,-49.456,305.43,-151.48,184.45,-89.642,0,0
4.7631,-2.2566,-416.35,348.57,482.91,-207.06,-271.85,359.63,257.57,-181.91,-37.011,44.734,-164.72,0,0
25.157,23.97,-27.049,-574.68,331.62,-20.601,-605.79,-43.354,498.23,310.85,-360.51,74.243,-353.84,0,0
3.8971,5.683,9.6405,-391.83,356.06,307.68,-554.76,-84.098,440.06,60.893,294.5,-157.34,-22.703,0,0
-6.3212,-21.082,-22.573,-70.112,158.39,129.56,118.03,215.82,-252.09,-60.407,46.427,-15.894,-87.11,0,0
3.1046,-7.8376,-372.84,-220.22,380.6,158.85,-70.272,94.404,45.027,-291.71,-42.824,-116.57,236.69,-115.75,0.19527
2.6659,-12.622,-331.62,402.31,-93.61,106.09,83.499,97.543,-217.95,-202.68,-38.317,42.843,250,-87.776,-8.9617
0,0,0,0,181.48,0.21028,20.898,457.7,-229.34,303.53,-17.202,-152.46,-22.079,0,0
16.914,0.43454,-12.46,-278.81,122.22,9.8726,-205.07,-175.88,-530.39,370.66,1131,-441.54,-15.364,0,0
0,0,0,0,142.3,282.95,200.02,-219.87,-49.356,298.55,-34.925,-191.3,-20.998,0,0
-1.991,-1.654,-240.19,-129.91,-78.784,204.51,172.39,-123.24,-225.72,-35.971,342.95,-59.009,-0.29232,-55.902,-2.8514
5.2697,-0.13005,-275.71,-121.04,58.54,-169.89,189.57,-287.16,15.18,128.38,-199.3,-68.517,113.9,-68.368,-2.4028
-19.464,-18.091,-356.12,-68.739,215.08,82.198,-147.84,-35.66,0.078602,-212.5,91.457,78.279,173.8,-66.953,-9.3947
14.649,4.4635,-7.8607,632.82,668.84,-188.68,-17.001,82.836,-38.156,163.73,1341.9,-672.14,-24.792,0,0
-4.9796,-42.544,-29.397,439.36,188.52,-393.68,-12.602,99.793,325.1,109.43,135.23,-587.71,-24.016,0,0
6.4952,9.9755,2.4085,-752.89,475.22,-107.97,-44.359,-442.58,95.916,1018.1,-491.25,-50.983,-21.319,0,0
0,0,0,0,208.08,574.96,-123.4,-837.57,122.03,600.43,-400.31,-21.361,-22.592,0,0
-5.6292,-4.7925,0.70753,-247.55,107.4,391.39,-281.78,336.29,-51.552,145.42,-425.16,5.904,-19.438,0,0
0.43301,9.5131,7.6699,129.56,258.38,148.11,-182.65,25.033,284.63,959.18,-260.8,-200.37,-20.609,0,0
0,0,0,0,584.15,76.77,-431.53,7.8412,-473.73,326.18,-1199.3,-12.35,-25.739,0,0
23.388,16.724,-18.11,-74.799,593.73,-382.16,13.918,-841.8,97.38,-20.992,-137.61,-232.08,-25.511,0,0
0,0,0,0,493.73,-424.68,14.469,8.654,1057.8,-1263.1,50.055,10.606,-9.0242,0,0
-16.317,-2.428,-438.49,262.1,171.64,-88.418,7.9273,-343.43,-249.57,1007.5,-596.62,-37.683,-21.516,0,0
-4.1773,-506.71,229.67,632.89,-212.25,-6.0763e-014,-6.0763e-014,-6.0763e-014,-592.76,357.25,1619.3,-479.07,-22.676,0,0
-11.713,3.793,53.168,42.832,231.64,-143.22,-58.06,-168.01,899.68,105.71,901.42,-592.08,-26.265,0,0
-3.4641,-1.2679,9.4641,-681.21,154.46,268.16,-164.43,-540,526.69,1138.2,-268.2,-60.353,-15.516,0,0
2.1651,-16.167,-297.45,151.57,218.89,7.3623,-103.56,-120.68,-133.26,316.91,-121.61,-21.75,-217.55,0,0
4.5466,-29.597,-102.8,124.17,257.01,-294.73,78.922,193.99,-62.143,317.32,-290.44,-46.951,-90.424,0,0
4.9796,-12.194,-674.79,237.73,594.71,-160.11,-0.94686,16.895,2.7905,438.4,384.56,-509.96,-22.926,0,0
-12.99,133.88,-6.1542,484.3,502.2,-197.48,-48.789,47.013,-504.79,545.53,-201.22,-395.38,-21.481,0,0
7.3612,21.531,-333.67,195.31,-17.76,145.1,-416,-232.96,194.61,333.1,406.95,33.498,-111.63,0,0
0,0,0,0,51.539,495.55,-2.5188,-633.57,247.84,171.19,-42.177,-188.42,-26.654,0,0
15.161,21.915,-337.16,124.74,281.1,-306.08,14.272,295.45,430.01,104.08,-72.5,78.048,-260.13,0,0
0.57596,77.982,36.976,251.62,52.666,-19.638,5.1283,-654.41,278.83,185.28,401.75,-576.65,-27.012,0,0
1.2255,-3.7177,-64.265,219.43,366.65,38.936,-25.623,-67.238,-29.121,338.31,302.65,154.87,-138.3,0,0
-11.142,-2.5281,157.45,175.41,114.13,-151.1,293.49,286.5,303.35,-345.05,181.09,331.95,-251.75,0,0
-28.442,-22.095,238.5,39.944,-13.249,170.07,156.96,151.95,-28.258,147,-13.417,404.63,-344.7,0,0
-14.152,7.869,-25.045,-344.56,82.725,95.637,-188.81,52.778,232.68,-329.18,-47.602,-105.44,-48.848,-321.29,-10.999
-3.8971,-1.4264,-14.928,1.8606,-197,-38.501,235.31,353.61,-49.431,-173.18,159.41,-32.59,-418.32,0,0
7.7942,8.384,5.5,39.458,-70.277,431.04,114.68,68.946,-266.53,72.015,337.74,-254.69,-9.6989,0,0
2.5981,3.201,-9.1226,-587.18,265.81,151.64,-187.55,-169.93,-158.53,100.07,-13.309,-400.38,-20.313,0,0
9.9593,-12.374,-14.201,289.3,-146.46,88.562,-177.79,24.503,-217.14,34.705,882.27,-359.72,-115.36,0,0
19.491,44.02,91.88,-54.924,121.41,-235.97,-326.66,-80.617,-472.87,68.517,-12.701,256.7,-254.7,0,0
-14.289,-1.0897,11.141,-561.34,-26.021,189.91,-564.64,160.08,-68.95,500.72,-197,327.89,-142.69,0,0
17.321,-19.254,-507.5,-25.938,-56.674,112.13,299.59,-33.392,94.98,156.77,-67.384,101.52,297.05,-126.86,2.3448
6.4952,12.842,6.317,246.61,-57.464,-170.13,235.55,-127.1,-238.33,-16.997,48.889,187.9,-331.48,0,0
-1.299,-6.7811,184.46,55.359,-89.212,59.152,539.65,33.766,14.615,-50.32,-52.781,123.17,-384.08,0,0
9.965,18.025,-13.057,267.31,-18.869,25.573,-148.42,153.47,28.113,-156.02,467.53,315.17,-445.78,0,0
8.6603,-3.2272,-14.525,249.86,413.43,-88.746,-57.322,314.28,-489.82,-46.246,42.387,-274.81,-29.407,0,0
6.9282,14.647,-231.95,-2.7609,84.611,491.02,-225.56,-147.92,-183.75,-443.46,-165.22,133.34,-111.65,0,0
-9.8857,0.61034,-0.80385,-239.33,-191.74,208.76,-293.87,-47.309,-288.75,471.19,-284.93,1002.6,-221.13,0,0
7.7942,10.609,-6.6471,-315.61,79.362,16.696,-93.976,-204.3,215.79,18.86,201.31,178.94,-90.254,0,0
-5.1962,8.6962,3.5,-352.25,99.767,445.78,-43.184,250.34,-144.91,-22.878,43.122,93.535,-44.873,-83.987,-0.4641
12.557,23.842,-0.68958,-416.11,-437.05,253.68,-280.4,6.9772,-56.433,206.08,172.12,1185.2,-314.83,0,0
9.9593,11.243,-7.0556,-71.68,148.95,157.81,149.11,-267.09,-7.0326,-303.49,118.8,-329.55,-46.379,0,0
-1.7321,7.8726,8.9575,-183.79,-97.415,133.71,411.91,316.47,-282.66,216.5,-21.892,-8.0228,-69.49,0,0
10.825,13.926,-14.435,29.938,-150.75,11.98,102.33,361.56,-194.47,-31.088,81.406,199.16,-139.63,0,0
6.4952,-4.4282,-19.397,114.82,-40.831,125.93,-69.998,213.41,-65.154,523.08,35.26,18.041,-234.23,0,0
0,0,0,0,-500,125.94,126.61,120.58,-257.73,122.65,-47.904,-57.058,-22.038,0,0
1.299,3.433,0.29247,159.51,-69.544,36.7,366.01,173.43,-222.49,210.54,-140.73,-57.848,-164.77,0,0
1.299,3.433,0.29247,159.51,-26.235,-89.357,92.59,103.2,-37.961,22.167,245,-448.25,-22.462,0,0
-8.2272,-12.683,-82.223,-63.373,136.35,31.809,75.262,-55.34,64.863,239.15,-8.8377,-204.38,-24.175,0,0
0.43301,-9.2386,-8.5,253.04,-157.98,68.141,21.89,279.98,29.257,144.96,-186.34,-112.07,-215.66,0,0
-5.6292,-0.39535,-259.37,29.289,55.016,214.16,198.29,-43.758,104.11,-3.9582,191.89,-106.63,292.68,-87.776,-8.9617
-5.6292,-4.7925,0.70753,-247.55,178.51,102.7,-207.16,224.8,21.734,-3.8964,-215.29,120.75,-88.823,0,0
-2.1651,-0.63397,0.40849,-243.93,-55.532,-72.87,154.82,-34.306,-171.16,-274.72,175.92,-274.17,-23.174,0,0
0,0,0,0,-48.843,66.297,224.64,-135.74,-164.16,24.167,31.896,-167.29,-21.358,0,0
-17.321,-19.342,-16.328,79.584,-94.502,-172.7,428.18,-145.35,108.83,-21.154,270.23,-160.19,-236.81,0,0
0.86603,5.866,3.4085,-573.32,442.56,-105.09,-149.41,55.227,78.672,-86.867,-42.912,2.4755,-65.791,0,0
-18.187,-6.7728,1.5,-169.5,87.477,20.296,339.5,-395.39,44.695,-60.146,247.67,-37.235,-70.251,0,0
3.8971,5.683,9.6405,-391.83,15.772,2.8647,105.37,153.96,-157.73,174.07,52.553,-55.644,235.27,-66.953,-9.3947
1.7321,5.366,-14.758,203.24,160.28,-229.84,391.78,-25.257,-162.7,-8.1794,580.67,-117.81,-297.78,0,0
-22.95,-29.915,-418.01,131.18,189.9,50.398,-423.25,78.084,82.182,195.02,-186.53,143.45,3.3515,-69.373,-3.0736
-6.0622,3.5556,-7.5131,0.73802,176.39,122.08,-219.65,-49.014,32.361,131.55,-78.717,86.671,-85.911,0,0
-6.6613e-015,-0.20096,-321.08,210.01,100.85,-148.66,-188.02,110.69,886.12,384.59,-511.33,246.37,-92.133,0,0
7.7942,4.1519,-496.97,-12.512,-87.677,85.68,37.73,-218.8,-243.03,63.668,42.75,64.335,109.98,-69.373,-3.0736
-17.754,-5.5473,-3.317,-34.124,16.942,-141.42,421.4,-81.545,-87.039,67.303,-45.738,376.59,-140.77,0,0
13.423,3.9133,-265.17,-44.927,-155.47,279.35,118.79,229.88,-198.47,284.98,4.218,262.88,-95.8,-23.365,-0.51795
0,0,0,0,37.83,43.848,308.91,-49.203,-31.477,-84.78,139.08,48.305,-126.43,0,0
-2.2204e-015,13.587,-301.82,-21.933,-297.56,80.568,216.7,-92.333,-18.77,-21.364,94.39,271.98,71.572,-47.382,2.5981
5.6292,4.0784,-13.19,16.619,155.76,220.59,-118.63,123.08,-346.48,38.863,215.49,125.9,-255.93,0,0
0.86603,17.044,-337.68,155.47,137.15,-81.176,-81.676,-324.75,105.77,34.615,106.66,-401.16,91.224,-52.361,-4.3301
11.258,4.3888,-16.623,-57.036,198.64,81.585,495.01,-135.02,-75.599,43.045,123.69,-220.07,-19.981,0,0
-3.8971,5.5556,-5.7877,-41.932,16.311,-63.829,155.1,45.281,33.427,206.02,-203.14,-167.03,-27.788,0,0
5.1962,16.714,-3.2452,181.23,119.55,-191.31,260.19,-107.85,-204.81,383.15,5.964,-137.96,-110.92,0,0
1.7321,-16.959,-27.147,-188.31,355.91,307.01,-208.71,-16.037,-913.47,390.91,1360.7,-571.39,-25.216,0,0
0,0,0,0,-49.245,212.57,-152.57,127.15,-145.67,174.31,-43.893,-340.83,-24.493,0,0
0,0,0,0,-64.062,228.01,242.03,-4.5783,99.902,-83.262,331.79,-396.51,-29.943,0,0
0,0,0,0,220.29,302.71,199.54,29.182,-140.89,-64.545,567.9,-356.25,-24.455,0,0
-15.018,-0.81402,0.16418,-505.67,252.62,694.16,-647.97,-175.97,117.33,-151.55,-139.42,-96.116,-33.589,0,0
