0,0,0,0,-26.729,22.327,36.393,103.15,29.373,-10.678,18.064,9.1127,0.44111,0,0
0,0,0,0,-7.1896,112.2,218.92,248.88,-124.86,34.516,19.114,2.1573,4.0808,0,0
0,0,0,0,-5.0948,-31.501,-35.981,-110.06,18.952,0,0,0,0,0,0
0,0,0,0,-70.743,56.121,94.129,-19.528,-58.936,26.532,-96.928,11.236,-2.9318,0,0
0,0,0,0,16.683,-133.48,61.747,-17.788,156.09,133.41,-22.438,10.871,3.2291,0,0
0,0,0,0,-12.515,89.325,-109.71,-152.01,20.953,152.84,-18.306,-2.9115,4.3023,0,0
4.5254,12.099,1.7198,-36.051,173.24,18.826,65.046,43.574,-135.4,139.68,-34.704,39.311,-2.4459,0,0
0,0,0,0,94.528,-13.743,-18.443,41.932,-5.6146,137,3.336,-18.426,-1.611,0,0
0,0,0,0,59.856,-30.368,32.054,11.575,-43.181,57.001,16.026,-7.2925,1.3125,0,0
0,0,0,0,48.764,26.826,-20.712,-99.878,75.51,129.46,171.69,22.45,3.2288,0,0
-8.2272,22.173,-15.722,15.502,-49.462,94.806,132.3,-102.29,48.004,81.513,73.915,-35.864,-1.6776,0,0
8.2272,-11.343,16.118,70.997,16.017,-143.95,-17.352,-25.078,-97.017,55.286,-168.1,-60.446,-0.23806,0,0
0,0,0,0,66.351,109.41,52.363,82.346,90.763,-118.52,44.8,81.121,-7.6214,0,0
0,0,0,0,2.8502,2.9827,-13.54,116.36,-129.38,163.31,-47.177,-18.656,-2.593,0,0
8.2272,-11.343,16.118,70.997,136.51,3.4268,35.38,-81.881,-3.1547,69.32,31.275,181.11,-22.949,0,0
-12.99,17.149,-10.252,-54.728,-54.047,-89.749,111.37,39.212,187.39,-145.95,151.55,-47.196,0.45032,0,0
9.5263,19.317,5,-160.47,109.69,286.29,-214.62,-180.29,128.89,196.37,-239.36,-154.08,-39.027,0,0
13.338,-23.126,-84.772,-51.876,90.094,41.052,-65.27,-11.989,67.482,244.37,22.886,-16.123,-2.4725,0,0
6.7697,-1.6014,8.5,-36.494,-95.132,-171.41,22.543,7.3053,-81.826,193.17,-48.499,-90.36,21.735,0,0
8.2272,-11.343,16.118,70.997,55.179,69.04,158.12,-65.621,-190.62,-206.12,100.15,-12.152,-5.4617,0,0
8.2272,-11.343,16.118,70.997,109.28,-198.78,-5.5621,-106.98,-55.544,127.25,-43.473,189.95,-17.193,0,0
-15.155,-18.737,11.812,-131.83,28.383,-9.9724,60.49,15.88,171.53,-18.173,3.75,193.53,-25.289,0,0
17.754,-5.0819,95.579,104.01,22.161,-229.91,106.51,83.734,107.79,-42.188,-137.37,-83.03,-1.8559,0,0
11.606,-0.88573,-74.95,23.709,-104.2,51.658,245.79,44.103,103.8,-182.83,-146.19,-45.831,58.567,0,0
0,0,0,0,13.77,-174.3,118.94,182.15,124.37,-18.265,-6.912,25.356,-2.8098,0,0
8.5753,2.7058,-83.049,112.1,-32.099,108.01,-181.75,-101.8,-146.09,-169.71,45.619,-147.1,-131.9,25.444,9.9381
0,0,0,0,-39.721,-48.199,168.88,20.307,-12.657,129.47,107.99,41.357,-7.5425,0,0
0,0,0,0,-40.175,28.274,79.877,-122.99,-82.08,-17.021,71.933,-10.877,3.5299,0,0
14.918,5.4522,-19.143,165.85,-45.007,-191.19,7.3683,-25.056,-145.93,25.294,-8.2249,39.872,-3.5784,0,0
-4.1349,-6.6687,-11.94,31.379,-23.741,246.34,13.58,81.416,116.16,71.013,-59.756,45.326,7.0622,0,0
0,0,0,0,-19.117,-46.832,-206.56,-248.28,30.05,-109.81,-30.777,0.77308,-8.8577,0,0
0,0,0,0,-21.502,-63.537,-39.673,18.426,40.718,174.8,-25.747,-21.603,3.7619,0,0
0,0,0,0,-4.0143,101.7,135.32,13.341,19.4,2.0111,22.607,11.369,-4.4351,0,0
0,0,0,0,28.536,-67.024,-67.563,-4.7964,12.923,193.39,3.3352,-53.572,4.2625,0,0
0,0,0,0,38.241,-66.662,-165.33,24.907,49.498,27.142,-19.476,-0.37356,-2.7198,0,0
0,0,0,0,37.787,-43.681,-157.18,-43.519,-91.314,-56.767,24.231,1.3568,-0.85377,0,0
0,0,0,0,17.455,17.746,11.804,95.603,-110.79,25.444,3.2305,-5.9025,1.0401,0,0
0,0,0,0,-36.515,-40.913,36.778,-26.927,-168.89,-216.98,5.5279,-15.607,-2.3242,0,0
0,0,0,0,16.009,75.832,54.967,-23.805,-5.1861,-0.4722,0.50657,1.1899,0.29575,0,0
0,0,0,0,18.703,-11.055,-59.51,143.36,-92.893,-32.144,15.259,-40.5,-2.8547,0,0
0,0,0,0,-11.687,81.088,83.509,41.241,42.302,-0.24191,-12.448,8.9793,0.19111,0,0
0,0,0,0,-23.825,22.995,138.14,-33.658,-181.42,41.113,-11.794,-12.184,-2.0036,0,0
0,0,0,0,4.953,-80.023,-16.876,-44.142,-80.517,34.516,19.114,2.1573,4.0808,0,0
0,0,0,0,-13.567,-15.364,-77.759,89.019,3.3176,-160.36,-20.378,47.841,11.979,0,0
0,0,0,0,19.948,60.518,208.97,-42.005,-25.399,-9.9145,25.939,-17.25,-2.265,0,0
13.423,-14.99,15.301,66.156,104.78,103.23,190.35,108.06,-170.46,67.015,-17.739,-31.582,1.3935,0,0
0,0,0,0,-28.457,21.571,144.32,245.13,-245.21,-15.77,47.374,-1.2418,-0.54936,0,0
0,0,0,0,136.54,-105.95,35.694,-205.05,62.068,-165.24,33.727,-43.456,4.0239,0,0
-12.99,-10.201,91.573,-107.16,-131.12,56.999,-0.073557,2.8774,-68.925,81.759,67.174,-219.85,22.217,0,0
-4.1349,-6.6687,-11.94,31.379,-26.313,226.47,270.25,-216.56,85.429,-66.405,24.115,102.76,28.051,0,0
-5.1962,-9.116,72.078,-0.8665,23.771,250.06,35.855,-131.24,-86.775,-217.09,122.97,122.87,-16.564,0,0
0.43301,4.567,5.6292,-53.531,70.714,194.17,161.75,113.7,-133.4,-195.43,121.68,-122.56,-37.145,0,0
-3.1896,19.188,-11.454,-51.014,-17.816,62.9,250.46,13.015,7.6991,52.41,-104.7,61.609,-4.7993,0,0
0.43301,4.567,5.6292,-53.531,12.861,-75.3,-52.458,153.11,39.522,-159.66,136.55,-98.827,-43.479,0,0
0,0,0,0,-0.25777,-4.9796,29.375,72.604,-75.873,18.442,-4.9575,11.08,-1.2811,0,0
0,0,0,0,-24.892,49.378,267.03,-117.47,66.757,0,0,0,0,0,0
0,0,0,0,-29.241,8.098,30.539,13.322,203.06,-24.218,-16.584,12.707,0.31851,0,0
0,0,0,0,-16.549,95.519,-68.25,210.94,-29.175,-0.19078,4.8636,-0.28229,0.025721,0,0
0,0,0,0,-106.42,-19.656,1.5706,85.171,-72.564,10.409,1.9332,-1.0185,1.241,0,0
0,0,0,0,22.821,-72.16,-104.37,-61.329,106.1,-44.626,-15.888,0.43181,-0.58373,0,0
0,0,0,0,15.832,-6.1067,40.117,-49.394,110.47,-11.759,-8.8157,5.4369,-1.9429,0,0
0,0,0,0,-1.8905,-26.868,-102.01,166.06,36.932,1.7796,-13.216,5.8633,1.0571,0,0
0,0,0,0,26.905,-2.9336,-156.18,-111.64,52.198,-3.6943,-10.667,0.3762,-2.6932,0,0
0,0,0,0,-1.1417,0.88638,5.11,77.07,-3.7763,2.0215,-0.76795,-3.116,0.86603,0,0
0,0,0,0,8.6426,-6.6247,15.59,-2.0864,-202.69,62.033,1.9723,-19.882,1.3232,0,0
0,0,0,0,-39.508,18.179,117.04,-149.92,207.81,9.4537,18.536,8.0891,1.0138,0,0
0,0,0,0,29.105,103.85,-8.3814,-40.201,-44.572,-0.4722,0.50657,1.1899,0.29575,0,0
0,0,0,0,-8.2877,91.56,-149.49,47.582,-61.897,0,0,0,0,0,0
0,0,0,0,-25.887,-100.6,-129.65,8.03,-106.67,-11.659,7.0383,5.064,-6.5102,0,0
0,0,0,0,13.48,7.1941,298.84,-91.139,-60.04,-8.6915,4.3481,-20.228,-0.30177,0,0
0,0,0,0,-14.292,36.649,80.173,-56.91,162.95,-19.047,-7.9952,4.4369,-0.083412,0,0
0,0,0,0,-2.7398,22.695,3.997,-6.22,123.7,-26.148,-11.758,0.60312,-1.1618,0,0
0,0,0,0,32.028,-5.8609,-30.715,-50.955,-9.5682,-77.584,110.41,-52.927,-1.7976,0,0
0,0,0,0,-6.0535,-17.922,-22.992,19.996,-279.48,82.305,4.7372,-28.354,4.4997,0,0
0,0,0,0,-46.003,26.266,-17.864,-7.1547,5.256,0,0,0,0,0,0
0,0,0,0,-21.543,13.075,-118.56,14.029,5.1468,2.73,10.735,-2.9943,-1.212,0,0
0,0,0,0,17.24,-27.98,-163.6,36.505,-27.807,7.0021,8.1881,-16.983,2.3212,0,0
0,0,0,0,16.977,-82.48,30.991,36.667,33.19,-0.55353,-0.13726,0.94078,0.30144,0,0
0,0,0,0,4.8861,-12.759,65.051,-22.487,-189.19,13.2,9.3238,-19.885,5.4976,0,0
0,0,0,0,4.5981,22.996,-108.15,-144.57,-108.17,-178.03,-54.542,1.5341,1.8439,0,0
0,0,0,0,-28.773,-6.698,-112.89,73.594,45.721,1.4211e-014,2.2204e-016,0,4.1633e-017,0,0
0,0,0,0,-27.418,24.164,12.182,90.059,-80.094,30.18,9.9755,-0.55561,0.15849,0,0
0,0,0,0,-17.781,-2.2374,-33.332,-2.6343,-175.3,-9.6617,47.672,-10.402,2.5335,0,0
0,0,0,0,10.605,-58.556,131.46,116.1,-158.83,-37.257,-43.006,22.176,5.2177,0,0
0,0,0,0,-39.321,-13.115,93.643,25.766,-8.1645,14.657,-14.7,-7.1172,-2.7781,0,0
0,0,0,0,14.44,-35.852,-170.71,27.847,-23.903,11.539,6.547,3.0216,-3.8451,0,0
0,0,0,0,-3.5314,-93.355,10.223,-302.4,-67.715,112.34,-65.259,-20.624,8.0437,0,0
0,0,0,0,19.796,-147.1,-16.625,247.5,-97.192,-57.488,11.923,-17.021,3.5724,0,0
0,0,0,0,28.727,-6.1674,55.903,86.319,-47.183,15.893,-29.396,7.8956,3.3496,0,0
0,0,0,0,85.257,31.04,-92.201,-37.464,-29.511,-127.25,0.39999,4.755,17.479,-12.459,9.5263
0,0,0,0,-3.8546,-64.072,55.096,-217.97,-97.085,97.847,-9.4856,-2.1633,9.384,0,0
0,0,0,0,16.703,-67.633,35.659,35.025,57.34,-9.9192,-1.6376,2.8714,3.4713,0,0
0,0,0,0,11.58,76.814,134.15,-109.89,67.584,-105.61,96.303,-41.71,6.3146,0,0
0,0,0,0,-26.366,121.99,-10.847,-72.168,9.2277,20.835,-35.691,1.2571,-4.8517,0,0
0,0,0,0,246.66,-91.892,-158.25,59.405,-66.779,75.174,81.197,-39.326,4.8612,0,0
0,0,0,0,-18.308,-69.871,-81.574,-70.381,-34.094,-15.575,-49.342,3.8218,0.5,0,0
0,0,0,0,-15.014,85.234,155.57,-45.273,71.422,121.55,4.6267,-7.5831,0.23534,0,0
0,0,0,0,16.811,-45.749,78.848,-157.24,-63.361,-116.87,-63.045,-20.181,-2.18,0,0
0,0,0,0,-5.7153,-81.228,93.521,-357.55,-48.244,-31.313,29.272,-28.103,1.0006,0,0
-10.825,93.793,52.69,-70.468,23.363,-170.46,-116.8,25.977,-3.275,-98.569,19.284,136.6,-26.23,0,0
3.6594,3.8917,-3.9273,67.369,-64.725,63.866,156.93,-178.9,10.864,-2.2754,-4.2835,1.3023,7.7336,0,0
0,0,0,0,-45.508,-1.8093,-167.83,-59.368,-199.72,25.444,3.2305,-5.9025,1.0401,0,0
0,0,0,0,-92.232,174.17,12.041,-73.89,143.08,-96.03,53.111,8.1962,-1.4375,0,0
5.0377,-2.9853,4.2679,-66.515,-24.855,-89.247,108.33,-303.47,167.94,-25.978,149.81,-7.207,2.6666,0,0
-15.673,24.405,12.851,168.05,194.53,5.108,73.165,183.03,74.715,19.565,-31.905,-0.20008,-10.402,0,0
-13.508,-20.6,-1.2175,158.52,28.397,56.975,-226.81,91.759,59.153,-299.21,-105.84,-183.96,-23.408,0,0
3.6594,3.8917,-3.9273,67.369,105.04,-286.84,-173.32,-127.17,22.31,-157.51,10.421,19.829,1.2258,0,0
2.5981,9.5915,9.8792,-73.399,140.24,143.36,189.66,-0.36169,151.65,-47.913,16.076,-14.027,-1.7201,0,0
4.6046,-9.7909,-7.0066,1.1651,188.82,-70.797,-190.68,185.68,-32.153,-52.554,318.42,-65.898,8.7562,0,0
3.0311,-8.1471,12.221,-15.923,-61.503,103.26,-5.2601,93.336,166.64,46.579,-47.747,24.607,-4.4596,0,0
0,0,0,0,-22.592,143.46,96.399,162.09,133.6,14.923,-18.711,-22.648,0.7117,0,0
1.7321,1.384,4.2321,30.021,37.242,38.283,-152.13,203.57,-39.577,-6.3634,-129.49,27.128,-0.84928,0,0
0,0,0,0,18.445,105.62,17.163,13.082,-6.2512,5.9952e-015,-4.4409e-016,0,6.6613e-016,0,0
0,0,0,0,-15.89,-6.9022,-48.717,77.296,12.645,-10.88,-14.246,-12.375,4.1304,0,0
4.5254,12.099,1.7198,-36.051,3.7072,206.24,-30.103,81.442,43.702,10.912,-27.719,-34.077,5.1202,0,0
0,0,0,0,118.52,40.767,-3.822,-63.246,-17.145,-7.1235,-49.05,11.312,-1.3881,0,0
9.5263,14.975,-35.004,93.173,42.507,-78.124,235.32,-39.704,-14.882,170.41,99.624,-19.41,2.8708,0,0
8.2272,-11.343,16.118,70.997,90.849,152.37,-37.363,-68.953,-293.85,-9.7568,191.06,151.74,-22.818,0,0
1.299,-62.393,85.737,-24.643,-48.925,74.209,-48.965,-5.8322,74.65,152.68,-16.928,-26.508,8.7048,0,0
0,0,0,0,181.3,-173.08,172.23,38.363,50.156,69.212,40.82,1.9707,-3.5715,0,0
-0.43301,3.8415,2.8056,-34.371,-90.36,64.027,-22.884,66.823,273.49,-6.4948,167.77,-58.946,-2.6113,0,0
0.86603,-14.147,-14.172,91.976,-87.064,150.32,-25.179,-143.46,-175.65,137.5,105.17,-60.406,0.99463,0,0
-4.1349,-6.6687,-11.94,31.379,-173.58,3.7732,-272.89,-74.451,115.98,173.1,-79.392,77.938,-8.1962,0,0
-6.0622,-9.1764,-3.7811,-5.9689,94.792,-45.595,-113.57,-196.39,7.2659,8.2763,-47.881,12.617,0.80593,0,0
0,0,0,0,-21.176,102.66,120.69,-51.548,84.813,-31.689,-9.1292,7.7718,0.032613,0,0
-7.715,-15.868,-93.686,-108.71,26.76,95.229,74.867,-51.484,181.04,-23.216,-125.06,-129.87,21.777,0,0
0,0,0,0,-10.846,-15.215,-193.89,34.267,-46.471,-102.34,-133.18,11.539,6.1148,0,0
0,0,0,0,14.785,14.564,64.953,19.532,113.83,-47.202,61.958,-10.321,3.3714,0,0
3.7386,-7.5278,36.881,-218.29,-11.688,-103.16,118.69,-59.799,45.237,155.02,-123.25,23.616,-5.8828,0,0
0,0,0,0,5.3583,105.72,-182.05,187.83,68.119,-121.99,17.954,2.1606,-6.3843,0,0
0,0,0,0,0.88397,-86.591,-19.245,11.734,-21.989,95.062,60.482,18.299,-7.0804,0,0
0,0,0,0,14.817,151.12,-14.54,21.1,-86.268,70.777,-12.749,-39.963,1.0852,0,0
0,0,0,0,-36.322,-9.6627,8.297,114.06,238.44,-46.445,108,0.74856,-9.4088,0,0
0,0,0,0,14.163,51.453,-14.349,-11.809,-138.74,-153.56,15.018,4.2978,1.5526,0,0
5.0377,-2.9853,4.2679,-66.515,-36.053,-154.88,-72.977,122.33,-62.06,-150.12,-4.9368,1.3328,11.659,0,0
0,0,0,0,-28.716,0.96586,-93.908,-23.298,-60.235,-41.164,5.4548,-2.4575,3.7054,0,0
0,0,0,0,88.755,-38.221,-72.639,80.283,-71.022,-48.809,-146.29,59.028,-3.5741,0,0
0,0,0,0,-93.575,-38.381,-88.885,-48.241,-125.39,48.635,40.379,21.447,6.7617,0,0
0,0,0,0,-6.1271,-17.758,52.469,-80.277,159.77,-163.7,-141.46,39.881,6.0885,0,0
0,0,0,0,-19.52,-59.761,-96.102,49.05,90.357,40.866,-47.624,6.0056,8.544,0,0
-21.022,6.0538,5.9925,-92.802,19.461,-284.11,158.81,20.77,96.21,-175.98,4.3058,-20.859,3.5042,0,0
16.454,-11.082,-178.87,-119.44,37.305,30.915,41.273,-195.55,43.846,281.07,-21.366,124.1,-29.662,0,0
8.2272,-11.343,16.118,70.997,147.6,35.44,11.609,0.23686,85.829,17.787,104.69,-2.996,-3.0401,0,0
0,0,0,0,-103.94,115.31,-32.832,74.194,137.07,44.818,-12.021,-28.28,6.6312,0,0
5.0377,-2.9853,4.2679,-66.515,71.159,66.581,-56.372,-79.08,-27.273,-95.859,50.623,-0.88702,-1.4865,0,0
0,0,0,0,-46.26,-122.6,31.567,-98.767,-2.3849,87.389,-66.052,27.323,-3.3738,0,0
0,0,0,0,-28.204,19.835,110.1,87.433,123.34,-28.399,1.9641,-4.0703,-1.9232,0,0
0.43301,4.567,5.6292,-53.531,-103.86,30.8,167.24,-33.36,-230.66,-252.06,-17.87,132.51,-17.63,0,0
2.5981,9.5915,9.8792,-73.399,60.031,-95.057,192.46,-31.53,239.79,14.287,5.5215,-16.629,-2.2384,0,0
0,0,0,0,50.124,-51.634,-152.15,27.3,-31.234,-78.53,30.526,44.223,-9.1089,0,0
6.4103,9.5718,14.292,-104.21,-76.354,-45.408,97.918,-51.551,-103.35,52.874,10.591,63.043,-1.4007,0,0
0,0,0,0,-6.2655,-18.068,-8.1926,28.337,-22.855,-36.202,33.784,2.5167,4.3732,0,0
0,0,0,0,-24.551,6.2248,-152.81,-1.8133,-95.962,101.82,16.642,23.432,3.7994,0,0
0,0,0,0,25.467,-18.015,66.894,35.69,-69.991,10.409,1.9332,-1.0185,1.241,0,0
0,0,0,0,-22.934,-24.005,-139.72,31.917,-76.929,62.238,-12.226,-5.9342,0.0044873,0,0
0,0,0,0,-19.029,13.524,18.329,9.3382,9.1668,-23.785,2.2912,-3.6133,-0.79279,0,0
0,0,0,0,-14.433,12.361,-63.458,-46.839,-174.21,31.124,23.592,20.58,0.4492,0,0
0,0,0,0,-14.347,88.231,178.76,27.779,-64.957,97.898,-47.305,-56.215,2.0131,0,0
0,0,0,0,21.551,-113.85,-9.2972,106.11,37.373,-121.46,23.011,10.202,-3.8068,0,0
0,0,0,0,34.709,105.91,104.45,0.87942,71.977,120.94,-25.583,3.8828,-3.3427,0,0
0,0,0,0,109.36,-35.965,94.523,-155.36,-160.81,235.3,-32.911,-5.8941,-7.564,0,0
0,0,0,0,52.233,43.506,-104.68,101.08,81.383,-28.626,-18.267,16.854,2.9704,0,0
0,0,0,0,-77.645,-21.322,-86.788,83.921,82.053,19.471,-8.3071,1.3914,2.2389,0,0
0,0,0,0,-21.816,-78.605,16.845,-244.98,-79.811,20.685,36.296,-6.3205,2.116,0,0
0,0,0,0,30.824,-5.0941,-105.16,-66.662,27.664,-10.398,-0.031411,-0.2488,0.81458,0,0
0,0,0,0,25.54,-9.2607,-100.42,71.199,65.421,-26.378,1.1962,-7.1863,-1.0571,0,0
0,0,0,0,8.9261,24.868,28.558,-35.496,-125.19,-23.982,20.894,-3.2207,-0.63397,0,0
0,0,0,0,4.1663,8.2679,-88.106,174.45,-12.666,1.3747,-5.2909,-2.422,-4.1899,0,0
0,0,0,0,32.344,-44.239,-5.9304,2.965,-162.49,40.557,9.9444,17.792,-2.9216,0,0
0,0,0,0,-4.5245,8.1764,-12.587,-17.349,36.194,-16.76,-7.3284,1.3905,-0.65849,0,0
0,0,0,0,23.997,4.5449,119.62,30.769,-3.4389,-94.579,28.432,1.2434,-1.9085,0,0
0,0,0,0,50.345,40.278,96.176,168.54,107.78,48.592,91.372,180.22,-20.129,0,0
0,0,0,0,79.042,-18.736,-174.23,-233.32,-80.446,-44.768,15.014,8.9659,-5.1597,0,0
0,0,0,0,10.178,-102.34,83.736,-46.295,17.354,-4.7365,-6.745,-5.3469,0.88157,0,0
0,0,0,0,45.62,-24.391,70.707,-26.105,-6.901,-4.962,-1.8203,5.0879,2.9534,0,0
0,0,0,0,-15.474,37.31,-76.275,26.416,-3.6357,0,0,0,0,0,0
0,0,0,0,31.086,-8.5852,99.757,-1.6828,12.311,0,0,0,0,0,0
0,0,0,0,-6.4441,8.3657,4.5637,-73.724,-53.591,0,0,0,0,0,0
0,0,0,0,5.82,-84.124,-167.3,13.899,-116.15,23.422,3.9985,-2.7865,0.17404,0,0
0,0,0,0,-31.164,7.3005,-1.1896,-35.903,-207.94,25.444,3.2305,-5.9025,1.0401,0,0
0,0,0,0,36.1,1.8502,117.06,29.144,49.337,-10.472,-14.634,-12.578,3.7566,0,0
0,0,0,0,92.002,64.689,90.15,-148.59,42.263,-54.634,-15.15,16.687,4.1143,0,0
0,0,0,0,-15.722,7.6549,-138.06,-235.45,-18.586,1.7796,-13.216,5.8633,1.0571,0,0
0,0,0,0,-1.808,-31.749,-81.165,0.44302,6.7244,159.61,7.0108,11.79,5.7536,0,0
0,0,0,0,-18.358,-61.19,-48.868,2.4285,15.574,166.22,3.6001,-28.528,-3.3078,0,0
0,0,0,0,-22.112,35.17,21.971,-127.21,-146.66,39.118,9.9703,-14.61,-1.0706,0,0
0,0,0,0,47.963,32.91,-129.37,24.57,-6.7949,-142.53,-7.8964,20.396,-4.3457,0,0
0,0,0,0,22.324,-12.852,137.93,91.904,43.193,0,0,0,0,0,0
0,0,0,0,-1.4453,-45.006,-70.335,-45.74,-295.61,67.26,19.688,-23.484,2.1692,0,0
0,0,0,0,-8.0397,10.085,110.37,48.299,51.944,0,0,0,0,0,0
0,0,0,0,7.2799,23.563,42.61,-105.92,22.267,-0.4722,0.50657,1.1899,0.29575,0,0
0,0,0,0,29.769,-27.094,-28.595,96.412,-30.395,-58.82,-12.505,12.642,5.7518,0,0
0,0,0,0,-85.464,113.55,-230.63,182.35,212.43,181.34,5.5119,14.289,-5.1513,0,0
0,0,0,0,-205.15,39.638,-139.91,-295.31,110.37,-48.01,-17.849,-19.638,-0.79848,0,0
0,0,0,0,-11.61,-8.9695,-231.56,-9.4822,-73.334,43.795,18.603,-6.7416,0.39952,0,0
0,0,0,0,14.453,299.03,-143.79,102.39,113.23,205.32,7.4009,-26.34,-1.4908,0,0
0,0,0,0,5.6851,-4.9596,-13.329,-21.174,-124.31,30.18,9.9755,-0.55561,0.15849,0,0
0,0,0,0,12.21,-4.0446,-2.5939,30.045,140.28,29.763,-5.2679,-17.605,2.7276,0,0
0,0,0,0,-29.307,13.85,118.52,-131.96,-133.58,54.396,-76.167,2.4401,-2.3499,0,0
0,0,0,0,9.9829,-11.471,-86.515,-55.731,-150.97,23.192,16.953,-10.576,0.27868,0,0
0,0,0,0,116.47,-119.8,-39.859,69.109,75.571,33.854,-31.978,-20.99,0.84118,0,0
0,0,0,0,-13.099,-3.9725,30.062,-60.803,-55.128,9.0885,4.3522,-9.1812,-3.6555,0,0
0,0,0,0,11.205,-31.937,44.864,88.878,46.046,-10.678,18.064,9.1127,0.44111,0,0
0,0,0,0,12.399,-0.4907,-33.871,18.314,79.235,20.253,8.1979,-16.496,6.5135,0,0
0,0,0,0,20.143,-26.798,6.1316,-251.06,32.216,-35.293,-1.5541,-5.8125,-1.2814,0,0
0,0,0,0,103.35,-140.29,29.62,-137.13,-118.93,74.025,-75.6,41.87,-2.5978,0,0
0,0,0,0,-7.4817,-0.22404,-18.903,-2.5141,156.03,-28.626,-18.267,16.854,2.9704,0,0
0,0,0,0,-43.595,-81.713,-44.884,-70.889,-137.45,-117.02,21.293,-7.9139,1.2165,0,0
0,0,0,0,1.154,72.167,12.948,33.059,-4.6591,0,0,0,0,0,0
0,0,0,0,18.081,12.617,7.3663,-152,25.251,2.73,10.735,-2.9943,-1.212,0,0
0,0,0,0,29.928,-56.604,-95.147,-74.99,-123.6,28.377,3.4606,23.455,-7.273,0,0
0,0,0,0,-3.8591,118.62,101.52,-143.08,59.744,-40.907,9.4405,-0.53525,11.644,0,0
0,0,0,0,-2.9886,11.971,56.293,-193.57,-74.117,-30.372,21.2,-25.684,-1.5276,0,0
0,0,0,0,-20.131,19.372,-81.697,-36.424,-38.563,15.035,1.2973,-4.884,-0.20096,0,0
0,0,0,0,104.76,165.57,-106.63,75.528,-15.582,-87.669,1.947,-16.465,3.4139,0,0
0,0,0,0,-28.96,17.821,277.32,-25.185,8.4223,0,0,0,0,0,0
0,0,0,0,9.5936,-3.2455,82.658,37.31,154.59,-28.626,-18.267,16.854,2.9704,0,0
0,0,0,0,-16.127,83.7,-85.43,84.711,5.9212,-28.938,-4.5841,20.568,-1.5646,0,0
0,0,0,0,-79.479,-109.33,226.18,-96.023,-107.08,233.6,68.892,-67.974,-3.5024,0,0
0,0,0,0,4.3771,-2.9049,124.39,-13.447,-24.58,44.025,5.6483,1.0478,0.29487,0,0
0,0,0,0,-14.85,36.492,-34.56,22.161,-83.761,18.442,-4.9575,11.08,-1.2811,0,0
0,0,0,0,-5.4952,-56.096,-170.81,29.959,-222.39,-8.5912,1.1006,-3.6603,0.88814,0,0
0,0,0,0,10.861,-99.039,-137.32,85.763,-86.149,85.437,-14.75,-1.9345,5.1229,0,0
0,0,0,0,18.467,19.559,72.913,158.48,-19.729,0,0,0,0,0,0
0,0,0,0,7.6115,-1.3194,63.924,-115,52.598,-79.733,-17.888,-18.334,0.0029628,0,0
0,0,0,0,-12.353,99.407,127.65,87.819,40.578,-13.255,-14.513,10.747,1.2581,0,0
0,0,0,0,-20.607,25.684,6.5345,8.1791,56.814,13.386,-20.764,22.486,-1.4144,0,0
0,0,0,0,-13.031,3.0266,-54.15,17.951,-98.149,102.74,22.525,17.466,3.0473,0,0
0,0,0,0,23.729,-21.615,26.616,69.552,43.888,0,0,0,0,0,0
0,0,0,0,-86.59,73.589,33.79,77.989,-60.583,0,0,0,0,0,0
0,0,0,0,-15.544,83.279,-186.9,87.41,-96.955,2.562,29.51,-38.06,1.2003,0,0
0,0,0,0,18.991,-71.08,-31.314,-206.1,25.989,105.81,-18.692,38.996,0.20128,0,0
0,0,0,0,23.18,11.643,-46.339,37.86,2.3107,-7.4737,25.553,-8.8809,2.8236,0,0
0,0,0,0,17.997,15.864,-75.657,-65.631,-150.28,23.422,3.9985,-2.7865,0.17404,0,0
0,0,0,0,19.1,195.95,14.354,135.96,-82.123,-32.144,15.259,-40.5,-2.8547,0,0
0,0,0,0,21.468,144.73,151.19,145.61,95.767,-16.662,-8.2583,-5.2168,2.3382,0,0
0,0,0,0,49.176,-8.1034,83.832,-197.74,-128.06,30.406,5.0508,-10.99,-1.9133,0,0
0,0,0,0,156.31,41.592,116.82,276.65,10.035,-85.691,110.14,-5.8859,-4.5687,0,0
0,0,0,0,-2.183,-8.0957,-6.8974,7.7742,-1.8812,1.7796,-13.216,5.8633,1.0571,0,0
0,0,0,0,24.415,-2.4874,6.2654,44.813,46.589,40.69,-45.868,-2.2411,2.1364,0,0
0,0,0,0,-7.9405,-0.44624,10.755,-145.1,0.77763,228.18,36.924,36.734,2.7216,0,0
0,0,0,0,-0.39832,-21.375,97.02,-10.763,-77.438,29.108,9.5392,4.192,-0.15489,0,0
0,0,0,0,-27.85,52.157,127.07,-6.8647,-2.4976,0,0,0,0,0,0
0,0,0,0,-70.227,4.0933,17.016,-173.38,-35.993,37.722,4.1423,-3.6519,2.7679,0,0
0,0,0,0,11.889,-19.689,161.04,104.84,-21.129,-51.022,31.016,-19.338,3.7676,0,0
0,0,0,0,5.7476,33.574,106.65,-184.7,-77.637,42.914,25.036,17.314,1.7572,0,0
0,0,0,0,-3.1205,-31.461,-181.15,49.592,-1.0663,0,0,0,0,0,0
0,0,0,0,13.957,-57.705,-120.45,17.124,112.29,126.09,20.597,18.322,2.8042,0,0
0,0,0,0,3.5446,-10.96,29.976,-1.4542,-34.206,11.964,10.008,-22.071,-0.63221,0,0
0,0,0,0,8.6426,-6.6247,15.59,-2.0864,-157.9,30.406,5.0508,-10.99,-1.9133,0,0
0,0,0,0,90.199,37.627,47.95,-58.997,32.495,164.24,-41.109,-9.5045,2.2329,0,0
0,0,0,0,30.824,-5.0941,-105.16,-66.662,-26.335,-2.4019,5.3319,-10.914,-1.1845,0,0
0,0,0,0,-17.634,16.653,22.662,10.902,-47.161,15.035,1.2973,-4.884,-0.20096,0,0
0,0,0,0,0.63846,-11.212,-95.824,-0.64576,-23.084,-2.9554,5.1946,-9.9728,-0.88309,0,0
0,0,0,0,-5.6896,2.549,-64.145,159.48,-10.755,-146.22,-81.412,6.0995,5.4579,0,0
0,0,0,0,-26.642,-67.109,-35.935,55.739,-11.633,23.658,1.1959,39.831,-5.8346,0,0
0,0,0,0,9.3125,-33.368,18.163,-73.886,-37.869,1.7796,-13.216,5.8633,1.0571,0,0
0,0,0,0,-25.486,20.96,103.34,201.02,-54.849,-22.705,-39.239,18.002,-0.70272,0,0
0,0,0,0,31.047,-11.789,-241.93,49.171,-143.66,48.879,1.3924,-15.614,5.6998,0,0
0,0,0,0,4.7868,-19.564,38.156,-14.496,101.75,65.38,-18.035,-6.5228,-1.9264,0,0
0,0,0,0,-160.75,-51.295,278.52,95.187,-269.04,-169.31,21.132,-13.554,0.97067,0,0
0,0,0,0,-2.0523,34.611,-59.421,-20.266,-66.645,29.108,9.5392,4.192,-0.15489,0,0
0,0,0,0,-54.493,18.923,66.683,178.42,89.415,-72.138,20.478,7.4632,0.85858,0,0
0,0,0,0,-23.51,-7.3146,-29.398,25.873,-58.237,27.833,1.6794,14.445,0.55625,0,0
0,0,0,0,4.5299,10.278,153.03,-16.63,13.167,0,0,0,0,0,0
0,0,0,0,-6.6058,-27.921,3.1375,142.01,-10.487,-5.6561,7.32,-0.57476,4.2704,0,0
2.5981,21.002,15.536,-87.519,-43.924,16.352,-176.41,-321.85,-128.38,71.108,-0.44735,10.67,-4.3059,0,0
0,0,0,0,51.893,23.939,37.946,5.934,-3.0186,-39.842,37.696,-9.8462,2.375,0,0
0,0,0,0,21.429,-65.006,12.205,11.76,176.48,3.766,-50.528,10.15,-1.6181,0,0
0,0,0,0,13.207,-6.072,-231.55,-13.325,-25.442,-4.7365,-6.745,-5.3469,0.88157,0,0
0,0,0,0,-5.7901,15.359,-86.004,53.129,-1.9677,0,0,0,0,0,0
-27.713,-20.962,0.25176,37.065,-191.8,25.182,-248.22,-288.39,-137.04,159.78,75.47,52.543,0.020354,0,0
0,0,0,0,-6.4163,4.3729,-26.123,158.3,-115.16,29.854,0.91146,11.329,1.4223,0,0
0,0,0,0,16.236,-119.8,-284.19,18.214,-55.473,-39.842,37.696,-9.8462,2.375,0,0
0,0,0,0,4.183,9.8301,3.6673,175.53,-28.09,-30.402,-247.46,2.0878,-3.4196,0,0
0,0,0,0,22.475,-15.189,-55.247,9.08,173.51,-79.959,-12.963,-7.8995,2.0748,0,0
2.5981,6.616,-16.453,26.535,-168.27,-23.058,-14.514,-79.803,-216.25,82.727,-49.625,113.45,-19.341,0,0
0,0,0,0,-0.032291,156.04,10.818,-69.992,-199.21,-191.48,-4.4575,5.6982,4.4931,0,0
0,0,0,0,7.4171,108.3,59.645,-129.65,187.79,113.11,-27.257,12.045,5.422,0,0
0,0,0,0,-19.389,-80.472,-15.777,-25.682,-121.76,18.442,-4.9575,11.08,-1.2811,0,0
0,0,0,0,22.984,-8.9521,62.488,-36.796,45.196,-38.297,-5.1325,12.145,-3.1115,0,0
0,0,0,0,20.934,20.47,0.45753,-217.75,12.955,-0.19078,4.8636,-0.28229,0.025721,0,0
0,0,0,0,-4.5846,-144.21,-110.92,-199.72,317.15,-103.17,17.568,17.468,6.265,0,0
0,0,0,0,44.064,-49.505,-173.18,-110.3,21.471,23.822,-50.6,18.485,-3.7341,0,0
0,0,0,0,-0.10705,-59.434,-51.774,-101.79,120.04,-22.256,16.865,15.185,0.070594,0,0
-3.1896,19.188,-11.454,-51.014,11.562,17.24,201.61,-58.568,-33.726,-128.42,-131.04,43.311,3.6914,0,0
0,0,0,0,-31.094,59.23,-85.158,44.577,0.3948,-14.683,-1.7539,1.6597,1.2177,0,0
0,0,0,0,-28.117,2.9437,5.5152,184.2,-76.121,73.549,23.404,-20.443,-0.6077,0,0
0,0,0,0,0.91955,-28.066,97.575,-56.45,10.254,11.531,-14.234,-4.2255,-2.9199,0,0
0,0,0,0,-27.556,86.676,96.636,-34.203,109.74,-16.55,-17.606,14.412,-0.6782,0,0
0,0,0,0,3.23,-3.0571,-102.46,-51.97,-131.19,25.41,24.878,-3.4635,-0.45873,0,0
0,0,0,0,40.881,29.551,40.732,-52.838,74.781,-315.98,25.083,16.332,1.2058,0,0
0,0,0,0,27.362,-16.685,90.457,13.076,-29.098,7.0021,8.1881,-16.983,2.3212,0,0
0,0,0,0,-28.901,14.098,-90.859,101.49,-29.663,-5.8534,-10.587,-9.9411,1.2398,0,0
0,0,0,0,-1.1417,0.88638,5.11,77.07,-110.83,30.406,5.0508,-10.99,-1.9133,0,0
0,0,0,0,5.2521,1.48,-100.42,-23.974,-130.34,31.129,8.7712,1.076,0.71114,0,0
0,0,0,0,38.556,-19.455,159.41,63.559,37.56,-1.4223,-0.7488,3.3648,-0.68061,0,0
0,0,0,0,13.827,-18.827,-99.759,17.608,-96.763,-39.094,33.695,-10.777,-1.8185,0,0
0,0,0,0,13.784,-22.298,73.196,-255.4,78.063,-131.43,-8.3555,57.014,6.9277,0,0
0,0,0,0,29.044,-85.188,-53.987,-182.48,20.604,-0.55353,-0.13726,0.94078,0.30144,0,0
0,0,0,0,20.972,92.871,111.1,-135.93,49.961,-32.431,3.2102,-3.3248,2.1998,0,0
0,0,0,0,-30.742,16.949,94.391,71,-152.9,24.973,28.893,-15.202,-1.486,0,0
0,0,0,0,-20.133,-83.321,89.088,154.37,138.03,-150.04,1.5624,-0.25689,-4.9154,0,0
0,0,0,0,16.46,50.321,20.056,-3.0858,74.401,16.967,3.6764,-11.221,0.26314,0,0
0,0,0,0,29.329,28.631,68.777,16.289,2.7458,15.035,1.2973,-4.884,-0.20096,0,0
0,0,0,0,10.664,-66.224,123.12,9.1231,-149.7,23.192,16.953,-10.576,0.27868,0,0
34.678,-5.6584,-55.346,298.56,301.42,-39.591,50,-81.584,-80.4,-57.092,96.763,-14.315,-0.50393,0,0
0,0,0,0,145.54,91.153,81.948,116.08,174.73,-130.77,10.323,23.874,1.6412,0,0
0,0,0,0,-29.408,-54.545,-139.17,-144.79,15.739,28.09,10.191,1.4591,4.7814,0,0
0,0,0,0,56.087,-91.913,-63.988,40.685,73.677,-22.585,75.504,8.9702,-0.86899,0,0
0,0,0,0,-25.034,0.72724,15.602,49.504,-1.7083,-19.262,-1.8502,4.9904,2.8263,0,0
0,0,0,0,28.107,8.8591,-55.609,122.27,-51.998,0,0,0,0,0,0
8.2272,-11.343,16.118,70.997,137.21,-75.098,-112.8,-181.02,147.04,-201.39,16.49,2.1262,-0.86723,0,0
0,0,0,0,97.376,133.8,21.089,-205.24,126.41,-6.261,-15.567,9.7374,-1.8873,0,0
0,0,0,0,25.301,-97.325,46.453,133.82,29.376,-194.28,13.905,-3.2793,-2.6564,0,0
0,0,0,0,10.29,-158.91,113.21,63.686,48.596,126.19,-46.923,-16.104,-2.7518,0,0
0,0,0,0,20.941,-170.34,-57.465,200.39,19.437,-19.083,-3.3018,9.9659,3.3018,0,0
0,0,0,0,18.786,13.927,192.1,12.616,-139.06,41.945,11.598,-7.9688,-5.7584,0,0
0,0,0,0,-6.2308,0.0053675,146.11,145.16,32.562,6.9123,12.912,-23.627,-2.5742,0,0
0,0,0,0,-37.283,-15.291,-45.55,-0.82066,-74.487,7.0021,8.1881,-16.983,2.3212,0,0
0,0,0,0,8.0433,-12.247,46.72,-48.169,146.37,-61.606,33.391,8.6926,1.8284,0,0
0,0,0,0,-2.3349,-42.459,-14.77,110.43,-125.52,37.652,-5.8343,6.5768,1.7826,0,0
0,0,0,0,13.625,-5.5087,-49.175,-16.259,-150.9,25.444,3.2305,-5.9025,1.0401,0,0
0,0,0,0,-8.0278,-1.5903,20.4,-2.8788,-49.792,0.35192,-0.45665,-3.2243,1.0167,0,0
0,0,0,0,17.316,-0.69343,-286.16,11.715,-11.321,-0.55353,-0.13726,0.94078,0.30144,0,0
0,0,0,0,-14.799,-101.59,-96.709,-76.115,0.4478,53.091,20.859,-11.41,0.1226,0,0
0,0,0,0,-49.417,41.275,48.328,-22.874,-36.411,17.765,12.033,-7.8783,-1.413,0,0
0,0,0,0,-1.7243,47.596,-18.229,-21.063,-26.157,12.627,9.5054,-1.3816,2.5526,0,0
0,0,0,0,-29.039,99.938,258.6,-2.5968,24.986,134.94,-27.974,3.2781,-6.3116,0,0
0,0,0,0,-3.7165,-22.796,125.26,-21.461,-113.33,20.685,36.296,-6.3205,2.116,0,0
0,0,0,0,41.094,-115.47,-165.13,14.724,49.375,-13.255,-14.513,10.747,1.2581,0,0
11.258,12.292,-27.571,77.36,-13.066,11.807,124.56,233.17,56.948,47.772,146.04,-29.799,-9.6825,0,0
0,0,0,0,21.28,-101.95,-31.551,-25.993,-107.45,10.409,1.9332,-1.0185,1.241,0,0
0,0,0,0,35.856,-22.759,-72.107,32.491,117.28,6.1374,-5.7889,9.1578,1.6735,0,0
0,0,0,0,7.6606,8.0601,-50.648,16.909,141.54,-20.347,-26.274,31.898,-4.1603,0,0
0,0,0,0,-6.7141,-56.748,-87.225,-5.9982,-204.43,200.1,-25.659,-35.533,5.2248,0,0
0,0,0,0,4.7132,-75.241,-38.554,4.1121,103.33,-30.054,-5.5075,7.7661,2.93,0,0
0,0,0,0,-0.33494,-216.82,99.683,139.1,139.76,14.923,-18.711,-22.648,0.7117,0,0
0,0,0,0,6.0936,7.6696,-30.518,-57.793,-36.282,0,0,0,0,0,0
0,0,0,0,31.535,-30.168,-99.075,-77.766,-17.306,-41.502,12.574,4.2623,-1.1594,0,0
0,0,0,0,-12.226,74.842,81.733,27.801,36.709,-129.11,0.23461,6.7575,-8.4824,0,0
0,0,0,0,-15.949,12.927,-2.2028,23.867,8.9862,1.7811,11.94,-4.6259,-1.7647,0,0
0,0,0,0,6.8122,92.508,-94.708,12.757,100.59,57.488,-56.007,14.197,-0.31546,0,0
0,0,0,0,9.8212,-6.3947,-73.68,-38.512,-6.9893,3.2196e-015,7.2164e-016,-1.1102e-016,3.6082e-016,0,0
0,0,0,0,-4.2063,-29.967,-158.49,38.369,-62.837,22.037,9.4853,-21.867,2.1202,0,0
0,0,0,0,-14.753,-14.595,87.292,-174,-97.782,20.685,36.296,-6.3205,2.116,0,0
0,0,0,0,-14.123,-138.3,-2.3699,86.565,-30.836,-152.76,165.19,-29.05,7.6965,0,0
0,0,0,0,92.31,-120.63,-145.73,-38.548,236.84,-11.806,24.859,18.636,-0.82323,0,0
0,0,0,0,29.088,-28.627,151.11,-86.147,96.735,5.4901,-5.064,-19.861,4.0825,0,0
0,0,0,0,-19.366,-28.917,-134.8,51.697,-76.802,-42.426,18.356,3.2584,-3.6352,0,0
0,0,0,0,-17.337,18.493,-29.006,-98.594,72.533,-46.405,-64.004,30.248,-0.057691,0,0
0,0,0,0,8.6426,-6.6247,15.59,-2.0864,-161.19,25.444,3.2305,-5.9025,1.0401,0,0
0,0,0,0,-1.1761,-19.1,-75.91,-215.27,23.055,115.94,-21.455,33.49,-0.26763,0,0
0,0,0,0,8.7362,11.232,-19.218,-138.23,-27.364,-0.47067,25.662,-9.2993,-2.526,0,0
0,0,0,0,-7.1606,99.487,175.05,-28.138,-116.91,-7.8172,39.603,-5.3576,1.5939,0,0
0,0,0,0,-9.8122,93.742,-103.98,29.771,-51.453,-1.8998,13.266,-7.8977,0.25537,0,0
0,0,0,0,13.957,-107.5,128.6,88.136,-27.496,77.84,-30.587,-0.43782,-0.56042,0,0
0,0,0,0,7.2476,-9.7542,11.257,-3.6504,27.951,9.3188,-8.6022,-1.3917,-3.7602,0,0
0,0,0,0,-3.6696,-26.247,32.002,54.838,-176.94,19.781,7.0864,-17.587,-0.90914,0,0
0,0,0,0,-1.299,-6.57,4.4838,-5.7509,32.81,-8.6166,11.908,-4.8747,-0.95008,0,0
0,0,0,0,-0.55593,-38.322,74.466,-101.45,42.225,31.072,24.708,2.0281,5.5057,0,0
0,0,0,0,40.758,-90.176,-78.103,50.555,-4.1887,150.84,-12.892,-7.7966,6.0192,0,0
0,0,0,0,-10.978,-1.9079,6.7856,-1.5736,0.3101,3.2196e-015,7.2164e-016,-1.1102e-016,3.6082e-016,0,0
0,0,0,0,-16.94,26.777,160.41,341.3,-0.25236,-1.4223,-0.7488,3.3648,-0.68061,0,0
0,0,0,0,-5.1205,-20.678,-19.07,23.355,-123.85,18.442,-4.9575,11.08,-1.2811,0,0
0,0,0,0,-31.173,48.911,-12.055,-12.989,34.286,-100.74,-5.0512,-22.869,-1.4994,0,0
0,0,0,0,12.53,-47.187,-264.6,-135.98,-76.37,0,0,0,0,0,0
0,0,0,0,41.469,-70.877,-174.55,96.252,-46.084,-84.276,33.46,1.6759,-4.3619,0,0
0,0,0,0,-23.738,29.521,134.11,-24.528,-3.6573,2.2518,-13.722,4.6734,0.76138,0,0
0,0,0,0,9.6247,7.4913,36.724,122.43,-168.65,-88.944,-181.9,5.812,4.6982,0,0
0,0,0,0,5.462,88.158,-35.855,312.5,86.376,-66.896,-3.6821,-0.88037,-1.8607,0,0
0,0,0,0,9.5544,23.61,76.857,-74.124,-150.62,5.0219,8.7272,2.0311,3.5784,0,0
0,0,0,0,16.765,4.0159,89.885,-172.77,65.741,-88.017,-2.0547,-16.3,6.0969,0,0
0,0,0,0,24.209,-52.306,128.07,-82.443,37.295,97.889,-131.47,-35.745,-5.3427,0,0
0,0,0,0,82.414,70.188,-90.211,38.738,-34.942,39.579,-29.861,-13.234,6.6361,0,0
0,0,0,0,204.52,14.267,-301.58,-84.961,12.941,-267.37,-174.66,-109.31,-45.952,0,0
0,0,0,0,-31.963,3.8965,-2.6893,-5.5188,-153.67,30.406,5.0508,-10.99,-1.9133,0,0
0,0,0,0,-19.309,-7.6053,-17.648,-21.72,4.9339,0,0,0,0,0,0
0,0,0,0,-0.57596,1.0715,-60.53,14.705,32.405,20.049,1.5126,4.7751,0.42228,0,0
-6.0622,-9.1764,-3.7811,-5.9689,-233.37,113.07,26.532,-42.126,-217.26,-115.7,-54.036,-10.906,5.3403,0,0
0,0,0,0,72.888,-68.342,-134.04,-9.0474,93.196,-13.365,3.2614,-8.9542,-2.1241,0,0
0,0,0,0,-7.3546,-39.526,36.78,-95.541,69.681,161.11,-2.1048,-19.8,-0.12324,0,0
0,0,0,0,6.5152,7.3128,146.44,-91.95,-34.37,-66.244,53.55,-18.901,0.45272,0,0
0,0,0,0,-7.0736,37.486,99.069,-168.76,-105.59,-117.15,-57.707,27.673,-3.6026,0,0
0,0,0,0,-21.543,13.075,-118.56,14.029,-99.401,-44.056,31.875,-5.6886,1.1349,0,0
0,0,0,0,-28.043,15.31,-74.284,-38.741,95.459,85.868,-55.355,24.26,2.2303,0,0
0,0,0,0,-1.7578,2.0858,91.306,30.364,171.79,-54.411,-1.7351,7.1405,0.74343,0,0
0,0,0,0,43.805,40.259,-14.977,-52.565,101.51,-27.106,-7.4082,7.9348,3.4109,0,0
0,0,0,0,36.2,-31.3,-28.497,15.375,-22.769,15.372,-7.1199,-3.093,-1.0478,0,0
0,0,0,0,-3.9865,-12.81,-134.21,30.941,-4.2904,1.7796,-13.216,5.8633,1.0571,0,0
0,0,0,0,7.6471,-47.406,70.806,79.416,-104.43,-101.28,29.564,0.039183,1.4901,0,0
0,0,0,0,-11.521,42.082,152.49,53.568,63.676,-183,24.882,3.1223,-0.47067,0,0
0,0,0,0,-7.2856,-26.954,162.82,13.916,-47.18,98.141,-10.545,4.4196,5.5784,0,0
0,0,0,0,-22.034,11.401,179.7,-47.959,68.27,28.058,-11.397,9.8253,0.14535,0,0
0,0,0,0,2.3615,-11.502,92.837,5.3672,-9.2106,1.7796,-13.216,5.8633,1.0571,0,0
0,0,0,0,83.5,125.42,63.766,-218.15,143.43,-24.784,-48.802,-6.4863,0.95633,0,0
0,0,0,0,-34.557,-7.8114,-177.62,-107.61,59.547,68.07,-6.5933,18.667,5.4247,0,0
1.4943,-19.896,-26.556,125.51,101.11,46.38,-127.32,-34.643,85.368,277.39,-71.628,103.53,-112.61,46.998,-26.081
0,0,0,0,32.303,-30.664,230.73,42.599,-38.771,-43.068,14.73,-40.147,-2.2142,0,0
0,0,0,0,12.353,10.227,-77.102,-119.29,188.97,-19.783,-32.962,-25.088,-3.3434,0,0
0,0,0,0,8.6112,-132.83,65.334,89.192,37.412,29.533,7.6865,-25.394,2.8322,0,0
0,0,0,0,0.99103,38.671,190.72,141.86,193.8,-26.375,-31.989,21.527,3.7318,0,0
0,0,0,0,-32.94,41.429,-8.0996,-18.244,62.335,40.73,13.482,4.3909,-1.7533,0,0
0,0,0,0,-12.529,15.506,7.1397,6.6989,0.8738,-2.2518,13.722,-4.6734,-0.76138,0,0
0,0,0,0,-13.212,10.432,121.43,38.546,-6.6896,-1.6696,0.3113,-0.10825,0.15072,0,0
0,0,0,0,-25.3,6.9413,-69.099,-6.372,79.934,-28.047,1.5075,-7.2946,-0.90641,0,0
0,0,0,0,-4.4964,20.796,-28.967,77.753,79.168,-63.923,-31.956,-22.352,-0.39896,0,0
0,0,0,0,18.535,-2.9013,124.51,-118.48,25.801,28.472,5.9411,-2.2664,5.2389,0,0
7.1235,9.9898,-10.978,15.908,-87.621,27.211,-2.8187,-112.39,231.87,-134.53,27.22,-10.908,5.6917,0,0
0,0,0,0,14.435,-3.837,-13.828,16.658,-141.68,23.192,16.953,-10.576,0.27868,0,0
0,0,0,0,8.2509,4.2692,-3.6271,20.084,-119.79,18.442,-4.9575,11.08,-1.2811,0,0
0,0,0,0,12.038,53.352,112.96,85.686,-97.922,-4.7365,-6.745,-5.3469,0.88157,0,0
0,0,0,0,-10.635,0.21979,3.2921,-0.39744,-166.27,34.063,3.9429,-21.943,-0.0039293,0,0
-12.335,-2.1095,-5.5685,26.816,-50.315,-32.172,-20.178,174.75,-14.89,67.992,97.26,5.1054,-40.865,-15.449,-16.454
0,0,0,0,33.796,-143.9,-62.797,-128.23,-44.358,-2.4769,-1.4722,-10.087,1.2186,0,0
0,0,0,0,-94.953,-29.739,-158.06,162.86,77.765,42.663,-20.285,-4.8469,-4.1364,0,0
0,0,0,0,-88.649,24.882,-108.99,-167.34,83.478,-83.807,-109.03,32.966,11.473,0,0
9.5263,19.317,5,-160.47,-121.73,152.57,-2.3849,-35.08,-51.256,61.981,-16.334,0.13157,-10.421,0,0
0,0,0,0,4.6639,31.8,73.534,-52.098,67.448,197.55,-36.017,15.647,-7.8905,0,0
0,0,0,0,-2.9306,79.405,-19.711,19.589,159.12,-43.435,-24.489,11.303,1.0996,0,0
0,0,0,0,139.51,-225.93,-126.46,-52.819,50.179,-1.2433,-17.421,4.2488,-4.9187,0,0
0,0,0,0,-10.917,40.84,63.623,22.776,5.7806,74.15,-47.749,19.414,-2.6537,0,0
0,0,0,0,-9.0224,13.997,51.675,114.39,10.095,8.3247,0.73806,1.5837,-1.6071,0,0
0,0,0,0,3.8191,8.52,-15.878,-16.987,384.04,-62.439,-31.661,-26.786,7.7162,0,0
0,0,0,0,18.37,36.161,76.217,-15.021,-13.252,56.531,4.3905,3.683,0.084936,0,0
0,0,0,0,14.574,-7.6133,87.495,-3.6695,-115.68,-62.172,-31.124,10.586,6.8365,0,0
0,0,0,0,-23.647,-26.541,38.769,-134.03,91.971,-109.25,12.281,14.103,3.0619,0,0
0,0,0,0,-6.183,-20.191,4.2511,-37.692,-1.3976,-13.255,-14.513,10.747,1.2581,0,0
0,0,0,0,-34.222,66.932,68.447,-41.211,217.43,259.41,17.75,-15.272,-7.1056,0,0
8.2272,-11.343,16.118,70.997,37.574,-64.83,49.446,23.337,-97.121,-48.777,-184.47,48.855,7.628,0,0
0,0,0,0,38.749,30.672,81.731,-138.79,148.7,-15.76,1.6286,5.2885,0.60289,0,0
0,0,0,0,15.568,-33.492,199.07,-113.2,-19.824,17.319,3.2198,-14.445,1.2799,0,0
0,0,0,0,-38.742,75.339,174.91,49.179,0.054665,-7.4737,25.553,-8.8809,2.8236,0,0
0,0,0,0,30.356,-6.3504,64.743,-91.695,117.13,-25.844,9.9886,-11.289,-0.94768,0,0
0,0,0,0,10.98,148.86,-18.495,35.693,-27.355,-113.09,23.413,0.39207,-1.6127,0,0
0,0,0,0,23.113,60.9,163.96,-197.07,92.7,-51.575,6.0661,-2.8337,-0.55024,0,0
0,0,0,0,8.6426,-6.6247,15.59,-2.0864,-97.59,-30.375,-50.329,19.594,5.5554,0,0
0,0,0,0,-7.0335,-94.648,-7.1059,-41.071,106.15,-95.822,-6.8061,-18.175,-0.47909,0,0
0,0,0,0,-13.371,-146.58,-223.3,118.9,102.03,-28.399,1.9641,-4.0703,-1.9232,0,0
0,0,0,0,-15.462,24.354,-48.452,62.826,-2.4955,16.041,-5.3191,16.686,-0.85585,0,0
0,0,0,0,-9.6283,-32.154,-80.496,50.99,-45.715,2.0215,-0.76795,-3.116,0.86603,0,0
0,0,0,0,-12.596,171.49,129.95,-86.654,141.6,-116.69,2.5288,14.423,-8.6474,0,0
0,0,0,0,10.685,6.4441,-95.075,-16.016,-36.909,0,0,0,0,0,0
0,0,0,0,11.143,-9.4171,41.501,-10.98,34.11,-0.24191,-12.448,8.9793,0.19111,0,0
0,0,0,0,-29.41,107.6,200.88,-167.1,84.428,132.98,-53.609,36.158,0.3843,0,0
0,0,0,0,33.249,95.871,105.92,-26.342,-190.82,-11.113,13.981,-4.0981,1.73,0,0
2.5981,9.5915,9.8792,-73.399,41.279,220.63,217.02,-171.78,-242.36,-90.077,-13.855,7.468,-0.76194,0,0
0,0,0,0,3.8191,8.52,-15.878,-16.987,-137.4,33.136,15.786,-13.985,-3.1253,0,0
0,0,0,0,-5.6014,71.185,2.1393,-112.14,-111.39,-64.348,18.808,-5.8923,2.8971,0,0
0,0,0,0,13.991,-4.7652,20.889,-12.85,114.88,-15.649,-36.755,5.7131,-2.5768,0,0
0,0,0,0,-51.292,22.714,-155.28,106.98,23.323,18.214,3.201,-16.513,0.60465,0,0
0,0,0,0,15.238,-56.801,-132.63,-30.591,205.01,-33.929,1.6159,16.28,-0.69375,0,0
0,0,0,0,9.1896,46.05,-138.47,18.691,71.807,101.96,-14.873,31.331,5.6098,0,0
0,0,0,0,-17.08,-16.012,-214.22,-0.081439,-11.938,0,0,0,0,0,0
0,0,0,0,-0.0044873,-111.3,110.35,50.292,106.06,-109.25,12.281,14.103,3.0619,0,0
0,0,0,0,-15.789,90.04,-116.08,-31.256,25.758,-46.616,-1.799,10.32,-4.3203,0,0
0,0,0,0,34.144,-14.983,-29.824,-42.4,9.0634,5.9952e-015,-4.4409e-016,0,6.6613e-016,0,0
0,0,0,0,8.3212,177.74,-125.01,-157.55,-134.62,-46.072,-50.78,16.35,4.4889,0,0
0,0,0,0,36.372,9.3912,-72.275,75.243,40.965,-13.255,-14.513,10.747,1.2581,0,0
0,0,0,0,31.542,51.504,69.8,-138.71,54.574,200,-0.8479,-17.745,-4.8876,0,0
0,0,0,0,-11.018,15.037,-72.689,290.27,-46.497,-13.255,-14.513,10.747,1.2581,0,0
0,0,0,0,1.4175,-96.428,179.29,261.39,-126.13,37.746,-33.439,15.543,2.4064,0,0
0,0,0,0,8.6426,-6.6247,15.59,-2.0864,-302.62,75.956,4.5733,-10.583,3.8337,0,0
0,0,0,0,-19.331,14.769,155.58,-30.998,-130.37,26.783,5.4232,7.174,0.0036071,0,0
0,0,0,0,12.761,76.703,-107.69,76.034,-155.33,90.397,-25.447,35.155,3.4758,0,0
0,0,0,0,24.553,-111.86,-29.715,267.87,-62.459,49.816,-33.352,-26.225,-5.2821,0,0
0,0,0,0,11.995,148.77,-72.912,-227.76,117.76,-66.543,0.95143,15.123,1.1131,0,0
0,0,0,0,16.176,23.723,-93.568,36.91,168.42,-66.575,-11.705,5.4629,-0.44078,0,0
0,0,0,0,-15.16,-46.496,3.0424,0.92436,1.817,0,0,0,0,0,0
0,0,0,0,14.818,-31.515,153.7,-82.794,-86.057,30.406,5.0508,-10.99,-1.9133,0,0
0,0,0,0,-4.2264,-16.93,51.503,5.774,-39.088,2.0215,-0.76795,-3.116,0.86603,0,0
0,0,0,0,33.718,-42.697,-158.41,26.158,-6.1017,0,0,0,0,0,0
0,0,0,0,36.896,73.92,147.17,76.06,-37.775,-53.903,27.134,8.6636,1.0392,0,0
0,0,0,0,21.754,-5.8764,-109.33,101.54,-50.977,2.0066,7.0149,-15.061,-3.8365,0,0
0,0,0,0,-4.6594,-28.192,49.463,-69.082,79.291,-104.73,-6.8835,35.782,-1.4611,0,0
0,0,0,0,143.68,162.26,-61.779,-29.246,-175.5,-17.128,27.386,19.819,3.4157,0,0
0,0,0,0,60.718,73.382,82.564,129.04,-153.67,-35.023,-58.143,-26.003,-2.4271,0,0
0,0,0,0,-11.483,1.6142,-63.459,7.5196,-66.485,-13.759,2.7548,-0.27452,0.31699,0,0
0,0,0,0,-16.183,109.96,128.95,-62.827,-201.37,-2.5761,-23.11,-21.175,-4.2997,0,0
0,0,0,0,0.75,-30.061,111.54,202.68,-5.3554,-5.8869,-32.428,-0.54728,0.81819,0,0
0,0,0,0,-37.005,95.303,41.891,-180.8,172.36,-16.067,-7.4151,-11.562,1.2946,0,0
0,0,0,0,-24.999,-74.23,-31.972,-100.16,-154.37,-75.592,27.692,-9.9674,4.1797,0,0
0,0,0,0,10.984,-15.243,-29.519,-84.972,79.411,-70.298,-28.394,26.825,3.9941,0,0
0,0,0,0,-10.635,0.21979,3.2921,-0.39744,47.852,-23.317,2.7454,16.111,-0.97965,0,0
0,0,0,0,-1.3873,21.668,11.243,232.52,-252.54,48.848,0.093267,0.089746,-3.1944,0,0
0,0,0,0,-21.552,53.502,266.07,-154.56,23.883,1.7796,-13.216,5.8633,1.0571,0,0
0,0,0,0,14.77,7.3807,-112.6,16.507,89.882,57.96,-56.514,13.007,-0.61122,0,0
0,0,0,0,7.8603,-12.082,108.04,-43.158,28.9,18.444,-9.7535,-8.7237,0.5,0,0
0,0,0,0,48.122,44.684,-146.74,201.49,-175.77,25.444,3.2305,-5.9025,1.0401,0,0
0,0,0,0,-8.5356,-14.877,-110.96,17.115,1.2619,0,0,0,0,0,0
0,0,0,0,7.2006,12.057,1.4964,30.145,-143.59,25.444,3.2305,-5.9025,1.0401,0,0
0,0,0,0,-13.19,90.433,63.792,127.23,82.237,-106.49,3.9639,-23.84,0.70601,0,0
0,0,0,0,-8.2464,2.3636,51.376,-3.3809,-106.01,30.406,5.0508,-10.99,-1.9133,0,0
0,0,0,0,18.819,43.822,-96.163,-147.94,-9.2167,-4.8523,-13.339,8.8893,-2.6328,0,0
0,0,0,0,-0.2524,3.1899,-108.1,-52.412,-49.507,10.309,19.884,-16.798,0.17251,0,0
0,0,0,0,-29.392,99.282,-17.934,-25.692,-14.694,85.539,-89.39,7.8633,7.0036,0,0
0,0,0,0,0.5266,-15.142,-246.97,7.7047,-150.25,30.406,5.0508,-10.99,-1.9133,0,0
0,0,0,0,3.0033,1.0212,37.718,39.426,32.385,2.2518,-13.722,4.6734,0.76138,0,0
0,0,0,0,0.89295,26.251,151.16,74.623,-53.147,-38.976,39.082,-4.9431,-4.7123,0,0
0,0,0,0,7.6148,44.187,-114.25,96.775,-0.95088,0,0,0,0,0,0
0,0,0,0,7.6663,-5.6286,87.846,-39.244,-38.236,-3.6031,10.636,-18.106,-0.16659,0,0
0,0,0,0,41.901,23.023,-10.022,-72.429,-29.391,0,0,0,0,0,0
0,0,0,0,-15.416,31.624,124.65,-38.495,-56.04,-2.3248,-4.116,2.9821,0.15849,0,0
0,0,0,0,-15.102,12.146,92.077,41.561,239.3,-53.345,20.515,-22.025,-0.45457,0,0
0,0,0,0,-15.192,-16.616,-144.91,36.693,-2.6687,-9.9575,-2.9934,7.0099,-3.2042,0,0
0,0,0,0,-12.405,-16.21,126.79,142.94,-101.83,82.636,-8.7679,-6.0687,4.2631,0,0
0,0,0,0,-20.178,18.485,18.24,0.29311,71.484,-109.55,16.355,-7.9196,-0.82508,0,0
0,0,0,0,-8.6247,-24.933,-12.758,149.24,121.54,113.11,-27.257,12.045,5.422,0,0
0,0,0,0,15.497,-56.624,3.3199,-191.17,-22.639,11.34,-9.3702,-4.5078,-2.8942,0,0
0,0,0,0,-36.893,113.82,12.523,140.22,-215.51,23.192,16.953,-10.576,0.27868,0,0
0,0,0,0,-26.823,23.764,-70.728,10.319,-48.807,0,0,0,0,0,0
0,0,0,0,-108.47,-40.013,128.18,-57.604,121.13,-174.77,18.435,-8.9991,13.713,0,0
0,0,0,0,9.6537,92.899,43.784,-137.1,15.676,-45.342,3.9554,-3.0143,0.31578,0,0
0,0,0,0,-5.4629,13.976,148.8,30.046,136.55,54.094,-47.677,11.079,-0.53766,0,0
0,0,0,0,9.0155,-22.187,-25.35,58.063,150.96,-28.626,-18.267,16.854,2.9704,0,0
0,0,0,0,-10.847,6.0314,-217.97,240.62,-162.67,20.706,17.947,13.211,-3.9796,0,0
0,0,0,0,7.4506,-0.72844,-18.573,5.7646,7.4716,-11.447,9.8607,10.068,2.4827,0,0
-0.71891,-16.088,-144.33,107.11,-17.324,-15.267,43.362,-45.953,50.806,-40.273,-11.996,-11.581,57.695,0,0
0,0,0,0,-19.232,21.575,182.48,-38.989,-151.11,38.798,-14.468,-6.1074,1.9363,0,0
0,0,0,0,9.4306,4.5303,13.618,3.8203,139.6,-42.718,-5.8917,-22.853,8.4462,0,0
15.155,-20.704,0.57532,-143.54,-141.79,138.79,45.461,242.07,-21.199,-80.557,88.583,139.23,-20.053,0,0
0,0,0,0,-40.596,-12.759,-126.08,57.661,-116.57,23.422,3.9985,-2.7865,0.17404,0,0
0,0,0,0,-26.8,23.906,1.332,-8.8253,26.786,-8.6166,11.908,-4.8747,-0.95008,0,0
0,0,0,0,-6.3938,14.107,-113.81,91.984,40.423,0,0,0,0,0,0
0,0,0,0,78.736,-35.158,19.624,76.652,-69.227,105.69,18.39,-8.2212,5.6262,0,0
0,0,0,0,7.2476,-9.7542,11.257,-3.6504,-9.6319,1.7796,-13.216,5.8633,1.0571,0,0
0,0,0,0,-4.5981,-96.049,-23.457,-80.418,-118.26,18.794,-5.4142,7.8558,-0.26434,0,0
0,0,0,0,-3.672,7.9408,17.794,-64.019,-38.863,-14.683,-1.7539,1.6597,1.2177,0,0
0,0,0,0,-30.76,22.085,181.06,156.63,-25.607,11.38,-2.8869,-5.2542,-0.092709,0,0
0,0,0,0,3.8292,-28.639,155.94,4.5314,-66.55,16.095,7.474,5.9599,0.9121,0,0
3.0311,-8.1471,12.221,-15.923,-80.179,-210.87,-98.011,-38.331,-93.278,39.097,105.79,-28.886,-0.85168,0,0
0,0,0,0,-0.23205,-19.918,79.324,122.1,-24.659,5.3734,27.8,-21.063,-0.80505,0,0
0,0,0,0,-40.731,16.617,-27.673,20.157,87.409,7.2712,6.8756,-24.487,2.3179,0,0
0,0,0,0,6.1761,12.732,141.89,65.426,-117.01,30.406,5.0508,-10.99,-1.9133,0,0
0,0,0,0,-17.152,157.91,-102.15,143.49,76.747,-99.493,-62.275,4.3878,-1.3403,0,0
0,0,0,0,12.399,-0.4907,-33.871,18.314,81.471,9.9132,-25.379,12.731,-4.9318,0,0
0,0,0,0,-58.566,-0.13286,-36.347,102.19,122.21,-5.3294,1.5281,-0.77211,-0.2859,0,0
0,0,0,0,11.442,1.2479,22.699,6.5721,-116.35,-50.839,-21.338,15.03,4.2123,0,0
0,0,0,0,50.309,49.969,77.84,-219.62,-60.15,25.044,15.266,-3.6178,-0.27484,0,0
0,0,0,0,-44.738,21.131,27.734,44.171,-162.19,25.444,3.2305,-5.9025,1.0401,0,0
0,0,0,0,1.4318,4.2458,-79.827,42.208,-0.15375,15.035,1.2973,-4.884,-0.20096,0,0
0,0,0,0,8.6426,-6.6247,15.59,-2.0864,-7.6283,1.7796,-13.216,5.8633,1.0571,0,0
0,0,0,0,-44.221,6.9781,-156.98,47.391,-1.3621,0,0,0,0,0,0
0,0,0,0,44.262,40.246,141.43,53.495,19.058,18.989,2.9085,-14.337,1.1292,0,0
0,0,0,0,11.216,-3.2652,-69.347,-36.948,-128.77,18.442,-4.9575,11.08,-1.2811,0,0
0,0,0,0,7.3212,77.134,-92.666,9.4876,138.71,-5.9376,-10.178,-17.069,0.82564,0,0
0,0,0,0,-22.264,34.542,-166.77,-297.46,4.8829,9.9171,24.032,-8.0182,-6.5269,0,0
0,0,0,0,-6.8783,6.3538,-46.169,20.003,2.5293,-0.55353,-0.13726,0.94078,0.30144,0,0
0,0,0,0,-5.6005,-49.002,-64.89,-67.922,-32.954,28.701,-3.0284,-11.726,4.5254,0,0
0,0,0,0,-1.4085,60.644,49.872,-38.157,68.898,-117.44,44.905,-24.494,2.0164,0,0
0,0,0,0,-19.331,14.769,155.58,-30.998,-63.22,81.152,-39.561,2.4312,-0.33253,0,0
0,0,0,0,-13.254,22.963,111.62,21.368,120.81,-18.442,4.9575,-11.08,1.2811,0,0
0,0,0,0,27.937,-29.488,-27.405,9.4351,19.599,-11.485,-27.905,12.689,0.0015245,0,0
0,0,0,0,-6.221,-144.45,21.89,131.29,-113.72,-43.984,39.251,-8.2006,-1.8161,0,0
0,0,0,0,-12.029,14.323,-50.885,60.772,31.092,-15.375,-8.0804,-3.7345,4.0748,0,0
0,0,0,0,39.544,-82.081,89.245,50.993,66.648,25.915,-2.0083,-3.299,-0.33494,0,0
0,0,0,0,33.026,-38.742,-106.76,17.502,-103.49,-45.503,38.134,-18.466,-1.245,0,0
0,0,0,0,92.64,24.913,49.653,117.37,68.46,-163.87,148.69,-39.656,4.7856,0,0
0,0,0,0,14.166,-30.156,-20.634,17.294,-154.59,25.444,3.2305,-5.9025,1.0401,0,0
0,0,0,0,8.6426,-6.6247,15.59,-2.0864,-7.6283,1.7796,-13.216,5.8633,1.0571,0,0
0,0,0,0,33.622,-37.204,-68.305,-41.452,170,-63.104,-29.585,0.42548,5.5571,0,0
0,0,0,0,-0.94199,-120.03,-130.82,-127.74,43.434,115.55,-20.976,-53.696,-2.4698,0,0
0,0,0,0,13.582,2.9913,-88.929,-33.056,-165.68,25.997,3.3678,-6.8433,0.73862,0,0
0,0,0,0,-47.515,-12.811,-26.245,-149.65,129.51,-28.626,-18.267,16.854,2.9704,0,0
0,0,0,0,-14.497,-20.006,242.15,17.135,-47.45,15.035,1.2973,-4.884,-0.20096,0,0
0,0,0,0,-114.35,8.5132,-207.62,73.628,20.006,15.989,15.564,-7.2371,-5.41,0,0
0,0,0,0,-93.568,139.16,38.379,-4.4482,39.657,-220.32,67.038,-15.889,-10.28,0,0
0,0,0,0,-14.868,42.214,-69.782,-13.298,19.332,-44.821,28.404,7.91,-4.8113,0,0
0,0,0,0,2.2096,13.163,-10.054,-42.665,-152.24,25.997,3.3678,-6.8433,0.73862,0,0
0,0,0,0,3.6965,-7.7099,-94.11,-95.622,1.0417,-26.382,-13.512,-0.85585,-5.6621,0,0
0,0,0,0,7.2655,54.616,324.87,22.085,59.011,15.81,-14.069,-4.0179,-0.40192,0,0
0,0,0,0,-27.66,-134.29,293.47,-50.866,-7.0145,-127.89,-60.934,25.604,-0.28558,0,0
0,0,0,0,8.6426,-6.6247,15.59,-2.0864,150.41,-25.997,-3.3678,6.8433,-0.73862,0,0
0,0,0,0,-26.622,-118.25,-36.336,4.6233,144.09,130.69,-30.518,2.1704,3.0102,0,0
0,0,0,0,-12.304,-20.588,-7.2958,145.56,-55.869,-4.7365,-6.745,-5.3469,0.88157,0,0
0,0,0,0,18.662,-18.646,-13.276,10.654,-52.479,-1.8998,13.266,-7.8977,0.25537,0,0
0,0,0,0,-138.18,-33.639,-24.193,65.168,-95.8,-48.644,77.785,-12.664,2.6459,0,0
0,0,0,0,-20.732,20.258,96.604,62.724,0.49824,1.7796,-13.216,5.8633,1.0571,0,0
0,0,0,0,-12.38,20.794,-112.48,-238.39,-290.62,9.2384,31.313,15.061,3.9055,0,0
0,0,0,0,-6.817,251.88,-174.88,89.226,-38.324,-32.667,6.3436,-1.9641,-0.44647,0,0
0,0,0,0,16.623,4.5804,-146.02,-144,-19.493,10.123,-6.9656,-12.18,-1.0853,0,0
0,0,0,0,22.058,-3.514,120,-185.35,104.76,-100.43,10.205,1.9821,-2.067,0,0
0,0,0,0,-13.317,-24.525,-178.91,-41.257,84.94,-16.662,-8.2583,-5.2168,2.3382,0,0
0,0,0,0,6.3146,8.6495,43.445,-102.14,156.74,-26.148,-11.758,0.60312,-1.1618,0,0
0,0,0,0,-14.599,-23.097,125.38,87.246,-5.1743,15.035,1.2973,-4.884,-0.20096,0,0
0,0,0,0,9.9061,14.084,185.5,-110.21,108.45,-12.155,-13.257,-20.44,3.7521,0,0
0,0,0,0,17.516,-75.705,-79.261,16.539,-48.71,70.727,29.565,-25.333,-0.72284,0,0
0,0,0,0,6.721,-137.16,-20.624,-191.64,171.4,-29.216,-19.315,-22.3,0.027482,0,0
0,0,0,0,-26.124,13.414,95.638,198.99,46.436,-67.729,22.161,3.3161,-1.7933,0,0
0,0,0,0,18.619,35.515,135.89,56.474,28.676,0,0,0,0,0,0
0,0,0,0,39.845,-102.1,45.389,-176.01,153.86,-130.27,-111.08,21.993,2.9444,0,0
9.9593,-8.9348,106.79,29.14,101.64,241.08,13.963,80.671,104.36,-35.363,-66.34,-2.7124,-0.86482,0,0
1.7321,1.384,4.2321,30.021,-0.62612,-136.97,14.069,237.32,240.91,164.35,54.605,-52.768,8.384,0,0
0,0,0,0,38.499,-23.686,64.868,-124.69,191.03,-23.335,-11.432,8.695,-3.9988,0,0
0,0,0,0,8.1046,73.443,56.089,43.818,-89.77,-133.1,71.115,-8.4775,1.6618,0,0
0,0,0,0,3.8191,8.52,-15.878,-16.987,138.4,-51.958,2.4416,18.611,-0.50417,0,0
0,0,0,0,-29.245,5.9455,131.16,-82.762,18.637,1.7796,-13.216,5.8633,1.0571,0,0
0,0,0,0,-36.946,82.157,127.95,-23.886,-48.97,-61.836,55.233,-23.048,-2.1992,0,0
0,0,0,0,-35.229,-190.47,21.24,135.86,3.9506,-50.336,-10.998,1.3403,-0.99223,0,0
0,0,0,0,-21.83,-179.81,-11.891,-17.683,-11.917,56.333,-93.327,-13.364,-6.082,0,0
0,0,0,0,3.549,90.851,162.13,58.746,-18.602,-13.255,-14.513,10.747,1.2581,0,0
0,0,0,0,-4.4285,157.6,130.07,-58.447,-115.95,76.726,49.48,24.321,1.5231,0,0
0,0,0,0,39.946,-37.321,-89.602,-34.945,-16.812,-5.9558,2.3236,0.49343,-0.56699,0,0
0,0,0,0,-42.622,12.008,28.624,52.727,-8.3687,-0.55353,-0.13726,0.94078,0.30144,0,0
0,0,0,0,8.1974,-98.63,-34.575,136.33,-20.976,11.595,-6.3788,-6.5433,-9.9872,0,0
0,0,0,0,-23.738,29.521,134.11,-24.528,-158.54,25.444,3.2305,-5.9025,1.0401,0,0
0,0,0,0,-3.8762,1.3317,91.645,18.319,83.553,40.69,-45.868,-2.2411,2.1364,0,0
0,0,0,0,49.745,-103.56,61.743,-134.45,142.21,-50.551,-21.644,-26.894,-0.46835,0,0
0,0,0,0,-11.467,9.6112,144.48,-78.939,15.779,0.35192,-0.45665,-3.2243,1.0167,0,0
0,0,0,0,1.799,-33.881,-123.84,45.493,163.32,164.08,34.571,28.259,3.9181,0,0
0,0,0,0,25.891,64.608,94.448,-16.685,-232.11,-31.694,38.29,-15.375,3.7476,0,0
0,0,0,0,20.115,-1.8654,-83.784,68.753,42.345,0,0,0,0,0,0
0,0,0,0,7.2476,-9.7542,11.257,-3.6504,-9.6319,1.7796,-13.216,5.8633,1.0571,0,0
0,0,0,0,52.656,25.071,3.1029,-172.11,165.47,-53.07,-21.582,7.8654,3.6531,0,0
0,0,0,0,-49.211,32.096,168.98,54.442,-77.263,29.108,9.5392,4.192,-0.15489,0,0
0,0,0,0,-9.5377,15.429,103.85,-100.19,-33.401,0,0,0,0,0,0
0,0,0,0,7.3648,-81.275,43.398,-90.462,-19.539,34.516,19.114,2.1573,4.0808,0,0
0,0,0,0,-22.192,10.221,-74.506,357.02,276.68,-60.003,44.639,-43.777,4.3307,0,0
0,0,0,0,-27.812,20.07,105.15,55.429,-3.4886,1.7796,-13.216,5.8633,1.0571,0,0
0,0,0,0,34.289,-0.070508,-66.933,-58.884,-63.309,77.84,-30.587,-0.43782,-0.56042,0,0
0,0,0,0,50.45,-6.9093,57.064,-17.824,-123.66,10.409,1.9332,-1.0185,1.241,0,0
0,0,0,0,9.3256,-179.92,88.764,190.41,117.66,5.9834,-60.119,-4.6807,-1.9187,0,0
0,0,0,0,7.6606,8.0601,-50.648,16.909,-82.73,-23.113,-1.8881,-0.099279,-2.1507,0,0
0,0,0,0,-57.908,-38.321,22.153,163.88,-104.52,-0.4109,54.359,3.9479,6.0248,0,0
0,0,0,0,-8.7946,-46.759,-91.745,-68.176,-55.291,23.422,3.9985,-2.7865,0.17404,0,0
0,0,0,0,6.9596,35.354,174.62,90.074,-78.931,10.409,1.9332,-1.0185,1.241,0,0
0,0,0,0,46.29,-1.7637,-7.4703,-185.97,85.112,28.803,-41.644,4.6187,-2.279,0,0
0,0,0,0,28.729,-30.513,85.326,190.63,-33.554,-92.614,49.06,-0.1484,5.8909,0,0
0,0,0,0,-41.713,83.578,-151.85,-168.71,-44.121,-3.6923,41.826,-11.602,0.20064,0,0
0,0,0,0,21.729,84.824,-118.18,-30.216,119.67,-0.21745,-11.01,-4.6163,3.5314,0,0
0,0,0,0,23.322,9.703,-309.92,149.47,-12.691,-1.8045,3.5012,7.0903,-1.1381,0,0
0,0,0,0,0.64623,-55.177,148.94,287.9,-89.691,4.714,2.2856,1.2631,2.6989,0,0
0,0,0,0,8.9159,-14.02,-56.123,-49.952,-99.334,-6.7567,31.01,-5.4506,0.6887,0,0
0,0,0,0,4.8256,-94.101,21.713,-27.677,39.891,18.214,3.201,-16.513,0.60465,0,0
0,0,0,0,4.6058,-74.535,-17.392,136.4,-37.258,28.159,10.743,2.5604,-0.70753,0,0
0,0,0,0,-17.358,-19.739,207.85,-33.681,11.339,11.531,-14.234,-4.2255,-2.9199,0,0
0,0,0,0,22.208,1.8834,209.6,-136.21,21.323,-0.4722,0.50657,1.1899,0.29575,0,0
0,0,0,0,4.6998,3.3615,-8.7667,120.87,-129.18,59.749,7.6014,5.6977,7.3418,0,0
0,0,0,0,24.698,-28.212,149.77,-85.207,109.49,14.923,-18.711,-22.648,0.7117,0,0
0,0,0,0,-34.472,15.493,-8.0442,210.34,63.7,43.745,-49.493,-9.079,3.6507,0,0
0,0,0,0,-11.242,-41.959,-8.9062,-54.638,67.057,0,0,0,0,0,0
0,0,0,0,2.6405,-11.01,86.784,31.905,-48.837,0.35192,-0.45665,-3.2243,1.0167,0,0
0,0,0,0,15.125,-1.5511,26.64,21.536,1.3795,0,0,0,0,0,0
0,0,0,0,-12.367,-118.88,85.493,46.698,62.694,-122.2,-4.0806,-16.468,-3.7192,0,0
0,0,0,0,8.5544,12.006,135.3,-63.161,-23.703,-2.9554,5.1946,-9.9728,-0.88309,0,0
0,0,0,0,-18.137,47.281,-113.8,-16.576,-226.78,-5.4986,11.716,-1.5508,2.799,0,0
0,0,0,0,-8.2476,-72.927,-24.505,153.33,81.289,104.21,36.826,30.557,0.19263,0,0
4.6046,-9.7909,-7.0066,1.1651,-85.34,-70.443,67.935,-81.843,-198.53,-136.89,16.674,2.945,3.2961,0,0
0,0,0,0,-16.684,132.19,106.67,35.07,-162.38,-43.984,39.251,-8.2006,-1.8161,0,0
0,0,0,0,25.081,-80.202,-139.82,-5.7644,-145.44,-127.16,50.171,-6.9413,-1.9019,0,0
0,0,0,0,-10.501,2.4163,-102.41,-103.81,-73.584,7.0021,8.1881,-16.983,2.3212,0,0
0,0,0,0,22.569,-21.207,69.419,-22.088,-100.63,-11.99,56.342,10.142,-2.0377,0,0
0,0,0,0,1.2455,5.1606,69.059,17.875,-40.059,0.35192,-0.45665,-3.2243,1.0167,0,0
0,0,0,0,25.069,-167.6,-117.89,-218.41,-39.175,31.794,24.477,-0.78525,6.5111,0,0
0,0,0,0,29.661,32.035,139.61,-186.2,78.493,25.129,-22.671,-5.4097,-4.1621,0,0
-21.022,6.0538,5.9925,-92.802,-57.156,242.36,181.52,-176.96,96.921,130.02,168.3,5.5147,-4.6807,0,0
0,0,0,0,8.6426,-6.6247,15.59,-2.0864,-7.6283,1.7796,-13.216,5.8633,1.0571,0,0
0,0,0,0,2.8502,-73.28,96.665,57.624,108,70.584,-39.178,-7.8724,8.0559,0,0
0,0,0,0,30.719,-3.6052,45,-54.492,-32.267,-4.7365,-6.745,-5.3469,0.88157,0,0
0,0,0,0,16.274,-24.005,-54.153,-27.839,-42.854,0,0,0,0,0,0
0,0,0,0,-2.2231,15.77,25.031,37.751,88.172,-38.797,-17.085,-5.154,-4.0003,0,0
0,0,0,0,-83.024,-33.442,18.827,-49.648,-44.979,8.9078,-4.1274,6.384,0.61843,0,0
0,0,0,0,57.435,-11.797,45.702,50.044,100.56,-24.784,-48.802,-6.4863,0.95633,0,0
0,0,0,0,-7.5176,14.861,83.025,3.8094,-35.069,-87.255,54.881,-25.049,2.1749,0,0
0,0,0,0,75.479,38.697,-143.45,51.615,40.073,1.5365,49.849,-41.11,2.3391,0,0
0,0,0,0,-19.863,-43.319,71.024,-121.68,-75.976,-24.038,34.894,27.371,-11.552,0,0
0,0,0,0,37.495,7.5811,34.873,-91.112,86.867,-50.711,-25.633,9.2698,-8.6241,0,0
0,0,0,0,5.8905,-157.43,-95.686,-46.678,-122.79,-25.884,23.338,0.94143,-1.7222,0,0
0,0,0,0,-9.6112,-156.12,-205.02,-112.72,-184.05,-114.53,-191.25,6.0578,3.4569,0,0
0,0,0,0,28.358,-15.942,7.726,-23.289,14.125,11.079,5.4857,-12.021,2.6127,0,0
0,0,0,0,-31.33,36.75,260.91,33.247,85.451,80.224,-1.3426,15.456,3.7204,0,0
1.7321,1.384,4.2321,30.021,-93.904,103.51,-88.267,-257.84,84.008,-35.262,-190.61,45.772,0.9468,0,0
8.2272,-11.343,16.118,70.997,18.986,-139.97,-64.412,66.452,-267.19,-127.82,124.69,-39.258,2.9462,0,0
0,0,0,0,-23.72,81.153,-19.935,4.9517,-55.437,152.01,-40.346,7.8421,4.4901,0,0
0,0,0,0,48.951,83.423,10.917,-4.4091,-21.042,23.224,34.513,25.925,0.48061,0,0
0,0,0,0,250.23,-102.92,26.935,-144.12,89.802,87.102,-28.322,13.279,-2.1271,0,0
0,0,0,0,-132.83,-166.88,86.994,-58.307,108.78,98.273,26.094,34.78,-0.93445,0,0
0,0,0,0,44.361,-16.293,67.197,-237.74,-30.601,123.39,-27.842,-21.077,-2.5419,0,0
-8.2272,22.173,-15.722,15.502,-180.47,1.3293,-67.13,-58.035,-8.9444,16.269,-6.9793,2.337,-0.89952,0,0
0,0,0,0,95.622,-38.897,-179.96,-180.33,-243.84,161.64,-59.24,-18.765,-6.3667,0,0
0,0,0,0,1.5903,28.735,-41.236,-146.72,59.131,-60.174,30.486,-14.607,0.22636,0,0
-1.5099,0.66506,0.021234,-2.0413,26.316,20.112,63.134,-117.13,-72.039,-24.488,16.897,20.167,-7.6193,0,0
0,0,0,0,-130.49,-91.481,194.05,-32.432,223.15,-66.926,-61.699,3.7696,-0.96266,0,0
0,0,0,0,37.009,120.13,-84.887,-136.9,167.37,5.9834,-60.119,-4.6807,-1.9187,0,0
0,0,0,0,27.124,-131.62,37.359,-142.39,182.96,121.56,-18.398,1.8681,9.2091,0,0
0,0,0,0,10.373,-16.882,88.668,76.405,169.1,-30.18,-9.9755,0.55561,-0.15849,0,0
0,0,0,0,7.9752,106.47,9.2277,134.33,209.08,94.602,-20.964,-36.565,1.2882,0,0
0,0,0,0,13.28,-95.043,-160.18,105.83,76.868,-106.49,3.9639,-23.84,0.70601,0,0
0,0,0,0,-16.814,-123.03,105.71,-125.47,183.02,-24.784,-48.802,-6.4863,0.95633,0,0
0,0,0,0,91.843,61.122,68.076,73.028,-56.799,128.32,-4.2459,45.117,-2.6402,0,0
0,0,0,0,-163.92,-121.02,-222.26,50.139,-322.52,124.88,-43.263,-60.432,7.2873,0,0
0,0,0,0,-40.267,19.457,29.089,8.4483,120.9,-26.148,-11.758,0.60312,-1.1618,0,0
0,0,0,0,-18.06,13.812,63.158,22.473,3.3227,14.793,-11.151,4.0953,-0.0098548,0,0
0,0,0,0,84.089,-2.6183,-32.645,33.632,10.634,36.676,10.379,-9.2841,4.1014,0,0
0,0,0,0,-123.19,108.94,-48.332,-6.816,-69.173,194.13,-96.424,-36.022,4.076,0,0
0,0,0,0,-10.237,-91.793,-55.668,-35.655,151.13,14.923,-18.711,-22.648,0.7117,0,0
0,0,0,0,-159.6,51.025,23.314,69.658,-256.88,-77.449,-70.601,-36.608,-3.4875,0,0
0,0,0,0,-11.06,-63.069,-79.95,-113.11,16.308,19.038,8.506,17.681,0.68093,0,0
0,0,0,0,96.151,35.146,222.06,-75.899,45.123,-74.141,19.825,-38.094,-1.078,0,0
0,0,0,0,-101.95,56.455,49.044,-116.63,147.41,-109.52,1.2899,24.963,6.4561,0,0
0,0,0,0,16.852,-40.805,27.279,192.65,-92.433,-99.016,99.102,-42.652,3.1818,0,0
0,0,0,0,96.779,11.554,163.88,-60.083,2.0867,114.42,35.998,13.77,0.71475,0,0
0,0,0,0,92.669,-202.05,-116.59,80.424,-9.0949,66.993,20.043,23.717,1.3688,0,0
0,0,0,0,32.028,-5.8609,-30.715,-50.955,-13.742,2.0066,7.0149,-15.061,-3.8365,0,0
0,0,0,0,-54.322,96.323,-109.09,9.0756,64.327,-9.979,-14.427,21.825,-2.7766,0,0
0,0,0,0,96.897,35.166,73.986,-34.863,113.1,101.31,-25.374,1.0885,-4.9456,0,0
0,0,0,0,-99.742,146.29,-8.7346,19.369,-96.867,-123.7,-64.306,-10.272,-4.1376,0,0
0,0,0,0,-1.1405,-25.231,26.962,13.885,-15.645,-16.224,-54.029,29.692,0.1008,0,0
0,0,0,0,-34.655,72.675,116.79,37.689,124.01,-16.662,-8.2583,-5.2168,2.3382,0,0
0,0,0,0,11.685,-146.06,-140.81,-45.868,121.58,0.34048,-27.763,27.789,1.4026,0,0
0,0,0,0,-12.611,109.28,51.579,12.913,-264.88,-3.7891,-4.1696,8.355,-9.3068,0,0
0,0,0,0,14.131,83.605,63.952,168.57,-107.5,-70.557,4.9243,-23.425,-1.3409,0,0
0,0,0,0,9.8792,36.731,-138.45,165.36,-0.95519,34.298,-41.376,12.29,5.3921,0,0
0,0,0,0,-66.123,107.78,-124.4,-76.779,-223.85,172.91,-74.08,-42.753,-3.3649,0,0
0,0,0,0,-1.1585,-5.1381,41.152,-42.841,-129.45,-43.984,39.251,-8.2006,-1.8161,0,0
0,0,0,0,-0.55473,186.39,-117.94,50.111,-3.8017,-45.342,3.9554,-3.0143,0.31578,0,0
0,0,0,0,103.75,-150.86,42.336,-89.079,-85.144,73.113,49.577,-15.912,1.4997,0,0
0,0,0,0,1.4632,-137.8,-68.764,140.48,-51.102,-76.375,31.141,-20.519,-0.7524,0,0
0,0,0,0,-1.587,-93.43,-97.589,-134.15,168.98,-77.315,-28.593,20.23,6.9423,0,0
0,0,0,0,-13.288,-41.399,-262.56,124.31,137.35,61.91,-38.311,15.241,-2.2521,0,0
0,0,0,0,52.545,-106.45,69.321,40.039,-177.5,-102.07,-57.261,-10.706,2.3182,0,0
0,0,0,0,-23.624,137.18,-36.197,-22.715,-22.458,-56.545,119.12,18.742,-6.4465,0,0
0,0,0,0,19.703,-13.62,161.82,166.73,134.25,-25.557,15.998,-10.809,-0.72668,0,0
0,0,0,0,-19.331,14.769,155.58,-30.998,-298.52,61.973,-1.8986,-3.7835,-0.16539,0,0
0,0,0,0,5.4698,-15.607,131.66,-13.307,-125.86,31.129,8.7712,1.076,0.71114,0,0
0,0,0,0,-0.23774,104.85,129.21,-200.4,36.35,38.466,-21.711,-9.3947,-0.58734,0,0
0,0,0,0,-29.921,9.6979,4.8562,5.6639,-128.32,42.965,7.0442,-18.064,1.0018,0,0
0,0,0,0,8.6426,-6.6247,15.59,-2.0864,70.713,-18.09,4.5009,-14.304,2.2978,0,0
0,0,0,0,18.814,3.6008,49.982,-35.574,41.513,-8.9087,-11.165,4.6492,1.9656,0,0
0,0,0,0,-6.1283,-7.7264,51.662,-14.858,-140.7,37.019,-1.2518,-11.971,0.87917,0,0
0,0,0,0,6.3681,-6.3077,-132.67,27.888,20.393,-68.505,25.696,-11.622,3.6373,0,0
0,0,0,0,0.22756,-18.819,-13.771,12.592,-123.41,45.647,-0.051121,0.72877,-2.7733,0,0
0,0,0,0,1.203,2.3035,-26.505,18.033,265.51,-30.705,-22.65,-13.614,-3.4235,0,0
0,0,0,0,8.6426,-6.6247,15.59,-2.0864,-47.099,15.035,1.2973,-4.884,-0.20096,0,0
0,0,0,0,16.92,-29.891,-31.247,82.978,38.218,-0.55353,-0.13726,0.94078,0.30144,0,0
0,0,0,0,-34.921,28.509,-149.78,23.775,322.77,-78.629,-18.319,19.847,1.0619,0,0
0,0,0,0,1.9677,12.173,70.295,28.105,-5.1663,0,0,0,0,0,0
0,0,0,0,12.399,-0.4907,-33.871,18.314,-116.77,-37.753,-19.943,27.019,2.7662,0,0
0,0,0,0,-20.749,73.516,9.8528,-43.8,98.16,-59.823,23.469,-6.6934,0.87708,0,0
0,0,0,0,40.924,-49.576,-129.82,28.346,119.44,-18.442,4.9575,-11.08,1.2811,0,0
0,0,0,0,-9.7954,79.695,42.449,-233.24,2.8984,35.786,-40.592,-3.5853,-4.3663,0,0
0,0,0,0,-34.963,49.575,29.158,-39.463,-58.165,-37.793,53.879,-3.7454,-0.86154,0,0
0,0,0,0,1.4007,-43.424,-139.18,-59.739,-35.161,0,0,0,0,0,0
0,0,0,0,15.625,141.67,-131.24,-44.84,-44.405,4.9707,-14.453,2.6423,6.634,-2.2518,10.825
0,0,0,0,-25.082,18.534,41.02,66.614,31.944,12.217,-4.68,1.7096,-2.0703,0,0
0,0,0,0,-3.3995,7.6337,157.07,-50.756,-138.99,-40.773,-11.727,-3.4824,3.7132,0,0
3.4641,-12.52,-32.196,81.363,-90.861,-108.72,16.068,-12.802,104.72,-5.0761,-115.47,26.456,2.9085,0,0
0,0,0,0,35.597,73.314,-98.032,101.26,165.4,-17.493,3.7533,-9.4486,1.8337,0,0
0,0,0,0,-15.226,-6.2638,89.542,-30.94,-62.056,-11.683,48.439,-7.2858,1.6675,0,0
0,0,0,0,-10.635,0.21979,3.2921,-0.39744,-27.118,7.0021,8.1881,-16.983,2.3212,0,0
0,0,0,0,-10.635,0.21979,3.2921,-0.39744,110.28,-30.054,-5.5075,7.7661,2.93,0,0
0,0,0,0,-3.7721,-31.878,-41.984,50.101,157.04,-15.875,-10.333,-5.337,-1.8239,0,0
0,0,0,0,8.3546,-49.293,-96.537,-23.951,-8.2897,-26.382,-13.512,-0.85585,-5.6621,0,0
0,0,0,0,0.51018,62.597,22.234,-71.209,-99.524,20.132,6.8887,1.2308,1.4958,0,0
0,0,0,0,-47.355,-74.508,108.94,88.709,112.82,80.224,-1.3426,15.456,3.7204,0,0
4.6046,-9.7909,-7.0066,1.1651,44.83,-162.11,118.13,72.894,-92.355,65.834,107.89,-112.84,33.607,0,0
0,0,0,0,-37.039,-9.7728,69.578,264.44,-134.26,162.78,-74.164,39.702,44.585,0,0
0,0,0,0,13.283,-19.821,-140.64,77.486,36.4,-9.3449,-45.666,1.8127,-5.0102,0,0
0,0,0,0,-16.404,13.479,11.608,11.181,-21.018,63.055,-11.573,-8.3825,-4.8966,0,0
0,0,0,0,10.934,12.403,-181.84,48.194,52.357,83.014,-26.469,-21.202,6.2308,0,0
0,0,0,0,-6.5801,-38.649,-99.876,136.63,90.252,-28.626,-18.267,16.854,2.9704,0,0
0,0,0,0,15.984,71.971,13.369,181.57,28.702,-13.255,-14.513,10.747,1.2581,0,0
0,0,0,0,4.3771,-131.68,28.354,-150.7,199.33,-34.613,17.17,48.637,6.5369,0,0
0,0,0,0,-164.82,-155.33,103.77,126.9,-34.82,-125.31,-41.499,-35.192,-3.4606,0,0
0,0,0,0,19.055,8.8463,-82.471,-122.87,-40.234,-123.7,-64.306,-10.272,-4.1376,0,0
0,0,0,0,-13.56,83.345,-51.511,23.189,270.65,108.64,-19.865,4.3505,-0.44856,0,0
0,0,0,0,-9.5801,-14.837,-10.179,-99.474,-15.14,-37.648,65.414,-19.025,9.9629,0,0
0,0,0,0,-36.454,143.87,6.5176,139.67,33.926,7.4716,-15.81,7.1325,1.6241,0,0
0,0,0,0,-6.1671,-7.622,73.263,-72.384,-69.016,47.469,5.6292,-5.433,1.8415,0,0
0,0,0,0,-13.882,-32.76,-82.084,-273.29,208.72,-29.216,-19.315,-22.3,0.027482,0,0
0,0,0,0,17.907,10.502,258.89,-218.68,27.639,-4.962,-1.8203,5.0879,2.9534,0,0
0,0,0,0,-19.653,5.9542,-55.305,-35.971,-190.99,46.998,0.675,-14.998,1.5242,0,0
0,0,0,0,18.69,-23.85,137.28,-12.523,-154.16,25.997,3.3678,-6.8433,0.73862,0,0
0,0,0,0,11.216,-3.2652,-69.347,-36.948,-163.02,27.777,-9.8481,-0.97997,1.7958,0,0
0,0,0,0,-62.112,32.413,15.938,-12.447,-3.6842,0,0,0,0,0,0
0,0,0,0,1.2455,5.1606,69.059,17.875,136.97,-28.399,1.9641,-4.0703,-1.9232,0,0
0,0,0,0,-32.885,3.47,144.45,-108.34,40.869,-3.6943,-10.667,0.3762,-2.6932,0,0
0,0,0,0,9.8534,26.923,-42.327,-140.78,16.081,5.4808,10.178,13.839,-2.8325,0,0
0,0,0,0,-10.635,0.21979,3.2921,-0.39744,133.17,-28.953,1.8268,-3.1295,-1.6217,0,0
0,0,0,0,6.4853,-84.239,-83.657,32.664,-11.034,67.614,5.8187,0.68125,-1.3349,0,0
0,0,0,0,-2.7667,2.1962,-62.439,49.919,-184.18,4.9719,22.674,13.691,2.082,0,0
0,0,0,0,7.3122,-19.073,153.96,-14.036,110.22,4.9842,20.791,-6.8205,-10.248,0,0
0,0,0,0,-12.943,-21.449,23.345,-15.661,62.502,40.083,-10.743,7.5915,-2.7255,0,0
0,0,0,0,25.476,-92.654,-87.066,22.56,54.046,25.915,-2.0083,-3.299,-0.33494,0,0
0,0,0,0,24.873,-99.57,179.2,165.09,-80.167,-66.244,53.55,-18.901,0.45272,0,0
0,0,0,0,38.651,-128.39,194.44,-120.31,49.779,-111,32.622,-12.953,0.23862,0,0
0,0,0,0,-3.2153,-18.69,73.754,108.58,-82.975,82.248,-28.904,-4.5849,-3.2123,0,0
0,0,0,0,11.217,89.154,-184.31,-86.689,100.53,-57.802,22.701,-9.8095,1.7431,0,0
0,0,0,0,-129.6,130.54,-20.339,-221.84,-160.35,-116.72,19.912,-26.276,-0.51619,0,0
0,0,0,0,-9.6683,-66.939,-36.929,-65.53,22.39,-91.403,-6.9422,42.383,-1.363,0,0
0,0,0,0,39.985,-1.7305,-78.448,-109.91,54.077,11.886,-27.325,21.789,-1.0197,0,0
0,0,0,0,-45.547,-87.562,23.514,-191.72,-1.4349,-17.502,10.158,7.602,-2.2901,0,0
0,0,0,0,9.8412,-21.016,201.38,-139.07,-0.83391,13.004,-1.2631,-2.9886,-2.2189,0,0
-2.5981,-10.623,-9.2859,13.989,-24.613,-74.081,12.025,-127.25,12.653,15.035,1.2973,-4.884,-0.20096,0,0
0,0,0,0,-39.886,17.966,185.5,234.17,-6.5662,18.989,2.9085,-14.337,1.1292,0,0
0,0,0,0,20.296,6.4423,25.967,-25.461,-77.669,78.239,-32.394,-4.573,2.6507,0,0
0,0,0,0,-33.863,-34.605,-63.634,64.437,-12.645,-140.28,-21.619,25.07,-3.5843,0,0
0,0,0,0,5.9907,-125.88,-187.71,-2.7065,146.93,-26.964,-33.037,-17.627,0.78886,0,0
0,0,0,0,38.792,-35.141,-3.0374,4.8418,-44.975,-49.135,-27.621,-4.7779,9.1098,0,0
0,0,0,0,-1.9216,-68.233,144.89,69.403,175.43,-130.47,-45.022,3.3298,2.6833,0,0
0,0,0,0,-177.37,80.412,-129.81,-12.339,111.8,58.206,-42.17,9.2536,-4.7958,0,0
0,0,0,0,-70.29,-93.187,168.89,-66.957,89.46,-37.57,-33.572,26.941,-4.2428,0,0
0,0,0,0,-0.44856,-59.498,63.416,24.26,237.56,26.427,-56.785,-20.894,4.5691,0,0
9.2575,-3.645,-66.898,115.39,112.97,-25.93,-155.68,25.256,120.14,84.524,26.254,-46.219,91.891,-10.398,6.4796
0,0,0,0,-37.18,138.62,-138.82,136.61,-17.921,-24.917,24.66,23.039,6.1146,0,0
0,0,0,0,32.651,-38.44,-170.52,49.642,-12.44,1.7796,-13.216,5.8633,1.0571,0,0
0,0,0,0,37.558,80.427,-35.24,-9.3428,99.297,-155.13,-46.047,19.132,-0.65128,0,0
1.9984e-015,6.6613e-016,8.2157e-015,5.107e-015,2.7108,22.853,43.917,7.4501,-78.993,-11.683,48.439,-7.2858,1.6675,0,0
0,0,0,0,26.461,68.114,-122.16,21.053,132.98,39.258,-31.588,-11.84,0.77003,0,0
0,0,0,0,34.968,56.797,-81.405,9.8357,140.75,-28.626,-18.267,16.854,2.9704,0,0
0,0,0,0,25.574,48.362,-49.294,-109.86,164.15,-34.357,-60.402,37.882,-1.1644,0,0
0,0,0,0,-0.3125,-20.937,31.601,68.339,140.59,-71.13,4.3866,-4.82,3.0903,0,0
0,0,0,0,-30.955,-105.81,131.06,-147.6,72.591,-3.6943,-10.667,0.3762,-2.6932,0,0
0,0,0,0,-2.1809,102.8,-33.967,-5.3841,-141.96,-44.368,33.421,-12.841,-1.5216,0,0
0,0,0,0,2.6405,-11.01,86.784,31.905,131.41,-40.376,-12.539,24.653,0.43935,0,0
0,0,0,0,-2.0425,-97.343,-30.194,-134.26,128.14,-106.49,3.9639,-23.84,0.70601,0,0
0,0,0,0,-4.8771,104.67,-131.94,-150.97,-14.263,-226.18,7.9272,18.635,3.7752,0,0
0,0,0,0,-2.0078,157.81,-40.966,-25.01,-21.335,-12.577,-14.342,28.528,0.50273,0,0
0,0,0,0,-27.713,-72.182,123.26,-46.218,145.74,2.1372,-5.7225,-11.915,4.2524,0,0
0,0,0,0,168.14,24.912,-87.865,57.2,-0.31089,0.0039293,-124.93,9.0053,-11.386,0,0
0,0,0,0,-36.266,63.547,-51.65,-29.034,-96.514,-58.028,7.161,-4.5661,-0.39087,0,0
0,0,0,0,8.6516,-141.52,-91.868,231.9,-244.36,66.468,-56.64,-3.4016,-10.867,0,0
0,0,0,0,-154,-36.478,-155.33,-0.13793,-97.292,126.08,-24.308,6.4432,-1.5212,0,0
0,0,0,0,13.922,85.57,-53.774,58.684,156.8,-109.52,1.2899,24.963,6.4561,0,0
0,0,0,0,-9.2562,-22.5,1.3014,147.2,107.92,-36.033,-18.097,17.703,-1.244,0,0
0,0,0,0,-10.745,-17.868,10.377,129.92,34.805,-45.191,-13.761,-8.1908,-2.9791,0,0
0,0,0,0,-22.349,9.57,-80.616,128.45,-10.708,-70.682,14.609,-10.358,-1.7536,0,0
0,0,0,0,-7.9196,16.482,-121.45,33.4,-69.771,-32.144,15.259,-40.5,-2.8547,0,0
0,0,0,0,11.094,-76.017,-80.699,16.806,-4.7894,-4.962,-1.8203,5.0879,2.9534,0,0
0,0,0,0,-3.3212,109.47,-49.182,41.694,25.072,-6.8256,-30.121,19.213,-4.5655,0,0
0,0,0,0,-59.186,36.671,72.207,42.806,117.73,-16.662,-8.2583,-5.2168,2.3382,0,0
0,0,0,0,10.818,-13.747,136.96,-24.07,29.59,15.168,5.0179,0.042468,-1.75,0,0
0,0,0,0,39.559,-39.635,-135.67,53.232,44.374,-0.24191,-12.448,8.9793,0.19111,0,0
0,0,0,0,1.6785,-15.894,18.958,-4.6704,-130.59,-45.951,37.399,-0.68621,-0.70785,0,0
0,0,0,0,-1.3325,12.378,6.4504,-34.333,-34.366,0,0,0,0,0,0
0,0,0,0,-34.047,-31.784,-173.97,74.481,93.594,39.597,3.7058,-0.62708,-3.5392,0,0
0,0,0,0,16.886,-19.064,-12.507,-59.103,-80.895,-14.12,38.097,-10.057,4.067,0,0
0,0,0,0,67.366,-19.949,-91,239.29,-62.307,-56.635,1.1791,-17.985,-0.59752,0,0
0,0,0,0,70.979,127.85,-8.254,135.12,-141.71,13.721,4.241,9.9204,0.36963,0,0
8.2272,-11.343,16.118,70.997,-113.63,114.48,169.84,-198.71,-205.13,141.36,-140.52,1.7917,2.2147,0,0
0,0,0,0,45.222,88.916,-42.743,-76.657,-57.805,-48.765,12.612,-21.438,-1.024,0,0
-0.43301,-6.8056,-11.275,67.68,73.238,-184.25,-47.405,10.812,32.17,140.43,-56.785,-2.1382,3.9677,0,0
0,0,0,0,90.493,17.238,20.271,-146.63,-223.11,141.22,134.65,-53.833,-1.5575,0,0
0,0,0,0,2.3526,-156.51,-55.928,-96.287,-47.432,-145.84,96.605,-9.1635,-0.15817,0,0
0,0,0,0,-36.033,-178.02,105.74,44.713,133.43,110.56,-25.882,15.019,-5.5209,0,0
0,0,0,0,7.299,-118.71,-120.39,-60.48,-13.4,-60.585,38.449,15.94,1.3639,0,0
-4.7631,-4.1095,29.015,-95.411,-95.617,-112.5,46.916,41.038,-187.24,33.851,-43.797,12.73,4.105,0,0
-21.651,-34.183,20.363,49.681,-165.26,-129.25,2.0763,161.09,-107.27,-202.04,15.521,2.8229,5.0915,0,0
0,0,0,0,-12.154,-39.863,-15.927,-210.82,-75.836,116.44,-28.889,7.1863,-5.808,0,0
0,0,0,0,-10.154,-86.056,8.8231,-75.165,-242.02,-33.973,-50.159,11.46,2.0808,0,0
0,0,0,0,52.287,-106.48,126.42,115.08,-78.722,-0.19078,4.8636,-0.28229,0.025721,0,0
0,0,0,0,4.9016,14.746,-39.777,13.503,136.08,-27.929,-23.698,5.229,0.60289,0,0
0,0,0,0,101.23,39.443,-7.2467,117.69,-20.994,30.244,1.5619,-40.848,9.5119,0,0
0,0,0,0,-83.26,-127.65,164.07,-116.54,125.69,98.273,26.094,34.78,-0.93445,0,0
0,0,0,0,39.412,-159.75,86.289,-67.115,-21.206,46.047,4.8804,-2.0682,1.1609,0,0
0,0,0,0,-110.86,-11.186,-5.7282,-113.19,188.11,-19.783,-32.962,-25.088,-3.3434,0,0
0,0,0,0,4.8035,7.4393,107.57,-46.824,101.04,-19.066,-14.421,6.4826,-0.98085,0,0
0,0,0,0,115.54,31.008,-157.18,151.1,-20.98,-0.19078,4.8636,-0.28229,0.025721,0,0
0,0,0,0,-63.183,15.148,137.12,34.754,14.258,-69.098,96.852,27.735,-3.5377,0,0
0,0,0,0,-3.52,-8.2096,-11.124,76.522,-28.003,27.071,-0.86057,-18.149,7.4052,0,0
0,0,0,0,16.324,83.072,-125.21,507.74,-217.62,16.579,8.7575,-28.466,0.80617,0,0
0,0,0,0,-20.321,-15.228,112.89,179.94,-153.88,20.629,6.8693,8.5401,-2.7039,0,0
0,0,0,0,-7.52,236.1,-1.6483,269.72,9.7488,164.92,-20.492,1.0867,4.4244,0,0
0,0,0,0,86.334,57.777,-66.926,-193.79,40.439,-96.536,103.81,-15.404,-6.3146,0,0
-6.0622,-9.1764,-3.7811,-5.9689,-264.32,-101.74,18.06,-97.296,3.9937,179.41,-86.691,-35.771,0.18542,0,0
13.338,-23.126,-84.772,-51.876,71.626,124.97,-225.46,-97.709,51.121,109.89,129.66,37.458,1.0335,0,0
0,0,0,0,-18.591,84.053,-121.69,230.71,212.08,-66.207,-98.026,6.4759,9.6761,0,0
1.7321,1.384,4.2321,30.021,-93.354,32.202,196.72,-1.0824,155.88,20.641,-197.04,-166.79,29.327,0,0
0,0,0,0,7.6058,11.452,170.56,-29.794,-141.66,78.747,48.712,21.204,2.3891,0,0
0,0,0,0,10.867,4.6466,-100.1,-67.942,13.484,-31.273,8.2111,12,-0.9641,0,0
0,0,0,0,-88.727,-58.945,-87.125,-68.704,162.94,56.755,-103.52,33.447,-6.2643,0,0
0,0,0,0,18.687,-49.989,-234.25,148.92,-52.131,-94.118,31.055,-8.2336,-1.0138,0,0
1.7321,-23.417,-52.679,137.58,256.46,-107.93,-46.422,127.14,-166.73,-20.259,0.83541,143.49,-25.771,0,0
-4.7631,-32.874,-10.626,-229.89,-180.73,161.97,99.931,183.17,-3.6774,-0.28974,34.871,151.61,-14.6,0,0
0,0,0,0,-17.29,17.778,-197.22,81.166,59.294,142.63,-12.177,42.386,-5.1623,0,0
0,0,0,0,238.82,-13.796,-1.1227,-245.55,126.14,-114.02,-43.237,-30.531,4.1925,0,0
3.0311,-8.1471,12.221,-15.923,0.2024,0.069392,-85.815,-114.86,91.654,6.2802,-11.079,13.251,4.2091,0,0
0,0,0,0,2.2611,53.819,109.62,63.254,153.42,-13.613,8.4767,-11.901,1.6468,0,0
8.2272,-11.343,16.118,70.997,-90.077,-142.08,-8.9108,38.949,-5.2375,86.847,-41.066,10.63,-5.3304,0,0
4.3301,0.70096,-20.508,-21.585,-151.63,161.88,-16.984,23.165,-147.19,1.7429,-74.397,-73.2,-0.50425,0,0
0,0,0,0,3.2733,-37.711,10.377,-27.484,-71.747,-47.509,31.12,-3.4054,2.5915,0,0
-16.454,10.722,89.906,40.739,-3.1471,7.6357,6.9199,-24.783,-33.932,135.6,152.29,-48.053,-2.8206,0,0
-4.7631,-4.1095,29.015,-95.411,30.851,138.76,166.23,-177.26,257.7,-46.848,-132.57,-41.541,-6.6053,0,0
2.5981,9.5915,9.8792,-73.399,169.19,-114.26,-85.784,21.687,87.171,113.89,-71.015,18.474,-0.67163,0,0
0,0,0,0,57.411,-3.1721,122.38,19.45,193.93,-256.5,97.694,-53.077,11.285,0,0
-0.43301,-22.404,-18.397,88.159,138.73,-68.152,-93.885,-67.763,127.61,-76.62,-42.722,11.193,12.264,0,0
0,0,0,0,201.17,30.32,-78.536,-160.31,-37.929,-74.107,42.484,1.9785,1.0981,0,0
0,0,0,0,-95.204,-12.98,-63.475,113,-104.09,28.423,79.477,-44.536,-8.7584,0,0
0,0,0,0,10.321,-7.5777,-131.7,15.561,112.52,-46.035,-3.9228,39.53,-1.9413,0,0
0,0,0,0,11.051,-8.3436,98.953,9.8032,-78.467,29.108,9.5392,4.192,-0.15489,0,0
0,0,0,0,-9.1058,34.237,-54.819,-179.83,5.5206,-60.174,30.486,-14.607,0.22636,0,0
0,0,0,0,1.2455,5.1606,69.059,17.875,132.21,-31.11,-13.579,5.691,1.7916,0,0
9.5263,14.975,-35.004,93.173,42.012,9.2954,-2.8583,98.143,-2.0628,0.35192,-0.45665,-3.2243,1.0167,0,0
0,0,0,0,-82.923,35.097,-5.3441,49.177,49.75,-25.915,-15.543,-7.491,4.3313,0,0
0,0,0,0,33.855,132.87,100.49,27.619,44.764,-45.191,-13.761,-8.1908,-2.9791,0,0
0,0,0,0,8.6426,-6.6247,15.59,-2.0864,-38.936,-4.7365,-6.745,-5.3469,0.88157,0,0
0,0,0,0,1.1986,-10.199,169.65,-46.653,-7.384,-90.339,96.966,-8.0022,1.2548,0,0
0,0,0,0,9.5936,-3.2455,82.658,37.31,111.35,-25.646,-3.8244,3.619,0.27813,0,0
0,0,0,0,-8.1046,4.4127,9.4883,-55.74,100.71,-28.626,-18.267,16.854,2.9704,0,0
0,0,0,0,41.542,-26.769,-83.293,-62.362,-126.27,16.19,8.7649,6.4067,-2.0425,0,0
0,0,0,0,22.005,-0.010413,0.9214,18.972,47.261,0,0,0,0,0,0
0,0,0,0,2.1728,20.154,-120.11,28.783,-150.7,23.192,16.953,-10.576,0.27868,0,0
0,0,0,0,-56.664,9.7795,219.42,16.77,-2.6229,-0.4722,0.50657,1.1899,0.29575,0,0
0,0,0,0,14.28,-9.2374,7.6112,8.4288,-102.53,-14,3.6968,10.772,-8.0347,0,0
0,0,0,0,10.752,-14.169,-96.546,-123.1,10.726,-35.62,-2.0219,7.0837,0.24223,0,0
0,0,0,0,31.425,-29.107,21.658,-150.19,63.009,35.291,20.94,-14.351,-2.8173,0,0
0,0,0,0,2.7386,-54.964,-55.254,-193.33,-121.4,32.911,20.247,-6.9623,7.1809,0,0
0,0,0,0,44.695,21.614,-255.68,133.94,-105.28,108.04,-0.26986,-15.265,-1.9513,0,0
0,0,0,0,34.934,-42.099,39.275,-103.22,-15.827,126.72,-38.358,-43.016,-0.089188,0,0
0,0,0,0,7.6247,-126.15,38.509,17.3,163.22,113.11,-27.257,12.045,5.422,0,0
0,0,0,0,-1.6708,94.397,-39.957,49.8,8.6854,-40.362,-6.9306,-3.0143,0.2153,0,0
0,0,0,0,14.129,-49.407,-144.16,23.408,2.5601,6.4437,7.0311,-5.4417,-1.547,0,0
0,0,0,0,-3.712,91.919,32.149,-9.3933,122.92,-31.624,-16.414,13.556,-3.8959,0,0
0,0,0,0,51.797,-26.133,-252.71,51.494,-57.975,0,0,0,0,0,0
0,0,0,0,12.873,40.728,-126.92,69.48,176.44,5.9834,-60.119,-4.6807,-1.9187,0,0
0,0,0,0,-8.0981,-64.37,-106.56,218.15,10.614,-89.276,55.649,-21.933,1.3089,0,0
0,0,0,0,228.06,-106.89,196.92,-181.93,-45.295,-36.204,2.9788,2.5532,0.50361,0,0
0,0,0,0,0.30265,-6.7548,39.268,-49.827,81.431,74.749,-4.9096,5.224,4.1845,0,0
0,0,0,0,35.004,-54.293,-134.16,20.79,-9.6822,-35.976,28.859,-7.918,2.3014,0,0
0,0,0,0,-26.972,-66.097,-201.94,-74.717,-79.398,-38.778,-27.92,32.258,-1.8654,0,0
0,0,0,0,-37.192,32.312,-39.086,-92.821,158.33,-24.839,-72.341,24.273,2.0338,0,0
0,0,0,0,91.017,28.329,-90.198,-74.828,-148.2,-77.271,-109.69,-12.353,-1.9713,-9.992e-015,3.6304e-014
0,0,0,0,-23.784,121.27,108.82,-106.3,195.65,-53.312,-13.327,11.05,1.8876,0,0
0,0,0,0,214.89,2.3318,203.55,8.5949,54.944,-32.077,-0.92245,-39.465,3.7482,0,0
0,0,0,0,106.88,86.776,-101.12,-86.673,-290.44,32.73,110.17,-41.509,0.92043,0,0
0,0,0,0,32.355,-33.131,-150.45,203.24,-184.75,23.192,16.953,-10.576,0.27868,0,0
0,0,0,0,75.247,69.933,-68.519,-96.815,-52.902,-0.10201,-126.7,-4.8329,-7.4115,0,0
0,0,0,0,16.299,-74.234,148.23,-48.103,-155.32,-14.535,22.638,-22.521,0.39022,0,0
0,0,0,0,-145.97,33.213,83.124,142.42,-45.33,-46.896,14.251,-1.058,11.613,0,0
0,0,0,0,-6.0801,-68.609,60.739,138.84,11.7,-186.78,-60.462,14.436,0.22252,0,0
0,0,0,0,21.515,95.448,-35.6,-49.823,121.07,-24.218,-16.584,12.707,0.31851,0,0
0,0,0,0,-12.226,10.947,32.987,2.7721,142.17,-19.066,-14.421,6.4826,-0.98085,0,0
4.6046,-9.7909,-7.0066,1.1651,7.4674,47.016,38.327,-145.85,140.71,-166.33,12.383,4.9327,5.9088,0,0
3.6594,3.8917,-3.9273,67.369,-23.579,32.527,-256.05,-63.834,-149.28,-103.65,52.42,15.501,1.0984,0,0
0,0,0,0,-75.238,162.73,-156.21,55.04,52.041,-215.86,-142.7,31.337,4.5102,0,0
0,0,0,0,-82.361,107.37,-23.354,-94.739,66.751,105.46,43.283,-11.329,0.5,0,0
0,0,0,0,-22.318,11.9,2.0829,-6.355,129.91,-18.442,4.9575,-11.08,1.2811,0,0
0,0,0,0,-108.85,-87.831,-118.98,-4.5648,-156.22,-38.969,-34.855,-39.964,5.1632,0,0
0,0,0,0,4.4841,-40.471,283.31,-103.98,18.954,9.0885,4.3522,-9.1812,-3.6555,0,0
-8.2272,22.173,-15.722,15.502,-88.176,-240.39,226.96,43.304,134.59,120.12,25.673,17.301,-6.0433,0,0
0,0,0,0,-6.3595,85.125,69.311,90.124,-46.162,-100.85,99.641,-44.348,-4.4247,0,0
-21.651,8.747,51.391,-119.43,-57.139,39.758,276.43,253.06,32.933,5.6711,121.91,118.78,-24.62,0,0
0,0,0,0,-25.573,139.34,144.99,55.195,156.76,-24.218,-16.584,12.707,0.31851,0,0
0,0,0,0,-19.436,50.904,140.88,-215.28,-18.738,1.7796,-13.216,5.8633,1.0571,0,0
0,0,0,0,14.061,99.829,49.045,-125.73,-76.406,-44.368,33.421,-12.841,-1.5216,0,0
0,0,0,0,0.68301,81.196,121.02,50.808,39.175,27.649,-0.79983,-5.6558,3.799,0,0
0,0,0,0,-36.209,34.536,109.34,64.063,85.462,-35.033,-23.315,9.445,-2.7913,0,0
0,0,0,0,22.758,-31.297,149.5,-76.883,14.376,-5.6561,7.32,-0.57476,4.2704,0,0
0,0,0,0,-13.569,-220.78,-70.917,88.339,152.05,113.99,-57.685,25.231,-1.4127,0,0
0,0,0,0,6.3681,-6.3077,-132.67,27.888,64.052,-39.458,-13.05,-4.2123,-1.8595,0,0
0,0,0,0,-17.468,28.191,-53.478,214.47,142.9,52.135,57.46,24.446,-6.724,0,0
0,0,0,0,21.325,-134.87,-148.81,-128.75,10.029,-4.962,-1.8203,5.0879,2.9534,0,0
0,0,0,0,5.8762,-81.619,8.5504,203.18,0.92535,68.223,7.5269,2.928,-4.9967,0,0
0,0,0,0,-33.861,-52.579,-59.429,-67.241,33.159,-44.626,-15.888,0.43181,-0.58373,0,0
0,0,0,0,-113.43,86.611,105.08,215.62,-9.0985,0.2883,2.3122,-15.429,5.654,0,0
0,0,0,0,-76.899,114.41,80.238,18.871,-68.497,46.111,-44.157,-26.822,-4.2874,0,0
-0.43301,-6.8056,-11.275,67.68,40.955,-126.53,-199.68,-126.31,155.39,116.52,12.488,-6.9635,-1.8843,0,0
-1.299,-4.5425,32.613,-151.78,-130.19,-117.97,-139.59,20.529,-186.56,-56.931,184.66,95.292,-20.833,0,0
0,0,0,0,-8.9417,33.446,-120.66,93.447,198.73,-22.624,-3.663,-34.067,5.157,0,0
0,0,0,0,55.332,143.02,-92.872,118.17,105.45,-208.88,89.31,47.921,-3.7578,0,0
0,0,0,0,99.823,-232.87,48.319,-60.508,26.137,159.54,-4.2106,-8.2159,1.3313,0,0
9.5263,19.317,5,-160.47,18.694,-35.837,-17.609,2.6178,-29.943,-11.536,48.318,-31.921,5.7886,0,0
1.7321,1.384,4.2321,30.021,-28,-152.53,253.45,161.48,-30.007,46.885,139.18,-6.2848,8.6265,0,0
0,0,0,0,75.401,50.708,-159.14,14.921,-173.41,13.721,4.241,9.9204,0.36963,0,0
15.155,-20.704,0.57532,-143.54,-131.89,-30.699,1.1344,-298.39,-9.4481,1.9946,81.575,166.49,-34.871,13.12,-10.087
-0.43301,-6.8056,-11.275,67.68,-102.51,-133.26,-74.33,21.981,-70.489,10.884,29.13,-5.6465,0.23173,0,0
8.2272,-11.343,16.118,70.997,29.769,-70.85,-102.99,-37.971,-220.69,95.879,-123.26,163.51,-29.035,13.12,-10.087
13.423,8.3708,74.772,57.54,-148.6,-210.75,-6.7648,12.105,110.88,142.44,-34.962,95.416,-30.421,0,0
0,0,0,0,65.906,-62.173,-41.051,89.007,2.9598,190.86,90.17,50.803,1.2572,0,0
0,0,0,0,-39.646,132.13,155.35,154.9,96.958,-70.922,32.197,-9.7583,0.80561,0,0
0,0,0,0,-1.799,141.6,-81.56,-159.27,-80.196,-83.18,57.993,80.541,48.874,0,0
0,0,0,0,2.0849,-89.105,-167.25,-254.09,137.94,-180.52,121.31,29.472,-3.3541,0,0
0,0,0,0,110.76,27.22,-119.42,116.7,120.83,-58.67,12.155,-12.09,0.82892,0,0
0,0,0,0,17.059,-16.595,141.94,-82.275,-94.721,-120.13,-53.988,5.5969,-2.7042,0,0
0,0,0,0,116.12,184.81,-182.2,-58.4,-15.776,137.1,-14.995,17.544,0.68574,0,0
9.5263,19.317,5,-160.47,-38.896,55.431,15.185,43.43,-131.35,22.022,-2.8092,-47.413,1.8684,0,0
0,0,0,0,-18.897,-3.6923,-13.695,-63.24,-183.33,31.555,33.998,-21.012,5.7619,0,0
9.5263,19.317,5,-160.47,-132.78,61.349,-82.272,115.34,-41.694,8.946,11.703,62.036,-5.27,0,0
0,0,0,0,89.156,6.9333,-164.46,13.025,178.08,74.599,-42.543,35.03,0.49367,0,0
0,0,0,0,90.361,-85.798,-102.93,-43.872,50.076,62.136,-22.593,-1.4653,4.4252,0,0
0,0,0,0,-37.163,139.77,-80.89,87.223,12.554,3.9411,-10.313,-16.686,1.9139,0,0
0,0,0,0,17.422,-53.438,111.6,-264,11.532,77.14,-168.5,-49.951,-3.1466,0,0
0,0,0,0,-15.784,9.773,146.42,-277.73,-108.71,-62.464,-84.857,16.957,5.4019,0,0
0,0,0,0,-17.446,-22.417,-65.342,-63.335,245.69,10.748,-57.26,33.094,-1.4691,0,0
0,0,0,0,-29.821,-38.677,319.1,20.245,124.66,-16.662,-8.2583,-5.2168,2.3382,0,0
0,0,0,0,-12.164,17.57,9.9857,-19.965,-40.959,-6.3696,6.2155,-18.425,-2.1559,0,0
0,0,0,0,-13.493,-8.4689,-25.11,171.11,126.83,-35.202,0.14887,-6.9596,2.2497,0,0
0,0,0,0,0.4387,-12.546,87.587,24.483,115.81,-9.1832,-15.286,7.8226,0.11755,0,0
0,0,0,0,56.709,45.424,-135.48,-92.97,168.64,127.67,-20.681,36.681,1.7617,0,0
0,0,0,0,23.142,-24.933,-36.12,226,-146.76,13.722,5.3068,4.0544,4.1053,0,0
0,0,0,0,-10.635,0.21979,3.2921,-0.39744,-22.093,-2.9554,5.1946,-9.9728,-0.88309,0,0
0,0,0,0,-16.356,109.17,53.469,69.711,-110.63,11.118,-9.2332,-11.215,0.13037,0,0
0,0,0,0,0.32925,-97.329,113.96,115,36.54,33.792,-24.908,4.9518,-12.085,0,0
0,0,0,0,28.965,19.763,168.95,-200.83,-174.39,-17.756,29.664,-7.2544,-1.1821,0,0
0,0,0,0,14.055,-38.936,75.538,-119.45,-37.549,-42.632,28.459,-31.105,-2.4393,0,0
0,0,0,0,16.033,74.355,28.56,-71.258,-176.75,30.179,7.1178,-17.338,-1.7237,0,0
0,0,0,0,4.5359,103.17,52.407,-41.342,-65.921,58.238,2.5526,28.154,-2.9393,0,0
0,0,0,0,-0.86274,71.75,-61.523,196.7,-121.37,15.508,-116.98,-25.753,-10.145,0,0
2.7933,-11.639,-22.331,129.32,-97.907,145.51,-16.146,-80.191,-114.19,65.581,9.259,-17.401,-7.5868,0,0
1.7321,1.384,4.2321,30.021,81.011,-33.642,-109.35,34.744,-46.377,-133.76,11.131,-9.0858,-4.9692,0,0
6.7697,-1.6014,8.5,-36.494,121.29,-83.336,-208.56,-111.71,99.235,-92.283,-126.71,22.18,-4.1866,0,0
1.7321,1.384,4.2321,30.021,125.25,-32.045,-189.42,115.24,-61.495,-126.01,-7.7478,26.737,-0.037337,0,0
0,0,0,0,-27.348,13.057,-80.081,-29.198,-38.756,15.035,1.2973,-4.884,-0.20096,0,0
0,0,0,0,-23.879,-73.215,69.417,-6.6791,-53.283,135.34,-19.321,-25.978,-0.41002,0,0
9.5263,19.317,5,-160.47,-44.807,1.4599,46.626,51.114,47.766,-63.385,-63.279,19.592,8.8577,0,0
0,0,0,0,-247.58,-28.504,-1.5709,72.909,-68.422,51.837,-135.56,7.159,-9.6113,0,0
0,0,0,0,186.12,-30.476,184.72,-69.296,22.264,-169.15,-28.496,29.569,2.541,0,0
-12.99,17.149,-10.252,-54.728,-43.808,-23.914,-143.8,109.1,28.533,8.0269,108.82,32.684,-191.64,30.179,7.3612
0,0,0,0,69.529,-53.555,-69.644,-34.881,84.471,-14.435,121.24,4.0997,10.534,0,0
0,0,0,0,-50.838,-111.58,-68.288,-65.298,-79.947,101.23,-14.897,-14.871,5.549,0,0
-5.1962,6.9462,-103.68,61.75,-16.486,75.212,23.572,-60.911,-244.97,68.915,6.5198,-88.107,-1.361,0,0
-8.6603,39.901,-92.503,-120.02,117.02,96.861,26.633,-17.005,-18.356,116.03,160.9,-64.178,4.3516,0,0
5.1962,-22.026,91.146,126.28,38.983,-81.461,-105.3,-73.828,-3.8932,-53.014,-115.01,-42.502,-1.3696,0,0
0,0,0,0,-5.1561,176.39,-23.382,-122.35,196,-127.68,-62.516,4.4478,9.9399,0,0
8.2272,-11.343,16.118,70.997,49.838,55.201,100.31,13.664,14.509,-167.64,-97.677,172.31,-18.836,0,0
1.7321,1.384,4.2321,30.021,-48.383,111.81,-96.35,32.019,7.5477,-123.83,28.218,22.347,0.9202,0,0
0,0,0,0,-57.315,-129.44,113.37,-90.762,195.91,-151.87,-124.38,36.858,6.3843,0,0
0,0,0,0,-153.54,72.997,52.357,44.708,242.89,-51.646,20.99,-19.078,5.4123,0,0
2.5981,6.616,-16.453,26.535,-137.06,80.939,-170.27,-18.401,57.797,96.081,-53.689,8.561,1.7201,0,0
4.3301,0.70096,-20.508,-21.585,-74.042,13.448,30.307,69.095,-244.15,180.53,-144.04,-195.01,21.63,0,0
4.3301,-31.93,-9.4313,-158.64,30.764,-15.742,16.074,-31.805,-117.49,-84.525,-33.038,-19.01,6.5209,0,0
5.6292,-0.68958,-9.9821,-31.284,162.22,62.867,-92.404,155.15,-10.414,-50.467,-29.043,-8.2906,8.0143,0,0
-16.021,9.6913,-12.178,-50.197,-176.66,-7.3034,-158.72,44.338,260.4,192.09,123.35,119.36,-21.11,0,0
0,0,0,0,-26.242,-91.418,135.73,-100.4,76.632,-27.762,157.54,-21.818,-4.6654,-2.1538e-014,5.5789e-015
0,0,0,0,56.087,183.55,-33.92,50.256,-32.421,146.96,82.632,-21.755,-1.5832,0,0
0,0,0,0,-27.063,-74.379,38.402,102.52,-70.695,23.422,3.9985,-2.7865,0.17404,0,0
0,0,0,0,3.3059,26.832,82.892,59.554,-125.88,-263.8,-27.525,12.453,1.5,0,0
0,0,0,0,-143.37,165.45,106.57,-24.401,-55.466,126.47,-73.759,-0.36731,-5.4528,0,0
0,0,0,0,15.473,69.366,65.849,-63.125,-152.08,-25.827,-125.57,-5.8581,4.195,0,0
0,0,0,0,6.9686,-41.968,-172.69,85.547,-39.33,183.84,-12.922,22.586,0.71442,0,0
0,0,0,0,-65.043,5.7926,79.385,60.178,160.19,102.62,-63.777,16.048,-0.13157,0,0
0,0,0,0,10.224,88.624,76.792,-279.86,103.17,-24.373,-136.5,27.619,3.8484,0,0
0,0,0,0,78.689,-4.0309,249.28,-286.7,-106.18,108.2,-186.43,184.58,-9.3002,0,0
0,0,0,0,-32.912,86.488,99.49,36.334,-264.52,-11.3,-23.8,-16.758,0.29663,0,0
2.8938,-27.197,1.1534,132.85,-47.929,46.749,-41.248,-34.583,0.56995,-7.9019,137.48,-19.107,2.7434,0,0
0,0,0,0,74.191,154.81,-22.563,69.26,113.03,-39.367,-169.08,23.618,-4.5739,0,0
0,0,0,0,-46.448,30.058,119.24,-162.96,123.29,-29.216,-19.315,-22.3,0.027482,0,0
3.0311,-8.1471,12.221,-15.923,-91.46,-4.2503,64.494,105.95,-46.674,42.575,-14.269,-1.1829,2.2778,0,0
0,0,0,0,3.5981,97.395,56.355,-26.402,133.38,29.763,-5.2679,-17.605,2.7276,0,0
0,0,0,0,-11.346,18.28,42.616,61.962,-0.16178,2.0844,44.094,-10.698,-5.5628,0,0
0,0,0,0,-0.60497,0.14447,31.996,-64.421,-169.91,-126.44,5.928,5.0344,1.8986,0,0
0,0,0,0,0.19527,-80.062,-224.59,52.463,1.1651,-23.924,36.755,-29.055,4.9662,0,0
0,0,0,0,46.355,-12.945,-106.47,43.86,17.87,-13.533,-27.678,19.788,3.3544,0,0
0,0,0,0,9.8023,5.389,-3.6396,-8.4668,-38.62,-167.95,38.688,-1.6699,4.2054,0,0
0,0,0,0,6.3125,193.48,46.564,-28.642,2.0867,55.014,3.463,-24.212,-3.5264,0,0
0,0,0,0,-43.02,72.502,-1.5109,22.975,63.501,-9.9192,-1.6376,2.8714,3.4713,0,0
0,0,0,0,-7.1026,43.497,0.63943,-62.451,41.335,-43.154,-17.107,10.704,4.0431,0,0
0,0,0,0,61.741,16.108,-22.753,-23.779,131.9,-26.148,-11.758,0.60312,-1.1618,0,0
0,0,0,0,16.597,-7.0813,-55.718,-4.5519,-114.66,55.23,9.8829,-15.588,6.6977,0,0
-0.43301,3.8415,2.8056,-34.371,-73.022,81.455,156.91,-191.52,-96.838,-59.653,183.1,-7.8763,-8.0535,0,0
0,0,0,0,154.99,-103.19,-36.604,81.219,13.224,-7.612,43.448,15.153,-7.7745,0,0
0,0,0,0,237.11,6.2468,-136.61,-113.88,-110.42,152.98,157.37,-15.569,-2.4898,0,0
-0.75,0.64623,0.6226,0.44319,-76.297,24.494,26.055,28.408,85.597,-43.972,-90.704,-23.686,-1.2028,0,0
-16.454,10.722,89.906,40.739,40.244,-27.536,50.534,-15.096,-46.237,-167.24,-121.29,-18.75,6.0272,0,0
8.2272,-11.343,16.118,70.997,52.451,-190.15,-205.84,-45.994,41.47,-18.54,45.073,-27.009,-0.15641,0,0
0,0,0,0,-6.0715,-3.5176,-6.6773,17.112,-133.5,129.28,-80.645,26.262,-5.4163,0,0
0,0,0,0,-16.196,-58.353,61.458,-251.02,-21.337,18.446,147.27,-24.911,2.6699,0,0
13.265,-14.329,20.386,4.4821,-52.92,58.425,139.67,275.06,71.535,31.802,-189.64,148.81,-12.245,0,0
0,0,0,0,-1.2398,128.42,-93.638,-168.8,-13.877,-9.9192,-1.6376,2.8714,3.4713,0,0
0.43301,4.567,5.6292,-53.531,-51.844,-191.8,207.65,-140.45,107.19,221.56,-112.82,-78.624,4.7494,0,0
-8.2272,22.173,-15.722,15.502,56.574,8.2407,96.278,-23.931,144.83,87.606,-129.5,200.06,-26.372,0,0
0,0,0,0,-8.0736,-51.603,79.154,216.85,158.17,-85.763,-58.552,-27.87,4.0529,0,0
-13.423,12.265,-55.549,-9.2828,66.667,-205.56,-5.5524,204.6,-51.528,-65.152,-84.45,-33.93,6.6376,0,0
0,0,0,0,-79.875,17.468,-95.486,-176.92,-41.612,-100.63,58.795,6.1647,7.279,0,0
0,0,0,0,-64.214,-56.927,-12.449,-14.115,216.36,-60.913,72.659,-35.672,10.611,0,0
17.754,-5.0819,95.579,104.01,-25.5,60.253,133.15,166.99,-256.1,-125.07,21.199,126.03,-15.668,0,0
6.7697,-1.6014,8.5,-36.494,131.19,87.439,14.951,-10.368,-68.13,160.77,91.623,34.651,2.2512,0,0
13.265,-14.329,20.386,4.4821,163.57,-232.72,76.674,-113.66,162.62,-29.997,-163,29.105,-7.6352,0,0
-0.43301,-22.404,-18.397,88.159,4.0529,-47.336,-14.909,-41.94,-232.35,-118.85,-33.667,141.27,-23.468,0,0
0,0,0,0,9.9731,-23.926,-81.921,69.805,72.134,-59.122,14.326,1.901,-2.6283,0,0
17.754,-2.5933,-58.527,57.015,-36.525,-72.411,48.95,-85.577,-192.58,-174.34,170.37,143.52,-30.872,13.12,-10.087
-12.99,17.149,-10.252,-54.728,-57.254,-228.11,-24.693,-37.727,-87.315,-203.33,71.233,-55.876,-3.6564,0,0
6.0622,-15.624,-71.529,151.06,43.494,61.625,142.83,41.155,-9.6913,-134.15,50.308,11.754,-68.522,0,0
3.8546,-8.9237,11.829,-16.412,-77.723,157.62,-3.6354,-211.6,68.214,-130.58,-39.122,2.6639,2.9232,0,0
0,0,0,0,33.855,48.634,128.57,-129.8,93.016,-19.754,26.82,-11.467,-2.4276,0,0
0,0,0,0,-4.212,50.883,-65.877,-19.796,18.002,-79.437,65.281,-7.3888,-2.98,0,0
0,0,0,0,-62.69,-0.48205,89.402,140.04,61.267,-102.15,-125.03,-44.971,-6.8777,0,0
0,0,0,0,-7.4886,14.216,132.63,-235.04,-30.283,117.58,-26.238,-43.318,6.1097,0,0
0,0,0,0,-24.552,17.729,-88.192,206.33,-116.04,-48.922,-17.942,-42.36,9.4826,0,0
0,0,0,0,8.7542,-100.36,-299.16,58.653,-159.94,-35.063,5.985,4.5607,-5.7087,0,0
0,0,0,0,-21.543,13.075,-118.56,14.029,79.052,-3.4072,6.2548,-15.964,1.0801,0,0
0,0,0,0,-29.488,87.682,129.31,231.96,-34.546,5.3358,-41.282,4.0427,-3.6495,0,0
0,0,0,0,-30.802,-12.186,-75.84,162.52,114.69,150.48,0.96404,3.0204,4.0281,0,0
0,0,0,0,8.4396,110.61,41.084,143.8,-29.984,-0.19078,4.8636,-0.28229,0.025721,0,0
0,0,0,0,25.649,23.067,87.599,-164.44,6.2461,29.026,8.9913,-16.129,4.9306,0,0
0,0,0,0,53.489,-30.264,-95.633,-103.92,-66.968,87.487,149.69,-1.984,-7.7431,0,0
-5.1962,-1.3349,2.3726,5.1699,5.7428,-141.09,-51.507,0.90184,51.202,-38.416,-0.96146,8.0233,-1.1483,0,0
0,0,0,0,10.12,-178.95,-226.78,223.07,21.166,-0.69078,-7.0891,-17.581,-0.86306,0,0
0,0,0,0,0.22756,-18.819,-13.771,12.592,-225.83,80.052,-2.918,8.4638,-3.297,0,0
0,0,0,0,-6.5311,9.9506,2.5368,0.97909,-30.013,11.539,6.547,3.0216,-3.8451,0,0
0,0,0,0,-26.062,-1.7632,-283.78,30.755,-9.0045,-147.26,-38.852,10.383,6.7315,0,0
0,0,0,0,9.4216,-60.004,276.07,-106.65,-62.67,18.442,-4.9575,11.08,-1.2811,0,0
0,0,0,0,-70.994,24.717,53.769,-103.54,93.881,-167.01,17.509,-20.44,3.6884,0,0
0,0,0,0,19.003,-76.524,-41.035,17.271,-5.2069,18.783,-41.817,29.007,5.5063,0,0
0,0,0,0,-49.93,155.08,20.453,-24.146,-147.96,186.9,-20.965,-7.1525,0.8391,0,0
8.2272,-7.0197,-11.232,7.4593,16.538,17.144,-146.23,22.459,-94.842,146.94,-39.708,-1.5861,-2.8942,0,0
0,0,0,0,-14.913,-258.95,98.307,-27.584,-0.7036,2.0705,-16.077,-2.8691,1.1519,0,0
0,0,0,0,16.798,-76.509,75.895,-233.85,-8.7575,42.483,25.071,-17.18,-4.4558,0,0
0,0,0,0,-8.683,-73.395,-105.23,54.949,11.319,32.676,-23.101,6.7445,-1.4539,0,0
0,0,0,0,-67.674,32.47,75.071,21.397,-75.37,-35.72,5.9611,8.4151,-2.0736,0,0
0,0,0,0,5.2006,-116.42,-20.831,76.172,52.046,184,-38.431,-16.574,-0.40673,0,0
0,0,0,0,6.0712,-208.08,90.621,-65.333,93.185,-109.55,4.62,-8.8888,3.817,0,0
0,0,0,0,-7.1226,-10.32,84.738,29.685,5.1474,1.7811,11.94,-4.6259,-1.7647,0,0
0,0,0,0,-3.846,-34.571,-159.24,43.987,-0.68269,1.7796,-13.216,5.8633,1.0571,0,0
0,0,0,0,33.414,45.602,-13.024,-139.87,21.208,0.85289,3.8301,4.8873,-2.4788,0,0
0,0,0,0,22.447,-17.716,87.823,7.878,-11.702,-2.5668,-16.564,11.961,0.3496,0,0
0,0,0,0,-15.337,23.55,1.1552,-0.59118,150.2,-28.626,-18.267,16.854,2.9704,0,0
0,0,0,0,-23.553,17.446,-77.423,60.612,-104.37,-44.368,33.421,-12.841,-1.5216,0,0
0,0,0,0,23.156,33.379,69.153,26.781,8.0601,6.4437,7.0311,-5.4417,-1.547,0,0
0,0,0,0,-3.4016,-13.587,-64.685,-106.32,69.125,-5.7469,4.8708,16.39,1.2883,0,0
0,0,0,0,22.72,-14.279,-113.68,-38.806,-21.754,-36.787,34.071,-16.684,3.8893,0,0
0,0,0,0,36.517,-34.824,-151.3,34.816,-161.88,25.444,3.2305,-5.9025,1.0401,0,0
0,0,0,0,-0.032291,0.94078,12.54,-178.9,-55.833,-38.145,14.394,12.751,-5.7345,0,0
0,0,0,0,11.382,-123.48,68.316,-14.855,16.175,8.3247,0.73806,1.5837,-1.6071,0,0
0,0,0,0,-1.0981,80.569,32.853,-80.181,-30.234,-45.342,3.9554,-3.0143,0.31578,0,0
0,0,0,0,7.6337,-10.142,-62.536,-18.295,125.41,-28.401,-23.191,6.4189,0.89864,0,0
0,0,0,0,31.448,-32.681,-64.19,97.195,40.222,-5.6561,7.32,-0.57476,4.2704,0,0
0,0,0,0,12.821,-83.968,110.72,155.73,-33.668,-3.631,-35.603,-17.398,-1.6968,0,0
0,0,0,0,3.6181,-22.383,-133.17,103.59,-132.78,-57.488,11.923,-17.021,3.5724,0,0
0,0,0,0,14.542,-141.24,-25.897,35.816,12.58,158.68,-11.715,-0.32171,-7.4345,0,0
-0.43301,7.1292,-10.825,4.1292,86.073,-33.124,43.5,61.329,133.27,-114.98,-49.409,-6.3149,-5.2602,0,0
0,0,0,0,18.934,-96.282,26.661,-269.03,57.294,-40.362,-6.9306,-3.0143,0.2153,0,0
1.299,6.8236,0.14535,12.343,11.949,-124.89,-70.065,-23.102,203.77,-20.822,-6.1929,13.969,-0.24191,0,0
0,0,0,0,-15.757,57.801,-19.869,-227.3,79.298,-75.393,-4.5709,-1.3738,2.2913,0,0
0,0,0,0,-16.646,37.74,-20.51,-118.46,108.51,57.96,-56.514,13.007,-0.61122,0,0
0,0,0,0,105.86,-51.826,120.15,87.068,142.21,-17.472,-56.085,10.319,1.7883,0,0
0,0,0,0,19.843,-51.15,58.255,-18.042,13.579,-45.191,-13.761,-8.1908,-2.9791,0,0
0,0,0,0,10.911,-94.151,177.55,125.64,-128.05,109.63,-13.17,-24.521,4.0119,0,0
-5.6292,-4.3104,10.44,40.624,-16.448,-20.649,-186.07,92.436,94.181,58.206,-42.17,9.2536,-4.7958,0,0
0,0,0,0,-66.672,3.3104,257.32,34.874,-112.88,21.577,-109.03,33.396,0.43333,0,0
0,0,0,0,36.325,-13.303,83.025,-0.060158,89.455,-6.261,-15.567,9.7374,-1.8873,0,0
0,0,0,0,87.89,-72.933,-0.71996,-152.65,-111.9,-41.828,-37.777,-16.037,2.8212,0,0
0,0,0,0,-105.77,-110.48,56.424,-96.837,-150.39,324.96,-37.514,45.734,8.3056,0,0
4.5254,12.099,1.7198,-36.051,171.72,86.131,-96.752,-49.538,-75.567,182.89,-125.15,-0.30162,1.1603,0,0
0,0,0,0,-33.157,68.278,-11.012,-250.78,-41.138,-14.575,-7.3619,-1.2087,-2.5592,0,0
