0,0,0,0,-7.1621,8.0389,37.482,-111.23,-133.52,-34.227,-4.7027,1.7623,-1.6462,0,0
0,0,0,0,-1.9264,29.841,-109.26,157.63,130.23,-219.05,0.15049,23.966,-15.23,0,0
0,0,0,0,-1.3651,-9.4276,-3.1242,-73.809,-70.73,0,0,0,0,0,0
0,0,0,0,-18.956,-233.77,40.901,224.16,-86.002,160.82,235.43,-26.768,10.942,0,0
0,0,0,0,4.4701,-22.062,-225.31,-15.807,90.506,132.48,85.435,-11.319,-12.051,0,0
0,0,0,0,-3.3534,50.847,-188.82,-161.18,-43.994,40.328,89.391,-23.879,-16.056,0,0
-3.6618,-4.4327,10.987,-23.594,34.893,31.847,-3.1225,-162.49,-9.2539,-82.456,-181.17,-252.85,9.1283,0,0
0,0,0,0,25.329,-150.6,-214.46,-242.22,35.642,68.568,96.333,-4.3239,6.0123,0,0
0,0,0,0,16.038,249.48,-116.09,13.173,-31.59,-261.3,0.16154,31.528,-4.8983,0,0
0,0,0,0,13.066,-147.76,26.809,-47.253,212.23,120.71,144.93,-75.308,-12.05,0,0
-5.25,7.9869,0.52628,-3.997,8.603,-232.59,40.679,73.02,-231.85,-27.979,283.16,82.066,6.2611,0,0
-0.75,-11.085,-3.0998,32.076,-190.67,-33.46,-85.326,-8.8056,-22.395,198.78,184.29,138.85,0.88846,0,0
0,0,0,0,17.779,252.92,102.45,-183.53,25.719,178.84,-237.59,-229.63,28.443,0,0
0,0,0,0,0.7637,-43.506,-13.636,15.109,-197.84,-34.496,72.576,15.731,9.6773,0,0
-0.75,-11.085,-3.0998,32.076,-158.38,-183.99,156.28,226.38,13.952,1.4582,-158.43,32.283,85.645,0,0
-15.5,0.61427,3.8678,-25.057,162.22,-33.538,-84.643,259.51,-105.94,50.157,-27.404,66.139,-1.6806,0,0
-9.5,-12.771,20.66,-43.677,-69.167,-65.076,-138.12,18.581,-93.728,-105.05,-31.567,27.804,145.65,0,0
0.29904,-17.725,-25.284,135.27,11.611,-121.15,-29.436,-254.24,-220.9,86.327,-82.026,-1.5703,9.2276,0,0
6.0425,-0.38966,5.2321,-8.2881,84.952,59.371,-98.953,29.333,-28.427,-205.29,24.89,-259.54,-81.116,0,0
-0.75,-11.085,-3.0998,32.076,-180.17,18.258,-145.71,-149.17,68.855,-142.63,85.484,124.47,20.383,0,0
-0.75,-11.085,-3.0998,32.076,-165.68,-189.08,83.569,-35.855,108,49.826,94.743,30.693,64.164,0,0
16.75,25.169,-15.593,-36.833,-63.215,-23.959,27.031,209.04,-91.736,85.044,-4.1651,51.829,94.378,0,0
-17.25,-34.355,12.29,-133.13,-149.03,-87.925,120.57,86.524,-124.09,-200.44,117.57,139.3,6.9264,0,0
28.299,17.77,-16.155,153.31,231.67,118.01,-94.003,-68.677,20.632,22.479,-131.03,-124.79,-218.57,0,0
0,0,0,0,3.6896,-51.769,-97.535,-80.195,121.59,144.93,-33.479,35.663,10.486,0,0
-3.951,-10.83,-21.521,177.4,96.964,16.112,-193.48,44.958,133.89,79.52,-88.137,-6.4255,-133.1,-122.89,20.628
0,0,0,0,-10.643,136.81,0.54962,96.741,-162.67,-238.77,-149.08,-137.91,28.149,0,0
0,0,0,0,-10.765,168,265.83,53.101,125.39,-257.4,-238.8,-7.8929,-13.174,0,0
13.338,1.5708,-25.407,54.248,297.75,208.91,-70.948,1.8627,-18.974,-90.359,-45.236,-211.54,13.355,0,0
11.338,13.218,-21.065,15.44,230.8,-106.72,-16.264,22.913,-128.84,-139.57,-42.88,-225.02,-26.356,0,0
0,0,0,0,-5.1224,-41.284,-311.63,-11.285,119.75,-11.456,130.3,-35.598,33.057,0,0
0,0,0,0,-5.7614,-25.711,142.1,8.241,7.061,-146.65,91.623,-2.2527,-14.04,0,0
0,0,0,0,-1.0756,39.953,-104.12,-138.56,-22.418,45.619,21.574,-20.716,16.552,0,0
0,0,0,0,7.6462,-19.743,136.29,-7.5409,8.4329,-11.76,63.476,36.346,-15.908,0,0
0,0,0,0,10.247,-21.701,-55.714,-107.55,-1.7992,-129.26,-24.451,7.3451,10.15,0,0
0,0,0,0,10.125,-23.288,-46.424,-128.8,142.19,193.02,26.628,-15.577,3.1863,0,0
0,0,0,0,4.6771,40.379,-28.157,29.54,-211.91,-122.89,18.831,-16.328,-3.8816,0,0
0,0,0,0,-9.7841,-35.702,169.03,252.34,-66.266,-165.06,66.532,-40.653,8.674,0,0
0,0,0,0,4.2895,39.524,-189.27,6.7554,14.105,-0.9387,-2.3236,-1.8917,-1.1038,0,0
0,0,0,0,5.0114,7.7051,-10.623,8.3286,63.125,154.25,-10.895,-12.263,10.654,0,0
0,0,0,0,-3.1316,32.247,-144.75,-163.04,15.036,45.281,-24.716,15.456,-0.71322,0,0
0,0,0,0,-6.384,16.717,30.424,85.587,-71.977,-37.607,-10.6,-3.3436,7.4776,0,0
0,0,0,0,1.3272,-14.46,175.02,-20.152,-35.272,-219.05,0.15049,23.966,-15.23,0,0
0,0,0,0,-3.6352,-12.089,-23.896,-226.15,-17.596,-39.014,-71.961,28.805,-44.707,0,0
0,0,0,0,5.3451,22.179,-112.04,107.51,-15.765,27.207,13.888,-21.393,8.453,0,0
11.25,-4.6699,1.4851,40.315,-166.71,-115.99,-63.72,125.61,41.218,-76.349,234.3,-6.1265,-5.2006,0,0
0,0,0,0,-7.625,12.273,14.058,148,-88.952,83.328,3.8002,-25.338,2.0502,0,0
0,0,0,0,36.585,75.388,180.68,191.35,-88.903,-39.099,-73.052,3.497,-15.017,0,0
-29.5,-20.714,13.752,-173.21,-132.25,-122.31,44.399,16.895,11.166,-225.94,15.921,164.08,-82.913,0,0
11.338,13.218,-21.065,15.44,230.11,37.979,12.932,-116.31,63.252,-173.55,185.77,-158.04,-104.69,0,0
15,17.165,34.457,-152.78,-291.64,-119.92,-53.074,-40.427,-131.48,-139.6,93.084,110.94,61.819,0,0
-7.25,-6.4103,14.142,-29.193,-232.03,29.912,7.9207,158.04,74.637,89.344,-42.807,35.411,138.63,0,0
3.7925,11.762,3.6244,-22.258,169.51,20.07,-40.903,-92.16,2.0822,-17.703,-176.75,-48.462,17.911,0,0
-7.25,-6.4103,14.142,-29.193,-247.53,-309.71,-70.785,-211.54,-131.54,-47.26,-82.203,72.378,162.27,0,0
0,0,0,0,-0.06907,4.4647,38.653,7.7363,-211.97,-74.192,-4.6944,-8.2272,4.7811,0,0
0,0,0,0,-6.6699,7.1256,68.956,138.43,-249.14,0,0,0,0,0,0
0,0,0,0,-7.8352,44.937,9.1194,-159.58,-147.89,147.88,-40.7,31.036,-1.1887,0,0
0,0,0,0,-4.4342,27.569,-208.24,10.767,34.702,-17.814,3.509,-1.8795,-0.095994,0,0
0,0,0,0,-28.515,160.04,30.593,23.472,-185.57,-99.935,35.333,-23.359,-4.6316,0,0
0,0,0,0,6.1148,-31.882,130.85,-263.88,-111.83,206.61,20.537,-16.107,2.1785,0,0
0,0,0,0,4.2422,-1.1376,-1.7147,-59.963,140.88,142.44,-41.566,29.213,7.2509,0,0
0,0,0,0,-0.50657,6.8462,-59.538,-241.66,-148.94,25.808,-20.85,15.621,-3.9453,0,0
0,0,0,0,7.2091,6.5643,-46.456,-123.5,-70.606,13.627,15.713,-21.461,10.051,0,0
0,0,0,0,-0.30593,-5.4994,28.08,17.802,-169.92,-19.472,3.866,0.16506,-3.2321,0,0
0,0,0,0,2.3158,-7.0347,-7.6528,-11.101,-34.905,-100.43,-38.859,16.2,-4.9384,0,0
0,0,0,0,-10.586,7.4731,12.583,-280.19,160.81,-7.301,-26.053,15.828,-3.7835,0,0
0,0,0,0,7.7987,-4.5106,-130.25,-256.44,161.1,-0.9387,-2.3236,-1.8917,-1.1038,0,0
0,0,0,0,-2.2207,28.56,-199.79,106.01,231,0,0,0,0,0,0
0,0,0,0,-6.9363,-16.77,-111.18,-97.114,-28.165,141.04,-5.8487,-27.689,24.296,0,0
0,0,0,0,3.6119,13.114,58.402,183.87,25.618,58.262,12.232,-4.3986,1.1262,0,0
0,0,0,0,-3.8296,-1.1788,33.006,213.9,59.46,44.918,-20.066,39.507,0.3113,0,0
0,0,0,0,-0.73413,27.272,-43.182,-72.931,47.732,115.44,-15.83,17.128,4.3358,0,0
0,0,0,0,8.582,10.445,7.7533,9.8097,-44.576,-48.198,214.86,71.619,6.7087,0,0
0,0,0,0,-1.622,-27.775,-21.257,-0.21618,-76.458,-161.16,3.3206,16.331,-16.793,0,0
0,0,0,0,-12.327,40.927,-4.4232,9.3307,-19.616,0,0,0,0,0,0
0,0,0,0,-5.7724,11.286,-21.73,-102.05,11.318,15.454,4.1528,1.7288,4.5233,0,0
0,0,0,0,4.6193,-13.343,-48.529,-110.79,-26.461,-48.703,23.525,-8.1008,-8.6627,0,0
0,0,0,0,4.549,-25.12,173.34,248.65,-128.2,-0.81819,-1.0188,-0.91298,-1.125,0,0
0,0,0,0,1.3092,-1.7046,2.0381,17.715,-38.607,-145.48,30.189,8.0236,-20.517,0,0
0,0,0,0,1.2321,11.769,-11.779,121.09,-101.78,-123.37,89.818,-8.2252,-6.8816,0,0
0,0,0,0,-7.7096,11.533,-43.321,-31.254,-170.63,1.4211e-014,0,-1.1102e-016,-1.1102e-016,0,0
0,0,0,0,-7.3466,-16.367,23.982,25.576,-190.12,-70.948,2.3595,3.4396,-0.59151,0,0
0,0,0,0,-4.7644,-38.652,38.04,6.7692,-28.623,-41.985,7.9986,7.026,-9.4551,0,0
0,0,0,0,2.8415,-19.023,30.597,115.58,47.565,-101.09,-318.81,-82,-19.473,0,0
0,0,0,0,-10.536,6.8116,26.181,-151.34,13.707,-2.4171,-0.92228,-13.156,10.368,0,0
0,0,0,0,3.8693,-14.649,-39.12,-102.23,-23.173,3.4354,-5.649,-21.334,14.35,0,0
0,0,0,0,-0.94624,-60.166,-65.467,-56.513,-182.34,140.83,76.891,50.768,-30.019,0,0
0,0,0,0,5.3044,-58.06,-119.5,-192.03,34.104,159.68,-4.6031,7.4034,-13.332,0,0
0,0,0,0,7.6974,-19.843,45.995,274.05,16.944,-34.618,1.1399,-6.0613,-12.501,0,0
0,0,0,0,22.845,-182.95,-5.0064,-269.27,149.2,-50.762,-91.232,1.9273,-8.447,5.4462,5.5
0,0,0,0,-1.0328,13.413,-228.94,-41.725,48.784,-216.25,-16.018,-11.998,-35.021,0,0
0,0,0,0,4.4755,-26.775,180.76,246.4,-191.43,5.3684,17.179,9.7383,-12.955,0,0
0,0,0,0,3.1029,26.903,-134.48,-183.28,-81.299,-31.225,196.68,105.41,-23.566,0,0
0,0,0,0,-7.0647,-8.1425,-167.88,-279.12,-105.16,-16.716,-23.788,-18.115,18.107,0,0
0,0,0,0,66.092,-95.995,-301.34,57.984,219.79,6.3749,292.68,61.322,-18.142,0,0
0,0,0,0,-4.9055,-24.979,-283.23,-104.7,-255.62,150.3,211.93,-16.263,-1.866,0,0
0,0,0,0,-4.023,46.514,-123.92,-183.69,234.05,168.34,72.758,5.8232,-0.87828,0,0
0,0,0,0,4.5045,-21.773,-198.45,-10.464,-128.74,119.14,169.63,5.4743,8.1361,0,0
0,0,0,0,-1.5314,-32.868,-256.76,-113.73,259.94,-6.7934,-20.739,-4.9513,-3.7341,0,0
7.25,41.981,-145.86,-16.097,181.17,220.69,113.22,174.28,-151.65,-297.28,-25.953,29.35,97.891,0,0
1.8382,-0.36394,-3.0882,18.967,183.66,-0.31546,24.764,43.244,-50.629,-16.427,16.254,9.0092,-28.862,0,0
0,0,0,0,-12.194,30.733,-78.453,-61.956,119.99,-122.89,18.831,-16.328,-3.8816,0,0
0,0,0,0,-24.714,202.11,-77.469,11.404,170.1,54.523,-227.2,-15.276,5.3648,0,0
9.0425,3.7754,3.0981,-18.261,145.77,2.7286,169.81,25.179,-116.01,111.78,40.435,61.767,-9.9518,0,0
-20.951,-0.51314,-4.5233,43.296,168.4,-43.162,2.9705,315.75,-41.902,-164.75,-36.449,-19.886,38.822,0,0
-31.201,-24.742,35.516,36.278,117.3,-145.46,-65.596,74.529,-157.17,154.51,15.271,-273.32,87.36,0,0
1.8382,-0.36394,-3.0882,18.967,229.15,27.688,28.072,-124.64,-94.377,-49.15,-67.399,8.1184,-4.5748,0,0
-8.5,-8.2338,16.209,-32.588,-216.94,-111.13,-109.3,98.409,11.694,72.526,-8.9087,7.4016,6.4196,0,0
8.2925,1.5858,8.4886,5.1878,69.058,341.13,-37.009,-17.146,-8.6655,-36.522,-176.07,163.67,-32.679,0,0
-1.75,-6.6208,-11.752,-2.4103,13.683,-238.18,-8.2255,29.153,-137.86,67.078,226.85,-29.166,16.644,0,0
0,0,0,0,-6.0535,49.386,125.31,-126.66,-111.99,-115.93,20.015,-3.9824,-2.6561,0,0
-3,-4.1651,2.134,9.9724,-32.007,-21.374,-65.922,-56.925,87.087,1.4315,-51.014,-59.819,3.1696,0,0
0,0,0,0,4.9423,32.375,-153.59,2.6011,23.33,-1.843e-014,-3.1086e-015,-6.3283e-015,0,0,0
0,0,0,0,-4.2578,7.7595,-35.589,-203.42,-5.9791,-27.755,2.0192,7.4928,-15.415,0,0
-3.6618,-4.4327,10.987,-23.594,-10.532,77.441,-137.83,180.43,-164.31,-34.457,11.056,23.573,-19.109,0,0
0,0,0,0,31.757,-160.03,-16.542,34.077,32.323,-33.012,-10.766,-8.8621,5.1806,0,0
-2.5,-6.9348,1.5753,21.906,-146.98,-29.273,-165.78,103.8,35.639,15.76,135.13,87.366,-10.714,0,0
-0.75,-11.085,-3.0998,32.076,-170.61,-82.732,71.926,-33.993,57.934,79.367,59.078,123.52,85.158,0,0
-0.75,-18.62,167.5,84.87,-14.208,181.28,-187.72,164.51,2.3562,-139.19,-157.64,-16.326,-32.487,0,0
0,0,0,0,48.579,9.1749,-26.931,130.15,-109.46,4.4364,-169.88,8.4934,13.329,0,0
-2.75,-1.3367,13.752,-18.987,-257.47,-65.546,-20.725,21.774,-93.559,-58.299,45.71,72.14,9.7455,0,0
8.5,3.9413,-20.654,25.102,-186.97,-29.613,112.65,-61.754,-124.23,-76.182,-127.38,241.43,-3.712,0,0
11.338,13.218,-21.065,15.44,190.65,-100.14,-33.179,46.443,-236.34,-62.383,10.835,-238.48,30.588,0,0
6.5,9.4168,-15.843,6.4462,19.569,-148.88,142.53,72.073,-74.933,10.696,-20.416,-30.679,-3.0078,0,0
0,0,0,0,-5.674,38.073,-110.44,-162.82,194.36,90.83,-25.637,18.597,-0.12172,0,0
-2.3627,0.22668,-12.489,131.62,141.43,-136.11,-1.1862,243.11,48.744,29.599,-13.142,-152.15,-81.273,0,0
0,0,0,0,-2.9061,9.6647,-48.171,-34.476,4.225,-272.53,-165.31,-81.89,-22.821,0,0
0,0,0,0,3.9617,-13.832,28.828,228.59,-116.74,-186.45,-241.16,-11.333,-12.582,0,0
20.792,15.46,2.5687,-91.745,55.372,-38.504,-68.372,-175.23,162.62,-119.63,-184.51,-67.168,21.955,0,0
0,0,0,0,1.4357,44.734,47.094,-17.909,86.73,-208.9,-89.569,-12.376,23.827,0,0
0,0,0,0,0.23686,-11.417,139.19,-28.246,38.922,1.1595,-146.06,-21.822,26.425,0,0
0,0,0,0,3.9701,55.981,62.962,10.278,-76.824,-261.55,-10.498,1.6055,-4.0499,0,0
0,0,0,0,-9.7324,-6.9022,-22.152,23.472,-85.56,-115.29,-233.88,10.992,35.114,0,0
0,0,0,0,3.7949,23.562,280.64,-161.95,114.07,-125.85,-79.475,-3.5446,-5.7946,0,0
9.0425,3.7754,3.0981,-18.261,142.77,-63.896,-90.117,180.5,101.32,-34.362,-66.346,6.0248,-43.511,0,0
0,0,0,0,-7.6944,-0.60465,-22.162,149.13,-25.963,114.55,28.383,19.18,-13.829,0,0
0,0,0,0,23.782,244.98,-25.961,-233,-2.8078,135.2,-64.255,-93.365,13.339,0,0
0,0,0,0,-25.073,141.47,-44.688,151.39,-41.483,159.73,-150.33,-13.454,-25.235,0,0
0,0,0,0,-1.6417,-3.6326,123.28,217.97,45.553,63.716,-137.11,-79.167,-22.723,0,0
0,0,0,0,-5.2303,-28.092,-248.87,-72.39,32.878,-154.96,10.53,22.483,-31.887,0,0
-6.9118,13.352,-26.646,-18.487,135,136.89,130.47,98.925,271.12,44.221,-127.43,-6.0963,-13.078,0,0
23.5,5.9396,-37.347,-130.91,-76.68,-3.1734,29.262,-193.1,82.834,-87.389,-67.529,193.06,110.7,0,0
-0.75,-11.085,-3.0998,32.076,-155.41,-133.04,-31.667,-8.2763,39.606,-183.02,55.654,74.93,11.346,0,0
0,0,0,0,-27.852,172.69,121.91,5.9197,-110.87,-138.15,19.869,-20.743,-24.748,0,0
9.0425,3.7754,3.0981,-18.261,171.5,134.71,235.21,-6.7708,97.667,-29.631,-259.38,30.819,5.5478,0,0
0,0,0,0,-12.395,114.3,204.37,222.25,4.6148,8.9074,-201.97,-80.573,12.591,0,0
0,0,0,0,-7.5571,7.5721,52.516,-117.9,54.919,88.694,2.6962,-0.38485,7.1773,0,0
-7.25,-6.4103,14.142,-29.193,-278.8,-82.162,29.597,88.816,-55.491,6.3415,64.529,4.5131,65.797,0,0
-8.5,-8.2338,16.209,-32.588,-238.43,-15.863,-179.05,48.764,71.342,-99.399,31.401,-38.985,8.3538,0,0
0,0,0,0,13.431,220.86,-49.444,-63.44,-30.317,-32.116,-249.38,-256.17,33.995,0,0
-15.701,-18.821,24.196,-1.5582,132.87,-13.181,7.053,-188.65,152.54,186.88,-146.51,-253.97,5.2276,0,0
0,0,0,0,-1.6788,-9.0472,28.227,13.649,23.11,81.58,-23.206,31.454,-16.321,0,0
0,0,0,0,-6.5784,3.3212,-63.516,-59.651,-51.471,221.77,76.948,4.6994,-14.179,0,0
0,0,0,0,6.8239,2.0867,17.68,228.09,-195.18,-99.935,35.333,-23.359,-4.6316,0,0
0,0,0,0,-6.145,9.4151,-28.245,-87.322,7.6645,-285.85,-1.3382,-2.0936,-0.016747,0,0
0,0,0,0,-5.0987,-15.223,-15.84,4.9435,30.126,-35.017,33.028,-21.585,2.9587,0,0
0,0,0,0,-3.8672,5.7512,-25.193,126.36,-42.834,-94.638,-24.162,15.397,-1.6764,0,0
0,0,0,0,-3.8442,-0.98763,263.02,-52.771,-15.139,-217.33,-192.65,157.74,-7.5131,0,0
0,0,0,0,5.7745,-32.695,123.67,42.703,-172.63,-240.63,-76.217,-5.2138,14.207,0,0
0,0,0,0,9.3002,26.187,-128.21,-150.33,35.112,83.847,61.416,-22.95,12.475,0,0
0,0,0,0,29.303,-170.2,-233.09,200.04,133.16,207.65,169.54,-35.773,28.229,0,0
0,0,0,0,13.996,9.858,-195.83,-95.543,297.38,147.87,-49.615,28.952,-11.086,0,0
0,0,0,0,-20.805,114.15,-27.907,-32.783,-133.28,-137.4,-1.2509,10.949,-8.3558,0,0
0,0,0,0,-5.8457,-1.2032,136.83,219.28,-165.25,-63.564,25.359,7.1244,-7.8971,0,0
0,0,0,0,8.2593,11.369,-11.917,153.16,6.9402,13.497,4.6124,-20.134,-3.0401,0,0
0,0,0,0,6.8434,18.044,-42.773,161.77,87.065,69.221,6.5622,-0.21979,3.9453,0,0
0,0,0,0,2.3917,-1.3379,4.4104,224.48,-21.003,-72.657,-24.559,6.5556,2.366,0,0
0,0,0,0,1.1163,6.9067,8.5211,-152.45,53.559,-7.957,-28.905,2.8966,15.637,0,0
0,0,0,0,8.6666,-6.0132,-20.536,8.5637,-35.079,-70.62,-2.5963,-12.716,10.904,0,0
0,0,0,0,-1.2123,-10.979,18.163,-15.023,10.347,12.935,6.4216,-4.5556,2.4575,0,0
0,0,0,0,6.43,15.913,32.899,114.15,-159.92,-254.09,-85.45,0.99343,7.1226,0,0
0,0,0,0,13.49,-158.12,4.7702,-101.26,112.83,92.206,-108.87,-124.81,75.122,0,0
0,0,0,0,21.179,-152.68,-293.29,37.161,-22.661,164.82,-9.16,-38.653,19.256,0,0
0,0,0,0,2.7272,-42.565,178.16,66.193,-201.1,-51.946,16.472,-19.768,-3.2901,0,0
0,0,0,0,12.224,12.086,58.225,223.04,12.594,-0.82957,-9.9339,-2.9979,-11.022,0,0
0,0,0,0,-4.1462,13.101,15.097,-50.828,13.569,0,0,0,0,0,0
0,0,0,0,8.3296,4.3393,-3.6769,-138.87,-45.946,0,0,0,0,0,0
0,0,0,0,-1.7267,-1.3648,-6.9925,-40.787,200,0,0,0,0,0,0
0,0,0,0,1.5595,-57.307,157.08,-72.962,-7.8717,-103.42,14.965,-16.493,-0.64952,0,0
0,0,0,0,-8.3505,20.031,18.52,-9.9779,150.65,-122.89,18.831,-16.328,-3.8816,0,0
0,0,0,0,9.6728,-19.668,28.361,147.4,-142.41,-25.093,3.9019,9.9168,-14.02,0,0
0,0,0,0,24.652,-156.32,27.509,-177.94,102.7,263.98,3.1941,11.66,-15.355,0,0
0,0,0,0,-4.2127,-27.595,-11.091,-155.56,58.258,25.808,-20.85,15.621,-3.9453,0,0
0,0,0,0,-0.48446,-7.9352,-276.54,-105.23,-39.437,306.41,-59.536,-37.774,-21.473,0,0
0,0,0,0,-4.919,-29.756,191.17,-11.144,-1.2204,4.1279,50.54,-25.57,12.345,0,0
0,0,0,0,-5.925,-31.784,18.286,-87.948,-130.49,-129.49,16.583,-18.416,3.9955,0,0
0,0,0,0,12.852,3.8406,-238.54,-93.482,-6.0252,-70.406,-83.465,-9.47,16.218,0,0
0,0,0,0,5.9817,-29.317,8.0983,120.77,-161.2,0,0,0,0,0,0
0,0,0,0,-0.38726,-9.3762,-10.016,163.67,-77.41,-200.97,41.222,-7.2282,-8.0957,0,0
0,0,0,0,-2.1542,46.589,52.675,132.29,-193.86,0,0,0,0,0,0
0,0,0,0,1.9506,-13.325,30.96,-198.54,-88.353,-0.9387,-2.3236,-1.8917,-1.1038,0,0
0,0,0,0,7.9767,-10.137,-8.0386,-6.1458,-202.79,205.13,-21.565,30.787,-21.466,0,0
0,0,0,0,-22.9,201.55,-8.0967,119.86,34.196,-23.358,63.977,31.618,19.225,0,0
0,0,0,0,-54.969,62.283,215.66,77.629,116.37,77.145,-36.812,20.509,2.98,0,0
0,0,0,0,-3.111,-17.72,-53.876,31.089,-26.831,-237.32,14.379,-6.0984,-1.491,0,0
0,0,0,0,3.8726,65.006,157.32,161.94,-73.317,-143.04,84.336,-37.003,5.5637,0,0
0,0,0,0,1.5233,-8.4187,-20.571,36.94,-25.099,-70.948,2.3595,3.4396,-0.59151,0,0
0,0,0,0,3.2716,14.925,-15.401,-63.763,33.535,-146.47,-2.6603,18.034,-10.179,0,0
0,0,0,0,-7.8529,10.625,74.293,31.193,-84.249,-75.655,-250.03,-86.145,8.77,0,0
0,0,0,0,2.6749,-16.018,-24.645,127.25,-56.08,-149.64,37.357,-33.841,-1.0401,0,0
0,0,0,0,31.207,-210.24,-76.024,-240.26,17.909,234.43,217.38,-8.9833,-3.1393,0,0
0,0,0,0,-3.5099,10.272,-6.7213,-57.064,166.81,-36.079,17.738,-31.943,13.643,0,0
0,0,0,0,3.0024,0.066901,-29.468,59.879,-195.75,-34.227,-4.7027,1.7623,-1.6462,0,0
0,0,0,0,3.3224,-12.365,-17.344,-39.917,47.958,-174.42,5.503,30.75,-24.309,0,0
0,0,0,0,5.3972,40.273,27.617,-18.04,35.713,193.87,-22.923,5.9163,4.7823,0,0
0,0,0,0,27.693,-167.21,-84.487,-42.855,-103.6,-73.946,236.96,-21.45,9.695,0,0
0,0,0,0,-2.0047,45.183,-27.254,0.79303,18.799,147.87,-49.615,28.952,-11.086,0,0
0,0,0,0,-11.681,-25.491,127.89,-8.9278,72.385,-118.11,-82.899,-0.45545,-4.5401,0,0
0,0,0,0,0.30922,22.123,-167.15,-27.038,17.388,0,0,0,0,0,0
0,0,0,0,4.8448,-8.6875,2.5969,-42.318,-63.713,15.454,4.1528,1.7288,4.5233,0,0
0,0,0,0,8.0192,-11.018,-58.128,-289.53,-123.98,-43.205,-42.133,23.29,27.143,0,0
0,0,0,0,-1.0341,58.982,126.79,-218.09,-95.223,246.76,29.136,-29.337,-43.457,0,0
0,0,0,0,-0.8008,34.306,39.921,-193.47,42.172,158.76,-9.5397,-12.179,5.701,0,0
0,0,0,0,-5.3942,4.5676,-6.7316,111.44,-25.07,-22.959,-16.502,7.0311,0.75,0,0
0,0,0,0,28.072,-135.87,-186.61,-89.863,218.57,230.63,-6.9626,3.9638,-12.741,0,0
0,0,0,0,-7.7599,26.131,92.021,144.77,-31.432,0,0,0,0,0,0
0,0,0,0,2.5706,12.675,4.1745,-116.08,24.172,147.87,-49.615,28.952,-11.086,0,0
0,0,0,0,-4.3212,37.456,-198.14,-64.05,-17.657,-43.456,40.388,-42.307,5.8391,0,0
0,0,0,0,-21.296,116.79,-174.64,-364.25,-387.31,87.938,-15.549,196.17,13.071,0,0
0,0,0,0,1.1728,-8.8322,52.872,86.049,-30.623,-191.1,-8.0128,11.25,-1.1005,0,0
0,0,0,0,-3.9791,0.35113,-3.6732,178.99,-182.53,-74.192,-4.6944,-8.2272,4.7811,0,0
0,0,0,0,-1.4724,27.309,-62.715,-93.962,-35.662,279.12,1.3208,-14.964,-3.3146,0,0
0,0,0,0,2.9103,-45.485,101.86,185.66,3.2806,-240.17,-27.293,-9.0302,-19.119,0,0
0,0,0,0,4.9483,24.235,7.3742,-115.39,73.63,0,0,0,0,0,0
0,0,0,0,2.0395,18.727,-11.167,-268.83,-87.085,225.8,30.102,-10.417,-0.011057,0,0
0,0,0,0,-3.3099,0.39574,-152.94,-139.76,6.4409,48.768,-4.3481,8.5903,-4.6953,0,0
0,0,0,0,-5.5216,7.0365,-27.967,11.389,-5.1045,-112.02,-54.358,30.078,5.2787,0,0
0,0,0,0,-3.4917,-23.313,-31.142,201.04,-186.82,-49.585,-140.12,-7.3726,-11.373,0,0
0,0,0,0,6.3583,-12.705,-8.3131,18.585,-163.79,0,0,0,0,0,0
0,0,0,0,-23.202,7.0007,38.469,47.862,226.1,0,0,0,0,0,0
0,0,0,0,-4.1651,43.353,209.68,178.8,-183.3,-46.99,-14.253,13.582,-4.4796,0,0
0,0,0,0,5.0885,-6.449,117.79,-347.72,70.906,300.35,70.951,-14.994,-0.7512,0,0
0,0,0,0,6.2111,10.547,-18.444,181.35,-166.71,-12.088,26.866,3.8498,-10.538,0,0
0,0,0,0,4.8224,-6.5903,-30.193,-62.865,119.51,-103.42,14.965,-16.493,-0.64952,0,0
0,0,0,0,5.1179,82.075,-107.32,37.949,22.931,154.25,-10.895,-12.263,10.654,0,0
0,0,0,0,5.7524,39.92,128.55,117.68,126.62,100,-16.155,23.849,-8.7264,0,0
0,0,0,0,13.177,5.1681,76.755,79.51,-134.27,-122.06,28.765,-13.33,7.1405,0,0
0,0,0,0,41.883,-173.62,36.911,-58.966,-53.808,-9.2648,157.34,89.849,17.051,0,0
0,0,0,0,-0.58494,-1.0449,-12.231,-1.2554,-4.0855,25.808,-20.85,15.621,-3.9453,0,0
0,0,0,0,6.5419,19.894,-3.8343,399.85,100.96,-112.79,12.04,14.158,-7.9731,0,0
0,0,0,0,-2.1276,31.726,-24.835,-7.2562,-57.486,50.406,-56.329,-5.7578,-10.157,0,0
0,0,0,0,-0.10673,16.581,44.074,110.93,-11.689,-53.767,-2.4094,1.9486,0.57804,0,0
0,0,0,0,-7.4623,11.772,60.572,57.413,9.3212,0,0,0,0,0,0
0,0,0,0,-18.817,155.82,-46.12,-27.512,-59.594,-249.81,-3.9234,18.557,-10.33,0,0
0,0,0,0,3.1857,8.8438,15.997,141.58,90.421,-6.9537,3.7967,10.004,-14.061,0,0
0,0,0,0,1.5401,4.7186,7.6209,-227.76,32.59,-214.68,-15.23,42.942,-6.558,0,0
0,0,0,0,-0.83614,-15.206,-49.697,-71.546,3.9796,0,0,0,0,0,0
0,0,0,0,3.7398,-23.66,84.832,170.3,-26.9,-121.87,-149.32,33.966,-10.465,0,0
0,0,0,0,0.94976,-4.5885,-13.53,-33.121,10.581,-47.873,33.459,-5.1029,2.3595,0,0
0,0,0,0,2.3158,-7.0347,-7.6528,-11.101,-22.904,-122.06,28.765,-13.33,7.1405,0,0
0,0,0,0,24.169,-151.08,-8.9018,-1.1505,-201.89,0.075341,73.142,-26.728,-8.3334,0,0
0,0,0,0,8.2593,11.369,-11.917,153.16,-7.5288,-33.383,22.546,-15.8,4.4208,0,0
0,0,0,0,-4.7249,-17.902,-11.751,-3.3265,7.0187,-22.959,-16.502,7.0311,0.75,0,0
0,0,0,0,0.17108,20.38,-49.016,-49.245,-23.991,-34.201,21.527,-16.713,3.2958,0,0
0,0,0,0,-1.5245,3.9247,10.25,-218.41,243.91,184.89,144.18,-0.96114,-20.369,0,0
0,0,0,0,-7.1388,-31.499,162.61,7.2425,-64.81,30.213,-26.468,-25.966,21.775,0,0
0,0,0,0,2.4953,31.479,-48.722,-15.468,130.22,25.808,-20.85,15.621,-3.9453,0,0
0,0,0,0,-6.8289,35.718,21.803,162.09,-108.72,-273.5,135.25,5.6274,2.6226,0,0
0,0,0,0,8.3191,-11.389,-78.845,37.279,-45.221,-84.583,7.6744,17.91,-21.272,0,0
0,0,0,0,1.2826,6.369,5.748,42.703,26.696,-152.07,-10.897,14.049,7.1896,0,0
0,0,0,0,-43.073,-126.74,-171.55,-18.587,20.565,34.94,-94.29,7.6312,-3.6226,0,0
0,0,0,0,-0.54992,22.6,-4.6696,42.916,-51.969,-53.767,-2.4094,1.9486,0.57804,0,0
0,0,0,0,-14.601,28.83,25.098,-160.47,-89.078,292.12,-18.639,4.7844,-3.2042,0,0
0,0,0,0,-6.2994,3.6167,13.199,-33.225,-7.003,-155.42,-7.8346,-1.7946,-2.076,0,0
0,0,0,0,1.2138,-21.225,49.407,70.862,-49.138,0,0,0,0,0,0
0,0,0,0,-1.77,-7.3427,2.7776,71.002,51.404,14.217,18.337,7.4034,-15.937,0,0
10.5,13.824,2.366,-25.104,170.5,36.716,-227.33,-44.137,207.29,-250.92,-5.3663,-10.373,16.07,0,0
0,0,0,0,13.905,-36.551,24.735,277.91,-182.56,28.963,5.6391,3.5864,-8.8636,0,0
0,0,0,0,5.7419,-41.166,-179.67,-35.915,28.481,73.491,-34.653,9.689,6.0389,0,0
0,0,0,0,3.5389,-14.824,-54.359,47.899,-41.388,-51.946,16.472,-19.768,-3.2901,0,0
0,0,0,0,-1.5514,2.2231,-37.502,-213.24,7.3436,0,0,0,0,0,0
-16,2.9575,2.7925,9.6636,178.6,-95.381,-70.108,8.9159,-5.4732,-15.176,89.92,-151.91,-0.075962,0,0
0,0,0,0,-1.7192,-23.931,0.8726,52.262,21.411,-174.9,-3.9686,-1.6295,-5.308,0,0
0,0,0,0,4.3505,-24.423,83.903,39.752,13.202,28.963,5.6391,3.5864,-8.8636,0,0
0,0,0,0,1.1208,15.366,9.0352,-382.25,-132.69,150.14,-53.973,48.377,12.762,0,0
0,0,0,0,6.0221,-16.367,5.7792,-215.88,-415.16,276.92,3.6965,6.3522,-7.7431,0,0
1.5,0.96891,1.2518,-3.0407,-91.101,-107.28,6.7763,-44.775,105.45,-61.631,-148.35,132.33,72.182,0,0
0,0,0,0,-0.0086524,62.119,113.36,-22.969,-282.61,26.642,-53.711,-14.16,-16.769,0,0
0,0,0,0,1.9874,12.858,-140.97,-19.915,-100.94,122.31,69.838,10.706,-20.235,0,0
0,0,0,0,-5.1953,-21.726,135.92,19.787,-40.713,-74.192,-4.6944,-8.2272,4.7811,0,0
0,0,0,0,6.1585,-1.2147,6.3153,-169.48,159.09,212.88,-4.0775,-13.782,11.612,0,0
0,0,0,0,5.6091,-17.539,29.907,-78.874,-122.53,-17.814,3.509,-1.8795,-0.095994,0,0
0,0,0,0,-1.2284,-20.345,-120.35,-153.25,147.18,170.85,19.601,-16.08,-23.381,0,0
0,0,0,0,11.807,32.24,-38.722,-99.75,126.15,-25.947,-23.26,-4.9533,13.936,0,0
0,0,0,0,-0.028684,-2.8175,-307.57,-87.853,-84.913,22.434,9.2308,-17.589,-0.26346,0,0
3.7925,11.762,3.6244,-22.258,177.38,-69.462,42.24,-104.85,156.44,-44.133,-112.63,-82.504,-13.777,0,0
0,0,0,0,-8.3317,20.69,-168.01,-73.367,-25.361,1.6687,19.206,-6.895,-4.5446,0,0
0,0,0,0,-7.5338,-7.5795,26.251,45.922,38.481,-249.9,-5.1405,-17.275,2.2679,0,0
0,0,0,0,0.24639,-23.012,42.801,145.93,-8.8768,8.4821,-4.2973,-12.551,10.897,0,0
0,0,0,0,-7.3837,43.883,-146.06,12.198,16.151,73.254,-23.227,12.926,2.5311,0,0
0,0,0,0,0.86547,22.074,-21.619,134.04,-61.802,-77.485,16.184,-16.266,1.712,0,0
0,0,0,0,10.954,-14.122,295.79,-161.28,-267.65,-59.229,-141.76,6.2255,-4.5,0,0
0,0,0,0,7.3317,0.10192,-0.56476,-161.77,-21.646,-48.703,23.525,-8.1008,-8.6627,0,0
0,0,0,0,-7.7441,-25.971,-25.39,205.14,58.047,-22.001,13.637,7.7754,-4.6271,0,0
0,0,0,0,-0.30593,-5.4994,28.08,17.802,-198.6,-122.06,28.765,-13.33,7.1405,0,0
0,0,0,0,1.4073,-4.4252,-37.882,143.83,1.7309,-73.24,1.4567,2.1136,-2.654,0,0
0,0,0,0,10.331,-39.578,39.894,108.47,-176.52,24.736,2.4955,0.50449,2.5401,0,0
0,0,0,0,3.7048,-37.425,-51.832,-110.83,-13.382,118.09,52.682,-21.775,6.7868,0,0
0,0,0,0,3.6935,5.1629,-17.904,200.83,-115.94,-189.82,-90.582,1.5114,-25.855,0,0
0,0,0,0,7.7823,-28.749,181.35,-68.69,-81.227,-0.81819,-1.0188,-0.91298,-1.125,0,0
0,0,0,0,5.6193,12.503,-171.35,-151.4,-33.756,-4.2821,-9.3825,-8.221,-8.2096,0,0
0,0,0,0,-8.2372,-8.9871,27.461,-173.85,-22.695,-131.9,42.413,-30.786,5.5458,0,0
0,0,0,0,-5.3947,3.0166,167.39,-158.71,-152.34,195.97,-92.24,-8.2816,18.344,0,0
0,0,0,0,4.4106,2.0838,43.821,242.38,-184.41,-40.198,-3.8905,-3.1764,-0.98205,0,0
0,0,0,0,7.8586,8.9142,33.802,231.04,-179.24,-22.959,-16.502,7.0311,0.75,0,0
0,0,0,0,2.8574,-11.455,164.11,72.597,-60.827,-149.64,37.357,-33.841,-1.0401,0,0
22.064,-10.203,-8.5428,80.268,-136.37,323.22,272.28,59.438,-280.53,-133.19,-219.21,-41.827,1.8807,0,0
0,0,0,0,38.998,101.77,153.45,116.75,133.28,-81.195,-97.606,17.533,-6.125,0,0
0,0,0,0,-7.8798,-22.515,109.02,99.632,-141.56,15.877,-0.58406,-18.329,-17.844,0,0
0,0,0,0,15.029,-168.28,-122.45,-212.35,11.225,-168.83,152.2,78.221,3.2431,0,0
0,0,0,0,-6.7079,-1.5228,-25.118,-10.848,10.818,22.432,-15.094,30.972,-10.548,0,0
0,0,0,0,7.5312,45.971,-44.403,-233.91,194.06,0,0,0,0,0,0
-0.75,-11.085,-3.0998,32.076,-158.19,-210.99,-74.555,-158.19,-32.871,17.618,-64.481,-20.296,3.2365,0,0
0,0,0,0,26.092,-123.67,-110.29,-38.747,-57.96,95.306,-12.669,-20.327,7.0433,0,0
0,0,0,0,6.7793,-24.339,159.28,303.67,-138.94,-69.199,-92.097,4.4264,9.9139,0,0
0,0,0,0,2.7572,-21.224,-299.81,-155.42,18.984,-133.84,-151.46,153.11,10.27,0,0
0,0,0,0,5.6112,-69.877,-72.99,222.24,-30.681,-32.914,4.9839,32.43,-12.322,0,0
0,0,0,0,5.0338,10.851,57.008,31.768,-205.62,-118.63,23.116,-34.664,21.491,0,0
0,0,0,0,-1.6696,10.784,60.757,154.81,109.5,-123.86,19.565,-31.311,9.6071,0,0
0,0,0,0,-9.9898,15.943,-29.865,-280.81,147.75,-48.703,23.525,-8.1008,-8.6627,0,0
0,0,0,0,2.1552,-0.64415,10.337,220.23,58.509,92.267,33.299,2.2452,-6.8236,0,0
0,0,0,0,-0.62564,-29.501,189.69,7.3808,-164.45,-110.53,-5.2524,1.1283,-6.6528,0,0
0,0,0,0,3.6507,0.19255,-36.078,87.311,-62.219,-122.89,18.831,-16.328,-3.8816,0,0
0,0,0,0,-2.151,-24.001,21.967,-15.429,-7.0509,-21.291,2.7042,0.13606,-3.7946,0,0
0,0,0,0,4.6399,-35.652,-82.549,-144.74,37.921,-0.81819,-1.0188,-0.91298,-1.125,0,0
0,0,0,0,-3.9653,-14.71,135.97,-267.38,199.68,-152.43,-12.698,12.093,-0.45753,0,0
0,0,0,0,-13.241,19.345,36.289,6.9147,-2.5754,-7.5054,-12.349,8.7599,5.2733,0,0
0,0,0,0,-0.46202,24.49,203.06,-43.956,-231.52,-100.08,-10.943,13.383,-9.5266,0,0
0,0,0,0,-7.7811,48.477,-82.38,-65.316,8.3482,77.459,74.632,-36.818,23.555,0,0
0,0,0,0,-0.99583,-19.046,66.03,109.75,-40.149,-63.564,25.359,7.1244,-7.8971,0,0
0,0,0,0,11.011,-53.324,-141.6,-82.085,-26.387,48.768,-4.3481,8.5903,-4.6953,0,0
2.5,-4.1896,-7.701,28.133,-166.65,-265.17,-216.39,-120.51,132.91,-166.48,62.936,66.236,36.135,0,0
0,0,0,0,5.7018,-39.662,147.44,198.8,-55.391,-99.935,35.333,-23.359,-4.6316,0,0
0,0,0,0,9.6077,14.399,-3.8853,133.55,-112.36,-89.324,-20.506,29.566,-6.2455,0,0
0,0,0,0,2.0526,11.972,-20.054,-27.277,13.335,101.45,-48.162,-0.54839,15.526,0,0
0,0,0,0,-1.799,-7.2055,145.75,-38.551,-68.169,138.18,49.477,-2.6813,-19.499,0,0
0,0,0,0,1.2629,9.1562,86.192,15.845,33.708,100.77,-26.061,13.466,-10.935,0,0
0,0,0,0,-0.089746,-59.15,114.07,-121.3,-134.98,-115.93,20.015,-3.9824,-2.6561,0,0
0,0,0,0,1.6328,-1.4007,-21.027,-61.479,135.41,0,0,0,0,0,0
0,0,0,0,8.4498,-21.774,11.921,-264.72,-124.85,216.28,-12.266,8.8023,4.3268,0,0
0,0,0,0,-3.276,17.828,288.21,110.4,-124.94,-35.729,-81.119,-13.531,31.657,0,0
0,0,0,0,-4.2736,-4.5302,-13.806,-198.41,-7.3409,17.745,5.0556,3.0547,6.5858,0,0
0,0,0,0,1.8253,-4.9637,-206.51,-83.477,-10.037,-142.78,-32.995,20.01,1.1773,0,0
0,0,0,0,2.6316,-11.161,-32.769,119.81,26.084,-1.6098e-014,-4.4409e-016,-2.2204e-016,-5.5511e-016,0,0
0,0,0,0,-1.1271,-1.7042,-33.303,-64.314,-64.714,-71.662,7.0236,-1.0697,-7.9127,0,0
0,0,0,0,-3.953,3.9075,-7.0289,165.37,-98.181,-63.564,25.359,7.1244,-7.8971,0,0
0,0,0,0,-3.7841,-63.547,-90.311,-249.96,-23.157,-35.196,-63.748,78.799,-28.724,0,0
0,0,0,0,24.734,-167.08,-130.31,-82.503,-160.9,94.666,-38.93,2.6442,3.0724,0,0
0,0,0,0,7.7942,-32.781,50.384,80.463,-25.905,-139.95,-1.5505,24.131,-15.236,0,0
0,0,0,0,-5.189,-21.041,-45.082,-83.125,-42.26,159.45,-6.8986,-29.45,13.567,0,0
0,0,0,0,-4.6454,3.4647,-0.41562,23.55,163.69,63.218,-19.502,-7.5059,0.2153,0,0
0,0,0,0,2.3158,-7.0347,-7.6528,-11.101,-23.785,-122.89,18.831,-16.328,-3.8816,0,0
0,0,0,0,-0.31514,28.812,-26.911,-245.31,66.297,301.5,71.165,-20.567,0.9988,0,0
0,0,0,0,2.3409,-32.706,-1.9617,-16.038,134.18,-9.0018,23.582,-14.458,9.4273,0,0
0,0,0,0,-1.9187,22.453,-96.139,78.165,-54.075,-21.012,1.693,17.959,-5.9486,0,0
0,0,0,0,-2.6292,45.066,-148.85,-82.508,5.0074,-48.038,21.231,-17.377,-0.95304,0,0
0,0,0,0,3.7398,-47.217,188.25,113.5,-150.4,-292.16,10.144,-22.124,2.0915,0,0
0,0,0,0,1.942,-4.3553,-11.742,-2.831,34.911,10.14,-4.6543,-14.595,14.033,0,0
0,0,0,0,-0.98325,-5.5413,11.006,8.0608,227.6,-117.35,22.297,-36.531,3.3929,0,0
0,0,0,0,-0.34808,9.3639,15.144,-27.474,13.934,31.242,9.668,-17.079,3.5458,0,0
0,0,0,0,-0.14896,-27.518,-220.22,0.33715,-230.1,-14.44,-17.32,-7.8598,-20.548,0,0
0,0,0,0,10.921,-73.328,120.84,-201,-7.1127,30.279,109.9,30.459,-22.464,0,0
0,0,0,0,-2.9417,17.209,-23.146,-11.074,-1.1573,-1.6098e-014,-4.4409e-016,-2.2204e-016,-5.5511e-016,0,0
0,0,0,0,-4.5389,-32.047,66.379,203.68,-35.405,24.736,2.4955,0.50449,2.5401,0,0
0,0,0,0,-1.372,-28.781,-13.501,-0.92372,-32.927,-74.192,-4.6944,-8.2272,4.7811,0,0
0,0,0,0,-8.3529,18.269,10.454,10.619,-2.0092,200.66,-1.5768,-14.484,5.596,0,0
0,0,0,0,3.3574,8.0187,-101.13,-182.02,285.02,0,0,0,0,0,0
0,0,0,0,11.112,-31.554,102.99,-87.048,-152.13,-295.04,-108.69,-47.003,16.279,0,0
0,0,0,0,-6.3607,7.1268,47.164,64.019,7.7928,26.747,-18.526,17.513,-2.8415,0,0
0,0,0,0,2.5789,-15.324,24.474,-172.47,169.78,-93.868,105.08,-73.065,-17.534,0,0
0,0,0,0,1.4635,46.444,-151.79,-214.04,0.23841,244.38,4.8041,-27.102,6.9441,0,0
0,0,0,0,2.5601,-3.8221,-24.167,199.98,-37.312,-82.089,0.99167,20.106,-13.355,0,0
0,0,0,0,4.4922,-1.6932,19.379,-158.26,33.072,266.54,-31.42,-11.384,-22.754,0,0
0,0,0,0,6.4869,-9.1781,-228.07,-154.18,192.13,-102.25,174.53,144.14,19.939,0,0
0,0,0,0,22.083,250.66,77.6,-266.16,136.66,-14.189,-4.1905,20.408,-24.766,0,0
0,0,0,0,54.801,-80.1,-75.664,-173.93,-99.541,-58.931,30.627,-135.61,171.5,0,0
0,0,0,0,-8.5646,14.439,-29.204,-7.9608,-38.707,-122.06,28.765,-13.33,7.1405,0,0
0,0,0,0,-5.1737,21.558,15.348,-4.3365,-18.414,0,0,0,0,0,0
0,0,0,0,-0.15433,-5.8206,-42.943,174.03,193.73,-88.495,-23.997,26.83,-1.576,0,0
6.5,9.4168,-15.843,6.4462,-68.361,108.99,90.099,231.83,-41.6,50.224,155.56,1.5119,-19.93,0,0
0,0,0,0,19.53,229.9,-18.777,-101.22,-1.5677,65.734,-13.806,6.6462,7.9273,0,0
0,0,0,0,-1.9707,5.9904,2.3314,-4.0047,-245.9,27.94,88.085,-45.932,0.45994,0,0
0,0,0,0,1.7457,-43.81,11.765,-185.96,-85.159,-327.18,-66.06,-1.2728,-1.6896,0,0
0,0,0,0,-1.8954,-0.25,4.1936,-217.3,70.577,142.78,158.99,-24.45,13.445,0,0
0,0,0,0,-5.7724,11.286,-21.73,-102.05,-16.695,117.26,42.748,-24.773,-4.2353,0,0
0,0,0,0,-7.514,25.448,-12.487,-256.34,-77.781,275.68,96.483,-17.069,-8.3236,0,0
0,0,0,0,-0.47099,4.9656,37.117,-154.6,37.906,90.47,4.9396,-7.6226,-2.7745,0,0
0,0,0,0,11.737,-12.824,0.87676,-17.834,150.77,114.44,-17.467,13.868,-12.73,0,0
0,0,0,0,9.6998,-19.417,-33.937,-45.24,22.332,19.334,-21.793,14.512,3.9106,0,0
0,0,0,0,-1.0682,-14.137,-82.345,-117.44,4.9055,25.808,-20.85,15.621,-3.9453,0,0
0,0,0,0,2.049,-15.578,29.982,280.71,16.328,-284.28,-80.039,16.697,-5.5613,0,0
0,0,0,0,-3.087,21.219,32.399,125.11,-123.79,-23.813,-116.57,12.91,1.7566,0,0
0,0,0,0,-1.9522,-12.195,-245.16,267.41,183.21,39.235,82.729,3.1925,-20.819,0,0
0,0,0,0,-5.904,5.3373,48.26,58.255,8.6876,-125.01,-5.3481,8.75,-0.54247,0,0
0,0,0,0,0.63277,-2.4659,-1.0527,-117.88,23.268,25.808,-20.85,15.621,-3.9453,0,0
0,0,0,0,22.374,-105.76,-162.7,-114.6,98.511,106.85,14.348,-13.448,-3.5691,0,0
0,0,0,0,-9.2595,28.992,-24.093,-119.05,149.5,-144.03,26.24,8.6357,-20.245,0,0
17.088,10.432,-27.132,38.047,114.15,90.11,230.26,126.34,-16.465,-96.177,-104.94,-164.52,-202.1,-77.474,-29.527
0,0,0,0,8.6555,4.165,25.014,-79.197,-29.024,169.16,-4.8929,-30.143,8.2635,0,0
0,0,0,0,3.3101,-14.604,-8.1689,-164.02,-57.052,85.306,23.374,-29.827,12.478,0,0
0,0,0,0,2.3074,-63.29,-46.624,-122.26,239.29,-192.69,19.732,0.68598,-10.57,0,0
0,0,0,0,0.26554,7.5939,45.018,-48.209,-128.02,174.62,-68.141,46.465,-13.927,0,0
0,0,0,0,-8.8263,0.49103,-37.821,-268.55,178.79,-145.22,-19.356,6.3583,6.5433,0,0
0,0,0,0,-3.3571,13.308,1.09,-15.469,2.5953,-26.747,18.526,-17.513,2.8415,0,0
0,0,0,0,-3.5401,13.217,34.689,-126.79,16.105,-1.8182,-1.1618,-0.029006,-0.5625,0,0
0,0,0,0,-6.779,16.616,-12.039,-73.235,24.037,67.403,5.4004,-0.2488,3.3828,0,0
0,0,0,0,-1.2048,23.077,12.464,0.51329,-137.53,214.75,36.287,-17.815,1.4889,0,0
0,0,0,0,4.9665,-6.9043,20.021,39.74,-118.57,2.5228,2.349,-16.256,-19.552,0,0
7.8382,4.1982,-17.657,18.295,212.8,-12.912,7.8857,-34.748,-14.05,-116.68,-88.131,22.827,-21.242,0,0
0,0,0,0,3.8679,29.882,-6.6788,-6.5533,-90.768,-149.64,37.357,-33.841,-1.0401,0,0
0,0,0,0,2.2108,-8.1205,-12.99,2.5155,-48.089,-74.192,-4.6944,-8.2272,4.7811,0,0
0,0,0,0,3.2255,12.303,-131.07,-132.36,229.11,-51.946,16.472,-19.768,-3.2901,0,0
0,0,0,0,-2.8496,-5.2844,9.4898,-1.8206,-66.32,-88.984,20.565,-27.554,0.014664,0,0
-21.365,-10.992,32.009,-3.7574,-368.29,172.24,31.87,40.219,92.179,278.32,88.93,71.279,-28.787,138.56,0.5
0,0,0,0,9.0557,5.5091,137.34,-304.65,280.99,-31.831,-10.13,11.869,-4.5478,0,0
0,0,0,0,-25.443,137.68,-38.924,-73.422,115.93,-150.59,13.414,-26.49,15.437,0,0
0,0,0,0,-23.753,191.2,233.76,-291.72,109.39,-175.42,-152.56,-87.286,-42.816,0,0
-9.5,-12.771,20.66,-43.677,-131.18,-66.599,66.155,215.85,-26.799,-220.85,3.7787,0.4875,38.892,0,0
0,0,0,0,1.2497,-7.1899,-9.8614,213.78,35.127,-140.22,95.391,-12.834,29.448,0,0
0,0,0,0,-0.78525,42.822,-186.11,-24.553,53.065,119.72,-6.7075,5.1507,-4.1038,0,0
0,0,0,0,37.381,29.863,-114.9,-66.676,173.55,110.91,-7.6705,-33.012,18.357,0,0
0,0,0,0,-2.9252,13.248,23.759,235.01,-140.22,-242.78,-16.84,-3.8385,9.9037,0,0
0,0,0,0,-2.4176,-43.313,47.451,-5.0955,-150.13,39.243,-0.2234,-7.1426,5.9976,0,0
0,0,0,0,1.0233,-6.5389,6.4153,-31.055,70.801,257.91,8.6635,8.0047,-28.797,0,0
0,0,0,0,4.9223,28.974,6.4234,296.87,-197.3,-205.61,4.5425,5.9151,-0.31699,0,0
0,0,0,0,3.9052,-1.2781,17.923,59.912,-31.949,182.11,-24.021,28.88,-25.514,0,0
0,0,0,0,-6.3361,3.8633,-8.5341,-34.519,-32.185,-221.95,-88.082,21.923,-11.427,0,0
0,0,0,0,-1.6567,-22.071,29.178,-38.057,163.1,48.768,-4.3481,8.5903,-4.6953,0,0
0,0,0,0,-9.1699,17.045,-112.82,215.58,72.046,-14.969,-82.781,-29.484,26.519,0,0
-0.75,-11.085,-3.0998,32.076,-184.89,-42.031,-210.73,-7.9431,3.1273,150.89,-23.816,-94.502,-28.468,0,0
0,0,0,0,10.383,-8.6154,42.585,-173.62,-55.013,101.01,-29.716,13.851,-2.25,0,0
0,0,0,0,4.1714,17.761,44.277,365.33,-25.637,-61.489,-1.1863,-3.0404,-4.7766,0,0
0,0,0,0,-10.381,11.191,56.273,127.94,-158.29,-12.088,26.866,3.8498,-10.538,0,0
0,0,0,0,8.134,-10.74,70.059,-238.18,-45.247,28.032,-18.278,28.655,3.5368,0,0
0,0,0,0,2.942,33.591,74.269,-44.29,-14.491,-40.617,-82.085,-8.2084,6.0188,0,0
0,0,0,0,6.1932,15.405,-115.48,-267.8,84.376,262.44,0.65521,-2.7856,2.0535,0,0
0,0,0,0,2.3158,-7.0347,-7.6528,-11.101,-6.7424,137.35,-31.258,28.385,-20.733,0,0
0,0,0,0,-1.8846,-51.691,188.81,9.38,-13.116,-192.81,-67.008,-14.939,1.788,0,0
0,0,0,0,-3.5829,-51.396,-152.91,63.681,134.44,88.694,2.6962,-0.38485,7.1773,0,0
0,0,0,0,-4.1429,7.9468,-6.1455,-233.14,5.4964,-6.0547,-13.399,-44.413,3.1941,0,0
0,0,0,0,-2.5799,-43.861,-9.7252,-13.452,-13.405,-19.472,3.866,0.16506,-3.2321,0,0
0,0,0,0,-3.3751,0.87919,133.98,60.786,-219.23,-173.24,-99.682,-21.477,32.273,0,0
0,0,0,0,2.8631,17.637,-30.325,-228.17,137.75,0,0,0,0,0,0
0,0,0,0,2.9857,5.2171,-7.3439,-42.134,45.608,45.281,-24.716,15.456,-0.71322,0,0
0,0,0,0,-7.8804,47.825,-104.89,-277.39,106.43,115.25,41.882,-9.1342,-1.4342,0,0
0,0,0,0,8.9091,-9.1454,-90.969,-199.54,69.533,-95.246,13.026,27.204,-6.4563,0,0
-8.5,-8.2338,16.209,-32.588,-243.46,75.717,33.255,-132.83,-8.8412,51.811,153.29,3.4183,2.8436,0,0
0,0,0,0,1.0233,-6.5389,6.4153,-31.055,-68.918,-106.61,32.918,-11.601,11.664,0,0
0,0,0,0,-1.5009,26.865,-127.73,-18.665,120.34,141.59,15.645,-9.2058,-10.812,0,0
0,0,0,0,3.7488,-9.1442,-11.403,-19.959,23.163,96.147,-39.863,22.718,9.6169,0,0
0,0,0,0,-13.744,-4.6647,-57.11,-52.295,-169.07,-55.146,3.6878,13.209,-2.2566,0,0
0,0,0,0,4.0831,-42.365,130.61,131.77,83.509,-55.014,10.062,-3.6426,2.5891,0,0
0,0,0,0,2.4623,23.097,-186.15,-69.924,9.0707,276.48,89.726,-6.0212,-20.936,0,0
0,0,0,0,-4.5765,23.56,-87.668,71.763,44.555,0,0,0,0,0,0
0,0,0,0,-0.0012024,-25.063,235.62,101.96,-84.761,-221.95,-88.082,21.923,-11.427,0,0
0,0,0,0,-4.2305,50.704,-202.59,-100.43,179.39,209.56,-2.3577,-21.699,16.123,0,0
0,0,0,0,9.149,8.4647,-6.0344,9.6381,-33.825,-1.843e-014,-3.1086e-015,-6.3283e-015,0,0,0
0,0,0,0,2.2296,36.714,60.194,-122.48,-160.21,-89.283,160.07,-16.556,-16.753,0,0
0,0,0,0,9.7458,7.2721,-17.046,-259.62,4.998,48.768,-4.3481,8.5903,-4.6953,0,0
0,0,0,0,8.4515,-13.792,12.029,213.09,-249.35,-173.57,75.176,4.2835,18.241,0,0
0,0,0,0,-2.9522,3.1286,-20.764,-141,331.41,48.768,-4.3481,8.5903,-4.6953,0,0
0,0,0,0,0.37981,-8.632,175.94,22.328,-91.388,-37.959,-18.583,19.445,-8.9808,0,0
0,0,0,0,2.3158,-7.0347,-7.6528,-11.101,-61.68,-153.6,-10.733,3.1333,-14.308,0,0
0,0,0,0,-5.1797,9.0975,54.076,122.85,-30.938,-59.189,-11.61,-7.8146,-0.013462,0,0
0,0,0,0,3.4193,57.106,-197.39,-105.6,-33.458,313.18,88.428,-19.755,-12.972,0,0
0,0,0,0,6.579,5.5091,-232.3,-205.32,-68.247,135.63,259.74,-23.366,19.713,0,0
0,0,0,0,3.2141,36.524,51.358,120.81,-76.183,-188.58,-83.398,-18.455,-4.154,0,0
0,0,0,0,4.3343,-16.6,0.96303,-253.62,-180.2,120.22,-0.30713,-16.455,1.645,0,0
0,0,0,0,-4.0622,-0.7073,-13.346,-25.11,-6.7811,0,0,0,0,0,0
0,0,0,0,3.9704,19.755,65.547,101.21,-291.04,-122.06,28.765,-13.33,7.1405,0,0
0,0,0,0,-1.1325,14.094,-1.896,-74.673,-38.134,-19.472,3.866,0.16506,-3.2321,0,0
0,0,0,0,9.0347,-16.399,-56.263,-111.51,22.772,0,0,0,0,0,0
0,0,0,0,9.8864,23.197,-125.86,-70.154,-200.08,150.04,-3.1038,-13.954,-3.8783,0,0
0,0,0,0,5.8289,-24.729,-55.811,-51.814,93.267,-33.371,31.461,-13.715,14.318,0,0
0,0,0,0,-1.2485,14.273,2.4834,275.01,13.267,-178.88,-97.592,46.306,5.4527,0,0
0,0,0,0,38.498,170.38,-101.43,106.71,-55.856,-88.901,-212.41,27.496,-12.748,0,0
0,0,0,0,16.269,-145.37,36.085,-198.84,194.45,-87.298,177.32,-18.516,9.058,0,0
0,0,0,0,-3.0768,10.18,-39.95,-260.91,19.973,124.16,3.549,3.7566,-1.183,0,0
0,0,0,0,-4.3361,24.902,-138.18,-174.58,-174.5,53.854,8.0218,-19.972,16.047,0,0
0,0,0,0,0.20096,-7.5906,27.324,166.14,-50.164,-19.747,-4.5048,-12.721,-3.0535,0,0
0,0,0,0,-9.9154,20.759,-125.41,-27.66,-60.706,82.72,4.9151,5.2153,-4.8313,0,0
0,0,0,0,-6.6986,-9.0309,133.69,-53.469,-113.31,-123.42,-73.787,17.284,-15.599,0,0
0,0,0,0,2.9432,-1.5138,-14.408,-328.76,-55.776,242.92,29.96,13.181,-14.906,0,0
0,0,0,0,-2.8496,-5.2844,9.4898,-1.8206,-8.9462,-34.949,28.668,-24.403,3.6561,0,0
0,0,0,0,-0.37172,3.2569,4.3248,64.249,-164.84,-196.26,24.071,-21.557,11.922,0,0
0,0,0,0,-5.7748,1.3694,89.261,-69.317,-100.24,25.808,-20.85,15.621,-3.9453,0,0
0,0,0,0,3.9575,-4.3358,-28.229,-60.868,35.187,-141.84,-30.672,21.902,2.2811,0,0
0,0,0,0,2.1062,2.668,14.695,136.77,-11.725,-8.9264,-18.704,30.557,-1.866,0,0
0,0,0,0,12.894,9.6296,-197.46,-43.835,30.629,-122.89,18.831,-16.328,-3.8816,0,0
0,0,0,0,-2.2871,-11.031,-51.553,-85.7,-4.7096,0,0,0,0,0,0
0,0,0,0,1.9294,-11.921,22.352,-5.2085,-89.499,-122.89,18.831,-16.328,-3.8816,0,0
0,0,0,0,-3.5341,0.0091241,-135.89,63.478,75.561,-195.79,-61.846,-5.0482,-2.6349,0,0
0,0,0,0,-2.2096,12.478,33.967,242.8,-216.56,-122.06,28.765,-13.33,7.1405,0,0
0,0,0,0,5.0426,65.652,-168.67,-158.61,-112.38,26.341,-0.6101,-27.475,9.8256,0,0
0,0,0,0,-0.067632,-32.815,-27.902,117.31,-28.118,-47.386,21.784,-29.463,-0.64383,0,0
0,0,0,0,-7.8756,5.0333,-173.25,130.94,-12.885,-11.142,263.78,-13.191,-26.138,0,0
0,0,0,0,0.1411,-40.709,-69.834,38.021,-51.466,-122.06,28.765,-13.33,7.1405,0,0
0,0,0,0,0.80473,-3.785,-4.2594,61.267,-126.72,26.747,-18.526,17.513,-2.8415,0,0
0,0,0,0,0.23927,25.998,17.303,103.53,-173.45,135.76,-17.234,-12.703,17.587,0,0
0,0,0,0,2.0404,20.129,-44.747,-234.44,3.5487,0,0,0,0,0,0
0,0,0,0,2.0542,26.327,-11.16,-150.56,-112.29,88.918,-1.5353,15.505,0.62172,0,0
0,0,0,0,11.227,-25.941,7.439,17.996,109.69,0,0,0,0,0,0
0,0,0,0,-4.1307,9.274,42.867,156.2,-7.6547,-5.4216,-9.201,-9.7631,-0.59151,0,0
0,0,0,0,-4.0466,20.114,22.117,-138.11,65.947,144.61,8.4276,-1.2067,1.6965,0,0
0,0,0,0,-4.0706,-4.5323,-45.658,-101.14,30.058,14.502,-1.9982,-8.6121,11.958,0,0
0,0,0,0,-3.3239,-13.937,55.341,151.72,43.786,-258.11,29.945,-38.404,-15.91,0,0
0,0,0,0,-5.4067,-16.439,0.99727,-25.584,25.807,-130.33,-138.55,-15.411,3.0792,0,0
0,0,0,0,-2.311,21.794,1.6905,21.896,146.32,122.31,69.838,10.706,-20.235,0,0
0,0,0,0,4.1525,-43.013,203.38,-227.5,39.702,-9.3322,-0.7883,-14.43,10.801,0,0
0,0,0,0,-9.8855,20.461,-170.02,-234.24,184.77,-149.64,37.357,-33.841,-1.0401,0,0
0,0,0,0,-7.1872,30.344,-3.9182,-252.11,182.15,0,0,0,0,0,0
0,0,0,0,-29.066,145.48,23.76,90.645,118.27,68.294,-98.924,-5.9998,-51.178,0,0
0,0,0,0,2.5867,5.507,-118.06,-53.388,-68.842,15.218,4.1307,-9.8436,-1.1785,0,0
0,0,0,0,-1.4638,28.776,15.486,105.66,-147.43,-143.34,-28.232,10.804,2.0066,0,0
0,0,0,0,2.4157,17.385,-26.211,-218.26,37.713,147.87,-49.615,28.952,-11.086,0,0
0,0,0,0,-2.9064,-5.9605,-48.639,154.01,-74.736,-54.822,-11.469,-11.046,14.852,0,0
0,0,0,0,1.9964,-13.955,17.565,2.351,-34.035,40.246,-22.564,24.836,-9.2655,0,0
-9.8792,-13.552,-37.264,-81.762,-155.17,-242.6,-261.15,-395.34,-61.666,-5.1419,-239.59,-259.39,-215.32,0,0
0,0,0,0,-5.1531,1.024,50.366,97.864,-23.843,-28.975,-21.812,4.7799,-7.2264,0,0
0,0,0,0,2.5269,8.7402,222.93,-181.13,174.88,59.987,-15.457,18.432,-31.521,0,0
33.25,14.263,19.147,-35.166,-128.84,-68.835,-178.69,77.835,-58.445,-40.164,-240.7,51.512,74.839,0,0
0,0,0,0,-10.878,-4.1889,-12.83,-95.539,-6.3128,-103.42,14.965,-16.493,-0.64952,0,0
0,0,0,0,-7.1809,7.4297,-5.8239,-12.218,36.415,31.242,9.668,-17.079,3.5458,0,0
0,0,0,0,-1.7132,9.5969,-32.741,174.26,-150.86,0,0,0,0,0,0
0,0,0,0,21.097,-180.48,-264.43,-240.65,-19.131,199.71,106.99,35.007,-20.997,0,0
0,0,0,0,1.942,-4.3553,-11.742,-2.831,24.84,25.808,-20.85,15.621,-3.9453,0,0
0,0,0,0,-1.2321,-11.985,159.49,314.33,-246.65,-95.482,-1.9901,-8.0912,0.98654,0,0
0,0,0,0,-0.9839,-36.05,7.0849,-16.66,121.15,1.6687,19.206,-6.895,-4.5446,0,0
0,0,0,0,-8.242,-27.486,57.694,99.641,87.055,-1.7844,-0.62292,-7.5825,0.34599,0,0
0,0,0,0,1.026,9.1791,35.472,-123.89,-67.349,-50.28,17.958,-4.9175,-3.404,0,0
-1.75,-6.6208,-11.752,-2.4103,8.679,119.62,-113.09,163.12,-39.95,127.34,248.52,73.185,3.1785,0,0
0,0,0,0,-0.062178,10.931,-2.3467,-105.73,-171.32,-0.41627,-8.1097,9.9973,3.0045,0,0
0,0,0,0,-10.914,-19.741,6.4234,-7.892,35.095,-122.21,3.5051,27.185,-8.6504,0,0
0,0,0,0,1.6549,-9.9103,42.67,109.43,-175.53,-122.06,28.765,-13.33,7.1405,0,0
0,0,0,0,-4.596,43.533,19.116,-168.3,-169.86,-32.439,147.13,-9.5765,5.0021,0,0
0,0,0,0,3.3224,-12.365,-17.344,-39.917,48.557,-175.56,-37.946,-11.153,18.406,0,0
0,0,0,0,-15.693,-8.442,-37.801,-245.43,43.368,69.375,5.2611,-6.1184,1.067,0,0
0,0,0,0,3.0658,-5.7291,-17.061,-19.657,-14.011,151.48,-2.605,-1.0873,-15.721,0,0
0,0,0,0,13.48,19.162,-149.99,192.86,-143.68,-226.91,31.115,-12.176,1.0257,0,0
0,0,0,0,-11.988,-12.558,23.296,-21.802,-20.072,-122.89,18.831,-16.328,-3.8816,0,0
0,0,0,0,0.38365,-12.305,7.0531,140.44,-168.41,-22.959,-16.502,7.0311,0.75,0,0
0,0,0,0,2.3158,-7.0347,-7.6528,-11.101,17.363,25.808,-20.85,15.621,-3.9453,0,0
0,0,0,0,-11.849,-24.793,-37.643,-69.811,5.0834,0,0,0,0,0,0
0,0,0,0,11.86,-19.462,22.607,103.34,-161.88,-59.67,-0.024519,-3.0114,-4.2141,0,0
0,0,0,0,3.0054,-13.84,-28.68,111.54,-14.561,-74.192,-4.6944,-8.2272,4.7811,0,0
0,0,0,0,1.9617,1.2205,-189.74,-85.157,49.295,83.872,5.1292,-0.35825,-3.0813,0,0
0,0,0,0,-5.9656,3.9316,-28.062,-188.39,242.33,-140.16,15.831,10.372,24.359,0,0
0,0,0,0,-1.843,-10.615,-0.20105,-30.636,-13.77,-0.81819,-1.0188,-0.91298,-1.125,0,0
0,0,0,0,-1.5006,-39.728,152.13,-37.046,168.93,-11.561,-7.1621,-15.07,-16.889,0,0
0,0,0,0,-0.3774,11.151,-135.65,31.449,-51.278,-235.35,-107.27,18.15,-7.5254,0,0
0,0,0,0,-5.1797,9.0975,54.076,122.85,-12.945,-291.48,6.6857,-11.939,1.241,0,0
0,0,0,0,-3.5514,6.4043,34.014,-150.69,44.261,74.192,4.6944,8.2272,-4.7811,0,0
0,0,0,0,7.4857,-7.9839,-27.448,-50.27,18.488,38.993,-21.106,28.371,-0.0056897,0,0
0,0,0,0,-1.6669,-68.009,-94.427,24.572,62.658,143.31,28.652,-26.059,6.7778,0,0
0,0,0,0,-3.2231,14.991,-13.19,-221.81,-1.8436,-15.979,-1.3289,9.4683,-15.207,0,0
0,0,0,0,10.596,-44.479,208.86,109.72,-185.82,-6.1471,-5.9689,-6.3481,1.25,0,0
0,0,0,0,8.8493,-20.303,-59.638,-112.76,0.071003,124.71,54.577,-13.372,4.6462,0,0
0,0,0,0,24.823,-166.77,-236.49,52.272,-121.36,-48.384,-53.573,100.29,-17.86,0,0
0,0,0,0,3.7958,-8.2204,-13.223,-27.087,-48.432,-122.89,18.831,-16.328,-3.8816,0,0
0,0,0,0,2.3158,-7.0347,-7.6528,-11.101,17.363,25.808,-20.85,15.621,-3.9453,0,0
0,0,0,0,9.009,-18.213,-49.362,114.49,75.214,91.185,-12.008,17.916,-20.74,0,0
0,0,0,0,-0.2524,-41.323,-101.18,-150.77,-83.746,6.777,208.36,229.74,9.2174,0,0
0,0,0,0,3.6393,-10.7,-37.436,122.75,-2.7189,-122.08,19.85,-15.415,-2.7566,0,0
0,0,0,0,-12.731,-10.857,-17.799,-347.26,117.78,147.87,-49.615,28.952,-11.086,0,0
0,0,0,0,-3.8845,26.088,25.773,-71.476,8.0992,-22.959,-16.502,7.0311,0.75,0,0
0,0,0,0,-30.64,205.1,193.53,-94.552,221.23,-138.75,-7.4444,-18.619,20.19,0,0
0,0,0,0,-25.072,-208.69,239.31,-164.55,126.91,197.05,-54.243,235.69,38.367,0,0
0,0,0,0,-3.9839,-14.58,-44.073,-215.11,126.22,252.83,-13.668,3.7246,17.956,0,0
0,0,0,0,0.59206,-23.465,-3.1055,18.868,-52.858,-122.08,19.85,-15.415,-2.7566,0,0
0,0,0,0,0.99047,21.354,-40.735,-127,145.24,240.48,3.1351,-32.988,21.131,0,0
0,0,0,0,1.9468,35.5,42.448,210.81,-171.52,-11.051,6.1848,-7.3971,1.5,0,0
0,0,0,0,-7.4115,-66.625,-31.184,-75.557,-243.27,106.09,145.7,-23.532,1.0658,0,0
0,0,0,0,2.3158,-7.0347,-7.6528,-11.101,59.709,122.08,-19.85,15.415,2.7566,0,0
0,0,0,0,-7.1334,-52.003,-97.039,-220.21,118.16,142.63,83.27,-5.971,-11.234,0,0
0,0,0,0,-3.297,-4.5117,-26.23,61.742,72.169,-51.946,16.472,-19.768,-3.2901,0,0
0,0,0,0,5.0006,-36.177,-7.3945,-25.158,8.8354,-48.038,21.231,-17.377,-0.95304,0,0
0,0,0,0,-37.024,152.33,-12.791,27.111,-160.59,-68.323,-227.68,-3.0272,-9.8747,0,0
0,0,0,0,-5.555,-2.3289,16.624,-156.77,-12.966,25.808,-20.85,15.621,-3.9453,0,0
0,0,0,0,-3.3173,-6.3158,-47.244,67.961,14.789,59.207,3.4417,-15.392,-14.576,0,0
0,0,0,0,-1.8266,36.222,-104.62,-43.371,-166.65,133.91,13.7,9.9462,1.6663,0,0
0,0,0,0,4.4542,-2.8147,-82.499,-121.39,87.36,-37.292,15.96,-19.103,4.0502,0,0
0,0,0,0,5.9103,28.387,63.257,15.878,-87.703,-167.65,-61.746,-3.1292,7.7141,0,0
0,0,0,0,-3.5682,-14.596,-66.5,-63.776,167.03,100,-16.155,23.849,-8.7264,0,0
0,0,0,0,1.692,-0.88814,33.962,-139.05,-75.595,115.44,-15.83,17.128,4.3358,0,0
0,0,0,0,-3.9118,-7.3167,53.785,124.1,-149.68,-22.959,-16.502,7.0311,0.75,0,0
0,0,0,0,2.6543,14.666,0.93535,41.594,229.21,29.168,2.3954,18.516,-14.003,0,0
0,0,0,0,4.6935,-0.14759,108.35,44.58,-44.335,-282.48,4.52,-27.831,2.6977,0,0
0,0,0,0,1.8009,-7.2353,-80.766,47.496,-42.959,61.288,1.808,-1.7144,-0.10256,0,0
0,0,0,0,-7,16.953,35.518,-95.603,80.152,292.13,-9.7236,6.8693,6.6929,0,0
0,0,0,0,4.9889,8.1095,41.236,96.415,-107.02,0,0,0,0,0,0
0,0,0,0,10.676,-36.78,141.4,188.02,213.44,-103.25,-125.17,-59.855,-10.989,0,0
4.25,-6.9755,28.295,-127.34,44.646,-101.43,-51.966,53.759,-157.21,210.23,5.9372,24.752,3.2276,0,0
-3,-4.1651,2.134,9.9724,-42.154,-51.19,-108.59,73.511,11.761,-12.276,101.7,194.25,-31.289,0,0
0,0,0,0,10.316,-24.181,29.634,-191.73,-61.154,133.94,-19.484,-13.285,14.924,0,0
0,0,0,0,2.1716,11.169,-131.73,227.16,-167.95,-102.37,-77.729,5.7951,-6.2018,0,0
0,0,0,0,1.0233,-6.5389,6.4153,-31.055,4.9825,31.254,29.9,-29.635,1.8816,0,0
0,0,0,0,-7.8361,1.2476,18.483,-239.61,-80.661,25.808,-20.85,15.621,-3.9453,0,0
0,0,0,0,-9.8995,27.356,272.33,98.156,-21.84,-327.17,-57.145,0.81218,8.2075,0,0
0,0,0,0,-9.4396,-33.952,-79.097,46.574,108.68,190.36,-1.7147,-19.863,3.703,0,0
0,0,0,0,-5.8493,-38.864,-79.198,-309.73,-248.09,158.19,226.99,-28.359,22.698,0,0
0,0,0,0,0.95096,26.396,-149.86,-180.88,227.31,48.768,-4.3481,8.5903,-4.6953,0,0
0,0,0,0,-1.1866,37.56,112.08,65.527,67.965,-40.023,-137.98,44.704,-5.6842,0,0
0,0,0,0,10.703,-18.807,-45.805,119.56,19.567,27.227,5.6226,-3.5736,2.116,0,0
0,0,0,0,-11.421,-14.538,9.5083,-21.974,26.902,-0.81819,-1.0188,-0.91298,-1.125,0,0
0,0,0,0,2.1965,-26.469,173.71,-10.434,109.2,-11.171,-23.215,-17.873,37.273,0,0
0,0,0,0,-6.3607,7.1268,47.164,64.019,-33.707,-122.89,18.831,-16.328,-3.8816,0,0
0,0,0,0,-1.0386,-30.37,53.378,-163.49,-36.985,-112.79,12.04,14.158,-7.9731,0,0
0,0,0,0,13.329,-155.04,-87.222,180.94,214.83,103.71,22.324,-31.589,1.7479,0,0
0,0,0,0,-3.0727,-0.29423,46.948,62.596,-251.76,-21.291,2.7042,0.13606,-3.7946,0,0
0,0,0,0,0.48205,-13.882,-51.509,-93.479,20.064,141.22,-60.97,-12.331,-14.623,0,0
0,0,0,0,6.9375,12.778,-153.09,19.655,-45.738,21.172,31.048,-1.8066,-13.986,0,0
0,0,0,0,5.3897,7.2787,-28.329,159.69,-158.03,0,0,0,0,0,0
0,0,0,0,1.942,-4.3553,-11.742,-2.831,24.84,25.808,-20.85,15.621,-3.9453,0,0
0,0,0,0,14.109,-25.417,21.91,-36.771,-57.258,129.99,-17.652,9.8636,-13.634,0,0
0,0,0,0,-13.186,-6.1004,55.186,74.35,-12.343,-53.767,-2.4094,1.9486,0.57804,0,0
0,0,0,0,-2.5556,18.84,10.98,-156.03,124.65,0,0,0,0,0,0
0,0,0,0,1.9734,-4.2728,178.93,211.27,-262.85,-219.05,0.15049,23.966,-15.23,0,0
0,0,0,0,-5.9462,-27.054,5.4921,236.93,110.35,-76.257,-210.89,-36.56,-16.162,0,0
0,0,0,0,-7.4522,9.3002,13.843,-157.6,1.9133,25.808,-20.85,15.621,-3.9453,0,0
0,0,0,0,9.1878,4.9952,-24.81,166.59,-16.747,-292.16,10.144,-22.124,2.0915,0,0
0,0,0,0,13.518,-3.9091,47.818,203.94,5.1134,-99.935,35.333,-23.359,-4.6316,0,0
0,0,0,0,2.4988,-51.738,-57.978,-112.42,97.319,88.445,15.398,-11.687,7.1606,0,0
0,0,0,0,2.0526,11.972,-20.054,-27.277,-46.757,122.71,-3.3194,-11.857,8.0266,0,0
0,0,0,0,-15.516,32.779,30.868,-126.84,109.85,-252.18,-226.71,20.729,-22.485,0,0
0,0,0,0,-2.3565,-25.805,91.593,139.27,-235.01,-103.42,14.965,-16.493,-0.64952,0,0
0,0,0,0,1.8648,1.4815,46.142,112.88,-161.81,-99.935,35.333,-23.359,-4.6316,0,0
0,0,0,0,12.403,8.2963,3.9349,-1.4536,-57.582,-55.178,-3.6011,-13.219,8.5054,0,0
0,0,0,0,7.6979,-49.652,36.48,321.73,139.91,2.042,-264.01,28.553,-21.985,0,0
0,0,0,0,-11.177,-0.28218,182.05,144.04,-101.1,-243.68,-260.42,16.255,-0.7488,0,0
0,0,0,0,5.8224,10.816,-180.82,-98.691,2.186,-102.78,21.598,14.344,-13.179,0,0
0,0,0,0,6.2491,14.103,-87.094,255.23,-49.526,38.091,-0.4375,-1.5691,4.2476,0,0
0,0,0,0,0.17316,-9.5587,186.16,-48.71,-97.856,-80.172,0.88999,15.392,-10.072,0,0
0,0,0,0,2.389,-24.969,-26.965,151.9,-30.021,-8.0155,-20.191,14.659,-2.5703,0,0
0,0,0,0,1.293,-45.546,163.98,-125.13,-230.9,-55.146,3.6878,13.209,-2.2566,0,0
0,0,0,0,1.2341,-25.594,107,34.439,-165.97,-51.476,-1.5066,3.2745,2.6405,0,0
0,0,0,0,-4.651,-18.185,12.477,99.004,-12.926,8.4821,-4.2973,-12.551,10.897,0,0
0,0,0,0,5.9506,-23.421,66.698,-115.71,-84.829,-0.9387,-2.3236,-1.8917,-1.1038,0,0
0,0,0,0,1.2593,12.262,-8.0583,230.08,87.798,-197.11,-4.1151,-18.39,-27.4,0,0
0,0,0,0,6.6178,-36.232,42.12,85.42,-22.023,-115.93,20.015,-3.9824,-2.6561,0,0
0,0,0,0,-9.2369,-0.66659,-32.126,2.678,141.05,-153.82,11.64,13.718,-13.625,0,0
0,0,0,0,-3.0123,-0.81819,19.712,10.924,-250.26,0,0,0,0,0,0
0,0,0,0,0.70753,-6.5314,12.876,-156.52,-10.612,-21.291,2.7042,0.13606,-3.7946,0,0
0,0,0,0,4.0526,7.253,-3.9337,-41.474,-5.1483,0,0,0,0,0,0
0,0,0,0,-3.3137,-36.177,205.67,-175.46,149.54,-200.42,-85.165,10.095,13.88,0,0
0,0,0,0,2.2921,-7.1276,57.833,93.239,-21.68,-34.201,21.527,-16.713,3.2958,0,0
0,0,0,0,-4.8598,4.4155,214.45,147.31,-95.524,6.6646,21.283,-17.408,-10.446,0,0
0,0,0,0,-2.2099,-22.603,-2.7476,40.883,117.48,-113.22,-144.44,1.1878,-0.71891,0,0
8.2925,1.5858,8.4886,5.1878,-4.4027,103.61,-239.74,-23.939,144.33,-118.25,-79.22,16.531,-12.301,0,0
0,0,0,0,-4.4704,12.416,-105.9,91.338,244.27,143.31,28.652,-26.059,6.7778,0,0
0,0,0,0,6.7204,-0.70199,114.68,179.76,-31.889,-118.75,-91.867,9.5131,7.0981,0,0
0,0,0,0,-2.8137,3.7683,-15.288,102.41,144.38,-48.703,23.525,-8.1008,-8.6627,0,0
0,0,0,0,6.0473,6.7361,-31.176,259.71,193.73,-257.04,-238.69,20.299,7.6046,0,0
0,0,0,0,0.33373,0.26675,27.442,-153.7,-43.373,-21.291,2.7042,0.13606,-3.7946,0,0
0,0,0,0,6.7172,-22.633,-121.71,-130.2,62.196,9.0482,2.9973,-32.283,-24.3,0,0
0,0,0,0,7.9476,-55.531,82.363,5.3537,-105,-0.91058,1.5304,-21.992,15.533,0,0
-6.9118,13.352,-26.646,-18.487,114.47,61.175,-4.2247,74.481,-64.72,-157.44,-118.75,-169.03,17.469,0,0
0,0,0,0,2.3158,-7.0347,-7.6528,-11.101,17.363,25.808,-20.85,15.621,-3.9453,0,0
0,0,0,0,0.7637,-49.457,237.45,110.67,-114.16,-135.01,11.893,-2.602,-30.065,0,0
0,0,0,0,8.2312,-1.5535,15.076,222.49,-15.914,-51.946,16.472,-19.768,-3.2901,0,0
0,0,0,0,4.3607,-2.8974,2.2209,-44.784,159.94,0,0,0,0,0,0
0,0,0,0,-0.59567,22.065,-57.346,6.2838,25.261,225.31,-10.718,-13.666,14.929,0,0
0,0,0,0,-22.246,146.17,39.697,-26.27,12.535,-40.012,-5.5341,-30.887,-2.308,0,0
0,0,0,0,15.39,-159.56,-272.47,44.136,258.51,106.85,14.348,-13.448,-3.5691,0,0
0,0,0,0,-2.0143,7.0813,8.3252,246.81,-152.3,-306.29,-104.91,21.589,-8.1169,0,0
0,0,0,0,20.225,-151.71,-27.731,-95.258,24.111,220.22,265.55,113.07,-8.7296,0,0
0,0,0,0,-5.3224,9.9133,55.642,-212.07,-107.67,142.66,17.273,-2.9688,43.113,0,0
0,0,0,0,10.047,-16.187,-16.915,-9.081,-271.5,-25.723,161.72,-35.635,32.186,0,0
0,0,0,0,1.5784,-32.622,-125.81,-113.42,125.47,155.44,-9.3424,-8.1606,6.4273,0,0
0,0,0,0,-2.5753,-12.278,-163.88,40.785,154.8,114.16,104.39,-125.31,-12.901,0,0
0,0,0,0,7.5984,-11.6,-3.8567,0.2012,-7.4833,8.8526,8.4734,15.555,-9.7509,0,0
0,0,0,0,-8.3948,-13.91,74.832,-87.882,-7.3154,-162.64,-5.2835,16.24,-13.885,0,0
-3,-4.1651,2.134,9.9724,-67.147,-192.81,-55.96,93.341,90.64,61.838,-49.909,-109.61,-3.5335,0,0
-0.75,-11.085,-3.0998,32.076,-189.87,-41.547,-96.819,174.43,35.713,25.648,198.98,86.726,-10.995,0,0
0,0,0,0,-6.3558,37.033,-189.44,-239.32,100.82,59.823,75.877,-8.7635,-16.757,0,0
0,0,0,0,13.116,285.79,63.18,13.133,-24.594,-14.73,-150.37,32.886,-1.7937,0,0
0,0,0,0,67.049,-102.65,-87.524,-25.617,-61.418,279.36,67.671,-17.416,7.9384,0,0
0,0,0,0,-35.592,164.56,192.56,99.822,22.607,-138.9,-154.71,25.5,3.4874,0,0
0,0,0,0,11.886,-3.1196,19.712,194.89,-142.21,186.35,70.478,-27.004,9.4865,0,0
-5.25,7.9869,0.52628,-3.997,-26.501,-65.674,-14.7,141.22,6.2303,32.28,-19.997,-21.712,3.3571,0,0
0,0,0,0,25.622,-131.76,-309.15,10.094,-41.722,76.125,53.488,-24.699,23.761,0,0
0,0,0,0,0.42612,-8.6976,16.422,-80.928,-93.136,244.25,14.821,-0.31851,-0.84479,0,0
-2.6151,-1.0981,-2.2443,-0.88189,5.427,-24.533,-9.7807,-201.01,-101.12,130,-16.322,-33.25,28.436,0,0
0,0,0,0,-34.966,99.145,214.85,-45.226,57.895,-79.928,-233.94,-111.39,3.5927,0,0
0,0,0,0,9.9165,-26.535,-176.04,-125.66,-88.206,88.445,15.398,-11.687,7.1606,0,0
0,0,0,0,7.2679,-38.771,-71.979,-38.708,-45.089,127.85,89.327,18.728,-34.369,0,0
0,0,0,0,2.7793,1.1103,27.399,69.545,-142.05,70.948,-2.3595,-3.4396,0.59151,0,0
0,0,0,0,2.1369,12.866,-154.55,-217.58,-135.92,115.46,116.2,-31.449,-4.8077,0,0
0,0,0,0,3.5583,-27.785,72.957,189.95,95.598,-195.79,-61.846,-5.0482,-2.6349,0,0
0,0,0,0,-4.5054,-15.784,-67.825,-216.38,-49.264,106.85,14.348,-13.448,-3.5691,0,0
0,0,0,0,24.609,-114.45,-144.46,29.266,-205.07,207.44,59.92,-24.471,9.8534,0,0
0,0,0,0,-43.922,-116.11,-153.3,78.637,153.34,80.611,72.213,111.68,-27.197,0,0
0,0,0,0,-10.79,4.832,2.9522,-0.73053,58.168,115.44,-15.83,17.128,4.3358,0,0
0,0,0,0,-4.8391,18.73,9.1981,-90.071,-8.4805,22.321,-41.218,22.487,0.036779,0,0
0,0,0,0,22.531,-163.37,-275.53,155.48,-127.28,17.41,14.63,-11.293,-15.306,0,0
0,0,0,0,-33.007,-71.551,-147.93,157.86,-14.109,-165.08,56.812,154.26,-15.212,0,0
0,0,0,0,-2.7431,-1.4474,183.86,-5.4268,-177.41,-115.93,20.015,-3.9824,-2.6561,0,0
0,0,0,0,-42.765,-74.565,8.1103,16.979,-115.37,11.733,135.74,-21.623,13.016,0,0
0,0,0,0,-2.9635,-30.97,-225.77,-125.26,-132.5,15.996,-21.942,-37.879,-2.5413,0,0
0,0,0,0,25.764,-161.01,60.028,-63.738,-216.03,-62.057,165.53,179.04,4.0233,0,0
0,0,0,0,-27.318,185.68,-191.31,-31.801,-109.47,-188.48,-84.437,18.575,-24.094,0,0
0,0,0,0,4.5155,-15.721,-29.062,56.462,37.011,128.78,189.78,77.837,-11.875,0,0
0,0,0,0,25.932,238.19,242.12,-112.16,168.39,-180.23,-143.21,-0.8367,-2.6675,0,0
0,0,0,0,24.831,-222.49,64.588,184.85,71.438,251.98,52.105,-7.1561,-5.1083,0,0
0,0,0,0,8.582,10.445,7.7533,9.8097,-45.694,-33.371,31.461,-13.715,14.318,0,0
0,0,0,0,-14.555,151.15,66.671,137.42,-153.77,-1.8774,-6.7629,-31.517,10.362,0,0
0,0,0,0,25.963,-112.82,-7.757,-117.78,162.92,117.87,78.223,-42.11,18.457,0,0
0,0,0,0,-26.726,-211.33,-138.93,-253.8,-15.153,113.85,164.54,-13.675,15.442,0,0
0,0,0,0,-0.30561,8.5335,26.469,-42.551,3.7362,-7.73,-17.142,-4.0663,-0.3762,0,0
0,0,0,0,-9.2859,28.459,-83.796,-135.73,21.228,100,-16.155,23.849,-8.7264,0,0
0,0,0,0,3.131,-22.225,-117.04,-119.64,138.27,97.285,6.1169,21.949,-5.2345,0,0
0,0,0,0,-3.3792,46.836,-163.52,-27.559,-48.339,52.43,12.146,-0.9802,34.733,0,0
0,0,0,0,3.7865,1.0967,-145.75,53.286,38.094,129.71,0.78261,-11.045,5.0045,0,0
0,0,0,0,2.6471,-2.6414,-194.66,-53.061,109.83,274.99,98.665,-8.8983,-20.123,0,0
0,0,0,0,-17.717,-205.61,-200.72,-95.55,93.924,-72.606,66.818,-29.179,12.558,0,0
0,0,0,0,-0.31042,-2.1543,-5.4278,-162.69,121.4,143.31,28.652,-26.059,6.7778,0,0
0,0,0,0,-0.14864,39.456,-364.75,-99.709,3.8496,15.218,4.1307,-9.8436,-1.1785,0,0
0,0,0,0,27.8,-181.25,-70.98,-27.92,133.11,-263.06,-30.011,-10.714,-5.5969,0,0
0,0,0,0,0.39207,-10.39,168.09,36.809,100.47,-266.88,-71.358,26.461,2.808,0,0
0,0,0,0,-0.42524,-18.409,-224.88,-159.2,6.2838,72.744,145.27,-34.437,-25.909,0,0
0,0,0,0,-3.5604,-14.243,-71.1,124.31,121.04,124.76,208.27,-13.042,8.4049,0,0
0,0,0,0,14.079,-196.35,-47.056,284.38,-213.75,58.243,140.27,30.655,-8.6516,0,0
0,0,0,0,-6.3301,54.509,73.709,1.7772,14.253,-19.882,-237.19,-18.01,24.059,0,0
0,0,0,0,5.2793,5.4103,38.87,154.71,-39.797,86.162,1.7474,15.147,2.712,0,0
0,0,0,0,-5.1797,9.0975,54.076,122.85,-75.993,-129.16,-30.851,0.075962,0.61723,0,0
0,0,0,0,1.4656,6.1615,31.364,97.586,-14.972,-73.24,1.4567,2.1136,-2.654,0,0
0,0,0,0,-0.063702,22.876,-177.42,-181.13,120.27,252.36,80.224,-15.321,2.192,0,0
0,0,0,0,-8.0174,-25.845,9.2115,24.343,-48.884,-162.27,15.959,-18.592,-3.7386,0,0
0,0,0,0,2.3158,-7.0347,-7.6528,-11.101,38.354,52.901,7.3986,8.3633,-8.5756,0,0
0,0,0,0,5.0413,-5.6083,5.151,-10.916,35.738,34.717,8.7189,18.519,-7.3358,0,0
0,0,0,0,-1.6421,-11.387,12.692,32.024,-51.593,-54.783,-0.96234,-10.842,-3.2811,0,0
0,0,0,0,1.7063,-10.048,-39.209,-85.942,39.897,270.09,-6.4497,30.558,-13.574,0,0
0,0,0,0,0.060975,-30.891,-17.251,-9.7814,-59.835,-98.314,-4.5592,1.151,10.35,0,0
0,0,0,0,0.32235,-8.4007,-24.978,-52.136,80.604,-73.539,9.2159,-22.865,12.777,0,0
0,0,0,0,2.3158,-7.0347,-7.6528,-11.101,6.7867,-22.959,-16.502,7.0311,0.75,0,0
0,0,0,0,4.5338,-4.0332,177.29,-4.4601,-146.96,-0.81819,-1.0188,-0.91298,-1.125,0,0
0,0,0,0,-9.3571,19.204,-112,-75.867,84.375,238.35,-35.76,23.414,-3.9632,0,0
0,0,0,0,0.52725,24.963,-29.94,-153.3,19.281,0,0,0,0,0,0
0,0,0,0,3.3224,-12.365,-17.344,-39.917,-4.5599,168.89,8.0176,7.9551,-10.324,0,0
0,0,0,0,-5.5598,40.825,-123.68,35.239,-15.479,224.21,16.579,2.57,-3.2733,0,0
0,0,0,0,10.966,-13.123,-58.759,-61.233,49.39,74.192,4.6944,8.2272,-4.7811,0,0
0,0,0,0,-2.6247,34.003,-180.51,-45.585,78.388,-73.82,10.199,-10.056,16.295,0,0
0,0,0,0,-9.3684,18.09,33.214,-22.32,-18.739,128.88,23.616,21.594,3.2153,0,0
0,0,0,0,0.37532,16.51,-36.986,-111.38,131.22,0,0,0,0,0,0
0,0,0,0,4.1866,39.701,31.523,-123.03,130.4,6.0114,6.6896,9.4593,-18.902,-26.747,17.75
0,0,0,0,-6.7207,34.246,1.631,-181.33,-3.0938,39.835,-25.582,13.633,7.7264,0,0
0,0,0,0,-0.9109,-2.2847,32.658,97.869,5.1774,106.28,36.333,-1.3206,-13.858,0,0
7,0.57356,-4.7776,-5.1341,222.17,-18.788,-62.213,14.2,66.357,77.943,-25.112,-89.443,-10.855,0,0
0,0,0,0,9.5383,31.838,-256.75,-107.45,-117.8,71.901,3.7916,6.9013,-6.8436,0,0
0,0,0,0,-4.0798,36.444,26.478,57.089,-267.25,-22.512,4.1325,6.8609,-6.2231,0,0
0,0,0,0,-2.8496,-5.2844,9.4898,-1.8206,-29.034,-48.703,23.525,-8.1008,-8.6627,0,0
0,0,0,0,-2.8496,-5.2844,9.4898,-1.8206,7.7805,100.77,-26.061,13.466,-10.935,0,0
0,0,0,0,-1.0107,13.03,-26.895,-265.94,49.566,84.784,-3.8897,-3.6884,6.8068,0,0
0,0,0,0,2.2386,-18.182,-20.791,-305.39,180.07,240.48,3.1351,-32.988,21.131,0,0
0,0,0,0,0.1367,52.859,253.33,247.84,2.1461,-204.42,1.8221,17.763,-5.5825,0,0
0,0,0,0,-12.689,0.4533,217.24,111.58,-109.46,-162.64,-5.2835,16.24,-13.885,0,0
8.2925,1.5858,8.4886,5.1878,30.476,-80.463,-100.83,305.87,28.412,-236.21,-4.3626,-195,-125.42,0,0
0,0,0,0,-9.9247,-18.776,19.395,-82.082,-119.16,-50.26,33.366,176.32,-166.4,0,0
0,0,0,0,3.5592,-3.0084,-59.201,-80.048,282.47,54.232,-26.148,-21.555,18.698,0,0
0,0,0,0,-4.3954,-4.003,-50.588,-8.2721,407.82,236.91,61.501,-7.764,18.274,0,0
0,0,0,0,2.9297,0.79103,-9.8657,-89.824,17.629,270.98,70.767,14.374,-23.254,0,0
0,0,0,0,-1.7631,10.931,-44.849,-246.88,264.28,147.87,-49.615,28.952,-11.086,0,0
0,0,0,0,4.2829,44.391,-135.96,57.851,50.765,48.768,-4.3481,8.5903,-4.6953,0,0
0,0,0,0,1.1728,-36.802,-78.276,6.9899,-9.1575,89.095,17.347,23.557,-24.396,0,0
0,0,0,0,-44.163,-92.894,-56.806,-113.52,-163.26,155.21,153.1,-5.4788,12.915,0,0
0,0,0,0,5.1058,-4.4348,-9.152,147.97,-226.51,113.85,164.54,-13.675,15.442,0,0
0,0,0,0,-3.6333,51.342,-202.88,-78.146,73.943,228.93,76.066,-14.37,1.674,0,0
0,0,0,0,-2.567,-2.0473,-19.218,-4.6203,143.35,16.027,-239.41,-7.7498,-37.182,0,0
0,0,0,0,-9.7679,48.875,115.15,253.27,-270.46,-39.58,-7.6119,-2.3113,-6.0613,0,0
0,0,0,0,-1.6525,22.727,-8.6242,281.84,-12.457,-235.31,-6.6423,10.91,-6.8726,0,0
0,0,0,0,-3.7196,-38.501,-25.124,-296.6,-182.25,61.288,1.808,-1.7144,-0.10256,0,0
0,0,0,0,4.7982,10.121,71.802,137.56,-116.31,-0.82957,-9.9339,-2.9979,-11.022,0,0
0,0,0,0,-5.2661,40.152,-40.982,-203.75,90.408,-77.474,-22.358,9.1692,-5.6884,0,0
0,0,0,0,5.0081,-0.36066,35.639,97.85,-45.709,-122.08,19.85,-15.415,-2.7566,0,0
0,0,0,0,3.0054,-13.84,-28.68,111.54,-23.739,-96.268,-1,0.20633,-6.7018,0,0
0,0,0,0,-16.643,19.484,-2.7416,26.164,13.75,0,0,0,0,0,0
0,0,0,0,0.33373,0.26675,27.442,-153.7,4.0616,88.694,2.6962,-0.38485,7.1773,0,0
0,0,0,0,-8.8116,0.022114,19.579,-237.78,-28.326,13.627,15.713,-21.461,10.051,0,0
0,0,0,0,2.6402,-20.131,9.9335,-75.899,-89.475,-3.8926,4.8971,2.7345,10.571,0,0
0,0,0,0,-2.8496,-5.2844,9.4898,-1.8206,13.914,87.875,1.6773,-1.2978,6.0523,0,0
0,0,0,0,1.7377,-28.631,101.1,201.65,-177.94,-255,18.899,-17.203,4.9821,0,0
0,0,0,0,-0.74135,-4.8971,-14.065,162.12,-150.45,-118.98,-3.5427,18.747,-7.77,0,0
0,0,0,0,1.9593,-33.326,17.479,111.19,15.81,-173.49,-13.319,-15.553,38.247,0,0
0,0,0,0,-3.468,-25.519,-6.778,24.15,-36.081,-170.08,6.6309,-23.43,10.172,0,0
0,0,0,0,6.8263,-13.288,102.54,172.82,-138.8,-6.1471,-5.9689,-6.3481,1.25,0,0
0,0,0,0,6.6647,-59.572,274.48,-33.002,85.758,-327.18,-66.06,-1.2728,-1.6896,0,0
0,0,0,0,10.356,-76.655,215.79,-124.97,-47.409,-199.37,-76.89,9.3857,-0.89054,0,0
0,0,0,0,-0.86154,-1.0389,-32.608,267.01,65.477,-292.15,19.059,-20.039,11.989,0,0
0,0,0,0,3.0055,70.415,-241.15,30.048,-208.35,204.74,20.445,2.735,-6.5054,0,0
0,0,0,0,-34.727,225.94,101.09,-74.059,0.83356,-122.88,-75.145,2.1292,1.9264,0,0
0,0,0,0,-2.5906,-30.61,140.21,-29.166,147.74,-199.19,-54.17,-2.7224,5.0867,0,0
0,0,0,0,10.714,21.083,-34.2,99.552,-229.14,15.864,18.901,-11.24,3.8056,0,0
0,0,0,0,-12.204,1.0298,173.71,215.8,-63.008,42.215,-26.211,-34.995,8.5466,0,0
0,0,0,0,2.6369,-20.9,205.47,-143.48,-97.019,13.353,7.5442,-7.9707,8.2811,0,0
-7.5,-8.0425,-8.1747,-29.082,-11.471,-5.5889,154.62,6.1362,-216.21,-22.959,-16.502,7.0311,0.75,0,0
0,0,0,0,-10.687,16.152,31.586,127.39,-66.253,-59.67,-0.024519,-3.0114,-4.2141,0,0
0,0,0,0,5.4384,-14.919,-17.99,-12.972,-2.5097,176.3,68.682,6.6337,-9.8926,0,0
0,0,0,0,-9.0736,12.883,19.908,-230.21,9.9515,-43.659,-101.99,8.0431,13.377,0,0
0,0,0,0,1.6052,-80.524,88.969,-92.799,42.49,88.035,-16.718,15.799,-2.9441,0,0
0,0,0,0,10.394,-12.08,-34.115,-45.225,-4.9123,30.555,1.9247,34.634,-33.998,0,0
0,0,0,0,-0.5149,15.887,-194.7,-133.21,298.74,-101.03,120.14,12.081,-10.014,0,0
0,0,0,0,-47.527,-34.113,-219.19,-111.58,182.67,128.69,194.18,-8.8878,17.898,0,0
0,0,0,0,-18.834,131.73,-229.55,-201.01,211,89.977,-14.231,1.695,15.834,0,0
0,0,0,0,-0.12019,1.5313,154.47,-141.36,67.67,-68.164,17.392,20.943,-17.052,0,0
6.5703,-2.6155,-34.876,181.47,150.32,100.97,-49.519,-101.77,-5.3171,99.324,-120.15,-37.791,-232.76,13.497,6.3571
0,0,0,0,-9.9623,30.619,0.38911,189.7,74.74,23.351,-34.597,29.12,-22.82,0,0
0,0,0,0,8.7488,-23.526,-76.75,-128.9,35.322,25.808,-20.85,15.621,-3.9453,0,0
0,0,0,0,10.064,-136.95,-22.232,-253.25,199.32,61.502,-62.805,14.471,2.4306,0,0
-1.1102e-015,0,2.8866e-015,-7.9936e-015,0.72636,-5.5693,37.263,243.13,-204.04,-22.512,4.1325,6.8609,-6.2231,0,0
0,0,0,0,7.0903,6.2666,-174.33,-129.66,34.843,-153.85,-25.66,14.349,-2.8738,0,0
0,0,0,0,9.3696,15.26,-222.65,-136.9,75.819,147.87,-49.615,28.952,-11.086,0,0
0,0,0,0,6.8526,-5.5032,22.708,-270.84,-55.343,79.23,5.8214,-9.4521,4.3457,0,0
0,0,0,0,-0.083734,-4.4223,-3.3158,-4.531,-153.49,233.86,20.646,-20.203,-11.533,0,0
0,0,0,0,-8.2943,-62.733,-481.62,-463.15,-146.71,13.627,15.713,-21.461,10.051,0,0
0,0,0,0,-0.58438,-0.0079449,-179.98,-252.92,108.53,159.25,11.357,-18.819,5.6785,0,0
0,0,0,0,0.70753,-6.5314,12.876,-156.52,37.686,131.74,-48.061,37.969,-1.6397,0,0
0,0,0,0,-0.54728,-38.645,153.73,-53.634,-95.745,-195.79,-61.846,-5.0482,-2.6349,0,0
0,0,0,0,-1.3068,35.173,-203.63,-155.9,279.7,215.03,-101.96,16.62,-14.089,0,0
0,0,0,0,-0.53798,32.279,98.918,-10.937,-19.312,-1.7694,21.92,0.74343,-1.8762,0,0
0,0,0,0,-7.4256,-28.78,210.22,68.478,-249.22,-135.27,0.44295,33.796,-15.87,0,0
0,0,0,0,45.053,82.671,224.86,206.76,50.855,-17.742,-36.175,-106.5,42.492,0,0
0,0,0,0,-9.7174,50.644,223.13,34.297,33.151,-267.79,-80.041,-5.6373,1.4587,0,0
0,0,0,0,2.3182,-28.341,-284.77,-25.657,-94.781,73.38,231.24,23.138,40.557,0,0
0,0,0,0,-41.264,-144.8,-286.19,35.917,22.208,194.06,87.665,-17.497,5.6773,0,0
0,0,0,0,3.7303,45.294,223.38,67.005,-144.5,-188.48,-84.437,18.575,-24.094,0,0
0,0,0,0,-2.4802,38.116,-18.044,67.525,71.396,152.93,-25.663,2.0763,4.6426,0,0
0,0,0,0,-2.8792,18.088,-44.942,37.231,72.074,196.28,-5.3308,-20.345,11.118,0,0
0,0,0,0,-5.9884,-23.1,-9.2074,182.11,116.18,231.7,6.558,-11.161,6.5446,0,0
0,0,0,0,-2.122,-8.0921,-29.66,-122.7,-23.168,154.25,-10.895,-12.263,10.654,0,0
0,0,0,0,2.9728,-38.409,149.63,92.794,4.7141,-0.82957,-9.9339,-2.9979,-11.022,0,0
0,0,0,0,-0.8899,65.316,-183.32,-200.7,400.46,112.64,-34.667,18.29,17.039,0,0
0,0,0,0,-15.859,54.35,34.558,-135.49,44.64,100,-16.155,23.849,-8.7264,0,0
0,0,0,0,2.8986,4.052,27.614,88.728,-0.34423,-33.85,-1.8971,6.8415,6.5311,0,0
0,0,0,0,10.6,8.7876,-70.021,-142.83,7.3003,45.281,-24.716,15.456,-0.71322,0,0
0,0,0,0,0.44976,3.4817,-0.074437,15.373,-27.702,154.28,1.4408,-28.777,2.6417,0,0
0,0,0,0,-0.35705,15.111,-26.475,-20.673,128.25,0,0,0,0,0,0
0,0,0,0,-9.1229,-15.359,-63.96,-123.96,42.986,-114.67,-35.655,0.22909,13.208,0,0
0,0,0,0,4.5245,-14.101,-38.6,-30.719,-260.04,-79.728,5.7824,25.267,-15.178,0,0
0,0,0,0,18.051,-158.08,-297.28,-30.678,-107.99,142.01,8.0278,-12.319,2.23,0,0
0,0,0,0,19.019,-145.82,-180.88,-215.47,-185.18,-68.913,-37.498,-27.528,-1.3795,0,0
-0.75,-11.085,-3.0998,32.076,-225.4,-80.786,-146.03,36.595,-147.97,89.971,56.416,-103.59,-8.2652,0,0
0,0,0,0,12.117,19.687,-161.56,124.21,-4.4932,164.42,14.876,-15.728,3.8215,0,0
-0.75,-2.1896,5.3905,23.448,-114.34,-32.383,-98.732,195.25,-179.78,15.031,84.632,-1.9889,-14.808,0,0
0,0,0,0,24.247,-141.41,-5.6471,-51.284,-136.31,61.197,92.64,82.453,5.8125,0,0
0,0,0,0,0.63037,-45.552,-96.259,129.05,-248.14,83.961,172.83,109.32,0.5903,0,0
0,0,0,0,-9.6549,-29.66,-98.435,-135.07,64.649,143.94,80.702,8.2037,20.604,0,0
0,0,0,0,1.9558,-14.611,-267.89,-131.38,175.31,235.61,-17.462,-38.115,-5.0903,0,0
-4.25,-1.1274,-0.68958,-35.97,156.33,127.34,160.05,-151.86,-66.878,-82.29,14.675,-35.903,-15.32,0,0
-2.5,7.5394,-10.577,32.731,205.86,138.49,180.66,43.571,38.038,94.42,-106.6,22.812,-19.002,0,0
0,0,0,0,-3.2566,-1.2959,-252.33,127.74,-105.37,177.37,62.176,-15.784,21.676,0,0
0,0,0,0,-2.7207,-5.6733,-232.47,160.31,-91.053,55.167,-1.0894,4.7132,-7.7655,0,0
0,0,0,0,14.01,-34.215,-202.26,-110.36,219.61,-17.814,3.509,-1.8795,-0.095994,0,0
0,0,0,0,1.3134,-8.3968,10.855,40.802,-24.662,97.695,-20.886,14.074,-2.25,0,0
0,0,0,0,27.125,-156.33,10.862,18.279,100.16,-8.8208,16.515,50.569,-35.499,0,0
0,0,0,0,-22.309,93.704,210.52,-92.332,-40.498,-138.9,-154.71,25.5,3.4874,0,0
0,0,0,0,10.56,-39.015,-27.884,222.1,-227.23,-210.57,-4.1468,11.415,-4.3325,0,0
0,0,0,0,-29.705,-92.73,0.38277,-39.886,-53.855,85.306,23.374,-29.827,12.478,0,0
0,0,0,0,1.2871,14.181,-4.1084,-189.63,190.33,112.73,-29.553,-1.1002,3.6606,0,0
0,0,0,0,30.959,-157.72,-34.481,-26.505,4.1168,-17.814,3.509,-1.8795,-0.095994,0,0
0,0,0,0,-16.93,174.27,-127.6,-160.17,-35.015,-12.319,-232.24,-39.358,13.203,0,0
0,0,0,0,-0.94319,-4.3062,28.199,5.5792,-45.537,-28.525,-13.403,40.915,-27.637,0,0
0,0,0,0,4.3741,27.289,-208.45,20.069,82.216,34.426,47.716,-40.549,-3.0087,0,0
0,0,0,0,-5.445,18.682,45.026,97.183,58.981,-70.642,0.35858,7.9175,10.091,0,0
0,0,0,0,-2.015,50.157,-66.777,-196.83,-12.746,32.167,92.166,31.077,-16.512,0,0
0,0,0,0,23.133,-149.18,-19.488,122.82,-95.573,-32.52,162.31,66.157,23.566,0,0
6.5,9.4168,-15.843,6.4462,-76.654,57.641,174.8,204.13,-15.918,55.525,70.267,144.56,-0.69199,0,0
0.29904,-17.725,-25.284,135.27,6.6624,250.85,36.177,-131.23,-67.284,-156.73,-128.4,-155.59,-3.8571,0,0
0,0,0,0,-4.9815,5.7911,218,-197.95,150.26,-72.683,-249.74,-96.043,-36.112,0,0
-3,-4.1651,2.134,9.9724,-67,151.42,-86.517,95.903,27.24,102.75,190.26,-97.828,-109.45,0,0
0,0,0,0,2.038,7.1976,-3.5601,118.86,-20.091,-59.496,-134.12,44.87,-8.9163,0,0
0,0,0,0,2.9118,-12.555,-10.866,171.22,7.7808,-38.275,-10.788,-8.9282,3.5981,0,0
0,0,0,0,-23.774,126.42,1.9924,-283.45,-46.928,110.15,-159.09,-77.867,23.379,0,0
0,0,0,0,5.0072,8.4787,-69.947,93.832,76.921,1.6823,-240.18,-10.092,3.7835,0,0
2,-5.8104,-13.319,-239.06,-68.881,-92.69,-111.91,186.91,40.741,-122.08,37.265,27.026,96.178,0,0
-5.25,-9.8349,-1.3708,-80.624,26.999,-44.086,93.185,99.214,99.829,-2.9725,-6.1288,47.706,54.487,0,0
0,0,0,0,-4.6328,18.578,-45.551,-39.99,-148.31,52.806,92.677,-0.31394,19.266,0,0
0,0,0,0,63.992,-47.363,-262.96,98.862,69.301,51.161,157.62,-11.39,-15.647,0,0
-1.75,-6.6208,-11.752,-2.4103,30.217,-0.57115,-8.5286,78.967,-224.8,40.11,4.1414,0.17612,-15.708,0,0
0,0,0,0,0.60585,12.439,-142.97,-121.08,-91.03,100.43,-13.369,-45.341,-6.1459,0,0
-0.75,-11.085,-3.0998,32.076,-219.09,-116.36,-122.63,-221.62,37.207,23.467,233.31,-25.519,19.894,0,0
2.5,-1.1519,-12.031,1.6471,-43.538,-50.059,95.537,-11.642,-34.628,-69.271,-44.015,120.57,1.8819,0,0
0,0,0,0,0.87708,-18.181,-27.722,78.91,-21.421,158.08,23.116,0.34327,-9.6716,0,0
2.5,19.964,24.071,-135.48,1.7189,14.02,-7.6292,-0.44439,-4.0272,22.306,106.49,104.2,10.527,0,0
-4.25,-1.1274,-0.68958,-35.97,190.22,-107.46,-121.04,23.832,-34.677,-79.612,130.56,107.26,24.651,0,0
-8.5,-8.2338,16.209,-32.588,-209.18,-194.37,-125.79,-36.126,-1.8316,-176.33,247.68,-22.259,2.5066,0,0
0,0,0,0,15.383,-157.21,-174.25,279.68,-121.77,30.312,100.06,98.069,-42.117,0,0
12.25,6.6309,-21.91,29.053,-118.76,-149.26,159.23,146.69,21.989,-169.64,125.33,23.224,-45.769,0,0
0,0,0,0,53.904,-68.138,-29.831,113.92,-79.501,-303.57,-89.788,-35.776,-4.0981,0,0
0,0,0,0,-25.51,-232.3,-211.75,191.64,53.471,149.36,294.47,93.877,32.687,0,0
0,0,0,0,2.7655,-9.4779,-47.048,-86.529,45.571,144.51,-24.984,-9.9078,7.2452,0,0
0,0,0,0,2.9611,4.1387,-6.5573,-177.7,-7.8479,-53.767,-2.4094,1.9486,0.57804,0,0
0,0,0,0,-2.4399,-2.008,6.0049,-286.91,106.94,244.25,14.821,-0.31851,-0.84479,0,0
0,0,0,0,0.33373,0.26675,27.442,-153.7,2.7877,114.61,-25.764,14.13,-6.6863,0,0
-2.5,-6.9348,1.5753,21.906,-147.11,-3.7856,9.0152,19.423,-185.18,-21.291,2.7042,0.13606,-3.7946,0,0
0,0,0,0,-22.219,1.0578,1.2437,-18.23,24.532,-4.7958,18.521,0.4617,-16.165,0,0
0,0,0,0,9.0715,22.266,-113.99,-157.68,34.906,196.28,-5.3308,-20.345,11.118,0,0
0,0,0,0,2.3158,-7.0347,-7.6528,-11.101,8.9739,-51.946,16.472,-19.768,-3.2901,0,0
0,0,0,0,0.32115,-10.814,54.803,114.06,-17.959,-17.723,173.11,84.845,-4.683,0,0
0,0,0,0,2.5706,12.675,4.1745,-116.08,12.587,100.79,-17.146,15.551,-1.038,0,0
0,0,0,0,-2.1716,20.62,-1.4935,-82.384,225.24,147.87,-49.615,28.952,-11.086,0,0
0,0,0,0,11.131,1.1632,-41.129,152.23,-18.041,-100.94,13.832,-25.74,7.6226,0,0
0,0,0,0,5.8962,-6.5185,17.467,203.96,-176.38,0,0,0,0,0,0
0,0,0,0,0.58221,-6.3271,0.070917,103.37,-57.107,-149.64,37.357,-33.841,-1.0401,0,0
0,0,0,0,-15.183,27.573,72.088,-66.417,4.5389,-0.9387,-2.3236,-1.8917,-1.1038,0,0
0,0,0,0,3.8263,5.8861,12.379,0.89952,-37.6,146.42,-8.1101,-36.891,29.986,0,0
0,0,0,0,2.881,13.846,-15.002,-197.72,-89.448,44.744,-1.66,-29.236,-0.90401,0,0
0,0,0,0,8.4204,-31.463,-264.39,-345.22,99.964,243.38,-133.33,-5.2688,10.514,0,0
0,0,0,0,0.73381,-31.381,-23.777,87.721,-154.94,-66.642,0.078131,42.483,-26.8,0,0
0,0,0,0,11.976,-136.46,-55.937,87.56,102.08,158.47,71.604,5.6046,7.2823,0,0
0,0,0,0,9.3607,-6.5687,51.207,215.95,23.362,37.956,73.672,-24.935,0.33285,0,0
0,0,0,0,2.043,-59.132,-55.599,-4.05,-9.2404,122.31,69.838,10.706,-20.235,0,0
0,0,0,0,-0.44768,18.343,-192.29,109.69,241.44,215.46,21.696,-18.442,-0.80353,0,0
0,0,0,0,3.786,50.449,-303.1,-83.585,-11.956,-10.192,-6.116,-4.2619,5.7733,0,0
0,0,0,0,-0.99463,18.951,-163.92,20.806,24.267,152.94,-16.748,4.1612,14.54,0,0
0,0,0,0,13.879,3.9171,-53.156,45.187,216.37,0,0,0,0,0,0
0,0,0,0,3.4492,38.26,-180.87,-117.3,-122.06,88.445,15.398,-11.687,7.1606,0,0
0,0,0,0,-2.1699,-16.961,-14.603,264.76,-138.78,-286.82,-108.77,21.424,-4.8849,0,0
0,0,0,0,61.109,-90.387,-30.539,41.621,-117.5,138,8.852,26.359,-1.8795,0,0
0,0,0,0,0.081094,34.106,8.5363,255.59,-11.073,-156.87,-0.89952,20.57,-15.617,0,0
0,0,0,0,9.3792,-41.462,166.82,139.49,-149.23,30.463,3.1995,14.684,-8.5891,0,0
0,0,0,0,-7.227,-31.865,105.12,-120.8,146.64,163.1,-2.102,2.3422,6.9617,0,0
0,0,0,0,-9.9656,7.6212,-0.48398,-83.468,-9.8929,75.619,17.147,4.4288,-7.5903,0,0
0,0,0,0,24.388,-142.34,-2.7833,134.54,-38.429,-131.65,128.55,-20.21,7.3571,-7.7716e-015,9.1038e-015
0,0,0,0,-6.3729,26.599,-90.74,-179.25,-56.04,77.55,-3.9118,-4.6181,-7.0446,0,0
0,0,0,0,57.58,-71.807,79.437,-82.593,16.206,-171.56,106.85,1.1955,-13.988,0,0
0,0,0,0,28.638,-131.24,-198.48,-119.07,83.636,93.922,258.66,68.205,-3.4351,0,0
0,0,0,0,8.6696,-19.985,-81.141,-72.812,69.963,-149.64,37.357,-33.841,-1.0401,0,0
0,0,0,0,20.162,-128.27,-31.64,136.7,125.21,4.2108,-45.904,-122.17,27.66,0,0
0,0,0,0,4.3672,-15.722,-206.68,-154.55,-272.81,53.952,23.772,21.321,-1.4563,0,0
0,0,0,0,-39.112,-115.24,24.765,-131.09,277.85,210.09,-6.6014,0.73798,-43.341,0,0
0,0,0,0,-1.6292,-2.7044,-216.48,35.398,94.687,196.2,165.82,11.137,-0.83045,0,0
0,0,0,0,5.765,44.806,-165.05,-41.996,158.08,147.88,-40.7,31.036,-1.1887,0,0
0,0,0,0,-3.276,-12.24,37.232,-181.16,36.843,112.73,-29.553,-1.1002,3.6606,0,0
8.2925,1.5858,8.4886,5.1878,20.465,3.1278,-139.97,-21.471,-24.464,71.531,-57.215,-2.0706,-22.052,0,0
1.8382,-0.36394,-3.0882,18.967,194.69,-5.2105,-59.087,20.428,91.097,116.34,-224.84,-30.61,-4.0993,0,0
0,0,0,0,-20.16,206.7,-70.924,-150.42,9.7014,217.83,-103.99,-82.966,-16.832,0,0
0,0,0,0,-22.069,193.38,66.744,-35.068,180.01,-147.35,-127.44,12.96,-1.866,0,0
0,0,0,0,-5.98,2.1409,3.3068,5.0831,10.318,74.192,4.6944,8.2272,-4.7811,0,0
0,0,0,0,-29.165,-292.91,-140.58,-79.828,-24.722,-116.38,160.48,-28.066,-19.269,0,0
0,0,0,0,1.2015,-34.738,-143.86,-109.2,-109.67,-36.079,17.738,-31.943,13.643,0,0
-5.25,7.9869,0.52628,-3.997,-1.7702,84.741,130.4,-34.992,22.686,141.38,96.309,-1.4662,22.554,0,0
0,0,0,0,-1.704,-16.629,-112.37,294.45,100.43,-33.995,184.41,60.547,16.513,0,0
-3.5,18.042,22.457,-179.75,-102.77,164.64,-82.914,12.553,-94.182,1.7372,73.174,144.1,91.883,0,0
0,0,0,0,-6.8522,66.312,-108.82,-141.92,24.907,147.88,-40.7,31.036,-1.1887,0,0
0,0,0,0,-5.2079,1.1373,61.79,-254.25,58.825,25.808,-20.85,15.621,-3.9453,0,0
0,0,0,0,3.7676,6.2346,-123.13,-43.925,-136.13,159.25,11.357,-18.819,5.6785,0,0
0,0,0,0,0.18301,26.345,-145.33,-111.44,11.334,288.75,85.778,-6.0885,-14.178,0,0
0,0,0,0,-9.7022,15.588,-2.7598,-178.26,23.31,97.29,-2.9696,-30.914,10.417,0,0
0,0,0,0,6.0981,-18.817,53.951,88.481,-41.384,14.217,18.337,7.4034,-15.937,0,0
0,0,0,0,-3.6357,-27.824,-135.56,-244.46,9.0433,109.18,85.278,-41.246,5.2721,0,0
0,0,0,0,1.7063,-10.048,-39.209,-85.942,51.596,244.24,-23.472,-1.7697,6.9396,0,0
0,0,0,0,-4.6806,22.949,-18.172,-175.29,172.23,123.97,-169.82,5.3924,25.094,0,0
0,0,0,0,5.7141,-42.692,128.33,86.406,-50.591,-0.82957,-9.9339,-2.9979,-11.022,0,0
0,0,0,0,1.5745,4.1972,134.25,295.04,-92.354,-230.35,-3.4043,-12.137,18.648,0,0
0,0,0,0,-9.073,-24.898,-263.15,-152.37,160.39,206.61,20.537,-16.107,2.1785,0,0
0,0,0,0,-30.394,216.75,-103.86,-100.92,86.195,-37.2,2.6388,16.206,-21.101,0,0
0,0,0,0,-20.605,-207.97,-127.13,231.2,-125.84,168.05,235.87,19.714,16.001,0,0
-0.75,-2.1896,5.3905,23.448,-122.99,-36.047,-117.76,-0.82309,-30.568,133.11,78.035,-21.645,7.0323,0,0
11.75,11.685,-0.52933,-73.485,-128.81,-134.31,-127.98,-97.424,-0.80082,-104.37,-194.41,101.06,77.749,0,0
0,0,0,0,-2.3959,25.49,-38.207,-85.377,21.38,-3.9615,-16.573,30.047,-19.246,0,0
0,0,0,0,14.826,283.85,-88.097,-198.5,2.3751,175.23,-53.767,-145.25,14.024,0,0
0,0,0,0,26.747,-211.11,86.75,184.87,4.049,27.808,89.056,-5.2255,-4.9686,0,0
-9.5,-12.771,20.66,-43.677,-93.55,14.613,-13.85,17.132,24.879,9.1388,28.667,229.27,-21.603,0,0
-3,-4.1651,2.134,9.9724,-49.489,-52.859,3.7902,-27.058,61.564,-11.834,20.802,88.342,-32.195,0,0
0,0,0,0,20.204,-190.81,-30.204,-62.123,-66.902,-68.913,-37.498,-27.528,-1.3795,0,0
33.25,14.263,19.147,-35.166,-126.19,-132.63,153.1,179.38,75.26,-11.35,47.005,-139.94,73.357,-7.4127,-7.7386
-0.75,-2.1896,5.3905,23.448,-161.43,-109.72,-112.99,169.5,240.65,29.034,-9.8083,-43.024,-0.86482,0,0
-0.75,-11.085,-3.0998,32.076,-186.98,-40.867,133.12,160.59,-94.252,66.628,-184.25,-44.246,51.575,-7.4127,-7.7386
0.25,-9.4103,31.865,-137.66,-28.739,-129.81,61.835,3.8319,-3.2825,-128.94,-179.24,183.54,113.53,0,0
0,0,0,0,17.659,-199.04,-234.07,-61.42,245.55,-119.19,66.341,-128.29,-4.692,0,0
0,0,0,0,-10.623,24.334,-149.3,-115.82,-168.65,226.39,1.5075,15.588,-3.0066,0,0
0,0,0,0,-0.48205,42.744,89.332,92.268,138.36,-50.763,-222.39,56.555,-182.4,0,0
0,0,0,0,0.55866,4.4642,-306.89,-15.167,119.53,24.404,-78.93,-158.67,12.518,0,0
0,0,0,0,29.679,-177.22,-52.854,-84.74,-136.52,228.41,19.78,-22.027,-3.0936,0,0
0,0,0,0,4.5708,-33.186,-170.9,254.79,-75.689,139.79,156.55,-5.6067,10.092,0,0
0,0,0,0,31.114,-131.84,-216.95,34.601,118.93,15.132,86.776,22.611,-2.5592,0,0
-9.5,-12.771,20.66,-43.677,-108.98,-271.29,-14.35,13.958,-45.156,158.92,251.25,232.53,-6.9731,0,0
0,0,0,0,-5.0634,15.057,22.732,-34.932,110.3,-69.337,-23.614,5.0059,-21.504,0,0
-9.5,-12.771,20.66,-43.677,-134.14,-41.245,-204.33,-90.471,-179.2,169.03,257.65,-170.22,19.668,0,0
0,0,0,0,23.889,274.11,217.05,127.17,-104.14,95.157,-170.54,-274.64,-1.8424,0,0
0,0,0,0,24.212,-202.91,-128.79,-114.09,178.42,257.66,96.576,-18.062,-16.515,0,0
0,0,0,0,-9.9578,72.781,-185.84,-85.036,-2.4713,-7.2933,2.1875,3.3244,-7.1426,0,0
0,0,0,0,4.6681,13.368,51.836,-30.41,89.41,-110.68,192.75,140.37,11.743,0,0
0,0,0,0,-4.2294,-26.519,7.7228,51.741,-24.434,-90.89,-264.74,-60.891,-20.16,0,0
0,0,0,0,-4.6747,-28.863,-2.0321,127.57,59.454,-74.305,-19.292,12.1,5.4829,0,0
0,0,0,0,-7.9904,37.962,78.344,-49.235,18.794,100,-16.155,23.849,-8.7264,0,0
0,0,0,0,-3.2593,-16.706,-3.2897,10.092,-17.949,-39.346,39.939,-33.684,8.0458,0,0
0,0,0,0,-3.6155,-29,-31.772,67.855,112.44,27.378,4.2386,-11.267,-8.3959,0,0
0,0,0,0,0.11755,13.929,11.969,-137.13,8.7371,124.93,-57.201,38.068,-0.4387,0,0
0,0,0,0,15.195,39.346,-176.43,-131.51,-49.924,173.77,47.392,13.405,-6.5748,0,0
0,0,0,0,6.201,-12.648,-64.163,73.835,-97.322,-67.908,-4.0062,10.787,-15.321,0,0
0,0,0,0,-2.8496,-5.2844,9.4898,-1.8206,-27.688,-34.201,21.527,-16.713,3.2958,0,0
0,0,0,0,-4.3825,49.562,-142.91,-60.923,-10.84,157.68,11.432,-7.4955,-0.48654,0,0
0,0,0,0,0.088221,-12.083,162.39,120.23,132.29,-159.48,-3.6514,-28.381,45.103,0,0
0,0,0,0,7.7611,-13.604,58.349,56.924,-153.79,67.454,26.11,-24.126,4.4118,0,0
0,0,0,0,3.7661,-41.774,37.933,-189.62,-93.143,137.84,-19.106,-8.6217,9.1038,0,0
0,0,0,0,4.2961,30.226,-142.7,-36.277,116.72,-130.85,17.685,-16.397,6.433,0,0
0,0,0,0,1.2154,81.931,100.61,215.48,29.449,-274.8,41.669,-1.7518,10.969,0,0
0,0,0,0,-0.23117,15.918,242.11,-83.381,-27.063,-91.309,-67.752,-101.74,37.863,0,0
13.338,7.7425,-25.876,34.096,53.12,222.52,74.381,-35.774,91.227,-244.79,-24.533,-35.151,28.314,0,0
-3,-4.1651,2.134,9.9724,-20.279,243.41,-14.419,204.06,-213.02,-112.87,-117.25,-12.456,18.545,0,0
6.0425,-0.38966,5.2321,-8.2881,142.94,66.355,68.946,-93.484,-57.86,-215.68,-129.01,-90.47,15.625,0,0
-3,-4.1651,2.134,9.9724,-8.4241,82.857,-43.472,-8.8245,-176.84,-99.934,-81.832,15.926,0.13934,0,0
0,0,0,0,-7.3278,-32.651,-11.815,146.99,-24.349,-22.959,-16.502,7.0311,0.75,0,0
0,0,0,0,-6.3983,-6.4992,-229.24,-35.379,10.247,188.83,100.3,31.057,1.5302,0,0
-9.5,-12.771,20.66,-43.677,-110.56,-282.96,-238.24,-238,-2.1163,-5.9795,151.24,26.77,-33.057,0,0
0,0,0,0,-66.34,39.957,22.353,12.026,192.55,-228.36,-66.195,-112.71,35.87,0,0
0,0,0,0,49.872,103.54,18.766,103.33,8.4874,-77.575,-64.04,37.044,-9.4833,0,0
-15.5,0.61427,3.8678,-25.057,164.96,-7.0873,-47.993,-90.8,234.68,245.27,269.58,80.227,172.27,-130.85,17.75
0,0,0,0,18.63,-156.06,-276.6,-114.66,114.3,72.543,61.887,95.884,-39.314,0,0
0,0,0,0,-13.622,113.99,-249.81,-108.31,116.09,166.43,53.814,36.231,-20.709,0,0
-10,-3.5311,-29.388,170.23,-175.73,-246.94,14.074,-27.079,30.466,102.43,216.98,244.53,5.0792,0,0
-18,0.37083,-35.504,121.11,-225.46,-113.8,-154.81,-2.1402,24.352,190.67,123.54,85.892,-16.24,0,0
19,8.4904,14.71,-113.29,-161.56,-53.899,-228.13,-82.903,156.52,-8.2388,110.43,111.8,5.1115,0,0
0,0,0,0,-1.3816,59.514,97.047,-18.508,188.5,-127.29,-98.264,-10.797,-37.096,0,0
-0.75,-11.085,-3.0998,32.076,-181.6,-4.8165,-89.923,-167.88,22.998,172.1,152.1,35.72,70.296,0,0
-3,-4.1651,2.134,9.9724,-54.95,159.05,82.011,-234.77,27.99,-50.852,-58.669,33.944,-3.4342,0,0
0,0,0,0,-15.357,131.28,189.89,55.749,-172.34,58.278,-125.07,-74.067,-23.827,0,0
0,0,0,0,-41.14,-63.367,254.39,104.84,-13.085,-55.945,-204.77,-49.351,-20.199,0,0
1.5,0.96891,1.2518,-3.0407,-82.738,-95.605,-214.79,48.657,54.346,24.472,211.93,2.0715,-6.4196,0,0
2.5,-1.1519,-12.031,1.6471,-22.749,-229.48,-235.17,22.454,174.9,-78.985,84.831,67.899,-80.723,0,0
11.5,-0.89535,3.4133,-26.293,-78.119,-35.353,-1.7982,-31.136,73.194,95.641,155.62,-10.237,-24.336,0,0
10.75,5.5736,0.32532,-29.311,-200.6,-145.38,28.847,207.39,-61.488,-34.296,163.86,-34.214,-29.91,0,0
-14.75,2.0538,0.95929,-27.941,121.39,-75.875,-35.661,-64.143,49.101,-7.9281,74.26,142.36,78.783,0,0
0,0,0,0,-7.0314,-16.632,160.54,95.091,164.01,-172.36,-195.93,81.847,17.411,-1.9984e-015,-1.3878e-016
0,0,0,0,15.029,-94.933,88.467,4.8058,-144.03,-203.65,-173.03,-14.475,5.9085,0,0
0,0,0,0,-7.2515,-25.397,160.99,-89.082,-177.52,-103.42,14.965,-16.493,-0.64952,0,0
0,0,0,0,0.88582,42.583,18.931,257.44,178.48,70.058,76.009,-24.619,-5.5981,0,0
0,0,0,0,-38.415,-44.442,161.31,48.277,9.9383,-204.61,-191.38,-99.256,20.35,0,0
0,0,0,0,4.1459,0.6475,-162.83,-18.796,115.38,-117.45,-54.894,-86.872,-15.656,0,0
0,0,0,0,1.8672,-4.3971,-22.928,-56.658,-135.06,227.2,-84.19,-24.731,-2.6663,0,0
0,0,0,0,-17.428,44.988,45.1,-158.41,36.171,133.62,87.62,-40.099,0.49103,0,0
0,0,0,0,2.7396,272.04,62.121,165.5,51.379,76.042,-58.718,-61.444,-14.362,0,0
0,0,0,0,21.085,-185.69,-184.04,-13.944,30.445,137.28,28.344,-649.56,34.709,0,0
0,0,0,0,-8.8188,4.4987,-91.7,-122.83,-47.233,49.118,-11.457,3.1594,-1.1071,0,0
-6.6708,-16.524,13.142,45.14,86.406,26.694,287.18,-5.5599,-16.983,15.026,30.373,82.334,-10.239,0,0
0,0,0,0,19.88,-129.31,-180.82,-221.93,51.157,73.389,-53.566,-115.94,17.07,0,0
0,0,0,0,-12.446,8.8978,32.931,-269.13,136.58,61.288,1.808,-1.7144,-0.10256,0,0
-1.75,-6.6208,-11.752,-2.4103,5.6562,-261.01,-237.96,45.225,-237.51,170.88,235.51,-16.232,-8.5009,0,0
0,0,0,0,0.9641,15.417,-136,-24.317,59.308,-146.47,-2.6603,18.034,-10.179,0,0
0,0,0,0,-3.0401,14.783,12.426,-166.93,9.1025,-44.309,29.821,-15.483,20.761,0,0
0,0,0,0,-0.1621,-12.015,66.607,220.51,-61.762,-157.48,-69.444,-1.5792,-7.0858,0,0
0,0,0,0,0.052323,-26.207,126.99,-42.713,-7.7766,2.6447,13.351,13.81,-18.534,0,0
0,0,0,0,12.421,-18.585,-91.647,142.74,-172.6,36.739,-28.864,9.5368,-12.519,0,0
0,0,0,0,2.6265,32.869,-19.55,20.429,-27.446,-36.043,-80.011,28.633,-15.695,0,0
0,0,0,0,1.6914,77.263,-92.25,12.783,-21.257,-6.3095,4.6644,-28.363,13.161,0,0
0,0,0,0,-11.527,12.659,259.52,-159.13,-214.43,5.3684,17.179,9.7383,-12.955,0,0
0,0,0,0,-1.9031,6.4145,-3.6184,-14.698,126.89,276.76,-23.877,61.148,-15.089,0,0
0,0,0,0,16.543,35.11,-40.042,7.43,17.106,115.44,-15.83,17.128,4.3358,0,0
0,0,0,0,4.4471,24.124,-33.501,143.9,-27.168,-80.001,-14.91,44.189,-24.996,0,0
-2.75,-1.3367,13.752,-18.987,-252.83,-79.352,-119.31,44.142,-6.065,122.74,40.444,90.099,30.056,0,0
0,0,0,0,41.529,80.474,131.57,51.919,193.09,258.15,-151.15,-8.526,29.015,0,0
0,0,0,0,63.534,-35.876,-35.166,-127.5,-142.11,-45.756,126.4,65.038,9.2921,0,0
-1.299,-0.46082,-1.5425,-1.904,-21.72,129.22,252.52,-130.5,57.723,-178.9,-225.14,-105.34,4.4889,0,0
2.5,19.964,24.071,-135.48,13.345,-141.84,-255.07,19.484,-17.246,-309.05,62.93,145.16,-22.494,0,0
-0.75,-11.085,-3.0998,32.076,-180.9,-35.128,-141.56,33.747,68.081,206.39,251.47,70.059,0.58373,0,0
0,0,0,0,-1.6268,-33.594,-23.387,-17.33,-36.869,-74.661,-181.1,-78.446,20.214,0,0
0,0,0,0,-4.3397,-32.42,-221.73,-57.627,67.825,-22.861,38.121,96.702,-9.9641,0,0
8.2925,-7.3095,-0.0017604,13.816,-56.709,164.83,-116.36,-95.188,-34.596,-152.98,-12.009,-31.125,45.699,0,0
0,0,0,0,-0.33221,48.425,113.2,-313.39,74.35,5.3684,17.179,9.7383,-12.955,0,0
-7.25,-6.4103,14.142,-29.193,-264.87,-141.74,108.1,-116.58,-56.032,-96.367,23.117,144.04,-17.725,0,0
-5.25,7.9869,0.52628,-3.997,37.015,255.99,247.67,78.964,34.826,117.02,-168,-43.297,98.421,0,0
0,0,0,0,-2.1633,-28.121,-217.5,60.013,-24.318,81.299,146.37,-34.566,-15.126,0,0
9.75,24.94,-8.1715,-269.97,-228.75,-79.028,82.31,80.41,-65.828,142.27,31.513,145.98,-24.772,0,0
0,0,0,0,-21.402,158.82,219.55,-269.82,69.123,160.89,-238.93,-6.4366,-27.166,0,0
0,0,0,0,-17.206,-240.11,-135.9,-266.14,197.15,-68.23,216.88,114.13,-39.6,0,0
-17.25,-34.355,12.29,-133.13,-161.8,185.18,-128.27,-136.6,53.994,9.9137,-107.12,49.231,58.473,0,0
6.0425,-0.38966,5.2321,-8.2881,145.6,98.831,86.333,27.889,-33.452,-206.47,-151.48,-127.42,-8.4016,0,0
8.2925,-7.3095,-0.0017604,13.816,1.2995,-3.2227,58.124,-179.99,-45.71,98.9,-46.725,-72.054,28.495,0,0
12.25,6.6309,-21.91,29.053,-154.85,-6.4036,-285.06,160.06,-50.723,52.079,171.33,15.024,87.585,0,0
0,0,0,0,2.6723,10.749,-26.494,-238.52,26.154,260.35,8.5167,-4.5099,9.8089,0,0
22.75,6.3122,-17.048,175.8,-187.2,-290.92,-110.04,-30.289,-299.27,27.497,-33.847,113.6,58.433,-7.4127,-7.7386
-15.5,0.61427,3.8678,-25.057,161.36,-73.441,72.639,22.374,-13.822,126.27,-63.08,217.65,13.646,0,0
7.5,-2.0622,4.4607,-192.01,-172.59,2.2444,-151.5,-129.44,-28.446,-37.489,-87,267.96,255.73,0,0
-2.2255,-8.0347,-13.607,-3.7865,8.0381,-217.79,-168.51,133.22,-78.209,198.55,154.29,12.83,-10.909,0,0
0,0,0,0,9.0715,-0.3061,-99.425,-202.53,-74.502,21.05,-10.415,10.676,9.0601,0,0
0,0,0,0,-1.1286,11.205,241.45,32.879,-43.64,-17.571,-244.1,39.057,11.121,0,0
0,0,0,0,-16.798,-273.92,-249.39,301.61,-14.451,-19.758,132.7,111.71,25.668,0,0
0,0,0,0,-2.0066,11.855,24.447,22.448,59.148,23.173,79.729,-0.2363,-22.802,0,0
0,0,0,0,-6.5787,-23.967,-31.895,-206.43,67.089,145.39,0.20216,5.7945,-35.39,0,0
0,0,0,0,2.3457,-40.751,97.429,108.78,212.09,142.31,30.425,-11.748,21.305,0,0
0,0,0,0,-5.7724,11.286,-21.73,-102.05,31.121,51.233,-11.807,15.258,-4.0311,0,0
0,0,0,0,-7.9014,-0.28903,-124.41,-108.47,40.478,-38.458,-11.632,-10.686,13.62,0,0
0,0,0,0,-8.2533,7.2601,-272.76,-50.497,134.31,144.66,59.012,-4.1429,-15.033,0,0
0,0,0,0,2.2614,43.252,-142.08,50.416,37.721,-17.814,3.509,-1.8795,-0.095994,0,0
0,0,0,0,6.8726,-9.2237,-13.665,-174.8,-62.828,25.333,4.9425,-16.117,-18.401,0,0
0,0,0,0,14.332,-138.15,-270.72,-127.48,-105.27,178.44,96.319,92.867,28.898,0,0
-3,1.25,0.90368,-14.856,19.977,-68.591,-143.3,-101.19,-47.761,68.741,-1.8137,-13.18,4.2856,0,0
0,0,0,0,2.7117,-63.665,-160.64,152.86,-126.61,-5.3861,-3.1316,-1.7635,3.221,0,0
0,0,0,0,0.060975,-30.891,-17.251,-9.7814,-87.28,-310.9,-26.966,-10.909,12.304,0,0
0,0,0,0,-1.75,7.7381,21.652,-14.18,-0.37204,3.4354,-5.649,-21.334,14.35,0,0
0,0,0,0,-6.9833,4.0577,-92.419,-155.86,15.561,-38.334,123.07,12.957,-25.122,0,0
0,0,0,0,2.5245,-22.391,97.499,133.21,-261.25,-74.192,-4.6944,-8.2272,4.7811,0,0
0,0,0,0,-19.023,159.72,-160.58,-3.8907,178.33,3.2165,-63.34,15.698,-13.765,0,0
0,0,0,0,5.0918,-10.27,128.71,25.361,-1.6548,80.384,-14.48,5.4498,-20.55,0,0
0,0,0,0,-13.379,199.74,-72.32,-11.725,-48.412,-80.874,90.933,-22.859,-3.1316,0,0
11.25,2.0736,0.86603,4.9462,-10.784,10.308,-48.75,-93.039,-7.5827,184.25,58.747,-25.334,10.801,0,0
0,0,0,0,-3.9958,-89.25,121.62,92.386,-36.479,49.45,-19.131,30.1,-4.299,0,0
0,0,0,0,4.5009,-41.31,170.03,98.611,-112.99,-256.29,-5.0215,9.9396,16.629,0,0
0,0,0,0,-2.3266,-50.398,140.56,107.58,-149.66,-243.53,-37.607,9.6184,5.4261,0,0
0,0,0,0,-18.133,169.54,-141.09,224.42,-213.05,-75.901,-31.613,-5.1112,7.7386,0,0
0,0,0,0,1.3935,-47.417,173.05,234.64,-168.6,76.937,61.347,-20.52,1.5179,0,0
0,0,0,0,1.6268,-84.739,69.848,235.28,20.224,-191.36,-56.955,21.905,-14.245,0,0
0,0,0,0,-1.9085,3.0649,34.354,-151.26,6.9857,17.745,5.0556,3.0547,6.5858,0,0
0,0,0,0,-1.0305,-33.405,-17.531,-84.555,-8.5586,25.808,-20.85,15.621,-3.9453,0,0
0,0,0,0,8.9534,18.217,-156.08,-56.702,-73.659,-25.745,-9,-10.789,9.2509,0,0
0,0,0,0,6.0147,-5.6908,25.948,69.034,-0.21706,39.859,-33.917,5.6932,-1.3047,0,0
0,0,0,0,-4.1095,6.8197,10.259,-27.418,40.55,147.87,-49.615,28.952,-11.086,0,0
0,0,0,0,-6.3111,-21.734,-11.737,-224.34,-31.76,159.25,11.357,-18.819,5.6785,0,0
0,0,0,0,6.2046,20.737,-22.698,-118.17,-32.483,-10.192,-6.116,-4.2619,5.7733,0,0
0,0,0,0,-0.91146,17.923,-6.6529,-263.28,292.02,116.55,8.0179,28.731,-4.808,0,0
0,0,0,0,6.0879,-22.579,-12.819,140.28,-8.6986,-12.064,5.2396,3.1465,-14.515,0,0
0,0,0,0,9.7847,-15.093,-65.672,-120.07,-21.212,-122.89,18.831,-16.328,-3.8816,0,0
0,0,0,0,-0.0086524,17.613,-16.195,-41.284,-101.67,173.86,-4.5153,-41.38,21.401,0,0
0,0,0,0,3.0499,-52.093,-80.85,254.1,-172.82,39.243,-0.2234,-7.1426,5.9976,0,0
0,0,0,0,-0.29423,47.052,-152.58,-16.823,102.5,15.218,4.1307,-9.8436,-1.1785,0,0
0,0,0,0,2.0454,-29.693,-5.2277,-237.08,9.8789,96.757,-23.209,12.182,-3.3538,0,0
0,0,0,0,8.4264,-7.8933,-21.085,101.23,-137.84,14.217,18.337,7.4034,-15.937,0,0
0,0,0,0,3.4354,-15.411,-201.48,43.557,26.064,-7.3902,-3.4812,2.9845,6.3325,0,0
0,0,0,0,0.96947,-25.355,-8.5735,-62.631,166.91,159.68,-4.6031,7.4034,-13.332,0,0
0,0,0,0,3.8965,-77.874,-114.29,-227.25,-27.868,54.767,93.379,-30.597,27.746,0,0
-0.75,1.5442,-24.75,-14.044,22.429,-158.58,-230.65,-311.29,44.136,44.369,147.6,6.0461,19.631,0,0
0,0,0,0,5.0732,-56.823,-50.081,-62.811,60.028,215.46,21.696,-18.442,-0.80353,0,0
-1.75,-1.0736,0.43125,26.281,13.548,7.6529,-104.84,-238.68,-157.42,82.641,4.8358,3.297,0.9028,0,0
0,0,0,0,-4.2222,14.19,-17.641,-78.94,85.561,225.01,19.487,-17.868,-8.5511,0,0
0,0,0,0,-4.4603,-1.4448,251.91,-186.82,-34.324,-141.84,-30.672,21.902,2.2811,0,0
0,0,0,0,28.366,-177.45,-204.31,-92.754,-70.83,57.386,-30.608,17.337,-6.674,0,0
0,0,0,0,5.317,-12.476,3.1147,-167.67,151.29,196.28,-5.3308,-20.345,11.118,0,0
0,0,0,0,2.9235,-5.4155,-179.22,-127.73,173.38,200.58,65.285,7.6354,-14.973,0,0
-5.75,-1.9133,-15.203,8.6436,17.849,-0.89755,-313.82,63.716,248.44,128.69,194.18,-8.8878,17.898,0,0
0,0,0,0,-17.865,-272.83,-163.16,-67.671,-20.889,163.28,239.5,-29.95,-1.6172,0,0
0,0,0,0,9.7333,-7.2907,1.676,-116.66,79.965,95.306,-12.669,-20.327,7.0433,0,0
0,0,0,0,23.55,-155.81,-122.19,-262.59,-9.7494,155.98,-38.274,-15.628,-10.529,0,0
0,0,0,0,-28.34,116.96,190.9,-176.08,150.59,-172.9,-86.496,-209.51,-30.997,0,0
-3.6618,-4.4327,10.987,-23.594,34.486,109.8,-215.34,-123.5,116.28,166.46,-102.53,-82.515,-4.3301,0,0
0,0,0,0,-8.8843,4.9101,31.704,-46.733,45.83,-3.1851,5.1806,-8.0822,9.5511,0,0
