0,0,0,0,21.508,-34.649,15.31,397.74,303.44,-185.56,-35.367,3.3962,-16.579,0,0
0,0,0,0,21.908,-225.01,184.15,249.45,210.65,-405.23,-1.5111,-18.515,-13.587,0,0
0,0,0,0,18.64,3.7195,-1110.5,1229.3,-764.2,0,0,0,0,0,0
0,0,0,0,6.9496,-78.526,-53.908,-195.17,286.59,133.65,-265.4,-4.3624,-12.036,0,0
0,0,0,0,-292,125.39,-204.51,65.043,145.82,114.64,-145.91,1.2383,-14.337,0,0
0,0,0,0,103.05,89.115,-61.744,-93.869,182.45,142.08,-316.38,137.1,-146.11,0,0
-6.474,8.3077,-1.9674,-36.428,40.357,16.427,-100.57,-43.328,-19.296,107.55,34.195,-208.1,-13.514,0,0
0,0,0,0,-99.035,-106.28,172.79,-85.318,198.17,144.06,-425.62,18.663,-14.733,0,0
0,0,0,0,21.556,26.734,-96.872,79.293,65.337,452.87,-354.35,12.592,-17.978,0,0
0,0,0,0,63.38,28.349,182.71,80.205,45.132,157.82,52.45,-97.834,-14.599,0,0
3.0311,6.5,3,-329.38,-11.601,98.863,-149.58,-24.408,221.83,301.75,-90.372,33.209,-59.987,0,0
-2.1651,-0.63397,0.40849,-243.93,-25.373,-3.7364,-2.7999,-291.82,150.94,-13.533,-19.468,284.22,-106.36,0,0
0,0,0,0,30.869,96.935,-177.34,104.61,-74.142,157.18,-174.31,-171.76,-13.189,0,0
0,0,0,0,3.064,-8.8373,567.8,487.8,-445.32,-61.772,-148.75,-20.63,-12.774,0,0
-2.1651,-0.63397,0.40849,-243.93,42.825,293.8,98.045,-50.426,-21.748,80.15,72.164,150.09,-85.874,0,0
3.4641,11.806,21.007,-74.633,208.52,117.92,76.082,-140.16,7.6455,-39.038,-77.115,47.478,-59.563,0,0
0.86603,2.683,-7.3792,101.62,81.489,26.388,19.605,80.332,-115.36,138.53,-67.914,43.307,-229.35,0,0
-2.0801,9.8678,-240.59,-49.804,-33.355,-33.525,-237.02,196.65,144.79,-60.145,-166.49,67.83,-58.668,0,0
-9.8857,0.61034,-0.80385,-239.33,-98.074,164.66,-16.757,4.5879,76.333,117.99,85.422,-81.757,-37.745,0,0
-2.1651,-0.63397,0.40849,-243.93,-25.081,241.79,118.27,-40.3,97.314,-128.11,-57.278,-274.14,-11.973,0,0
-2.1651,-0.63397,0.40849,-243.93,41.184,133.6,-47.815,200.33,45.728,10.83,154.03,121.35,-91.906,0,0
-8.2272,4.6782,-169.24,19.279,166.26,-8.3253,-235.29,-84.372,-45.728,199.27,120.42,175.72,-82.73,0,0
-5.6292,-0.39535,-259.37,29.289,97.78,62.842,-194.8,-66.404,-137.75,-138.26,50.292,-30.905,-63.528,0,0
7.4462,-2.5915,-264.53,-99.349,158.85,-143.99,5.4427,-64.057,142.28,116.23,-4.5042,92.012,-250.5,0,0
0,0,0,0,-22.675,-264.23,-26.69,161.03,74.067,-229.46,33.435,33.346,-13.731,0,0
-6.8433,-1.7058,-435.47,-148.99,-52.724,96.133,106.19,-147.04,-138.48,113.23,286.74,-1.4729,164.02,-68.368,-2.4028
0,0,0,0,-576.38,193.87,78.966,-344.45,185.91,123.38,13.902,82.79,-60.796,0,0
0,0,0,0,-417.02,59.397,126.48,-112.05,14.592,35.758,214.44,-103.6,-15.665,0,0
-1.2778,15.308,7.1241,-119.34,-224.01,42.279,-119.52,-164.55,45.905,162.59,58.04,-200.91,-16.301,0,0
-18.598,-10.973,-12.905,16.048,20.382,6.9567,-242.49,101.21,120.85,23.717,-36.854,-233.12,-20,0,0
0,0,0,0,17.838,274.95,288,-160.16,176.89,-133.94,-250.97,16.53,-22.946,0,0
0,0,0,0,16.475,-1617,502.95,8.5891,1004.3,-175.74,-68.388,34.046,-13.053,0,0
0,0,0,0,12.138,220.32,166.2,80.357,-24.514,197.31,-431.82,-9.9085,-24.51,0,0
0,0,0,0,21.994,-266.41,835.58,79.528,835.34,-430.29,-34.6,6.8083,-27.949,0,0
0,0,0,0,35.858,45.536,-395.46,250.63,1105.4,-767.85,10.602,-28.547,-14.319,0,0
0,0,0,0,10.563,6.9617,398.32,337.68,-13.956,-328.21,9.8026,-2.1259,-14.894,0,0
0,0,0,0,7.9043,-691.57,921.29,93.599,1307.4,-381.59,0.75569,15.051,-12.511,0,0
0,0,0,0,30.904,-108.75,417.46,64.308,899.28,-397.87,-117.83,1.5691,-15.607,0,0
0,0,0,0,20.615,-780.62,22.166,854.3,154.03,-192.51,-7.8905,-17.441,-9.8227,0,0
0,0,0,0,-2.6178,-90.819,288.89,85.718,117.06,-410.55,18.949,6.8753,-14.06,0,0
0,0,0,0,11.953,-563.07,-418.12,427.34,912.39,-337.58,-8.9264,17.019,-12.039,0,0
0,0,0,0,3.6388,5.0825,229.65,50.613,442.27,-781.23,9.3146,0.50449,-17.402,0,0
0,0,0,0,7.564,-64.858,82.491,624.78,-76.213,-405.23,-1.5111,-18.515,-13.587,0,0
0,0,0,0,5.6507,-5.2231,917.57,110.37,685.46,243.88,-260.92,-6.122,-29.538,0,0
0,0,0,0,16.858,-745.62,-164.97,154.47,981.94,-757.18,17.71,-22.535,-19.418,0,0
3.8971,5.683,9.6405,-391.83,108.3,173.56,-107.14,168.25,112.37,228.32,-86.603,-62.717,-59.771,0,0
0,0,0,0,5.2147,-3.0619,-1340.7,660.08,52.387,-440.17,4.14,-17.075,-11.968,0,0
0,0,0,0,234.43,-96.558,-183.83,74.366,-24.6,-122.22,172.35,14.979,-60.074,0,0
9.5263,7.067,-241.95,98.593,-20.544,30.99,283.2,-47.765,59.453,-56.068,104.63,84.98,-82.051,0,0
-18.598,-10.973,-12.905,16.048,-55.227,-178.53,42.391,-137.25,-148.13,43.527,127.23,4.9273,-226.36,0,0
-22.517,-18.237,-129.45,62.989,-194.37,23.967,59.239,148.57,-24.08,-59.357,-68.975,348.44,-141.23,0,0
0.43301,11.897,-3.4952,10.363,116.6,54.889,-103.12,-106.49,116.78,-106.44,28.693,-68.634,-228.65,0,0
11.332,13.883,0.69615,-399.21,24.238,116.02,-93.933,-348.61,200.37,176.41,-56.071,344.17,-103.89,0,0
0.43301,11.897,-3.4952,10.363,-116.97,246.5,25.507,-134.53,-63.466,123.58,0.27211,-73.047,-216.91,0,0
0,0,0,0,39.256,28.821,-983.84,837.71,-192.99,-155.43,2.6274,-5.799,-5.451,0,0
0,0,0,0,28.995,43.142,659.18,190.96,-1125,0,0,0,0,0,0
0,0,0,0,3.776,-1.9603,-754.98,555.22,86.977,-165.81,-5.7321,-8.5748,-10.921,0,0
0,0,0,0,-12.456,-270.24,45.421,324.44,173.33,-459.52,16.491,-7.8388,-12.931,0,0
0,0,0,0,-27.279,-42.027,-187.39,697.58,103.95,-205.18,-3.2377,12.667,-12.212,0,0
0,0,0,0,-0.07652,-284.35,-20.43,124.15,-9.5386,-590.54,4.2524,-1.5756,-11.687,0,0
0,0,0,0,27.438,11.166,-871.45,916.31,116.62,-212.26,-7.866,9.2799,-18.891,0,0
0,0,0,0,41.453,-141.9,103.04,569.49,-553.23,-95.371,-4.8905,-10.941,-5.4632,0,0
0,0,0,0,23.32,18.613,0.44126,48.48,57.798,-381.41,9.2901,11.346,-11.725,0,0
0,0,0,0,7.98,2.491,-994.4,866.47,267.22,-242.21,-4.0359,27.959,-6.5753,0,0
0,0,0,0,19.664,6.2153,-1692.9,462.84,960.11,-358.69,-20.928,9.1022,-13.036,0,0
0,0,0,0,15.736,14.432,-225.55,549.34,235.92,-269.53,-6.1029,-14.181,-11.569,0,0
0,0,0,0,11.29,-411.75,-159.17,742.68,238.21,-192.51,-7.8905,-17.441,-9.8227,0,0
0,0,0,0,60.729,-267.54,-344.96,789.18,-840.93,0,0,0,0,0,0
0,0,0,0,-130.82,-0.51505,364.97,-177.22,-14.376,-573.27,25.522,-12.394,-12.248,0,0
0,0,0,0,31.388,41.266,-210.32,206.43,1468.4,-588.73,12.232,15.168,-16.918,0,0
0,0,0,0,22.389,30.387,-609.16,312.96,1389.5,-514.09,11.366,1.9498,-18.166,0,0
0,0,0,0,2.7348,-508.29,709.14,50.115,-534.7,-128.28,-1.0822e-011,-20.166,-7.602,0,0
0,0,0,0,41.568,16.767,-1337.2,608.45,-411.52,-241.74,102.14,-25.817,-11.613,0,0
0,0,0,0,17.816,8.9575,-508.73,269.57,1251.8,-497.6,1.1328,38.782,-13.922,0,0
0,0,0,0,24.468,21.141,-366.36,338.78,-1274,0,0,0,0,0,0
0,0,0,0,10.531,-5.4199,-1247.2,408.81,1398.2,-451.29,2.1169,-26.298,-12.415,0,0
0,0,0,0,22.552,16.724,-53.594,215.94,209.73,-223.8,2.2982,-6.9441,-12.033,0,0
0,0,0,0,28.611,-56.558,744.21,336.89,-341.25,-138.8,-1.1708,1.221,-12.04,0,0
0,0,0,0,10.309,26.474,-829.71,318.11,488.74,-376.65,-4.0075,-19.81,-18.112,0,0
0,0,0,0,-136.57,264.43,-76.323,444.52,-173.99,128.55,-292.92,-21.645,-13.654,0,0
0,0,0,0,11.388,22.394,-378.4,363.83,-39.828,-195.21,-2.5359,4.7321,-0.73205,0,0
0,0,0,0,34.256,11.069,-1339.6,683.04,111.48,-221.39,-2.8415,-11.275,-6.3774,0,0
0,0,0,0,54.405,-481.64,28.152,819.47,-4.3189,-472.82,6.7258,-17.607,-13.661,0,0
0,0,0,0,-505.36,114.14,403.6,86.31,118.96,65.667,58.961,-83.436,-12.598,0,0
0,0,0,0,31.513,-331.27,-411.11,552.3,502.15,-679.57,5.1495,-2.3795,-12.944,0,0
0,0,0,0,22.985,29.829,216.73,169.38,1536.6,-579.23,-10.461,-16.812,-9.7659,0,0
0,0,0,0,-312.78,176.39,127.64,129.48,-220.96,-31.733,-516.13,-24.475,-21.766,0,0
0,0,0,0,-161.52,147.39,-122.33,-10.555,142.76,572.49,-198.21,1.0553,-11.618,0,0
0,0,0,0,-2.7751,-330.95,361.86,439.11,-62.702,334.72,-124.38,11.97,-14.081,0,0
0,0,0,0,-418.2,55.607,325.42,-146.65,186.48,470.49,-154.55,-165.61,209.59,-46.454,1.3323e-015
0,0,0,0,-12.1,-22.32,454.22,80.038,-42.516,107.37,-298.62,0.67644,-15.549,0,0
0,0,0,0,6.5162,-608.93,217.16,512.78,-99.041,-536.26,-13.75,-12.252,-12.344,0,0
0,0,0,0,-495.19,-141.12,43.864,65.092,-115.51,113.28,215.91,-90.103,-19.847,0,0
0,0,0,0,24.999,26.358,-141.31,293.49,185.65,-595.78,28.14,-8.9369,-9.6875,0,0
0,0,0,0,-151.99,-56.549,197.56,314.07,-119.81,115.27,283.14,-127.37,-16.5,0,0
0,0,0,0,-483.28,23.596,73.761,5.3936,149.91,-120.88,204.31,-104.61,-16.134,0,0
0,0,0,0,13.137,550.63,104.98,-30.184,151.52,-322.68,-398.86,-8.788,-15.53,0,0
0,0,0,0,19.621,86.525,95.49,229.96,166.11,64.808,-251.12,32.349,-15.899,0,0
0,0,0,0,-340.93,106.58,-172.04,-264.37,249.37,235.26,-136.79,1.0715,-10.569,0,0
4.7631,-75.169,-21.86,40.872,144.61,-147.63,-103.6,2.5766,-324.58,59.924,49.761,67.801,-41.54,0,0
-17.732,0.66234,-0.33341,-105.05,-61.729,-141.07,-301.96,153.56,-173.19,536.85,-178.42,-11.49,-15.073,0,0
0,0,0,0,4.2393,-516.82,-310.57,277.1,413.07,-263.58,-2.8651,3.587,-7.3146,0,0
0,0,0,0,52.291,411.4,355.73,-412.59,12.922,-46.663,-232.22,13.789,-12.144,0,0
8.3008,7.3831,-2.3038,-69.828,-68.574,93.357,-358.15,-63.759,117.18,251.55,118.03,-48.316,-16.05,0,0
-10.307,3.9413,-151.58,43.991,90.465,-78.451,85.923,-38.334,326.22,-148.34,6.0506,-64.39,-21.723,0,0
-1.2141,-9.7075,-54.446,43.084,-66.32,-205.61,-6.5572,145.7,-19.232,-0.96442,175.75,108.14,-260.89,0,0
-17.732,0.66234,-0.33341,-105.05,86.4,75.014,-105.67,-18.229,38.733,24.68,215.59,-222.12,-13.539,0,0
-6.9282,0.8726,-0.13397,-100.88,16.85,-4.1699,-73.147,-162.9,501.14,487.59,-182.36,-16.612,-16.897,0,0
18.26,18.627,-9.3595,-141.51,208.04,-69.889,-114.13,13.368,194.12,42.702,-187.01,-54.884,-22.773,0,0
-22.084,-3.6077,2.5736,-180.38,241.36,67.866,117.33,-97.225,74.624,16.325,-492.72,-23.234,-19.937,0,0
0,0,0,0,34.674,199.86,-200.07,396.47,102.14,-505.24,0.53317,-7.4907,-14.643,0,0
-18.187,-6.7728,1.5,-169.5,27.573,-135.13,175.34,-174.66,17.03,167.04,300.41,-100.93,-15.29,0,0
0,0,0,0,8.5583,-268.71,1117.7,170.23,-306.53,-140.87,-1.683,4.7321,-10.915,0,0
0,0,0,0,45.916,-2.7081,-812.9,605.28,1237.1,-482.83,3.8182,36.14,-14.325,0,0
-6.474,8.3077,-1.9674,-36.428,162.05,-73.606,-167.73,-123.51,151.8,-2.9579,-427.13,-26.779,-20.404,0,0
0,0,0,0,-218.99,91.046,-12.824,-57.352,159.5,-7.5033,-262.46,1.5039,-18.065,0,0
2.5981,8.5736,15.415,-86.231,-96.47,-74.353,-68.795,25.226,303.93,163.73,147.24,-43.994,-12.276,0,0
-2.1651,-0.63397,0.40849,-243.93,16.237,-81.077,-143.08,-162.02,175.52,8.431,20.777,173.59,-83.728,0,0
-4.7631,-86.102,111.72,-20.852,157.15,15.616,-5.1803,273.1,15.501,-116.31,92.652,-55.132,-20.854,0,0
0,0,0,0,138.01,24.84,6.6208,-6.6158,117.15,-97.575,-193.42,6.6226,-12.813,0,0
6.4952,5.1095,4.1585,188.75,51.898,35.524,-153.36,138,-187.69,141.69,-114.98,-146.88,-15.402,0,0
3.4641,17.647,2.0114,53.246,-226.99,-89.369,151.28,19.107,-159.51,121.25,111.46,64.836,-56.996,0,0
-18.598,-10.973,-12.905,16.048,-42.495,15.584,-55.17,12.658,127.66,28.93,-111.25,-71.208,-140.82,0,0
-19.053,-18.408,-11.072,-48.405,-29.306,159.55,121.68,17.369,9.5934,155.7,170.75,-106.55,-6.6728,0,0
0,0,0,0,22.027,-458.3,-284.62,-46.764,1342.4,-318.73,-57.106,1.5789,-12.001,0,0
-4.7108,-13.835,34.037,1.4506,0.1367,-60.641,54.348,44.591,-159.65,222.64,-16.345,186.68,-83.954,0,0
0,0,0,0,-354.55,-125.41,72.836,80.981,6.9245,121.19,113.56,-69.978,-13.728,0,0
0,0,0,0,-330.67,44.625,98.384,158.69,117.51,9.5775,214.13,-119.61,-21.311,0,0
2.6716,16.403,-9.7207,-255.77,14.501,42.764,101.79,-170.28,-119.45,39.559,-55.595,-242.98,-14.397,0,0
0,0,0,0,-7.5953,35.388,33.41,186.58,40.37,86.147,-319.17,28.806,-17.476,0,0
0,0,0,0,-146.95,-84.212,266.62,-6.8322,155.43,61.557,-255.93,23.079,-17.829,0,0
0,0,0,0,-342.26,178.02,10.426,137.82,72.668,104.66,-92.277,-0.56787,-17.921,0,0
0,0,0,0,9.2904,218.19,56.225,-87.996,312.14,132.86,-282.62,5.8845,-23.523,0,0
0,0,0,0,-315.12,109.5,-91.216,161.39,219.59,188.16,-447.89,20.866,-21.174,0,0
8.3008,7.3831,-2.3038,-69.828,44.455,305.85,-113.75,-172.87,31.485,17.781,168.13,-109.57,-17.781,0,0
0,0,0,0,-159.21,8.8056,249.83,-120.15,145.48,-2.0403,-111.09,-6.5114,-11.517,0,0
0,0,0,0,156.79,119.98,84.554,-69.051,-99.414,112.96,-31.312,-253.32,-12.848,0,0
0,0,0,0,-404.89,13.453,-29.323,-31.686,76.378,-13.248,252.71,-75.099,-14.619,0,0
0,0,0,0,-34.877,-65.168,63.569,-66.212,-127.55,229.2,127.91,-89.625,-17.567,0,0
0,0,0,0,-163.94,52.993,70.932,45.952,-47.303,80.118,6.6148,-28.052,-18.99,0,0
2.6193,-6.1337,-17.034,27.826,-29.481,50.77,-71.266,-26.812,-223.15,-14.237,-103.46,34.247,-184.69,0,0
6.0622,-1.2386,101.65,5.433,19.948,1.5622,100.68,-4.937,-20.66,33.476,16.858,-66.584,-159.88,0,0
-2.1651,-0.63397,0.40849,-243.93,60.162,224.21,24.525,18.884,-75.097,135.84,-16.622,-261.32,-15.73,0,0
0,0,0,0,-264.13,-63.36,26.145,125.26,154.28,-215.4,-28.617,8.8341,-17.508,0,0
8.3008,7.3831,-2.3038,-69.828,-106.07,-23.151,288.56,-21.013,114.4,226.81,-254.89,-1.8726,-11.166,0,0
0,0,0,0,144.15,273.93,-14.985,245.17,-234.58,3.0984,97.247,-55.849,-13.283,0,0
0,0,0,0,65.415,49.612,-906.32,539.07,-1077.8,-31.149,3,-13.666,-3.2425,0,0
0.43301,11.897,-3.4952,10.363,92.932,20.845,-270.19,23.883,-237.57,39.845,107.91,-4.3446,-163.81,0,0
-6.9282,0.8726,-0.13397,-100.88,-55.08,265.11,169.33,-173.07,-207.35,123.84,156.28,-91.858,-13.311,0,0
0,0,0,0,33.302,237.48,-154.4,5.0154,4.0038,76.157,-8.5694,-118.55,-16.348,0,0
-13.338,-4.0228,-170.54,90.205,73.702,-8.655,-60.522,159.36,-55.952,46.431,25.697,71.89,-58.954,0,0
0,0,0,0,14.094,2.8272,-350.32,348.19,390.97,-693.39,-0.26587,-9.0936,-19.442,0,0
0,0,0,0,-358.17,7.0301,-41.227,187.35,-1.5512,-184.94,-45.408,13.258,-22.478,0,0
0,0,0,0,16.507,-17.69,-778.14,640.46,342.81,-205.18,-3.2377,12.667,-12.212,0,0
0,0,0,0,25.904,15.075,-411.2,1461.7,6.0531,-202.33,-5.1863,5.2808,-11.914,0,0
0,0,0,0,29.705,-12.285,-1169.6,712.36,-102.14,-198.46,-1.3284,1.2578,-12.273,0,0
0,0,0,0,10.468,14.21,28.557,336.29,-572.33,-314.94,6.3367,5.6519,-7.8905,0,0
0,0,0,0,31.576,-484.13,566.37,-139.33,41.992,-29.535,157.51,-138.61,-11.134,0,0
0,0,0,0,41.337,-258.6,-86.13,432.67,205.04,-164.18,-42.672,22.517,-11.93,0,0
0,0,0,0,38.295,-190.54,205.04,241.58,597.82,407.01,-162.15,13.286,-22.484,0,0
0,0,0,0,-66.053,-39.354,163.17,-30.638,319.55,-243.25,-76.301,8.497,-15.511,0,0
0,0,0,0,20.826,-419.29,-66.936,307.19,318.22,-224.45,-11.5,-15.758,-10.89,0,0
0,0,0,0,-258.17,67.917,-23.818,11.859,39.77,-846.74,14.628,-20.938,-13.629,0,0
0,0,0,0,-15.372,26.895,746.94,140.45,-166.75,-377.36,15.636,-22.477,-9.2369,0,0
0,0,0,0,50.227,12.124,-1080.1,729.14,-967.78,-49.344,-0.5347,26.638,-5.3163,0,0
0,0,0,0,25.785,-322.77,-240.52,520.14,-519.34,-78.153,1.5,9.5613,-9.0858,0,0
0,0,0,0,-302.2,55.312,-433.54,479.34,-326.47,333.98,-139.22,-9.7434,-13.402,0,0
0,0,0,0,18.915,-49.691,-24.944,401.68,-112.82,-329.89,-3.9716,0.47187,-7.8403,0,0
0,0,0,0,21.742,10.171,655.53,77.887,-704.06,-180.88,0.57837,5.2566,-5.6896,0,0
0,0,0,0,5.3774,-163.22,896.44,45.431,-668.06,-83.946,-4.9886,-7.1095,-4.7925,0,0
0,0,0,0,31.42,-1359.4,188.87,473.08,727.45,-97.799,-51.561,-2.9527,-10.592,0,0
0,0,0,0,-237.26,70.314,268.62,-230.62,29.024,63.184,0.8496,-41.088,-38.131,0,0
0,0,0,0,-84.337,92.894,111.27,-100.15,181,97.446,-118.52,-2.3107,-11.837,0,0
0,0,0,0,39.928,-581.95,150.84,434.62,788.12,-289.76,-3.1708,-12.42,-12.96,0,0
0,0,0,0,57.088,-507.45,-16.273,459.08,227.67,-197.45,-6.9387,-5.962,-12.009,0,0
0,0,0,0,9.7557,31.729,37.851,494.98,-1103.7,0,0,0,0,0,0
0,0,0,0,10.544,32.844,-1321.1,1823.1,-636.38,0,0,0,0,0,0
0,0,0,0,23.188,15.447,-522.43,515.22,-1147.1,0,0,0,0,0,0
0,0,0,0,-13.997,-276.39,280.79,599.24,-355.72,-115.37,-1.8292,22.082,-12.426,0,0
0,0,0,0,35.48,23.748,-1326.6,1030.5,-623.73,-68.368,-0.32925,-1.145,-6.5825,0,0
0,0,0,0,21.258,0.61274,-766.48,887.21,-733.62,-171.12,4.183,20.703,-7.0018,0,0
0,0,0,0,-61.462,-262.04,138.52,-452.19,330.9,-346.91,-67.969,1.1471,-16.775,0,0
0,0,0,0,23.493,3.3729,269.31,1151.1,-215.02,-95.371,-4.8905,-10.941,-5.4632,0,0
0,0,0,0,-324.04,-182.91,-8.1674,28.022,-84.527,22.764,-288.5,-16.502,-20.683,0,0
0,0,0,0,15.975,-749.61,360.96,546.19,-292.29,8.0378,-43.008,12.51,-16.284,0,0
0,0,0,0,53.044,10.835,-999.83,617.38,-502.98,-119.35,1.3738,22.074,-15.116,0,0
0,0,0,0,26.981,-568.68,-9.6284,559.36,511.35,-252.51,-31.344,-17.305,-17.844,0,0
0,0,0,0,21.237,14.062,-661.63,547.48,-1147.2,0,0,0,0,0,0
0,0,0,0,9.9297,-4.9384,472.86,178.79,1064.9,-582.7,6.8017,-5.0176,-15.065,0,0
0,0,0,0,10.323,6.3519,-357.11,867.55,-987.36,0,0,0,0,0,0
0,0,0,0,27.518,27.625,-393.21,380.3,1131.8,-387.71,-10.426,-12.709,-10.555,0,0
0,0,0,0,35.57,39.533,38.7,288.5,274.73,-386.11,-7.8687,-28.681,-20.36,0,0
0,0,0,0,-389.65,0.9918,766.11,169.03,-63.976,272.13,-18.737,-47.697,-17.516,0,0
0,0,0,0,44.595,-16.062,320.44,-300.62,-160.42,359.66,401.98,-173.66,-23.213,0,0
0,0,0,0,20.247,-17.06,-1446.9,454.82,696.35,-482.65,-11.339,-14.911,-11.844,0,0
0,0,0,0,18.328,-449.78,29.684,681.48,-457.2,-24.421,-61.309,1.0903,-15.137,0,0
0,0,0,0,3.7291,1.4784,-851.33,861.42,74.445,-221.39,-2.8415,-11.275,-6.3774,0,0
0,0,0,0,22.182,-8.2129,-623.3,602.65,574.59,-430.71,-4.049,28.15,-15.559,0,0
0,0,0,0,40.642,-1009.3,361.02,442.91,113.13,-304.6,181.78,-89.032,-23.467,0,0
0,0,0,0,12.582,-23.902,-1592.6,502.95,-243.55,-165.5,-3.3292,-7.645,-10.942,0,0
0,0,0,0,-226.74,116.43,223.31,-60.051,-60.118,39.583,82.094,-35.803,-13.773,0,0
0,0,0,0,33.748,40.839,32.122,542.83,-136.43,-341.73,9.1986,-8.9662,-10.455,0,0
0,0,0,0,10.819,-513.88,-74.498,-101.57,265.25,-185.56,-35.367,3.3962,-16.579,0,0
0,0,0,0,3.5772,29.206,349.84,125.83,-209.32,-403.43,4.2793,-5.1818,-15.818,0,0
0,0,0,0,43.03,19.153,-428.06,427.34,251.31,-711.35,9.5368,18.045,-8.86,0,0
0,0,0,0,-366.39,11.325,197.31,-241.87,23.485,245.3,-285.35,-2.3481,-18.934,0,0
0,0,0,0,-0.058571,-540.81,332.88,653.89,330.05,-224.45,-11.5,-15.758,-10.89,0,0
0,0,0,0,-164.92,37.33,-213.98,173.1,84.536,114.06,-337.52,-11.808,-11.076,0,0
0,0,0,0,8.7111,-229.56,219.29,287.62,-1182.2,0,0,0,0,0,0
0,0,0,0,47.853,39.629,-1198.4,370.04,1424,-451.29,2.1169,-26.298,-12.415,0,0
0,0,0,0,30.295,23.809,-874.21,237.04,1267.2,-418.01,-5.8218,5.2978,-14.842,0,0
0,0,0,0,8.5281,231.92,-59.84,104.8,-243.11,-75.86,-303.57,11.395,-20.27,0,0
0,0,0,0,-13.796,-21.993,61.795,354.03,132.77,-332.9,35.964,38.504,-16.972,0,0
0,0,0,0,36.869,25.852,-1573.3,696.03,-313.83,-136.81,-2.9085,13.812,-5.6292,0,0
0,0,0,0,-390.25,-234.47,160.73,-34.089,338.42,546.31,-198.52,-14.951,-17.263,0,0
0,0,0,0,31.052,18.773,-1110.2,1380.8,-790.55,0,0,0,0,0,0
0,0,0,0,24.53,-10.927,-587.36,1003.7,41.982,-224.45,-11.5,-15.758,-10.89,0,0
0,0,0,0,24.491,-255.27,-566.4,264.83,1424,-335.38,-50.784,8.7766,-17.553,0,0
0,0,0,0,-246.61,-30.609,324.14,37.726,173.72,-182.2,159.96,82.281,-72.208,0,0
0,0,0,0,16.173,8.3149,824.47,72.7,-776.87,-237.31,-7.3035,10.085,-12.596,0,0
0,0,0,0,26.606,44.265,-124.5,538.16,-116.4,-155.43,2.6274,-5.799,-5.451,0,0
0,0,0,0,6.3756,5.8184,-43.607,398.97,-112.02,-385.37,-31.039,13.584,-17.109,0,0
0,0,0,0,39.611,-408.64,161.49,282.84,126.32,-251.65,-19.012,-3.2885,-13.209,0,0
0,0,0,0,38.514,-331.98,-288.72,633.79,-1029.9,0,0,0,0,0,0
0,0,0,0,-16.639,12.111,-416.92,921.37,-143.7,-169.49,-8.4865,-20.484,-11.248,0,0
0,0,0,0,39.244,-415.58,-121.18,1050.9,443.62,-232.18,-7.799,2.8714,-11.092,0,0
0,0,0,0,23.233,-856.02,-44.189,141.75,805.63,-711.93,-1.2575,-16.448,-17.618,0,0
0,0,0,0,-45.431,-379.19,76.946,965.28,-259.77,-57.621,-348.77,-24.292,-10.547,0,0
0,0,0,0,16.456,18.179,657.11,322.94,-1146.3,0,0,0,0,0,0
0,0,0,0,32.857,-159.7,-312.27,334,-1131.9,0,0,0,0,0,0
0,0,0,0,23.5,142.88,-36.33,384.75,194.53,-356.27,0.94647,-3.8011,-14.717,0,0
0,0,0,0,15.254,-292.58,34.37,728.55,-235.55,79.922,-55.689,10.015,-20.929,0,0
0,0,0,0,35.786,-513.84,191.12,766.56,170.27,-398.19,14.441,16.757,-9.4348,0,0
0,0,0,0,-3.168,-500.91,-145.85,364.05,-146.48,-115.37,-1.8292,22.082,-12.426,0,0
0,0,0,0,12.461,-156.09,-94.238,814.27,33.385,-410.55,18.949,6.8753,-14.06,0,0
0,0,0,0,30.565,71.917,-18.518,444.27,552.4,-250.8,-2.2631,-16.74,-10.914,0,0
0,0,0,0,40.765,-165.29,343.18,501.5,-242.39,-129.08,-6.6095,-4.817,-5.4264,0,0
0,0,0,0,-245.98,-107.35,24.98,-100.44,216.33,4.5714,288.83,-98.268,-14.752,0,0
0,0,0,0,-21.87,15.977,-1329.1,973.65,-306.2,-95.371,-4.8905,-10.941,-5.4632,0,0
0,0,0,0,18.635,19.546,310.36,507.21,187.01,-419.19,5.8304,-16.832,-10.96,0,0
0,0,0,0,19.881,16.125,543.29,71.283,-316.84,-311.04,-99.85,0.54127,-19.987,0,0
0,0,0,0,19.156,-7.945,-914.09,524.88,382.88,-271.93,0.1528,5.8636,-14.283,0,0
0,0,0,0,12.828,30.436,473.53,130.26,-1268.1,0,0,0,0,0,0
0,0,0,0,-230.22,-98.868,738.31,281.34,198.11,529.44,-188.49,-6.6651,-8.4019,0,0
0,0,0,0,37.908,17.59,-104.93,1272.1,-205.67,-221.87,-5.6998,-16.897,-14.486,0,0
0,0,0,0,28.553,14.46,514.17,444.76,36.366,-267.58,-126.91,-6.7267,-16.156,0,0
0,0,0,0,38.11,27.959,-663.27,292.21,-1261.6,0,0,0,0,0,0
0,0,0,0,-6.5137,-308.5,51.656,306.91,79.219,-159.21,-202.09,7.2877,-14.264,0,0
0,0,0,0,4.1866,11.358,-1529.9,537.51,481.17,-284.52,-3.9821,-10.616,-10.877,0,0
0,0,0,0,19.664,6.2153,-1692.9,462.84,640.26,-324.29,-9.1454,-0.084936,-6.1585,0,0
0,0,0,0,-395.91,144.7,291.86,223.06,-69.735,185.04,-74.797,31.883,-17.012,0,0
0,0,0,0,50.227,12.124,-1080.1,729.14,-691.95,-101.58,2.1585,-11.3,-8.7001,0,0
0,0,0,0,33.744,4.0616,-1373.6,601.86,-390.64,-136.81,-2.9085,13.812,-5.6292,0,0
0,0,0,0,12.068,1.2374,498.09,133.11,1701.2,-489.93,-2.401,-5.3469,-11.289,0,0
0,0,0,0,-316.35,-244.83,464.3,272.51,-188.89,306.13,212.85,-99.351,-12.923,0,0
0,0,0,0,10.554,-917.57,234.95,109,51.529,181.12,-81.885,3.3986,-27.831,0,0
0,0,0,0,15.602,-360.81,107.19,658.04,-226.01,-95.371,-4.8905,-10.941,-5.4632,0,0
0,0,0,0,39.96,332.07,-3.6347,428.44,-135.41,70.373,-169.94,14.123,-12.337,0,0
0,0,0,0,36.1,6.9019,191.36,1023.3,-96.744,-229.24,-12.339,9.9503,-11.558,0,0
0,0,0,0,6.2467,11.99,951.4,44.189,-635.5,-261.97,2.0311,1.9151,-6.2566,0,0
0,0,0,0,126.18,32.55,230.79,163.63,198.91,37.423,26.587,-169.84,-10.239,0,0
0,0,0,0,39.44,38.596,-420.33,875.23,461.5,-271.93,0.1528,5.8636,-14.283,0,0
0,0,0,0,32.626,-2.7856,81.67,346.82,74.22,-320.48,6.1017,-20.755,-14.691,0,0
0,0,0,0,-15.584,15.624,-36.454,279.97,240.7,-497.19,14.277,23.969,-20.432,0,0
0,0,0,0,-1.8077,29.417,-1247,1762.2,-632.21,0,0,0,0,0,0
0,0,0,0,42.439,15.479,-28,1044.1,29.286,-454.93,-3.2921,-10.368,-12.826,0,0
6.0622,9.6585,-0.098076,39.007,-71.993,-7.7332,158.66,-229.32,286.13,444.24,-190.84,-8.3026,-13.041,0,0
0,0,0,0,-16.473,-1.6113,-399.63,682.24,90.746,-499,6.4202,-33.613,-19.306,0,0
0,0,0,0,-1.7796,11.268,-9.9167,422.41,226.25,-536.4,2.6642,0.06338,-13.389,0,0
0,0,0,0,21.843,-16.507,-582.19,518.4,595.21,-289.76,-3.1708,-12.42,-12.96,0,0
0,0,0,0,24.815,-20.7,-580.92,736.52,-907.98,0,0,0,0,0,0
-3.9968e-015,1.2075,8.5066,194.09,-89.206,22.233,52.41,319.86,-232.86,-6.3011,-63.472,-175.79,-18.548,0,0
0,0,0,0,31.518,42.068,287.96,501.75,34.828,-450.19,15.777,0.74135,-14.589,0,0
0,0,0,0,28.632,-566.12,186.81,296.77,-20.452,-499,6.4202,-33.613,-19.306,0,0
0,0,0,0,-498.89,94.104,186.02,-181.76,118.22,42.248,-68.11,291.65,-105.3,0,0
0,0,0,0,21.174,-20.434,-389.86,369.42,315.18,-272.39,-14.79,-9.2949,-11.029,0,0
-11.258,-1.6878,3.3415,-502.31,98.611,132.93,-28.08,-92.607,-36.159,121.3,19.283,167.36,-133.91,0,0
0,0,0,0,20.955,48.804,221.06,180.51,338.55,306.03,-165.65,3.4695,-19.438,0,0
0,0,0,0,-21.993,-598.88,151.73,658.13,55.697,8.1749,-56.977,9.6486,-20.905,0,0
0,0,0,0,10.939,-248.7,-934.31,467.55,-154.37,-155.43,2.6274,-5.799,-5.451,0,0
0,0,0,0,-5.247,21.575,772.94,553.78,-570.03,-228.18,18.445,16.539,-9.043,0,0
0,0,0,0,13.73,-6.2497,-41.498,337.28,-268.2,-459.52,16.491,-7.8388,-12.931,0,0
0,0,0,0,-331.15,207.69,-54.695,-61.109,200.9,200.09,-133.68,14.504,-20.85,0,0
0,0,0,0,28.275,12.388,-871.94,629.76,782.54,-503.22,8.6738,-12.566,-14.126,0,0
0,0,0,0,-152.82,-50.087,-891.48,68.094,116.33,2.9426,-34.165,-26.303,-25.031,0,0
11.332,13.883,0.69615,-399.21,11.595,36.848,-57.006,-135.55,-206.93,198.9,-3.1671,184.68,-107.39,0,0
0,0,0,0,17.905,-224.78,-1356.5,383.08,-72.34,-177.59,-5.5703,37.443,-12.035,0,0
0,0,0,0,18.288,-663.41,81.271,124.85,-212.91,55.474,-58.363,-1.1944,-7.317,0,0
0,0,0,0,7.1711,4.6615,-201.37,719.13,-181.09,-214.93,4.2925,-5.3726,-6.8349,0,0
0,0,0,0,-2.4817,-248.78,849.98,393.65,211.02,-231.88,-12.639,-1.6274,-10.75,0,0
0,0,0,0,6.1825,-33.934,-732.76,527.4,385.34,-457.27,2.5236,-42.109,-15.646,0,0
0,0,0,0,-151.68,-558.18,224.22,-38.02,-435.58,254.3,-128.1,7.1585,-16.781,0,0
0,0,0,0,12.301,-19.687,-1270.6,651.88,206.15,-223.8,2.2982,-6.9441,-12.033,0,0
0,0,0,0,17.569,-4.7177,-280.67,1099.1,-308.15,-305.76,-4.2374,-30.38,-18.905,0,0
0,0,0,0,20.176,13.223,-1658.9,544.02,-515.21,-129.08,-6.6095,-4.817,-5.4264,0,0
0,0,0,0,28.054,12.356,-1425.8,551.89,1264,-420.14,-0.88309,-12.632,-9.172,0,0
0,0,0,0,6.6445,218.22,28.075,-27.195,-12.406,-415.45,-15.299,-17.246,-11.411,0,0
0,0,0,0,4.2372,-13.907,-295.31,415.65,940.31,-388.92,-4.1029,-35.173,-12.589,0,0
0,0,0,0,14.671,-656.72,-253.63,360.9,260.24,61.926,-111.19,-0.92163,-18.31,0,0
0,0,0,0,10.787,-164.51,47.328,379.28,61.806,-138.8,-1.1708,1.221,-12.04,0,0
0,0,0,0,21.619,-577.3,87.569,292.12,176.05,300.63,-156.44,1.5912,-14.429,0,0
0,0,0,0,50.227,12.124,-1080.1,729.14,50.225,-222.83,-0.63485,-37.318,-19.83,0,0
0,0,0,0,11.069,164.14,76.473,454.97,199.14,56.117,-232.31,-6.6083,-13.334,0,0
0,0,0,0,30.143,13.717,235.27,118.71,-34.591,-415.24,1.3595,-0.32837,-6.3481,0,0
0,0,0,0,45.612,-133.15,157.75,836.23,-63.32,-136.81,-2.9085,13.812,-5.6292,0,0
0,0,0,0,24.004,-407.77,-33.981,323.89,212.19,-165.5,-3.3292,-7.645,-10.942,0,0
-0.6863,-0.88606,-14.801,-237.79,256.54,20.863,-704.34,268.48,91.594,-136.76,39.808,-256.94,-21.494,0,0
0,0,0,0,-37.286,360.98,-170.12,-80.075,-62.823,-39.896,293.53,-276.49,-20.852,0,0
0,0,0,0,10.88,-609.15,381.77,-127.5,-1.3928,-9.5915,-33.087,8.8047,-15.331,0,0
0,0,0,0,175.61,231.88,43.471,-45.645,221.06,134.09,320.77,-101.49,-20.283,0,0
0,0,0,0,16.266,14.124,414.92,604.31,-61.796,-225.28,-8.5724,-14.415,-12.986,0,0
0,0,0,0,3.9905,-0.68486,-538.68,1036.9,-762.37,0,0,0,0,0,0
-2.1651,-0.63397,0.40849,-243.93,64.459,50.226,-7.0981,441.36,-6.3845,858.25,-275.5,-32.569,-19.871,0,0
0,0,0,0,-377.2,-53.492,-31.477,209,285.48,-40.05,-411.6,-26.801,-14.676,0,0
0,0,0,0,23.225,125.22,147.21,351.09,-53.115,149.87,-424.36,-11.592,-17.434,0,0
0,0,0,0,-86.919,282.6,103.62,546.63,-387.68,-13.361,159.22,-244.51,-11.288,0,0
0,0,0,0,-1.9772,-80.318,280.72,-189.77,280.63,309.41,-140.59,1.9575,-14.956,0,0
0,0,0,0,21.431,29.659,-88.279,790.24,65.246,-317.89,-11.999,-31.094,-13.728,0,0
0,0,0,0,15.147,-44.559,93.159,432.28,-19.17,100.24,-165.66,17.126,-18.406,0,0
0,0,0,0,33.938,-12.829,-364.18,1213.8,487.86,-223.8,2.2982,-6.9441,-12.033,0,0
0,0,0,0,36.298,9.9145,-845.72,375.92,38.687,-416.79,16.374,3.3529,-8.4886,0,0
0,0,0,0,44.709,-288.46,-175.62,288.11,82.355,312.97,-129.52,-4.1659,-11.72,0,0
0,0,0,0,41.659,13.202,-757.86,900.36,374.41,-263.58,-2.8651,3.587,-7.3146,0,0
0,0,0,0,14.604,2.1361,-1396,419.05,1428.7,-431.19,-7.7336,33.095,-7.8699,0,0
0,0,0,0,8.2704,14.931,675.01,81.26,811.69,-334.01,-3.7067,5.953,-12.772,0,0
0,0,0,0,-156.83,225.28,154.95,286.29,158.83,-217.97,-40.367,31.093,-10.515,0,0
0,0,0,0,9.2324,4.1292,376.66,148.38,1087.3,-392.89,1.7443,-17.217,-17.312,0,0
0,0,0,0,19.788,-331.16,428.5,338.56,741.72,-390.88,-6.1899,12.303,-19.375,0,0
0,0,0,0,-17.004,-781.49,-34.652,103.7,611.48,237.14,-165.4,-18.466,-22.11,0,0
0,0,0,0,16.241,-18.533,-83.408,745.81,-32.657,-377.36,15.636,-22.477,-9.2369,0,0
0,0,0,0,29.109,-68.629,-30.265,488.89,539.2,-232.18,-7.799,2.8714,-11.092,0,0
-7.7942,-5.9264,0.43301,-257.86,57.791,68.845,294.31,80.259,312.74,130.96,-137.22,-67.455,-23.752,0,0
0,0,0,0,0.91242,-599.54,-268.07,326.06,459.91,-205.18,-3.2377,12.667,-12.212,0,0
0,0,0,0,54.905,3.0655,69.154,815.59,338.11,-599.47,2.846,6.7183,-18.924,0,0
0,0,0,0,0.93662,9.418,115.75,380.81,456.94,-587.25,42.948,35.272,-19.271,0,0
0,0,0,0,7.5359,-922.33,362.54,162.99,815.76,-367.37,-93.9,31.229,-21.834,0,0
0,0,0,0,9.9901,-770.4,897.68,3.8185,-231.23,-169.85,-9.2712,18.814,-11.832,0,0
0,0,0,0,10.188,109.09,-28.476,133.34,191.33,-505.24,0.53317,-7.4907,-14.643,0,0
0,0,0,0,-0.64351,30.634,-232.24,789.5,-984.88,0,0,0,0,0,0
0,0,0,0,-3.6256,11.158,-135.4,414.32,62.782,-335.54,8.2111,0.78918,-19.467,0,0
0,0,0,0,23.863,-139.02,280.09,8.1219,78.6,-141.75,-164.09,-1.8365,-13.084,0,0
0,0,0,0,0.60201,16.46,-203.75,859.12,287.33,-252.54,0.15849,-24.94,-9.62,0,0
0,0,0,0,10.121,-416.3,297.11,611.32,1436.8,-573.09,5.1029,-10.673,-13.104,0,0
0,0,0,0,29.797,5.509,-1390.9,613.53,-666.08,-93.752,-3.5,1.6962,-4.0981,0,0
0,0,0,0,28.734,-1018.8,641.26,41.606,1086,-360.61,-0.61034,6.8681,-17.663,0,0
0,0,0,0,7.4668,-128.77,41.337,387.86,82.499,-377.36,15.636,-22.477,-9.2369,0,0
0,0,0,0,21.025,-540.02,40.071,-265.37,-3.1932,38.201,168.99,-55.421,-14.514,0,0
0,0,0,0,-239.38,-51.895,208.19,-84.779,-58.937,342.55,-334.06,3.9252,-13.057,0,0
0,0,0,0,28.964,8.5314,-559.9,451.61,-266.15,-371.19,-5.2252,-7.8861,-12.442,0,0
0,0,0,0,-4.5406,-349.74,12.119,-4.9825,-129.8,29.969,-88.163,-12.192,-12.214,0,0
0,0,0,0,-5.5819,70.184,68.42,452.75,226.07,-349.45,-23.514,-9.2787,-18.95,0,0
0,0,0,0,19.664,6.2153,-1692.9,462.84,1561,-458.79,-5.401,8.3191,-8.0466,0,0
0,0,0,0,-1.851,-316.07,-297.28,340.54,-178.31,46.213,-56.501,-1.5409,-20.349,0,0
0,0,0,0,24.417,5.1459,-820.15,1095.6,-275.31,-154.46,-0.30561,-36.173,-13.247,0,0
0,0,0,0,23.148,-758.23,-429.43,213.61,-16.562,-611.31,4.8436,18.951,-19.859,0,0
0,0,0,0,9.8038,-78.558,1033.7,37.919,-363.01,-137.91,-5.6618,17.131,-10.765,0,0
0,0,0,0,14.941,-223.92,767.85,526.82,51.129,-444.43,11.306,11.232,-12.721,0,0
0,0,0,0,2.1609,-4.6675,870.18,188.78,-712.31,-291.6,10.699,20.761,-11.939,0,0
0,0,0,0,7.4857,-151.85,-1175.3,287.16,419.48,-268.46,-12.76,35.597,-16.079,0,0
0,0,0,0,11.804,-2.3418,-829.72,841.92,-679.14,-106.67,2.1597,-3.0347,-14.204,0,0
0,0,0,0,32.021,-145.26,248.53,272.7,-129.33,209.66,-237.21,2.1893,-12.253,0,0
0,0,0,0,20.917,-239.05,375.56,390.93,36.274,-312.24,-36.432,-2.7279,-16.388,0,0
0,0,0,0,1.6744,-313.16,-972.06,545.64,-382.88,-93.752,-3.5,1.6962,-4.0981,0,0
0,0,0,0,37.136,24.696,303.84,190.24,-56.2,-415.45,-15.299,-17.246,-11.411,0,0
0,0,0,0,15.517,11.848,-1080,355.69,-239.4,-155.43,2.6274,-5.799,-5.451,0,0
0,0,0,0,-4.0753,-113.1,-24.242,22.761,102.26,328.31,-149.5,-27.551,-17.677,0,0
0,0,0,0,-9.499,24.282,-206.14,399.32,-1188.6,0,0,0,0,0,0
0,0,0,0,10.549,-38.905,245.06,162.22,473,-139.73,-460.84,-5.9292,-17.815,0,0
0,0,0,0,10.211,35.554,-962.54,326.71,-674.07,-97.134,-3,-6.5,-4.3595,0,0
0,0,0,0,-347.55,157.51,55.57,-49.288,39.805,-34.146,-21.95,12.498,-19.047,0,0
0,0,0,0,38.418,-239.78,240.86,527.39,83.047,133.51,-110.98,-6.3663,-10.721,0,0
0,0,0,0,26.292,-315.54,-142.91,991.73,-341.58,-270.85,7.116,-10.714,-5.9934,0,0
0,0,0,0,0.88101,-665.75,261.27,593.92,84.405,300.47,-152.8,2.7365,-13.679,0,0
0,0,0,0,15,269.92,141.88,-121.44,-386.9,84.393,-44.492,-208.43,-14.417,0,0
0,0,0,0,18.708,68.411,-210.9,-120.56,-55.467,57.581,1.9387,-43.782,-18.874,0,0
0,0,0,0,-142.75,7.2729,225.85,-279.98,29.516,-63.73,89.503,62.032,-234.59,0,0
0,0,0,0,13.967,10.248,674.13,82.581,-550.63,-129.08,-6.6095,-4.817,-5.4264,0,0
0,0,0,0,7.1074,15.633,-798.04,986.87,-954.17,0,0,0,0,0,0
0,0,0,0,-0.47484,-13.673,352.92,345.86,-250.04,-260.74,-6.645,-10.777,-12.21,0,0
-19.053,-18.408,-11.072,-48.405,107.91,196.77,330.58,-276.07,-18.561,154.04,414.45,-129.12,-14.051,0,0
0,0,0,0,-102.58,-182.58,154.23,238.04,-249.18,-167.96,0.091506,0.14623,-8.8717,0,0
0,0,0,0,16.025,59.502,355.97,4.2451,-242.78,281.65,-132.89,-16.259,-15.295,0,0
0,0,0,0,3.8631,-81.581,532.37,464.79,83.776,218.32,-92.138,10.054,-12.172,0,0
0,0,0,0,-6.3678,196.43,73.926,96.888,99.761,-125.63,-219.16,-3.2859,-15.282,0,0
0,0,0,0,-2.9327,0.044229,1111.9,24.247,1604,-523.41,-0.35858,-26.769,-14.477,0,0
0,0,0,0,48.106,-215.9,-5.5001,364.93,-220.66,550.23,-142.34,16.975,-8.8187,0,0
0,0,0,0,18.511,4.9118,-83.631,1223.3,-833.35,-68.55,1.4575,6.9575,-5.4396,0,0
0,0,0,0,5.747,-9.3206,-860.62,1110.8,-996.59,-41.636,-16.593,-2.7123,-9.5335,0,0
0,0,0,0,16.45,44.913,-262.34,207.08,-374.54,-146.05,-0.7847,13.208,-14.018,0,0
0,0,0,0,9.6866,-985.41,631.74,33.723,1714.2,-485.79,-9.9623,-1.4767,-6.9273,0,0
0,0,0,0,33.745,-472.08,102.8,487.52,-214.55,-36.53,-97.556,-13.602,-12.28,0,0
0,0,0,0,-162.65,-11.665,175.1,127.44,298.08,-127.88,-46.099,12.668,-14.056,0,0
0,0,0,0,-185.51,57.48,145.49,272.92,356.42,-303.87,-24.052,-2.4007,-12.141,0,0
0,0,0,0,-6.6444,-262.11,70.968,360.14,116.86,147.85,-221.74,6.4462,-13.44,0,0
0,0,0,0,20.883,-8.9743,-777.65,1063.5,604.52,-290.58,-7.4264,-6.2087,-6.1953,0,0
0,0,0,0,-248.49,-94.03,-95.527,32.768,277.27,129.76,-89.853,-5.953,-10.27,0,0
0,0,0,0,2.6735,-8.7446,-193.59,747.29,-721.99,-193.3,5.75,0.71234,-9.634,0,0
5.2174,14.228,0.5996,226.87,-174.92,108.59,26.487,-57.772,-209.09,10.519,-143,225.38,14.527,-26.665,6.3522
0,0,0,0,34.177,20.367,498.98,477.77,78.327,-457.93,20.272,31.268,-18.727,0,0
0,0,0,0,18.114,-5.529,143,710,-218.03,-559.53,18.535,3.1857,-13.987,0,0
0,0,0,0,-9.5035,-85.887,177.51,243.37,53.485,-285.63,-3.0131,-6.3092,-13.343,0,0
0,0,0,0,11.654,-4.2279,-889.84,448.25,681.72,-321.59,-14.5,-22.258,-15.249,0,0
0,0,0,0,0.40225,-30.272,-299.72,921.42,1063.7,-433.71,-6.6208,-10.825,-11.238,0,0
0,0,0,0,42.017,-10.298,-1502,549.1,511.68,-292.34,-5.5359,-1.7679,-5.0915,0,0
0,0,0,0,27.906,-24.006,-888.26,463.51,553.83,-282.98,-6.6977,51.591,-12.981,0,0
0,0,0,0,1.1768,14.838,-384.01,264.08,1574.6,-462.34,-4.7336,19.429,-11.112,0,0
0,0,0,0,34.335,3.9384,-465.04,928.06,-82.846,-289.25,-7.9931,-20.417,-19.382,0,0
0,0,0,0,-14.22,-526.74,410.19,238.96,11.964,-125.6,-44.448,-0.92075,-14.276,0,0
2.1863,6.5021,-7.09,192.44,63.994,8.1226,140.07,-18.622,75.986,301.06,-229.99,12.141,-18.344,0,0
0,0,0,0,1.381,-342.11,102.68,568.09,179.96,-165.5,-3.3292,-7.645,-10.942,0,0
0,0,0,0,2.8986,-29.25,-1029.7,1124.3,-82.359,-155.43,2.6274,-5.799,-5.451,0,0
0,0,0,0,13.391,-593.36,758.85,339.11,740.39,-289.76,-3.1708,-12.42,-12.96,0,0
0,0,0,0,23.851,7.1749,-1677.5,476.37,1551.6,-453.56,-5.1887,-11.072,-15.423,0,0
22.522,4.6322,-11.476,377.73,-96.965,217.62,-396.33,299.8,833.22,41.729,-220.56,52.88,71.378,-214.93,0.86603
0,0,0,0,13.131,-82.619,329.49,951.65,-397.33,-174.4,-4.6169,3.32,-7.4808,0,0
0,0,0,0,-100.63,0.2608,186.52,205.22,140.93,363.47,-293.42,-41.656,-21.952,0,0
0,0,0,0,-250.73,27.749,184.42,9.0278,-132.97,159,112.85,-89.078,-17.451,0,0
0.86603,2.683,-7.3792,101.62,2.7925,157.75,-247.26,273.47,166.81,200.36,-50.452,58.927,-65.932,0,0
0,0,0,0,12.571,-655.07,29.349,600.92,327.06,80.196,-109.84,-3.7942,-17.828,0,0
0,0,0,0,-5.9324,-573.63,-324.9,646.43,518.28,-258.37,-8.1046,-13.135,-16.738,0,0
0,0,0,0,358.72,11.556,-387.96,232.93,436.21,-534.73,223.52,-151.07,-20.964,0,0
0,0,0,0,25.807,14.806,-349.39,859.17,796.59,-437.95,15.157,-10.263,-12.359,0,0
0,0,0,0,15.906,-343.24,-164.35,202.82,-19.308,-333.15,-4.7497,-19.076,-11.886,0,0
0,0,0,0,39.568,28.938,-1495.9,556.29,670.35,-303.57,0.13726,22.594,-21.869,0,0
0,0,0,0,48.042,-7.1097,-399.42,482.21,215.25,-719.95,9.1357,13.513,-5.2942,0,0
0,0,0,0,15.253,26.039,780.71,63.517,1439,-576.53,-18.642,-15.16,-13.39,0,0
0,0,0,0,28.865,-341.42,-137.57,-58.757,252.33,220.84,-112.78,2.3472,-15.61,0,0
0,0,0,0,35.294,-323.07,-128.5,402.27,620.5,-232.18,-7.799,2.8714,-11.092,0,0
0,0,0,0,17,127.71,69.525,-50.603,370.85,449.54,-316.27,-46.574,-23.053,0,0
-2.1651,-0.63397,0.40849,-243.93,-40.784,100.72,-66.848,-17.288,-90.02,252.7,42.925,-73.013,-21.259,0,0
0,0,0,0,11.334,-12.535,308.9,1173.5,-482.66,-160.4,-20.823,-13.881,-4.1519,0,0
0,0,0,0,24.76,27.771,453.41,162.61,940.68,-651.22,-3.8382,28.035,-13.486,0,0
0,0,0,0,20.923,31.02,808.49,335.71,4.3552,-398.19,14.441,16.757,-9.4348,0,0
0,0,0,0,24.647,11.067,-1091.1,448.02,181.34,-208.67,9.1095,15.86,-17.025,0,0
0,0,0,0,17.777,77.833,-22.978,17.473,133.74,112.49,-74.274,-12.945,-11.713,0,0
0,0,0,0,-9.6632,-579.22,-87.366,760.95,-76.744,14.186,-56.714,-0.55353,-13.496,0,0
0,0,0,0,0.95457,46.732,33.519,173.38,932.99,-814.17,15.062,-20.168,-19.707,0,0
0,0,0,0,34.669,-260.09,210.08,-179.64,68.549,-192.76,-56.208,20.087,-15.841,0,0
0,0,0,0,24.77,126.82,-25.032,229.84,289.13,-226.36,0.4641,-8.9339,-3.9746,0,0
0,0,0,0,20.29,-864.94,-380.48,232.22,728.46,172.87,-124.76,7.1397,-18.582,0,0
0,0,0,0,6.9656,41.682,315.66,1479.9,-320.59,-47.003,-1.5,23.227,-5.8433,0,0
0,0,0,0,1.3009,165.44,345.85,-60.207,-114.21,112.28,-183.86,8.0344,-14.981,0,0
0,0,0,0,30.438,-330.9,-396.91,1110.9,-988.88,0,0,0,0,0,0
0,0,0,0,12.919,-4.1442,-1189.2,877.66,914.64,-337.58,-8.9264,17.019,-12.039,0,0
0,0,0,0,16.053,-242.87,133.97,276.7,88.766,-188.31,-41.92,-18.085,-24.452,0,0
0,0,0,0,-5.5406,-264.05,145.9,477.62,-96.065,52.043,-125.37,-13.992,-11.626,0,0
-6.9282,0.8726,-0.13397,-100.88,115.81,60.81,-15.806,11.093,-14.738,-150.52,324.91,-107.36,-16.339,0,0
0,0,0,0,39.568,28.938,-1495.9,556.29,-270.44,-189.95,0.57925,-40.579,-16.377,0,0
0,0,0,0,9.4501,-414.32,493.86,365.14,-176.87,-115.22,-65.947,-15.353,-18.92,0,0
0,0,0,0,21.731,28.271,-536.42,244.42,900.89,-572.25,14.198,-21.46,-14.28,0,0
0,0,0,0,34.823,-0.017627,-922.32,647.58,90.947,-306.88,20.08,37.111,-13.68,0,0
0,0,0,0,10.629,-144.28,-26.104,510.08,-87.42,-282.22,-18.219,-14.513,-11.46,0,0
0,0,0,0,-7.3008,-436.91,99.266,-43.949,399.43,-75.568,-55.044,7.1666,-21.289,0,0
0,0,0,0,14.87,12.4,-23.948,223.6,-1265.1,0,0,0,0,0,0
0,0,0,0,48.891,-599.68,37.246,-111.5,185.58,220.84,-112.78,2.3472,-15.61,0,0
0,0,0,0,2.7515,-265.28,63.919,378.95,-129.91,-195.77,-49.155,4.6659,-14.403,0,0
0,0,0,0,25.706,6.8403,-502.37,1021.8,-392.78,-140.87,-1.683,4.7321,-10.915,0,0
0,0,0,0,25.681,-501.61,266.21,449.96,-185.76,101.35,-259.19,6.3905,-18.74,0,0
0,0,0,0,27.607,-517.76,-226.2,765.72,443.79,-232.18,-7.799,2.8714,-11.092,0,0
0,0,0,0,5.082,-665.82,-143.28,253.03,-169.98,-78.721,-23.649,23.462,-16.714,0,0
0,0,0,0,32.762,-509.6,139.62,582.36,575.9,-232.18,-7.799,2.8714,-11.092,0,0
0,0,0,0,-160.51,56.288,49.26,71.751,274.41,-204.73,-63.39,13.007,-20.78,0,0
0,0,0,0,19.664,6.2153,-1692.9,462.84,786.22,-352.04,-4.0906,-16.473,-13.781,0,0
0,0,0,0,27.766,-4.1836,-647.03,313.06,1087,-482,6.0368,-9.4486,-11.929,0,0
0,0,0,0,26.789,-66.714,63.262,57.495,392.51,-292.8,-59.18,0.85617,-24.289,0,0
0,0,0,0,18.118,135.74,255.54,355.67,356.7,-265.67,-177,3.2324,-18.702,0,0
0,0,0,0,27,465.53,-114.56,-247.06,-26.782,287.25,-198.69,-17.713,-17.208,0,0
0,0,0,0,26.522,-322.34,338.05,571.49,-11.811,-82.768,-100.43,-18.598,-18.056,0,0
0,0,0,0,38.526,44.164,-504.15,439.78,-1185,0,0,0,0,0,0
0,0,0,0,2.9525,-341.59,-198.76,545.6,-130.22,-129.08,-6.6095,-4.817,-5.4264,0,0
0,0,0,0,15.198,14.898,-506.45,1023.2,-957.19,-47.003,-1.5,23.227,-5.8433,0,0
0,0,0,0,18.798,28.869,201.29,155.85,-1268.9,0,0,0,0,0,0
0,0,0,0,4.5563,-299.02,229.85,306.83,42.67,-80.783,-192.58,7.8307,-14.909,0,0
0,0,0,0,33.615,-533.81,172.65,376.98,18.674,-160.23,-3.6095,-18.483,-8.669,0,0
0,0,0,0,7.1307,11.996,608.25,146.17,-91.427,-167.18,-275.54,16.216,-13.569,0,0
0,0,0,0,110.42,142.89,21.301,41.38,144.99,-77.784,-12.116,-160.19,-16.248,0,0
0,0,0,0,-409.6,-157.52,284.76,131.54,5.1217,117.51,-246.11,-21.204,-16.063,0,0
0,0,0,0,19.289,-851.28,-94.228,842.55,-356.06,-459.57,1.817,-17.105,-10.121,0,0
0,0,0,0,-3.3445,399.1,207.19,452.62,-194.47,-6.5899,-268.88,-6.0876,-17.1,0,0
0,0,0,0,28.732,13.195,481.6,1099.5,-544.29,-38.046,-118.48,-25.422,-12.491,0,0
0,0,0,0,32.286,-262.62,557.02,632.06,-313.08,-297.63,1.8529,5.8134,-14.697,0,0
0,0,0,0,0.79311,-639.68,419.11,228.74,-154.55,139.9,-89.995,-1.7425,-11.019,0,0
0,0,0,0,-164.77,168.97,-98.824,-123.59,333.82,140.96,-79.175,-15.645,-16.929,0,0
0,0,0,0,23.851,7.1749,-1677.5,476.37,197.82,-236.77,-6.0727,25.381,-17.383,0,0
0,0,0,0,9.9632,-3.4261,-910.76,594.34,544.5,-284.52,-3.9821,-10.616,-10.877,0,0
0,0,0,0,42.738,27.288,-541.77,410.31,540.94,-290.58,-7.4264,-6.2087,-6.1953,0,0
0,0,0,0,-0.13573,-152.38,-736.41,597.15,399.56,-379.65,9.5293,-10.964,-11.268,0,0
0,0,0,0,20.869,11.776,94.612,284.37,342.16,-357.01,18.58,7.384,-12.196,0,0
0,0,0,0,21.724,-90.449,212.81,623.86,-436.93,-68.368,-0.32925,-1.145,-6.5825,0,0
0,0,0,0,25.548,19.719,509,261.62,-1194.1,0,0,0,0,0,0
0,0,0,0,27.38,16.435,-1700.4,632.29,452.21,-263.58,-2.8651,3.587,-7.3146,0,0
0,0,0,0,37.971,-397.37,-21.584,682.33,-85.46,-59.601,-68.992,-1.3603,-14.47,0,0
0,0,0,0,33.549,48.151,-94.587,433.75,-503.53,-129.08,-6.6095,-4.817,-5.4264,0,0
0,0,0,0,25.523,-269.87,-130.86,501.12,224.22,-504.47,33.779,11.418,-13.933,0,0
0,0,0,0,39.785,3.1131,-1406,598.29,804.83,-330.58,-3.0547,2.4784,-17.809,0,0
0,0,0,0,-309.03,114.96,-146.81,96.775,307.46,78.283,239.18,-107.43,-21.116,0,0
0,0,0,0,29.896,22.214,-1129.7,441.35,637.97,-324.29,-9.1454,-0.084936,-6.1585,0,0
0,0,0,0,2.4925,-132.85,297.51,253.07,-426.14,-97.134,-3,-6.5,-4.3595,0,0
0,0,0,0,7.0873,-7.7422,412.6,724.79,-312.82,-250.3,-5.2386,-8.7925,-6.1764,0,0
0,0,0,0,12.339,16.562,-1177.6,1423.7,-794.61,0,0,0,0,0,0
0,0,0,0,21.045,-27.707,22.115,208.68,309.57,-392.1,12.13,19.206,-21.655,0,0
0,0,0,0,30.214,50.37,-1096.7,1468.5,-751.18,0,0,0,0,0,0
0,0,0,0,33.132,22.318,117.27,485.58,62.618,-304.07,2.884,31.142,-9.3319,0,0
0,0,0,0,27.846,-25.939,-1600,508.91,202.61,-230.4,-3.2554,3.8914,-20.353,0,0
0,0,0,0,-7.793,-161.92,1048.1,197.74,1172.5,-381.79,3.0915,-14.733,-9.4256,0,0
0,0,0,0,27.426,-507.97,422.12,210.79,135.34,-286.94,-49.704,-3.5425,-12.884,0,0
0,0,0,0,13.884,-1374.7,624.74,17.424,939.31,-352.21,-93.901,-37.782,-17.528,0,0
0,0,0,0,20.733,-195.55,144.79,255.57,230.05,8.1749,-56.977,9.6486,-20.905,0,0
0,0,0,0,-13.931,-65.534,-14.048,251.52,245.86,-439.8,9.6627,2.2659,-6.828,0,0
0,0,0,0,37.034,-258.15,-337.28,646.25,115.54,-165.5,-3.3292,-7.645,-10.942,0,0
0,0,0,0,19.259,-18.919,-593.59,1423.4,-748.4,0,0,0,0,0,0
0,0,0,0,-229.45,-44.601,170.5,-64.493,54.804,229.22,-118.48,17.845,-20.059,0,0
0,0,0,0,5.9444,-443.48,147.44,66.275,288,66.785,-123.71,-8.8532,-11.763,0,0
0,0,0,0,16.33,-354.73,-209.24,810.25,353.13,-471.13,9.1471,2.366,-11.623,0,0
0,0,0,0,23.924,1.1364,-292.45,296.04,1241.2,-419.66,-14.036,-11.026,-11.622,0,0
0,0,0,0,7.0853,-4.9522,-96.416,1033.8,-73.807,-451.51,-22.835,-13.19,-12.527,0,0
0,0,0,0,22.697,10.857,-207.42,219.51,-31.687,-703.95,6.8861,-7.9973,-18.734,0,0
10.794,-14.615,84.523,372.62,-35.214,-10.871,93.748,86.174,121.95,437.57,-264.43,-14.786,-206.17,0,0
0,0,0,0,25.097,13.032,-1248.6,394.7,1561.3,-449.42,-12.75,-7.2022,-11.061,0,0
0,0,0,0,22.79,-142.35,310.86,452.48,-69.526,-22.114,-169.76,9.9952,-13.495,0,0
9.9593,-3.6782,-170.34,24.267,9.549,-70.361,72.352,-44.175,75.935,-65.788,-67.724,365.89,-133.64,0,0
0,0,0,0,13.699,-2.7883,-1356.4,492.12,676.45,-310.58,-4.3651,26.814,-13.158,0,0
0,0,0,0,34.234,-3.7712,-225.62,930.26,-356.65,-106.67,2.1597,-3.0347,-14.204,0,0
0,0,0,0,34.269,3.5299,-542.81,889.56,-861.52,0,0,0,0,0,0
0,0,0,0,-244.27,27.756,31.495,-52.626,-78.917,102.87,-378.24,-1.7497,-12.484,0,0
0,0,0,0,15.625,-10.132,-1488.9,573.34,1710.1,-485.79,-9.9623,-1.4767,-6.9273,0,0
0,0,0,0,46.142,-590.54,195.18,512.01,472.43,-196.21,-0.034374,17.832,-11.857,0,0
0,0,0,0,25.508,-5.413,-1710.3,721.61,1238.5,-372.79,-8.1062,42.175,-12.767,0,0
0,0,0,0,45.83,25.396,-442.97,762.25,-97.383,-256.64,3.3819,-1.2524,-12.252,0,0
0,0,0,0,13.472,27.63,-554.87,466.67,-241.27,-166.54,1.2802,-8.2835,-13.337,0,0
-22.084,-3.6077,2.5736,-180.38,-18.537,82.938,16.779,504.52,1437.6,-421.68,76.579,-144.11,-14.304,0,0
0,0,0,0,26.33,24.574,-1406.1,673.92,248.86,-233.64,-6.6241,26.613,-19.071,0,0
0,0,0,0,45.56,24.003,-37.794,1015.2,17.48,-428.52,-2.5308,-37.559,-21.33,0,0
0,0,0,0,14.508,25.544,868.51,526.18,72.531,-638.35,12.319,1.7189,-6.8905,0,0
0,0,0,0,21.52,-88.272,-146.79,561.01,62.357,17.999,-266.17,-3.3541,-15.261,0,0
0,0,0,0,10.309,26.474,-829.71,318.11,1280.4,-662.56,-5.2859,2.5646,-8.9506,0,0
0,0,0,0,20.585,-29.182,-651.02,350.97,237.78,-322.37,31.841,23.364,-14.459,0,0
0,0,0,0,30.963,32.954,-533.91,279.99,1266.9,-648.1,15.462,24.944,-16.935,0,0
0,0,0,0,19.377,-388.05,21.852,486.88,69.538,-109.28,-64.268,26.283,-14.269,0,0
0,0,0,0,45.017,6.8068,-993.29,780.32,-825.39,-68.368,-0.32925,-1.145,-6.5825,0,0
0,0,0,0,34.348,28.864,-1560.9,584.21,840.64,-332.02,-5.4444,18.544,-6.3612,0,0
0,0,0,0,19.664,6.2153,-1692.9,462.84,1709,-485.79,-9.9623,-1.4767,-6.9273,0,0
0,0,0,0,46.022,14.193,-623.41,485.82,-1189.8,0,0,0,0,0,0
0,0,0,0,33.731,-349.27,-327.71,379.38,32.522,-462.24,-0.14054,22.899,-12.191,0,0
0,0,0,0,33.835,21.856,-1594.9,503.03,957.38,-350.64,0.091506,-1.067,-6.183,0,0
0,0,0,0,5.6723,-593.44,-448.82,342.3,227.02,-840.61,19.969,0.79367,-15.581,0,0
0,0,0,0,33.815,-495.74,106.61,175.55,-95.899,-205.28,-67.605,-20.079,-15.721,0,0
0,0,0,0,7.7647,30.165,365.28,139.36,-380.41,-138.8,-1.1708,1.221,-12.04,0,0
0,0,0,0,23.656,-70.475,-204.76,367.19,22.401,180.63,-104.51,2.7778,-17.296,0,0
0,0,0,0,13.31,-387.86,103.84,239.37,5.3951,105.77,-110.94,-19.684,-16.731,0,0
0,0,0,0,21.034,-1.4515,532.52,120.78,1283.2,-546.09,9.6642,-0.87708,-14.223,0,0
0,0,0,0,8.0204,-367.47,-219.28,740.55,-34.532,-155.43,2.6274,-5.799,-5.451,0,0
0,0,0,0,10.919,47.176,-839.53,283.82,1418.4,-427.9,-9.6519,9.3845,-10.081,0,0
0,0,0,0,16.941,-234.99,767.55,155.16,947.35,-483.74,7.1752,-17.706,-14.356,0,0
0,0,0,0,20.906,-17.932,-272.82,271.16,945.66,-458.9,-5.2847,26.731,-15.403,0,0
0,0,0,0,17.435,-234.19,-139.66,470.52,-141.74,-291.86,-22.227,-6.5897,-5.701,0,0
0,0,0,0,3.2919,-88.761,70.979,255.68,427.49,-542.04,8.9707,-21.264,-11.627,0,0
0,0,0,0,-434.03,63.004,464.36,-0.70332,-76.616,-166.98,12.42,-150.38,-10.133,0,0
0,0,0,0,29.077,19.266,-1085.5,362.76,1568.2,-458.79,-5.401,8.3191,-8.0466,0,0
0,0,0,0,19.664,6.2153,-1692.9,462.84,1709,-485.79,-9.9623,-1.4767,-6.9273,0,0
0,0,0,0,35.937,23.949,-823.56,502.5,190.56,-335.05,0.75,16.719,-17.905,0,0
0,0,0,0,-325.89,301.34,244.63,-172.83,11.745,-68.037,-117.08,95.734,-56.585,0,0
0,0,0,0,34.519,20.648,-1606.6,494.59,368.31,-265.64,-3.3774,7.0981,-6.1896,0,0
0,0,0,0,33.304,15.406,-662.35,628.8,312.72,-224.45,-11.5,-15.758,-10.89,0,0
0,0,0,0,20.008,17.58,-802.76,589.96,801.52,-332.02,-5.4444,18.544,-6.3612,0,0
0,0,0,0,-226.89,-132.85,5.7165,160.57,785.4,-447.22,-9.9527,-18.159,-8.0105,0,0
0,0,0,0,152.09,169.37,-22.287,378.04,25.337,-504.72,-87.253,-169.86,-21.596,0,0
0,0,0,0,43.07,23.71,340.71,1139.2,-414.61,-92.296,-107.82,14.519,-10.498,0,0
0,0,0,0,16.218,38.078,-1520.8,846.67,-658.91,-70.434,-0.84151,2.366,-5.4575,0,0
0,0,0,0,20.45,-681.38,-350.09,405.98,1.2833,-387.43,13.252,-8.3992,-11.23,0,0
0,0,0,0,41.084,20.6,635.86,170.78,-1100.6,-119.76,0.49343,0.066987,-8.134,0,0
0,0,0,0,90.796,18.821,253.13,65.624,-318.47,-44.519,147.63,-79.499,-22.014,0,0
0,0,0,0,19.664,6.2153,-1692.9,462.84,363.19,-265.64,-3.3774,7.0981,-6.1896,0,0
0,0,0,0,18.51,-42.734,-93.234,226.88,110.83,199.4,-127.43,-1.9889,-14.288,0,0
0,0,0,0,28.368,15.622,-835.92,723.92,530.5,-289.76,-3.1708,-12.42,-12.96,0,0
0,0,0,0,33.487,-319.63,-380.66,570.68,-201.14,-137.91,-5.6618,17.131,-10.765,0,0
0,0,0,0,-409.62,302.07,2.3248,88.54,61.503,69.464,62.243,-14.481,-11.736,0,0
0,0,0,0,35.061,-11.561,-922.83,824.35,516.73,-290.58,-7.4264,-6.2087,-6.1953,0,0
0,0,0,0,9.9913,-673.78,341.56,-21.704,-176.44,-80.079,40.494,-36.936,-12.942,0,0
0,0,0,0,18.549,-146.93,141.91,-151.52,268.55,118.77,-112.64,-11.505,-10.584,0,0
0,0,0,0,17.423,11.852,-131.59,723.96,602.72,-365.78,-14.342,-15.541,-13.638,0,0
0,0,0,0,21.682,-496.44,-266.24,121.24,469.87,275.15,-179.82,-28.946,-14.76,0,0
0,0,0,0,-0.72844,-494.93,882.14,115.06,394.96,-250.8,-2.2631,-16.74,-10.914,0,0
0,0,0,0,39.651,26.643,-1100.3,600.91,-514.55,-128.28,-1.0822e-011,-20.166,-7.602,0,0
0,0,0,0,21.985,15.246,-670.2,695.4,-186.43,-136.81,-2.9085,13.812,-5.6292,0,0
0,0,0,0,0.20818,-359.69,538.08,309.62,59.503,-1131.2,21.038,5.6286,-14.923,0,0
0,0,0,0,35.05,-600.3,661.8,77.343,-477.1,8.5193,-28.743,6.4007,-13.869,0,0
0,0,0,0,5.4121,262.03,185.97,-66.807,66.511,-425.47,12.777,2.7904,-11.786,0,0
0,0,0,0,-18.419,-25.837,191.93,829.67,-28.071,-261.83,11.87,-13.572,-14.722,0,0
0,0,0,0,17.306,36.68,-940.68,771.52,-1068.3,0,0,0,0,0,0
0,0,0,0,19.842,-388.92,211.24,517.63,-261.19,-33.385,13.183,-25.957,-5.2255,0,0
-3.0311,-0.57837,-232.59,-167.61,-40.349,32.122,62.712,213.11,-78.219,-54.637,251.23,-169.81,-21.161,0,0
-18.187,-6.7728,1.5,-169.5,0.70753,200.03,0.31956,-42.824,-192.66,-31.93,-0.065187,-206.5,-15.41,0,0
0,0,0,0,15.584,23.297,290.46,157.16,-145.05,-484.1,15.297,22.652,-16.129,0,0
0,0,0,0,19.408,-526.47,-87.512,594.74,260.77,-74.183,-64.299,11.751,-19.331,0,0
0,0,0,0,39.568,28.938,-1495.9,556.29,1247.5,-391.58,-0.65761,13.185,-14.895,0,0
0,0,0,0,25.731,14.931,-1104.3,467.02,-526.45,-95.371,-4.8905,-10.941,-5.4632,0,0
0,0,0,0,7.6053,-155.29,-386.22,425.43,259.93,159.67,-97.906,2.8708,-12.141,0,0
0,0,0,0,-149.06,117.06,25.508,-4.3144,519.21,-713.99,25.424,-15.693,-18.266,0,0
0,0,0,0,22.816,-396.23,192.35,343.18,-272.07,-98.889,-237.91,-4.8248,-13.395,0,0
0,0,0,0,18.415,-945.91,589.69,8.2151,1469.9,-427.39,-10.335,7.6034,-11.824,0,0
0,0,0,0,-25.314,186.45,75.273,-155.12,453.12,-147.6,-317.48,30.093,-19.291,0,0
0,0,0,0,34.712,-140.3,-500.37,470.93,-336.2,-49.882,-53.711,3.9707,-6.1651,0,0
0,0,0,0,36.486,-4.7308,-499.22,1011.9,-382.57,-138.8,-1.1708,1.221,-12.04,0,0
0,0,0,0,-27.454,391.95,-281.67,216.7,139.02,-14.233,-171.86,1.8759,-15.2,0,0
0,0,0,0,10.211,35.554,-962.54,326.71,1014.5,-640.27,-22.761,-19.047,-20.971,0,0
0,0,0,0,27.252,87.491,96.218,-81.871,308.39,-419.19,5.8304,-16.832,-10.96,0,0
0,0,0,0,-248.87,-24.793,111.31,91.551,149.71,43.714,-95.15,3.3885,-13.953,0,0
0,0,0,0,18.659,-0.86122,216.86,101.7,1493.4,-431.19,-7.7336,33.095,-7.8699,0,0
0,0,0,0,6.8708,66.369,293.44,-148.32,-37.253,435.99,-188.32,-2.0993,-17.926,0,0
0,0,0,0,7.3394,-900.21,-63.506,126.33,281.63,151.69,-169.46,0.2258,-13.473,0,0
0,0,0,0,13.109,-23.949,-1010,845.52,-873.42,0,0,0,0,0,0
0,0,0,0,15.625,-10.132,-1488.9,573.34,1710.1,-485.79,-9.9623,-1.4767,-6.9273,0,0
0,0,0,0,20.413,-1.413,-156.13,649.21,710.13,-499.92,23.472,36.194,-21.691,0,0
0,0,0,0,58.948,-180.27,-227.78,739.31,-531.2,-76.725,2.6887,1.1316,-13.551,0,0
0,0,0,0,-4.4348,-5.2401,336.47,1230.3,-838.87,0,0,0,0,0,0
0,0,0,0,39.116,22.817,165.17,331.24,35.653,-405.23,-1.5111,-18.515,-13.587,0,0
0,0,0,0,-135.89,13.672,99.438,137.16,82.248,-105.74,-226.76,21.484,-17.399,0,0
0,0,0,0,37.128,-7.2619,-932.61,984.28,-591.53,-95.371,-4.8905,-10.941,-5.4632,0,0
0,0,0,0,11.737,-6.7859,-557.43,763.35,91.366,-444.43,11.306,11.232,-12.721,0,0
0,0,0,0,46.026,-341.12,59.59,906.3,418.43,-205.18,-3.2377,12.667,-12.212,0,0
0,0,0,0,17.517,199.06,-79.347,324.9,260.47,-473.48,23.833,-6.1558,-10.304,0,0
0,0,0,0,0.93662,9.418,115.75,380.81,66.149,-474.67,5.1806,-18.071,-12.509,0,0
0,0,0,0,25.564,201.67,104.59,-5.396,191.13,1.8816,-225.68,12.587,-14.155,0,0
0,0,0,0,30.697,-268.37,130.32,521.72,86.571,-115.37,-1.8292,22.082,-12.426,0,0
0,0,0,0,26.664,25.338,-120.16,440.79,180.67,-205.18,-3.2377,12.667,-12.212,0,0
0,0,0,0,43.121,30.19,139.78,229.93,493.06,-463.16,4.2172,15.315,-21.101,0,0
0,0,0,0,-6.8319,213.12,72.192,298.98,-4.3089,-58.138,-227.47,12.013,-13.655,0,0
0,0,0,0,-340.03,-88.351,88.292,35.751,68.545,-155.32,145.05,-20.377,-14.208,0,0
0,0,0,0,1.564,-619.17,-153.32,480.9,651.16,-740.55,-1.5622,13.675,-20.96,0,0
0,0,0,0,32.958,138.27,-724.28,972.86,-181.15,-299.44,-3.9375,-7.52,-12.467,0,0
0,0,0,0,-3.2371,-580.48,-55.511,59.994,-170.13,-201.85,-9.2308,6.4462,-13.371,0,0
0,0,0,0,1.9525,-24.254,-1313.3,430.21,158.81,-434.02,1.1654,-17.644,-20.325,0,0
0,0,0,0,19.785,-109.15,-175.83,570.16,324.28,-306.88,20.08,37.111,-13.68,0,0
0,0,0,0,17.507,-241.19,-55.711,618.32,-605.8,-73.184,-1.8056,7.2207,-11.489,0,0
0,0,0,0,16.305,12.271,89.278,211.28,-9.6771,-214.93,4.2925,-5.3726,-6.8349,0,0
0,0,0,0,17.772,-3.846,180.9,887.29,177.15,-192.51,-7.8905,-17.441,-9.8227,0,0
0,0,0,0,11.156,-637.44,447.81,615.47,196.49,-160.34,-13.373,17.066,-17.454,0,0
0,0,0,0,37.77,3.2862,27.819,374.91,-137.63,-505.24,0.53317,-7.4907,-14.643,0,0
0,0,0,0,30.482,18.998,-315.56,917.18,181.89,-342.68,13.962,0.99103,-11.326,0,0
0,0,0,0,4.4435,3.8732,-478.25,634.94,-924.97,0,0,0,0,0,0
0,0,0,0,5.9085,-10.759,1040.6,77.04,1430.1,-431.19,-7.7336,33.095,-7.8699,0,0
0,0,0,0,6.6196,-20.572,-508.23,1039.7,-1269.9,0,0,0,0,0,0
0,0,0,0,-13.165,-148.6,69.815,53.645,150.47,-97.496,-154.01,7.523,-14.115,0,0
0,0,0,0,30.542,-27.578,-533.25,448.39,-382.79,-151.88,2.0595,-46.824,-21.116,0,0
0,0,0,0,-16.475,2.6068,768.66,423.78,-70.225,-513.65,12.69,5.1454,-11.982,0,0
0,0,0,0,13.21,19.745,433.87,677,3.7226,133.3,-125.49,15.714,-8.0622,0,0
18.26,18.627,-9.3595,-141.51,82.987,119.54,-57.694,-80.668,-65.387,-62.633,-273.17,-1.8926,-15.306,0,0
0,0,0,0,25.235,-2.2927,-170.85,139.1,216.92,-288.53,9.7111,-22.438,-13.624,0,0
0,0,0,0,26.126,-262.31,-91.813,-237.45,533.21,-423.19,-1.2295,2.3038,-12.098,0,0
0,0,0,0,9.526,-12.991,-1574.6,553.43,246.71,-223.8,2.2982,-6.9441,-12.033,0,0
0,0,0,0,22.542,8.8714,361.66,568.68,-432.04,-61.985,-199.16,16.74,-5.9527,0,0
0,0,0,0,6.6866,53.814,132.6,226.64,238.38,-235.98,-5.1977,28.363,-7.1378,0,0
0,0,0,0,26.422,223.93,315.93,40.651,-57.438,45.868,-311.58,-3.5514,-14.675,0,0
0,0,0,0,11.601,-9.7659,-467.09,425.64,-562.72,-411.36,11.192,20.828,-20.073,0,0
2.6193,-6.1337,-17.034,27.826,69.163,41.464,82.689,-52.279,-199.61,-308.63,242.37,-248.3,-17.094,0,0
0,0,0,0,19.664,6.2153,-1692.9,462.84,1709,-485.79,-9.9623,-1.4767,-6.9273,0,0
0,0,0,0,44.269,-253.8,-141.65,217.52,304.34,-129.35,-23.319,-0.50745,-13.825,0,0
0,0,0,0,19.231,-360.17,-727.05,394.18,716.94,-289.76,-3.1708,-12.42,-12.96,0,0
0,0,0,0,27.691,8.0224,72.95,586.77,-1067.4,0,0,0,0,0,0
0,0,0,0,29.462,3.3131,276.53,496.76,-261.42,-280.2,-2.1905,-7.6752,-8.6017,0,0
0,0,0,0,-212.87,100.25,-10.521,51.193,342.35,-49.945,13.623,-60.686,-17.844,0,0
0,0,0,0,-266.22,112.68,74.799,-9.5399,280.79,129.76,-89.853,-5.953,-10.27,0,0
0,0,0,0,11.156,-253.33,16.688,803.66,-65.563,131.95,-110.64,-3.6773,-11.086,0,0
0,0,0,0,187.75,-74.401,171.54,85.594,39.522,44.951,254.37,-132.85,-19.6,0,0
0,0,0,0,-153.98,-50.68,-166.95,166.35,-69.157,113.76,-113.85,-31.705,-20.814,0,0
0,0,0,0,8.2034,369.86,74.652,238.82,-10.025,-224.67,-335.64,4.6761,-13.903,0,0
0,0,0,0,10.658,70.158,63.59,-165.26,462.27,24.248,-409.81,-11.509,-8.8897,0,0
0,0,0,0,-325.41,192.67,213.29,140.85,-154.73,-77.032,-307.94,-44.731,-22.978,0,0
0,0,0,0,-5.5798,18.409,413.29,314.89,160.77,-134.78,-50.177,-5.788,-17.274,0,0
0,0,0,0,-331.97,-288.99,60.696,69.22,290.39,173.63,-92.272,8.6283,-16.184,0,0
-18.187,-6.7728,1.5,-169.5,-120.85,139.67,-388.37,344.82,330.58,-62.33,-280.47,-44.642,-17.85,0,0
-2.1651,-0.63397,0.40849,-243.93,104.34,157.88,108.91,76.692,47.661,178.01,204.95,-109.48,-12.531,0,0
0,0,0,0,64.816,68.221,129.11,-316.99,161.09,-24.373,-492.93,-22.847,-16.321,0,0
0,0,0,0,27.764,-65.126,-198.58,44.856,300.11,195.34,83.584,-87.273,-17.673,0,0
0,0,0,0,-272.65,107.68,16.488,-151.17,-42.576,76.254,207.94,-100.6,-9.4228,0,0
0,0,0,0,-112.64,-16.349,-159.63,40.242,80.767,48.689,-240.86,16.33,-12.32,0,0
0,0,0,0,-307.54,55.486,91.907,-235.49,30.684,183.74,-128.19,0.12051,-12.562,0,0
3.0311,6.5,3,-329.38,70.11,-34.535,4.7883,39.813,129.46,34.865,-131.24,-41.521,-12.223,0,0
0,0,0,0,-269.68,118.29,5.2461,387.89,71.128,-79.782,-262.35,-17.923,-13.886,0,0
0,0,0,0,1.0829,16.979,111.15,224.56,116,-346.83,15.339,-21.737,-14.716,0,0
25.553,20.005,-14.19,-135.74,-100.45,-59.425,5.8863,217.89,-50.189,-231.83,-56.691,8.7216,-15.519,0,0
0,0,0,0,173.13,124.94,-64.679,-42.604,25.673,144.65,-98.829,-136.51,-16.621,0,0
0,0,0,0,8.0338,-20.427,-86.343,351.18,184.42,-473.48,23.833,-6.1558,-10.304,0,0
0,0,0,0,16.415,-66.362,32.457,-96.672,358.12,21.174,-201.49,8.1525,-17.36,0,0
0,0,0,0,-1.9838,-139.35,-404.45,526.5,113.77,-221.39,-2.8415,-11.275,-6.3774,0,0
0,0,0,0,14.276,135.51,-134.47,426.81,59.512,-280.31,-130.84,7.9297,-14.277,0,0
0,0,0,0,27.42,-394.09,169.57,892.41,-131.79,-59.601,-68.992,-1.3603,-14.47,0,0
0,0,0,0,-154.04,-23.685,354.33,-5.0384,323.51,129.76,-89.853,-5.953,-10.27,0,0
0,0,0,0,-229.11,-3.6459,118.82,-84.473,201.61,-72.15,-74.586,4.3448,-20.99,0,0
0,0,0,0,118.42,-2.0556,84.847,-155.25,-68.07,110.1,-68.228,-216.48,-16.974,0,0
0,0,0,0,11.537,-147.46,-596.3,467.59,730.18,-323.49,-2.5359,-15.434,-8.3341,0,0
0,0,0,0,24.107,-19.944,-1422.9,585.04,511.47,-279.19,-9.299,26.099,-16.936,0,0
0,0,0,0,-107.16,30.194,322.72,29.649,196.61,-0.61274,-287.3,-1.0511,-13.347,0,0
0,0,0,0,241.29,55.346,10.118,-152.4,383.64,31.019,131.25,-242.14,-18.748,0,0
0,0,0,0,26.154,-52.294,-40.456,353.39,-38.696,-505.24,0.53317,-7.4907,-14.643,0,0
0,0,0,0,211.21,-36.878,326.55,-207.37,143.37,160.29,-350.5,7.8586,-17.096,0,0
0,0,0,0,-160.07,159.03,249.58,41.361,-233.41,32.612,-435.57,-13.295,-10.358,0,0
0,0,0,0,197.24,-88.903,-86.11,64.757,236.44,-229.88,12.467,-122.14,-25.129,0,0
0,0,0,0,-8.8166,57.511,80.05,-10.191,-19.262,120.07,-294.29,-3.5131,-14.55,0,0
0,0,0,0,-315.58,349.36,248.03,-35.077,152.54,-188.47,-198.19,-7.8895,-15.058,0,0
0,0,0,0,39.182,18.196,352.09,-79.865,170.55,62.13,-83.854,-50.349,-20.783,0,0
0,0,0,0,194.31,166.67,-27.737,-192.88,-6.8762,145.08,-439.49,-26.919,-19.863,0,0
0,0,0,0,41.568,16.767,-1337.2,608.45,-414.15,-160.23,-3.6095,-18.483,-8.669,0,0
0,0,0,0,-259.33,215.86,421.41,47.274,-230.5,-139.1,636.23,-592.22,-17.574,0,0
0,0,0,0,-418.04,20.378,274.24,-218.76,322.9,634.76,-229.43,-36.996,-20.597,0,0
0,0,0,0,37.871,143.15,136.16,80.637,260.93,8.5093,-249.47,-6.6974,-12.987,0,0
0,0,0,0,-22.925,-367.9,-162.86,230.03,-119.13,-323.27,-23.209,6.7279,-13.304,0,0
0,0,0,0,30.714,-564.27,19.718,317.16,564.59,-250.8,-2.2631,-16.74,-10.914,0,0
0,0,0,0,-332.41,83.902,135.43,-72.22,277.74,36.562,-70.224,-4.0598,-18.118,0,0
0,0,0,0,-321.73,-170.11,116.35,-9.2793,364.37,-24.205,7.3565,-31.127,-20.399,0,0
0,0,0,0,4.1131,-238.79,335.49,27.767,301.16,354.49,-149.19,-11.545,-12.031,0,0
0,0,0,0,-6.8433,-23.514,-71.431,-71.234,280.21,129.91,-243.32,-13.733,-21.115,0,0
0,0,0,0,35.052,-118.61,176.63,-89.889,105.35,-123.68,-241.96,-1.4111,-20.375,0,0
0,0,0,0,4.6813,-529.31,-35.228,557.24,-98.994,-288.53,9.7111,-22.438,-13.624,0,0
0,0,0,0,21.436,-491.63,65.436,499.85,-116.64,66.785,-123.71,-8.8532,-11.763,0,0
0,0,0,0,-412.92,1.6533,291.67,-10.834,35.461,1311.3,-322.6,-10.191,-18.285,0,0
0,0,0,0,31.235,-8.6743,85.194,-77.063,124.62,242.48,-246.06,-5.2659,-12.607,0,0
0,0,0,0,-300.41,109.17,243.42,117.81,-161.85,164.06,-380.19,-19.651,-15.071,0,0
0,0,0,0,1.7614,80.119,51.458,131.86,-169,-0.32208,-388.45,-0.6101,-14.255,0,0
0,0,0,0,179.15,38.467,-39.675,152.49,-197.88,-63.205,-329.16,-6.75,-14.504,0,0
0,0,0,0,-327.29,188.72,468.47,-46.391,-12.755,-30.346,-365.23,28.672,-18.427,0,0
0,0,0,0,-338.21,-119.08,368.56,-211.15,-102.56,78.687,178.64,-100.57,-16.087,0,0
0,0,0,0,27.766,-4.1836,-647.03,313.06,770.9,-512.51,-11.521,-28.754,-15.705,0,0
0,0,0,0,22.126,-5.726,-943.72,335.73,1263.7,-420.14,-0.88309,-12.632,-9.172,0,0
0,0,0,0,21.07,-590.29,57.208,200.28,24.254,-293.51,-75.635,3.5891,-20.375,0,0
0,0,0,0,21.157,13.391,-783.34,333.02,-137.74,-485.67,0.51795,2.0377,-11.806,0,0
0,0,0,0,19.664,6.2153,-1692.9,462.84,1270.8,-391.41,-2.5703,22.564,-12.589,0,0
0,0,0,0,11.041,34.516,40.8,163.02,1227.2,-489.25,-3.4151,10.786,-14.581,0,0
0,0,0,0,8.9656,29.696,-1391.4,408.38,967.57,-354.05,-7.8595,3.7386,-5.5981,0,0
0,0,0,0,15.206,25.728,495.47,97.607,1117,-624.8,9.884,-7.8738,-18.177,0,0
0,0,0,0,11.267,26.087,960.71,35.928,1088.1,-458.85,27.173,19.128,-19.939,0,0
0,0,0,0,2.1131,-135.67,-310.48,201.75,441.89,-940.37,6.5736,16.491,-13.982,0,0
0,0,0,0,19.664,6.2153,-1692.9,462.84,799.36,-332.02,-5.4444,18.544,-6.3612,0,0
0,0,0,0,7.0829,-587.22,963.52,268.48,927.13,-334.01,-3.7067,5.953,-12.772,0,0
0,0,0,0,16.96,-869.29,426.3,237.74,293.99,-234.35,-4.2745,-1.6172,-16.36,0,0
0,0,0,0,18.571,-2.1962,-1034.2,1408.2,-794.9,0,0,0,0,0,0
0,0,0,0,3.5772,29.206,349.84,125.83,790.71,-860.5,23.674,9.5532,-20.587,0,0
0,0,0,0,7.8553,-151.87,372.81,324.75,-265.44,-416.46,9.4584,-8.7733,-5.3583,0,0
0,0,0,0,12.881,18.338,-360.99,245.06,963.05,-350.64,0.091506,-1.067,-6.183,0,0
0,0,0,0,3.0272,-578.19,262.4,176.73,500.73,-476.87,-0.56306,-11.584,-14.102,0,0
0,0,0,0,31.681,23.161,-621.25,420.58,141.9,-808.69,21.795,-29.101,-20.223,0,0
0,0,0,0,3.8263,5.5284,-32.645,305.39,-1236.2,0,0,0,0,0,0
0,0,0,0,25.499,-2.4247,269.82,-298.9,-320.87,5.5066,-349.59,84.354,335.23,-97.134,3.0311
0,0,0,0,12.578,-299.96,-119.6,483.51,20.646,-188.83,-8.5245,30.141,-19.277,0,0
0,0,0,0,22.607,23.193,-1231.9,378.94,1601.7,-516.14,-19.202,-28.579,-17.104,0,0
-2.5981,12.52,21.098,64.98,-54.614,-225.71,-149.85,590.93,526.85,-265.85,1606,-275.66,-16.895,0,0
0,0,0,0,36.011,-400.88,581.29,161.42,103.83,-211.34,6.5105,-43.901,-18.804,0,0
0,0,0,0,-4.7269,-333.92,-66.894,556.76,356.88,-519.82,5.2258,5.6205,-19.504,0,0
0,0,0,0,23.851,7.1749,-1677.5,476.37,1399.2,-419.01,-0.23774,-2.212,-12.766,0,0
0,0,0,0,23.851,7.1749,-1677.5,476.37,955.06,-365.06,-11.807,23.546,-12.564,0,0
0,0,0,0,22.833,42.937,2.2682,233.57,1080.3,-490.55,-16.037,-13.175,-8.9121,0,0
0,0,0,0,19.377,104.45,134.64,396.54,-125.35,-387.43,13.252,-8.3992,-11.23,0,0
0,0,0,0,38.408,-31.568,207.62,182.42,-146.35,-482.17,-28.031,-19.732,-12.453,0,0
0,0,0,0,-338.42,-50.777,-139.36,226.04,156.06,173.63,-92.272,8.6283,-16.184,0,0
18.26,18.627,-9.3595,-141.51,147.1,183.07,15.825,-98.494,276.01,-116.89,-638.39,771.97,-184.65,0,0
0,0,0,0,-36.668,10.276,-48.681,188.28,174.95,186.77,-738.04,456.05,-397.84,0,0
0,0,0,0,7.18,185.76,126.75,495.42,248.79,-621.96,27.834,-24.943,-15.333,0,0
0,0,0,0,8.1095,-494.81,-71.064,103.83,-209.77,122,105.5,-51.424,-14.819,0,0
0,0,0,0,6.5326,-496.69,66.255,211.92,264.71,87.557,-135.23,-24.58,-19.067,0,0
0,0,0,0,30.214,-340.55,103.77,547.23,268.13,-224.45,-11.5,-15.758,-10.89,0,0
0,0,0,0,24.09,-294.4,-36.085,540.41,517.54,-232.18,-7.799,2.8714,-11.092,0,0
0,0,0,0,42.431,-342.81,201.95,386.69,71.499,65.67,-194.52,25.634,-21.61,0,0
0,0,0,0,108.71,133.31,-46.042,45.088,-60.712,110.01,-253.89,12.704,-17.598,0,0
0,0,0,0,28.338,192.86,48.57,37.034,318.54,8.5093,-249.47,-6.6974,-12.987,0,0
0,0,0,0,18.393,-1120.2,289.55,388.41,-243.96,-190.76,-16.883,-15.455,-15.826,0,0
0,0,0,0,-528.15,81.918,184.82,284.12,-148.01,105.55,235.94,-64.867,-13.339,0,0
0,0,0,0,17.018,92.884,-244.04,683.7,-19.252,286.79,-129.82,-20.173,-17.365,0,0
0,0,0,0,14.776,44.124,295.98,185.72,-773.18,-225.14,-9.4952,-4.1029,-4.6585,0,0
0,0,0,0,35.37,6.0437,120.75,444.35,2.0779,-425.47,12.777,2.7904,-11.786,0,0
0,0,0,0,29.793,-195.45,75.422,361.67,285.67,-197.45,-6.9387,-5.962,-12.009,0,0
0,0,0,0,24.407,-173.34,-307.97,941.88,-908.12,-26.665,-15.483,-9.442,-6.6752,0,0
0,0,0,0,27.998,5.0772,-1520.9,462.16,-524.62,-96.857,3.7793,17.513,-10.203,0,0
0,0,0,0,33.835,21.856,-1594.9,503.03,960.58,-361.01,-8.2679,-3.8427,-11.653,0,0
0,0,0,0,17.125,0.28349,109.62,187.39,-1270.6,0,0,0,0,0,0
0,0,0,0,25.396,13.298,-1593.9,516.1,56.269,-226.36,0.4641,-8.9339,-3.9746,0,0
0,0,0,0,28.505,21.236,83.298,598.92,162.97,-381.41,9.2901,11.346,-11.725,0,0
0,0,0,0,13.346,11.984,-491.21,340.11,-237.27,-256.16,31.276,24.48,-12.633,0,0
0,0,0,0,23.851,7.1749,-1677.5,476.37,-242.26,-169.95,1.8292,-12.445,-15.283,0,0
0,0,0,0,-7.3866,-609.49,-227.55,667.51,535.66,-196.59,-44.863,-4.3056,-11.518,0,0
0,0,0,0,17.996,-6.8481,-779.66,1179.7,-391.47,-113.19,-0.50809,21.984,-13.948,0,0
0,0,0,0,-3.1423,320.25,114.01,698.77,-2.4647,-13.89,-100.91,-5.866,-13.127,0,0
0,0,0,0,24.385,-348.65,-176.55,614.08,200.45,166.84,-98.227,26.546,-11.399,0,0
0,0,0,0,4.6744,-570.21,-97.948,601.3,-254.88,-291.86,-22.227,-6.5897,-5.701,0,0
0,0,0,0,8.8933,-445.5,184.6,196.34,54.298,218.32,-92.138,10.054,-12.172,0,0
0,0,0,0,-168.41,76.535,-69.454,306.17,145.78,10.631,-55.688,26.074,-10.984,0,0
0,0,0,0,17.871,14.574,156.09,316.42,313.67,-503.08,5.5377,4.049,-12.69,0,0
0,0,0,0,8.5317,-115.89,55.55,814.88,317.15,-463.46,7.9584,14.454,-11.202,0,0
0,0,0,0,-69.41,-1.4386,183.53,-257.77,36.727,112.25,-69.751,-2.616,-8.3595,0,0
0,0,0,0,5.7671,-585.88,24.922,472.24,380.52,339.26,-166.05,-4,-16.31,0,0
0,0,0,0,49.646,-161.58,-50,484.36,-228.34,-123.39,-35.307,3.3349,-4.5066,0,0
0,0,0,0,19.948,134.85,544.1,123.24,-167.41,58.683,-162.04,31.012,-13.975,0,0
0,0,0,0,28.856,-762.06,-25.544,763.07,-176.79,-58.021,-54.954,3.8546,-8.366,0,0
-12.124,-6.1944,106.37,-138.38,-4.1226,-238.57,826.91,307.3,-164.57,-136.81,-2.9085,13.812,-5.6292,0,0
0,0,0,0,2.8353,-520.06,-127.47,713.36,41.504,-462.24,-0.14054,22.899,-12.191,0,0
0,0,0,0,7.3272,-989.28,-132.32,111.38,442.04,-258.45,-144,-19.112,-20.085,0,0
0,0,0,0,20.042,-323.84,592.16,222.21,348.44,-664.64,-9.4161,-4.2691,-14.949,0,0
0,0,0,0,-5.6566,-55.96,538.34,7.3434,146.56,-522.6,9.7769,-3.7096,-16.145,0,0
0,0,0,0,27.371,29.813,-239.72,221.74,682.96,-889.69,-9.8695,-9.0885,-22.526,0,0
0,0,0,0,-337.29,-192.95,553.69,45.284,-452.79,-122.68,93.314,-33.391,-18.978,0,0
0,0,0,0,-58.208,-57.732,-92.992,319.46,44.253,20.698,-334.85,-1.4548,-11.146,0,0
0,0,0,0,-247.44,-325.17,461.89,187.9,25.573,264.99,-103.75,-28.019,-26.117,0,0
0,0,0,0,7.7638,-940.47,-6.0691,161.43,-77.847,-417.39,11.621,-3.4988,-13.191,0,0
-2.1438,-5.7087,-249.8,311.98,126.52,-218.04,83.658,-10.926,-13.536,139.28,-78.793,-36.438,104.11,-49.344,4.2721
0,0,0,0,42.136,86.304,196.96,123.68,244.47,-127.75,-411.96,1.9952,-17.356,0,0
0,0,0,0,12.901,56.433,-93.162,199.03,1716.5,-485.79,-9.9623,-1.4767,-6.9273,0,0
0,0,0,0,-378.2,-174.02,-249.97,612.75,40.292,-33.078,-32.652,-8.0239,-14.1,0,0
-2.5981,-4.866,-190,225.36,-34.169,5.4031,305.22,278.9,170.94,-519.82,5.2258,5.6205,-19.504,0,0
0,0,0,0,24.59,28.393,-174.64,146.2,234.18,-586.69,14.428,16.947,-18.418,0,0
0,0,0,0,26.78,-225.95,74.163,169.41,1244,-419.66,-14.036,-11.026,-11.622,0,0
0,0,0,0,17.187,-490.7,-194.76,470.56,-86.136,-98.133,-48.448,-12.238,-22.185,0,0
0,0,0,0,13.318,-347.99,-76.718,470.5,145.73,94.028,-98.975,0.51106,-12.136,0,0
0,0,0,0,-0.30617,-86.538,12.406,244.17,319.29,-381.41,9.2901,11.346,-11.725,0,0
0,0,0,0,17.559,155.7,-88.036,656.61,141.48,-527.11,24.728,-6.9303,-13.004,0,0
0,0,0,0,5.9085,-10.759,1040.6,77.04,1251.2,-383.83,-12.665,3.6884,-17.934,0,0
0,0,0,0,27.257,-578.6,28.555,126.79,82.035,-59.601,-68.992,-1.3603,-14.47,0,0
0,0,0,0,21.474,-414.59,112.41,512.57,94.695,217.22,-88.813,5.6657,-17.808,0,0
0,0,0,0,27.895,42.338,-461.51,519.78,-17.946,133.53,-94.443,10.654,-15.438,0,0
0,0,0,0,-13.107,118.11,406.67,-28.837,-121.03,-463.14,-7.3705,-22.1,-11.746,0,0
0,0,0,0,100.33,36.924,170.72,-261.24,97.87,-9.1259,137.86,-84.136,-19.65,0,0
0,0,0,0,31.778,-321.22,358.21,219.87,50.855,85.224,-204.12,7.84,-16.541,0,0
0,0,0,0,-317.01,133.52,250.03,-72.1,-16.914,66.524,-62.052,-13.844,-23.669,0,0
0,0,0,0,141.41,-57.071,61.027,12.234,287.53,55.18,-291.96,-3.7784,-10.372,0,0
0,0,0,0,16.877,-145.49,260.3,-21.077,-203.5,120.07,-294.29,-3.5131,-14.55,0,0
0,0,0,0,3.0461,91.604,120.5,553.29,504.01,-788.91,6.9486,-7.6115,-17.871,0,0
0,0,0,0,-11.954,-96.257,161.96,483.25,228.72,-455.27,2.4061,4.5111,-9.9261,0,0
0,0,0,0,10.24,-82.161,443.92,32.679,282.32,-644.77,24.04,-9.6067,-19.004,0,0
0,0,0,0,34.896,-78.059,17.189,540.44,173.82,-410.55,18.949,6.8753,-14.06,0,0
0,0,0,0,28.478,-83.169,-989.29,971.71,-17.976,-197.45,-6.9387,-5.962,-12.009,0,0
0,0,0,0,10.538,-445.57,-606.79,622.35,334.11,-241.7,-55.608,-6.2871,-18.586,0,0
0,0,0,0,14.203,-536.11,-109.37,419.63,640.82,-250.8,-2.2631,-16.74,-10.914,0,0
0,0,0,0,26.608,4.6825,790.56,50.973,644.44,-415.14,0.62917,3.9575,-7.1651,0,0
0,0,0,0,24.639,-175.17,-822.32,645.43,831.79,-337.58,-8.9264,17.019,-12.039,0,0
0,0,0,0,19.535,8.8657,119.13,143.07,319.45,-466.35,3.8344,-33.081,-17.613,0,0
0,0,0,0,22.058,-8.3077,42.208,594.36,-1063.5,0,0,0,0,0,0
0,0,0,0,54.836,-1.331,-616.84,487.59,1612.9,-512,-26.763,-24.709,-12.743,0,0
0,0,0,0,30.27,14.842,-518.86,371.96,274.68,-516.84,13.201,2.933,-12.397,0,0
0,0,0,0,-405.82,56.247,-82.05,-3.4614,198.25,291.14,-139.74,-1.7521,-12.154,0,0
0,0,0,0,-409.9,94.397,148.57,-157.76,-78.777,34.344,177.01,-101.96,-12.478,0,0
-2.1651,-0.63397,0.40849,-243.93,100.5,84.24,116.99,111.43,51.142,-31.178,52.488,-212.62,-98.708,0,0
0,0,0,0,-303.48,132.39,279.37,80.841,68.162,325.07,-145.36,-0.49551,-14.129,0,0
9.9593,11.243,-7.0556,-71.68,207.95,-81.478,36.575,-60.547,205.02,-203.69,-78.711,-65.782,-19.732,0,0
0,0,0,0,-121.75,79.687,218.07,-181.62,-36.604,61.334,44.312,-46.264,-17.116,0,0
0,0,0,0,-321.91,205.67,-110.55,146.64,75.412,150.14,54.068,-38.859,-19.717,0,0
0,0,0,0,-326,38.666,273.74,40.255,-94.348,538.94,-175.11,8.0912,-16.002,0,0
0,0,0,0,82.399,-47.614,127.93,-106.21,150.44,-16.422,-425.84,-16.692,-17.943,0,0
-5.6292,-4.7925,0.70753,-247.55,58.436,-8.3187,163.21,-142,96.258,281.22,374.07,-115.61,-19.369,0,0
-8.6603,15.575,-7.5328,17.566,19.314,37.919,92.288,-260.89,95.577,173.14,46.53,-262.83,-17.716,0,0
0,0,0,0,95.119,-52,34.316,-26.53,194.08,-63.876,-361.34,-6.0696,-15.583,0,0
0,0,0,0,-325.37,-13.423,29.912,60.924,69.062,158.15,-337.74,-14.47,-18.435,0,0
0,0,0,0,13.912,295.31,61.276,373.22,95.072,-459.52,16.491,-7.8388,-12.931,0,0
0,0,0,0,18.751,18.223,-1373.4,780.99,-443.73,-123.31,-3.3056,-22.507,-10.005,0,0
0,0,0,0,-229.35,-81.034,-200.87,15.965,44.615,-295.39,-47.52,4.8792,-13.21,0,0
0,0,0,0,75.731,-162.83,375.6,-135.55,15.951,48.689,-240.86,16.33,-12.32,0,0
0,0,0,0,33.489,-196.03,236.77,1015.1,71.136,-284.06,-9.3035,-11.446,-10.85,0,0
0,0,0,0,-156.7,40.229,-183.06,259.51,32.541,-559.53,18.535,3.1857,-13.987,0,0
0,0,0,0,-8.6232,-77.281,-214.46,414.62,72.648,-373.67,5.5891,-7.2832,-11.522,0,0
0,0,0,0,-59.33,-118.55,61.759,11.254,226.56,-459.52,16.491,-7.8388,-12.931,0,0
0,0,0,0,327.59,-338.22,294.88,100.64,-285.61,142.25,-434.68,-3.6011,-16.609,0,0
0,0,0,0,1.7674,-543.58,-94.221,-20.401,425.09,-15.758,-109.07,-29.329,-19.584,0,0
0,0,0,0,24.851,-416.55,-47.855,51.411,530.89,-85.822,-67.268,0.24551,-15.312,0,0
0,0,0,0,9.122,-187.99,28.641,31.722,-176.03,-122.93,12.274,-34.877,-18.61,0,0
0,0,0,0,31.655,-289.37,137.41,54.507,120.33,184.66,-129.08,-7.1274,-14.151,0,0
0,0,0,0,43.3,220.3,88.011,-109.53,31.609,89.39,103.62,-87.457,-21.545,0,0
-19.053,-18.408,-11.072,-48.405,111.36,150.31,-17.68,91.953,7.9256,-10.305,134.46,-248.59,-10.62,0,0
-2.0801,9.8678,-240.59,-49.804,-47.812,-153.01,-122.71,58.689,189.94,129.03,139.04,72.926,-309.78,0,0
0,0,0,0,79.512,-72.89,-372.69,142.89,19.316,-17.119,-176.17,-136.02,-16.188,0,0
-18.187,-6.7728,1.5,-169.5,-91.201,200.03,50.237,-31.011,12.238,54.706,89.446,166.25,-83.864,0,0
0,0,0,0,19.471,206.46,28.316,11.877,315.99,-100.6,-315.98,6.866,-13.447,0,0
0,0,0,0,43.603,-159.48,281.14,470.47,-81.1,-558.65,-1.1357,8.049,-10.964,0,0
0,0,0,0,-246.13,95.269,111.65,79.844,-174.08,4.2953,404.9,-115.13,-11.795,0,0
0,0,0,0,-496.96,96.013,291.06,31.395,-21.543,106.21,87.871,-160.98,-17.498,0,0
-2.5981,-4.8905,10.162,25.182,29.479,-196.43,-57.275,-190.22,171.7,102.88,165.48,156.62,-208.32,0,0
-9.9593,7.8612,-27.575,106.91,98.066,-59.402,34.456,-35.416,9.8748,0.47844,306.46,-39.891,-285.45,0,0
0,0,0,0,28.13,-366.61,-62.378,603.99,46.418,204.22,-237.21,12.471,-18.103,0,0
0,0,0,0,-135.07,14.888,317.06,-166.66,76.563,265.03,-295.61,145.48,-145.74,0,0
-22.084,-3.6077,2.5736,-180.38,-0.88934,-8.3128,262.86,96.25,249.23,52.091,-325.51,5.4668,-19.762,0,0
0,0,0,0,-319.4,-14.896,-116.99,97.348,-95.499,-58.188,-445.74,-21.922,-16.919,0,0
-2.1651,-0.63397,0.40849,-243.93,-178.64,37.307,57.132,80.87,-132.33,120.44,-365.45,1.3995,-18.066,0,0
2.5981,23.91,5.7728,60.636,29.073,1.3726,-264.88,210.83,-70.974,224.48,-222.22,-206.68,-14.118,0,0
0,0,0,0,3.9178,43.389,-622.6,548.29,766.65,-577.02,10.044,1.951,-3.6896,0,0
3.4641,-15.16,-252.83,131.42,136.7,134.93,-16.508,5.5149,128.42,171.43,168.4,-462.27,-19.143,0,0
-5.6292,-4.7925,0.70753,-247.55,175.66,-155.83,17.029,131.35,-61.473,150.94,3.1139,-7.7054,-63.337,0,0
-6.9282,0.8726,-0.13397,-100.88,24.906,207.71,-22.792,-128.1,-34.964,91.252,126.12,-111.32,-18.627,0,0
0,0,0,0,175.92,-23.944,33.229,152.77,-222.31,-33.559,131.89,-185.73,-20.516,0,0
4.7631,6.7925,2.433,162.42,24.66,5.0652,-127.18,-202.94,272.48,-7.8355,251.38,-312.71,-26.024,0,0
0,0,0,0,-126.22,121.09,86.713,-68.48,301.81,310.72,194.14,-232.04,-21.438,0,0
0,0,0,0,49.206,-9.68,-91.45,108.43,87.613,132.67,-87.158,-124.25,-17,0,0
0,0,0,0,8.6854,-2.125,-161.71,335.59,626.93,-495.94,48.586,55.627,-23.517,0,0
0,0,0,0,-9.1501,-21.151,-954.74,978.45,459.42,-271.93,0.1528,5.8636,-14.283,0,0
0,0,0,0,22.194,10.062,43.288,544.31,240.42,-346.83,15.339,-21.737,-14.716,0,0
0,0,0,0,25.396,13.298,-1593.9,516.1,617.86,-325.73,-6.9387,-26.128,-19.611,0,0
2.5981,8.5736,15.415,-86.231,-26.359,5.5625,-505.28,383.88,275.53,-235.98,-5.1977,28.363,-7.1378,0,0
0,0,0,0,55.111,-2.8131,-764.15,491.27,1226.8,-501.63,-2.7111,38.488,-14.758,0,0
0,0,0,0,33.067,9.2318,-175.04,338.8,247.48,-455.27,2.4061,4.5111,-9.9261,0,0
0,0,0,0,19.664,6.2153,-1692.9,462.84,515.87,-289.76,-3.1708,-12.42,-12.96,0,0
0,0,0,0,1.1968,11.903,534.02,1292.3,-456.06,79.12,62.373,-154.04,-5.5849,0,0
0,0,0,0,36.726,-0.19495,-1251.8,681.27,-513.09,-111.21,-3.5033,25.997,-11.863,0,0
0,0,0,0,-14.595,-14.166,-1175.6,807.92,296.33,-224.45,-11.5,-15.758,-10.89,0,0
0,0,0,0,32.17,10.49,-1265.9,646.11,353.57,-252.57,-0.3726,-12.299,-9.8104,0,0
0,0,0,0,-6.2461,11.485,21.901,1000.9,-912.4,0,0,0,0,0,0
0,0,0,0,10.275,17.881,30.961,507.9,-147.71,-165.5,-3.3292,-7.645,-10.942,0,0
0,0,0,0,38.111,26.844,-708.25,419.36,-80.716,-192.51,-7.8905,-17.441,-9.8227,0,0
0,0,0,0,26.652,-72.522,-126.49,377.73,-55.592,-505.8,-4.8325,-2.5135,-11.871,0,0
0,0,0,0,10.26,-471.59,-369.83,285.16,158.6,98.769,-79.907,11.621,-13.899,0,0
0,0,0,0,5.93,177.88,-42.397,539.81,101.16,-23.142,-130.41,-16.965,-16.522,0,0
0,0,0,0,31.007,-159.12,288.41,95.944,-53.363,-275.86,-60.792,13.569,-16.188,0,0
0,0,0,0,-400.94,14.777,258.02,-118.6,106.69,246.29,-120.41,-7.7925,-12.7,0,0
0,0,0,0,-288.04,80.381,103.08,-197.53,199.16,207.98,-118.44,4.1809,-17.404,0,0
0,0,0,0,-321.74,46.294,-20.595,18.691,172.03,8.1749,-56.977,9.6486,-20.905,0,0
0,0,0,0,20.735,194.92,121.63,89.062,120.67,-509.21,14.71,0.30833,-12.17,0,0
0,0,0,0,11.053,-37.876,-28.302,674.61,-12.885,-449.7,-17.044,0.14351,-14.758,0,0
0,0,0,0,27.688,-557.05,113.39,516.47,199.88,-730.26,12.717,-0.42853,-17.902,0,0
0,0,0,0,28.003,-28.256,-824.07,1362.7,-807.48,0,0,0,0,0,0
0,0,0,0,-18.461,-278.24,8.129,433.61,6.0156,-473.48,23.833,-6.1558,-10.304,0,0
0,0,0,0,12.737,78.781,36.329,-81.879,277.86,84.945,-112.14,19.55,-16.929,0,0
0,0,0,0,-264.18,122.82,155.55,143.75,-124.64,338.15,-150.1,3.0957,-18.045,0,0
0,0,0,0,28.536,151.98,117.27,637.95,-22.696,96.087,-101.27,-6.7377,-14.805,0,0
0,0,0,0,20.768,-601.31,-56.984,859.54,29.671,-590.48,6.038,-20.283,-19.661,0,0
0,0,0,0,13.497,-407.72,233.33,77.94,268.17,206.44,-99.974,21.739,-20.877,0,0
0,0,0,0,26.4,-318.86,-107.19,5.088,-162.75,-360.72,-33.485,15.723,-14.335,0,0
0,0,0,0,-259.78,83.073,96.238,-43.534,141.95,109.21,-342.44,0.71803,-191.92,217.53,-217.37
0,0,0,0,-324.16,-195.53,-88.548,455.73,-12.706,324.16,-138.94,7.096,-15.094,0,0
0,0,0,0,-260.11,-18.26,103.32,-69.714,-184.86,162.5,254.14,-195.67,-18.395,0,0
0,0,0,0,180.2,-156.5,289.1,-118.1,-282.98,68.258,277.19,-111.93,-14.283,0,0
0,0,0,0,23.888,18.238,-472.29,240.81,-214.22,-165.5,-3.3292,-7.645,-10.942,0,0
0,0,0,0,-406.62,-0.27392,264.71,-174.24,-217.23,70.124,-1.5148,-74.33,-16.902,0,0
0,0,0,0,-303.81,116.53,177.67,17.89,-13.63,310.33,-147.01,-5.634,-13.992,0,0
0,0,0,0,252.11,-20.765,-192.46,-222.73,82.029,212.28,-352.14,8.1399,-18.752,0,0
0,0,0,0,78.435,-67.913,112.21,25.852,204.57,383.23,30.651,-316.98,-15.049,0,0
0,0,0,0,3.497,-402.55,-96.34,512.75,14.018,-165.81,-5.7321,-8.5748,-10.921,0,0
0,0,0,0,24.01,-333.58,-183.54,450.66,158.5,-373.67,5.5891,-7.2832,-11.522,0,0
18.26,18.627,-9.3595,-141.51,-16.98,257.12,-74.341,184.97,-46.736,-58.773,34.115,-23.605,-19.155,0,0
-17.732,0.66234,-0.33341,-105.05,-56.562,32.396,-57.944,-13.442,159.42,135.29,215.15,-91.398,-13.416,0,0
0,0,0,0,-236.05,44.554,157.39,-1.7692,70.071,-39.968,163.21,-72.812,-20.623,0,0
0,0,0,0,-417.07,316.52,-11.947,-66.756,-122.01,34.153,262.37,-77.449,-11.696,0,0
0,0,0,0,28.832,4.7569,-1677.5,491.34,952.18,-350.64,0.091506,-1.067,-6.183,0,0
0,0,0,0,11.379,269.72,-166.52,26.194,-30.734,164.65,-244.71,13.586,-17.81,0,0
0,0,0,0,15.528,116.36,-231.34,73.357,213.75,-341.73,9.1986,-8.9662,-10.455,0,0
3.0311,6.5,3,-329.38,292.37,-27.406,16.685,60.26,141.5,99.579,194.3,-67.067,-15.78,0,0
0,0,0,0,95.57,234.73,-202.04,-177.25,26.026,68.022,-74.913,-293.23,-23.219,0,0
-4.4409e-015,2.5736,-88.64,177.8,233.14,99.858,-30.344,12.611,-217.48,75.654,32.795,66.237,-80.748,0,0
0,0,0,0,34.071,-258.07,15.082,566.33,-70.418,-165.81,-5.7321,-8.5748,-10.921,0,0
0,0,0,0,52.403,2.9938,-329.3,645.58,585.83,-290.58,-7.4264,-6.2087,-6.1953,0,0
0,0,0,0,8.2593,-418.2,67.014,479.53,1.969,-527.11,24.728,-6.9303,-13.004,0,0
0,0,0,0,-1.6734,-439.76,-283.8,351.98,32.839,-489.12,-16.503,-4.1687,-18.214,0,0
0,0,0,0,35.695,-168.76,-319.3,587.15,152.06,-530.65,33.473,-4.5888,-19.578,0,0
0,0,0,0,32.196,25.411,33.292,538.97,25.854,-454.93,-3.2921,-10.368,-12.826,0,0
0,0,0,0,33.422,70.13,-227.59,321.15,375.69,-371.85,-65.906,26.98,-23.236,0,0
0,0,0,0,21.938,22.996,-684.07,289.89,875.84,-407.26,-12.227,8.5197,-11.056,0,0
0,0,0,0,26.565,8.1707,-250.3,275.37,646.38,-1038.1,-356.4,-6.0861,-18.61,0,0
0,0,0,0,61.37,-573.41,52.276,682.83,160.06,-197.45,-6.9387,-5.962,-12.009,0,0
0,0,0,0,20.614,-455.22,-70.857,706.54,127.57,253.92,-152.15,9.9961,-18.806,0,0
0,0,0,0,19.7,148.2,33.488,-33.11,-64.797,-590.54,4.2524,-1.5756,-11.687,0,0
0,0,0,0,-218.71,156.11,-280.27,387.83,-138.86,-631.71,13.518,2.9701,-15.508,0,0
0,0,0,0,-425.34,-73.707,54.448,-110.68,39.07,20.764,-345.44,11.17,-14.592,0,0
9.9593,11.243,-7.0556,-71.68,-95.159,156.98,195.9,104.49,-157.56,-63.991,-410.41,1.8816,-14.682,0,0
-5.6292,9.0197,-7.4168,-185.94,35.385,136.14,184.96,154.2,-482.35,-89.708,94.394,148.37,-85.437,0,0
0,0,0,0,8.555,-10.733,-947.56,423.93,-316.14,-449.76,-13.65,-2.89,-19.336,0,0
0,0,0,0,8.4697,-8.7877,56.094,-68.319,-80.269,101.37,129.87,-100.37,-16.546,0,0
0,0,0,0,177.92,123.89,134.36,109.81,-216.19,55.966,28.185,-144.42,-13.964,0,0
0.86603,2.683,-7.3792,101.62,139.58,-183.48,-76.843,3.7745,-6.0756,321.89,178.99,59.364,-187.56,0,0
-18.187,-6.7728,1.5,-169.5,-4.7255,19.595,-46.514,85.713,109.28,61.677,158.4,-68.307,-16.552,0,0
0,0,0,0,171.95,-86.948,-104.89,336.82,-80.903,34.344,177.01,-101.96,-12.478,0,0
9.9593,-3.6782,-170.34,24.267,-6.0377,123.37,286.69,-44.51,-223.44,52.394,89.028,88.691,12.58,-48.921,2.0915
9.9593,11.243,-7.0556,-71.68,63.188,277.86,-105.32,29.834,83.819,-128.2,-98.943,-52.14,-14.651,0,0
-2.1651,-0.63397,0.40849,-243.93,-52.125,-28.061,11.964,112.71,11.271,149.81,-63.219,12.847,138.17,-48.921,2.0915
5.6292,-1.1651,-243.44,-37.965,190.95,52.125,-63.178,6.2386,-88.009,-94.374,51.89,51.464,-294.63,0,0
0,0,0,0,179.45,141.06,-78.545,-17.342,120.45,-65.968,247.02,-141.61,-13.558,0,0
0,0,0,0,10.27,-11.976,261.84,579.14,-289.04,-178.76,-33.211,13.317,-10.27,0,0
0,0,0,0,-154.72,165.84,-99.528,215.26,213.46,104.64,-282,-92.509,-60.259,0,0
0,0,0,0,77.185,-74.261,-4.8905,208.21,529.36,-85.191,111.47,-139.63,-19.263,0,0
0,0,0,0,-258.45,-96.073,-101.58,453.25,445.89,47.574,-101.11,18.366,-20.107,0,0
0,0,0,0,85.363,-70.427,167.9,76.978,69.818,332.3,-414.81,-15.576,-9.9567,0,0
0,0,0,0,-411.57,70.081,219.77,-156.05,-158.21,392.56,-167.85,1.9151,-12.206,0,0
0.86603,2.683,-7.3792,101.62,-111.4,105.57,8.0377,-281.16,130.23,263.3,0.8633,-208.42,-15.151,0,0
0,0,0,0,107.39,-0.83133,-56.804,72.009,12.581,61.465,157.65,-92.697,-14.545,0,0
0.86603,2.683,-7.3792,101.62,27.196,242.59,-90.204,-60.868,-121.21,195.74,157.67,-232.54,-14.652,0,0
0,0,0,0,33.148,-1.8361,74.504,239.01,49.77,46.492,25.986,-230.77,-16.476,0,0
0,0,0,0,-250.33,-54.092,157.9,229.5,25.511,140.75,-121.16,1.3035,-13.203,0,0
0,0,0,0,16.6,-417.74,580.1,534.55,-362.06,-283.27,19.92,17.396,-16.473,0,0
0,0,0,0,262.73,-69.505,9.9878,128.36,232.27,163.08,-160.33,-237.24,-17.342,0,0
0,0,0,0,16.579,-1029.8,84.567,480.09,-259.12,-31.068,200.21,-79.782,-15.17,0,0
0,0,0,0,2.3708,4.5197,184.72,228.41,951.16,-499.28,3.3954,-12.106,-17.329,0,0
0,0,0,0,12.987,30.274,-265.34,363.81,1557.9,-446.01,-4.799,-12.008,-11.646,0,0
0,0,0,0,24.429,23.083,-896.88,622.03,207.2,-256.58,-5.6442,31.382,-19.829,0,0
0,0,0,0,18.023,15.067,434.47,181.79,198.79,-531.61,5.1405,28.974,-19.038,0,0
0,0,0,0,30.742,3.5727,-1400.6,617.5,645.08,-302.62,-8.6405,5.2374,-16.55,0,0
0,0,0,0,52.006,-406.15,173.96,440.26,-391.46,118.62,-58.397,6.7581,-20.673,0,0
0,0,0,0,12.353,11.787,387.23,286.63,-99.262,-477.23,-8.3053,-24.35,-10.88,0,0
0,0,0,0,23.851,7.1749,-1677.5,476.37,1702.9,-489.93,-2.401,-5.3469,-11.289,0,0
0,0,0,0,16.015,-70.665,-325.22,653.09,-106.34,-360.03,-2.4683,2.8035,-10.536,0,0
0,0,0,0,36.833,-6.0894,-51.694,-62.921,277.6,102.79,-230.22,-19.959,-20.455,0,0
0,0,0,0,33.323,-12.751,-906.53,410.89,-170.22,-308.84,10.37,9.6552,-20.565,0,0
0,0,0,0,26.673,-500.61,130.32,589.14,59.7,-136.59,-32.91,18.11,-17.708,0,0
0,0,0,0,20.09,-259.99,-660.25,402.72,-310.71,-125.37,-8.7255,7.2631,-6.6651,0,0
0,0,0,0,-307.11,28.252,-216.05,748.11,186.89,171.94,-469.62,6.796,-16.887,0,0
0,0,0,0,384.74,29.403,16.334,246.52,-7.5233,26.904,208.62,-131.1,-29.034,0,0
3.9183,25.082,0.17797,117.7,29.383,59.278,-117.12,-56.35,-138.51,-21.005,171.72,-115.03,-19.936,0,0
-18.187,-6.7728,1.5,-169.5,60.299,-82.3,46.652,93.678,125.35,136.59,-129.28,-18.59,-18.525,0,0
-9.8857,0.61034,-0.80385,-239.33,95.963,78.546,-29.188,322.05,44.914,91.799,301.13,-148.61,-24.228,0,0
-18.187,-6.7728,1.5,-169.5,152.23,-203.14,201.7,398.84,65.86,-5.7721,-305.09,15.52,-18.119,0,0
0,0,0,0,35.329,29.031,-685.34,373.21,-393.12,-136.81,-2.9085,13.812,-5.6292,0,0
0,0,0,0,77.036,238.11,7.0931,-138.4,32.583,-180.91,-505.57,-21.004,-20.444,0,0
0.86603,2.683,-7.3792,101.62,-72.027,-1.5466,162.39,73.806,182.67,69.649,397.11,-110.5,-25.008,0,0
0,0,0,0,21.172,22.881,11.768,408.18,-15.037,51.528,189.32,-104.55,-27.085,0,0
0,0,0,0,252.9,121.71,400.1,-107.26,-259.19,66.109,-563.62,-12.688,-18.318,0,0
3.4641,11.806,21.007,-74.633,161.21,-308.68,347.3,44.162,53.708,-322.91,6.8427,358.95,254.8,-125.37,6.4952
0,0,0,0,151.97,-59.826,80.598,-54.181,255.18,79.454,200.2,-128.08,-26.462,0,0
0,0,0,0,-261.49,180.06,80.377,-37.208,-60.377,154.15,-348.39,4.951,-23.33,0,0
-0.86603,2.8481,-241.34,-114.01,-91.077,-53.046,26.543,-85.051,54.317,45.274,454.64,-322.13,-19.653,0,0
6.9282,5.2859,-82.937,112.97,39.329,-12.129,56.077,0.046311,-77.97,2.3169,197.91,-449.22,-24.384,0,0
-2.4425e-015,21.343,-88.927,123.05,-70.504,-58.225,143.68,-95.01,91.883,-30.066,-2.6749,-125.27,-63.681,0,0
0,0,0,0,-165.3,283.37,-164.45,60.154,128.08,90.407,-8.1388,-69.009,-19.946,0,0
-2.1651,-0.63397,0.40849,-243.93,-46.132,64.669,-9.5293,-53.119,227.88,245.56,44.116,115.69,-84.653,0,0
-18.187,-6.7728,1.5,-169.5,233.41,63.084,83.428,-69.395,4.8026,43.852,47.236,-297.25,-15.112,0,0
0,0,0,0,36.898,-123.75,134.76,-3.8178,92.253,189.43,135.32,-323.38,-22.246,0,0
0,0,0,0,76.371,78.524,92.15,13.554,-27.53,35.001,-60.062,-303.77,-12.405,0,0
-11.258,-1.6878,3.3415,-502.31,145.03,54.101,121.57,-50.844,-4.5957,92.269,72.906,-101.88,-65.717,0,0
2.5981,23.91,5.7728,60.636,118.09,-29.149,-35.78,57.373,-62.271,345.35,-82.988,-174.55,-171.25,0,0
0.86603,4.0245,-179.31,156.62,-32.899,-133.72,29.215,-104.31,31.899,-5.7805,248.85,-313.28,-20.939,0,0
-0.43301,2.1405,-2.4462,136.8,68.528,-60.061,111.15,-1.8482,51.356,-28.897,99.725,-401.75,-18.384,0,0
-7.3612,-7.3349,2.4821,-117.66,116.61,1.3752,36.455,-108.24,50.913,75.987,-99.416,215.19,-136.03,0,0
0,0,0,0,24.138,-962.74,406.95,50.038,101.93,-59.178,110.56,-58.035,-20.146,282.96,-199.19
0,0,0,0,-69.676,40.49,-135.31,14.036,67.844,29.682,-392.37,-15.663,-12.06,0,0
0,0,0,0,-14.348,-451.03,188.9,364.78,-18.602,-115.37,-1.8292,22.082,-12.426,0,0
0,0,0,0,-212.09,28.078,104.67,-0.82147,311.46,-121.13,-224.73,0.20633,-12.415,0,0
0,0,0,0,-80.675,-5.5659,49.283,44.511,-40.65,143.73,66.431,-62.679,-21.194,0,0
0,0,0,0,-344.93,128.98,45.848,231.29,-63.337,-92.123,-137.23,-20.965,-11.362,0,0
0,0,0,0,-319.11,35.008,8.3529,-48.351,168.33,351.91,-18.648,-25.146,-13.844,0,0
0,0,0,0,-137.74,157.14,-139.61,317.92,-6.679,-263.29,-56.573,6.1005,-22.491,0,0
0,0,0,0,451.34,-12.826,-52.721,203.92,-43.287,96.021,160.72,-217.58,-17.684,0,0
0,0,0,0,294.26,-16.725,-47.851,-10.592,155.2,216.92,677.02,-783.81,-21.772,0,0
0,0,0,0,35.119,32.263,-147.31,137.68,98.633,240.83,-321.74,-4.5368,-14.589,0,0
-10.947,-0.97997,-0.79608,155.14,-18.825,-866.2,411.76,411.28,-871.39,15.866,1027.2,-884.23,-9.3905,0,0
0,0,0,0,-755.8,161.34,-33.452,271.17,142.8,-195.82,-31.826,-76.779,-18.59,0,0
0,0,0,0,29.005,19.053,255.57,429.58,-263.59,-425.47,12.777,2.7904,-11.786,0,0
-22.084,-3.6077,2.5736,-180.38,82.511,181.45,197.69,-44.477,32.726,-1.1644,-466.98,-6.8256,-11.122,0,0
0,0,0,0,-5.2583,-185.95,505.51,72.837,-116.18,-744.77,17.415,29.954,-16.291,0,0
0,0,0,0,-2.7673,-527.83,187.87,170.45,268.61,-453.77,-34.847,-17.21,-20.904,0,0
0,0,0,0,10.098,-353.54,124.22,192.11,694.61,-110.85,-116.73,5.5858,-11.983,0,0
0,0,0,0,31.865,-403.82,907.11,29.47,492.47,-980.28,31.444,2.2626,-17.356,0,0
0,0,0,0,12.493,-521.76,-48.787,315,271.57,415,-173.23,-4.1414,-18.72,0,0
0,0,0,0,23.988,-874.11,547.48,79.821,-175.78,156.72,-124.39,7.1913,-20.03,0,0
0,0,0,0,24.066,-182.25,92.342,62.845,255.68,-738.06,-13.2,6.0421,-18.219,0,0
0,0,0,0,36.442,166.33,-149.24,515.38,-73.073,-536.26,-13.75,-12.252,-12.344,0,0
0,0,0,0,26.53,-666.59,86.929,405.63,221.48,-119.54,-78.564,-8.2787,-22.71,0,0
0,0,0,0,49.171,5.9737,-465.69,981.93,-304.49,-128.28,-1.0822e-011,-20.166,-7.602,0,0
0,0,0,0,35,-504.12,-203.53,234.08,88.964,-36.581,-110.27,9.9046,-19.782,0,0
6.4952,5.1095,4.1585,188.75,31.924,48.362,384.83,-166.75,52.745,81.59,26.023,-41.958,-16.175,0,0
0,0,0,0,-56.278,-202.82,-32.513,-102.12,451.27,184.2,-375.63,15.174,-20.471,0,0
0,0,0,0,21.74,239,113.83,354.76,-231.93,15.108,222.75,-113.95,-13.35,0,0
1.933,-8.3759,-175.61,232.88,-475.86,74.948,65.388,20.279,-95.258,77.832,-205.84,12.082,-20.104,0,0
3.4641,-15.16,-252.83,131.42,22.164,23.494,-82.953,-161.34,-181.85,45.295,227.1,-76.916,-60.667,0,0
-2.1651,-0.63397,0.40849,-243.93,-11.451,11.082,201.35,-46.924,-93.748,189.01,199.31,-52.439,-14.144,0,0
0,0,0,0,91.799,-13.019,215.77,-63.985,-318.72,55.64,288.52,-107.84,-12.46,0,0
0,0,0,0,107.04,-66.807,86.93,218.23,188.23,132.8,29.401,-51.724,-10.794,0,0
6.1357,6.7491,-1.8954,-313.76,256.77,140.79,-318.46,27.234,-158.96,-30.049,21.872,-101.08,-39.43,0,0
0,0,0,0,3.5159,348.59,-58.553,-150.28,269.15,-536.26,-13.75,-12.252,-12.344,0,0
0.43301,11.897,-3.4952,10.363,90.066,-19.653,-110.05,-53.674,-68.139,230.42,-77.602,-321.17,-14.163,0,0
3.0311,6.5,3,-329.38,101.54,-153.13,-4.0859,261.12,-197.42,112.71,-76.003,-133.91,-40.31,0,0
0,0,0,0,-325.62,100.62,-66.48,460.03,-308.23,121.7,434.52,-131.95,-12.161,0,0
-7.3612,-4.4934,174.35,127.59,-113.17,117.64,-239.94,115.8,150.58,-234.56,61.883,-225.75,-267.92,0,0
0,0,0,0,174.25,-8.5901,56.183,-174.13,375.18,91.782,-31.463,-134.34,-24.094,0,0
0,0,0,0,140.62,-47.592,552.23,-129.72,-266.58,74.754,110.38,-201.45,-17.083,0,0
-5.6292,-0.39535,-259.37,29.289,16.374,-97.402,-113,109.03,55.867,-81.156,191.75,340.16,-129.88,0,0
-9.8857,0.61034,-0.80385,-239.33,98.483,-18.035,30.438,-292.28,264.82,95.03,-18.132,-48.05,-58.861,0,0
6.1357,6.7491,-1.8954,-313.76,70.936,67.251,123.62,-294.28,-194.03,196.33,312.44,-110.05,-18.295,0,0
4.7631,6.7925,2.433,162.42,108.01,186.02,-30.602,-46.855,-51.465,-142.34,-132.37,384.93,-127.29,0,0
0,0,0,0,26.98,-3.2853,294.19,201.92,687.96,-450.16,17.169,-4.974,-16.119,0,0
-6.4952,2.9952,-254.32,41.211,165.58,57.21,-78.416,74.23,-294.2,128.85,-9.9498,-122,139.23,-48.921,2.0915
3.4641,11.806,21.007,-74.633,42.153,111.3,78.861,-112.76,-110.05,90.656,102.74,-207.35,-12.693,0,0
-1.3323e-015,-11.062,177.82,-22.241,95.796,202,123.43,49.949,0.39359,-177.79,-42.82,-135.7,-331.67,0,0
-25.157,-0.70938,4.0356,-178.56,-73.92,16.426,97.029,396.2,154.85,136.56,-369.19,-3.5936,-15.28,0,0
0,0,0,0,-149.38,39.887,-146.34,564.62,294,466.76,-183.56,22.622,-17.095,0,0
0,0,0,0,-342,-70.311,-176.73,276.78,-301.11,-315.41,-296.77,11.263,-12.454,0,0
0,0,0,0,350.44,-37.637,-295.68,3.9055,227.99,-92.052,-3.8762,-287.59,-22.594,0,0
0,0,0,0,-33.497,7.1764,1.4239,-326.48,278.21,29.751,-192.5,14.322,-20.476,0,0
0,0,0,0,52.318,-345.82,27.191,32.993,323.06,101.35,-85.799,24.435,-20.278,0,0
0,0,0,0,-184.01,192.41,134.44,-5.3185,29.258,73.706,-6.2479,-32.887,-13.716,0,0
0,0,0,0,10.531,-5.4199,-1247.2,408.81,634.73,-292.25,-0.28109,8.0131,-11.08,0,0
0,0,0,0,10.461,-3.7428,-146.09,79.144,229.9,-53.957,-264.6,19.359,-26.035,0,0
0,0,0,0,23.925,176.74,218.37,-48.694,-295.15,28.924,-347.13,13.624,-16.399,0,0
0,0,0,0,-18.894,99.888,84.489,71.088,180.67,-459.52,16.491,-7.8388,-12.931,0,0
0,0,0,0,-164.24,108.33,-104.47,324.55,-184.21,48.122,-7.2488,-31.777,-16.54,0,0
0,0,0,0,-415.36,45.86,244.3,270.46,132.81,-79.733,49.151,-40.105,-16.217,0,0
-0.86603,0.48205,-144.95,-71.956,10.893,101.52,-69.124,434.85,249.46,-103.59,-101.63,20.635,-18.254,0,0
0,0,0,0,29.297,81.471,-23.963,351.68,-73.72,-407.5,37.127,16.375,-13.372,0,0
0,0,0,0,11.267,26.087,960.71,35.928,-37.02,-345.58,-10.337,26.76,-14.784,0,0
0,0,0,0,2.8529,-4.2799,1254.7,5.1402,155.72,-1207.3,32.467,-13.205,-11.23,0,0
0,0,0,0,11.169,-1014.7,167.1,82.932,342.07,-427.34,28.981,-28.974,-20.591,0,0
0,0,0,0,12.243,-516.55,700.45,165.79,1098.6,-350.64,0.091506,-1.067,-6.183,0,0
0,0,0,0,-85.683,87.609,170.16,164.82,352.84,-306.73,-21.407,-20.422,-17.909,0,0
0,0,0,0,0.46266,-616.37,688.54,70.405,843.68,24.883,-146.92,-39.313,-17.327,0,0
0,0,0,0,-64.066,-1487,475.16,-18.983,1395,-377.94,-22.717,9.1181,-13.029,0,0
-11.691,-7.8954,3.866,-167.45,-88.299,-1512.2,385.36,17.553,76.265,-771.08,-48.095,10.272,-15.024,0,0
0,0,0,0,36.834,-153.96,737.6,195.14,80.936,-520.41,-1.2075,-15.493,-7.701,0,0
0,0,0,0,5.6086,-592.28,-144.7,679.4,73.305,-41.291,-85.185,-17.069,-13.822,0,0
0,0,0,0,37.16,-561.84,-376.39,362.4,332.55,47.925,-122.2,-20.297,-22.373,0,0
0,0,0,0,-69.419,-291.91,198.58,268.62,309.29,204.73,-136.29,0.4641,-13.208,0,0
0,0,0,0,23.264,-591.8,36.99,496.56,74.077,-276.5,-79.873,-2.7075,-16.469,0,0
0,0,0,0,-4.1758,-171.27,-345.52,126.63,-9.0721,244.02,-189.83,-13.389,-14.121,0,0
0,0,0,0,7.5784,-3.5069,-1418.4,579.98,-992.13,-57.33,2.6944,-29.673,-8.8879,0,0
0,0,0,0,-5.418,-334.45,958.43,28.18,1361.6,-631.59,-2.1944,-12.356,-8.4632,0,0
0,0,0,0,22.882,-561.55,262.34,584.73,421.23,-165.84,-42.196,13.501,-10.476,0,0
0,0,0,0,11.912,28.068,521.86,125.16,1534.8,-547.65,-3.0425,1.7063,-9.6839,0,0
0,0,0,0,29.739,3.3819,-162.41,612.51,1238.4,-419.66,-14.036,-11.026,-11.622,0,0
0,0,0,0,34.895,18.648,209.71,416.13,227.33,-527.11,24.728,-6.9303,-13.004,0,0
0,0,0,0,17.383,75.382,-125.66,489.4,-94.899,-449.7,-17.044,0.14351,-14.758,0,0
0,0,0,0,26.682,-194.02,-162.35,724.07,86.625,-403.5,32.191,26.589,-13.633,0,0
0,0,0,0,20.642,-11.445,-440.85,310.89,135.83,-422.49,14.552,-15.79,-19.672,0,0
0,0,0,0,18.365,15.764,-69.036,202.42,1231.3,-577.35,44.331,9.2928,-16.243,0,0
0,0,0,0,-11.218,-339.71,299.65,441.17,24.454,-230.55,-69.442,13.957,-15.973,0,0
0,0,0,0,10.01,-357.45,39.64,436.7,-319.78,-333.15,-4.7497,-19.076,-11.886,0,0
0,0,0,0,-9.4054,-614.66,289.29,223.57,-352.05,66.785,-123.71,-8.8532,-11.763,0,0
0,0,0,0,1.4031,-0.5371,64.902,414.26,677.1,-316.76,-7.7321,-22.215,-11.841,0,0
0,0,0,0,45.667,30.879,-331.09,827.26,-260.09,-454.93,-3.2921,-10.368,-12.826,0,0
0,0,0,0,-328.94,103.16,239.34,-138.81,54.245,45.139,-61.234,2.1101,-21.234,0,0
0,0,0,0,-30.024,-528.04,64.881,127.95,185.48,572.49,-198.21,1.0553,-11.618,0,0
0,0,0,0,3.3978,47.922,55.073,203.96,-70.956,43.136,-313.09,-12.844,-11.615,0,0
-9.9593,-173.86,218.67,-34.856,-89.149,146.18,-31,152.29,71.768,204.96,-292.09,-21.557,-17.73,0,0
0,0,0,0,-0.38125,153.13,131.32,222.13,-170.58,-509.21,14.71,0.30833,-12.17,0,0
-5.6292,-4.7745,-176.68,229.62,-15.446,68.687,93.462,246.92,195.3,-36.947,-275.23,2.7348,-14.262,0,0
0,0,0,0,-157.69,9.4482,115.09,-330.01,10.828,12.701,-109.43,-1.3729,-11.654,0,0
0,0,0,0,11.598,-133.74,292.8,167.2,463.46,-379.65,9.5293,-10.964,-11.268,0,0
0,0,0,0,-90.663,35.296,135.35,370.58,-13.005,11.037,154.2,-122.88,-17.795,0,0
0,0,0,0,-0.8923,-80.665,260.76,564.52,168.99,-455.27,2.4061,4.5111,-9.9261,0,0
0,0,0,0,-350.35,103.14,308.35,-36.046,491.03,197.85,-120.05,-2.288,-12.679,0,0
-4.7631,0.77452,0.17163,312.58,-399.9,113.26,34.507,218.8,191.35,20.698,-334.85,-1.4548,-11.146,0,0
0,0,0,0,48.067,5.3104,332.16,-255.84,100.97,178.89,-258.72,19.799,-18.126,0,0
0,0,0,0,-125.51,131.5,-127.05,149.23,186.15,-40.05,-411.6,-26.801,-14.676,0,0
0,0,0,0,-268.45,-54,84.894,508.55,-64.04,-31.189,-276.32,-2.8555,-16.65,0,0
0,0,0,0,164.55,130.46,81.66,-170.29,5.4089,-16.967,47.958,-229.49,-16.489,0,0
-6.474,8.3077,-1.9674,-36.428,20.739,-66.191,-191.84,-51.278,-157.44,12.379,-42.081,39.733,-60.797,0,0
0,0,0,0,22.987,232.04,-64.02,322.25,-190.66,-536.46,-10.029,-9.0559,-11.797,0,0
