0,0,-1.0509,9.5342,10.552,7.5758,0,0,0,0,0,-1.7858,12.076,18.04,8.0858,0,0,0,-1.8457,-3.0286,-2.5294,-45.264,-27.482,-79.733,-11.559,-0.17103,0.045828,11.185,16.954,-40.098,667.49,823.16,581.27,82.586,1.4281,-0.38266,13.572,20.44,-15.456,813.19,-103.58,570.48,362.29,2.5574,-0.68526,2.5105,5.5985,-59.052,649.57,611.51,984.69,148.36,5.2739,-1.4131,0,0,-1.9806,9.7283,233.46,184.9,13.298,4.6019,-1.2331,0,0,-0.53521,3.6421,5.2725,4.8368,4.7246,1.2251,-0.32826,0,0,0.14341,-0.97589,-1.4128,-1.296,-1.2659,-0.32826,0.087956
0,0,-1.1749,9.8055,10.787,8.1835,15.337,4.0311,-1.0801,0,0,-1.4361,12.622,4.9761,-75.645,-53.603,5.882,-1.5761,0,0,-0.92478,-8.7574,66.605,720.79,568,13.028,-3.4908,0,0,-0.8266,7.1063,727.84,325.94,805.53,25.384,-6.8017,-1.6377,-0.69951,-6.5401,11.25,-36.199,306.94,349.55,3.1332,-0.83954,7.8501,-9.1206,146.35,20.784,58.445,799.69,31.958,4.068,-1.09,11.103,-14.323,281.78,361.55,840.34,177.37,18.923,3.0322,-0.81248,1.9308,2.3851,7.3346,7.5328,56.913,7.9895,3.9212,0.85203,-0.2283,-0.51736,-0.63907,-1.9653,-2.0184,-15.25,-2.1408,-1.0507,-0.2283,0.061173
0,0,-0.60102,7.7613,12.707,15.092,15.884,5.6006,-1.5007,0,0,-1.8862,16.237,-61.719,-76.629,-7.068,4.2992,-1.152,-0.77981,-1.2169,-2.0805,-39.933,561.81,749.92,172.23,-1.6583,0.44434,9.2098,16.604,-40.825,760.78,275.99,76.487,701.01,52.359,-14.03,10.667,-41.595,381.5,917.37,61.406,-73.71,493.45,127.8,-34.243,5.5945,-81.817,767.92,348.24,-32.144,-77.214,743.89,72.035,-19.302,15.742,-26.237,277.08,743.49,535.87,766.81,226.79,4.4942,-1.2042,1.4859,2.5188,-2.9982,53.523,130.33,69.878,8.1597,0.77237,-0.20696,-0.39814,-0.67492,0.80336,-14.341,-34.921,-18.724,-2.1864,-0.20696,0.055454
27.167,25.192,8.9132,17.848,28.156,18.102,21.322,4.6524,-1.2466,25.37,24.206,18.733,-51.165,-52.136,-51.799,20.474,3.6742,-0.98451,13.792,24.946,-60.698,535.39,784.32,568.93,-13.583,1.9356,-0.51865,6.0715,-40.66,368,662.65,275.4,465.63,594.74,16.473,-4.4139,13.012,-64.926,616.89,159.13,13.957,-66.335,747.58,120.36,-32.25,7.97,-63.736,531.33,283.92,-70.276,-109.28,863.13,105.8,-28.348,13.235,14.941,49.85,540.43,739.98,703.25,423.18,2.6045,-0.69787,3.6229,4.0951,7.3171,-1.1717,115.74,40.336,4.364,0.48966,-0.1312,-0.97075,-1.0973,-1.9606,0.31395,-31.013,-10.808,-1.1693,-0.1312,0.035156
0,0,-0.53971,5.9938,17.978,20.302,13.346,3.9787,-1.0661,0,0,5.1419,-27.608,-60.866,-73.793,-28.644,4.2398,-1.136,-2.3576,-2.8596,-35.954,180.1,675.88,788,320.6,-5.2323,1.402,13.427,18.81,-50.172,899.57,385.99,79.998,851,83.577,-22.394,10.536,-55.718,467.93,487.03,-54.102,198.24,1053.2,106.71,-28.593,37.095,-52.941,760.21,182.73,290.48,1003.5,246.04,3.3009,-0.88448,11.662,-10.662,160.68,927.28,845.1,315.55,19.568,3.2032,-0.85831,5.3584,6.1103,-3.9518,93.766,43.141,3.9368,5.1687,0.87051,-0.23325,-1.4358,-1.6372,1.0589,-25.125,-11.56,-1.0549,-1.3849,-0.23325,0.0625
0,0,-1.8451,7.1841,20.551,18.955,11.832,4.2237,-1.1317,0,0,-2.0159,9.3247,10.919,-64.225,-65.628,-3.7458,1.0037,-1.689,-2.6578,-0.93,-74.533,108.3,578.67,575.72,53.016,-14.206,8.9625,20.442,-41.146,670.12,514.73,45.74,551.12,125.32,-33.58,13.772,-42.454,326.72,645.35,89.399,-43.155,459.15,17.33,-4.6435,7.7606,2.027,220.14,-75.246,-3.2049,479.97,113.07,2.4397,-0.65371,16.503,-45.747,387.58,434.57,370.91,104.04,17.872,6.8532,-1.8363,9.7647,8.3349,25.128,71.519,2.4785,2.3663,4.307,3.1098,-0.83326,-2.6164,-2.2333,-6.733,-19.163,-0.66412,-0.63404,-1.1541,-0.83326,0.22327
0,0,-3.0859,16.006,19.519,6.609,12.54,1.2758,-0.34186,0,0,-1.2371,5.6096,-59.093,-85.633,-35.047,1.0696,-0.28659,-2.3401,3.0026,-49.596,26.257,599.05,777.06,406.4,16.788,-4.4984,12.454,-19.262,163.82,935.03,310.13,47.391,827.14,125.77,-33.699,17.975,-60.247,670.45,453.84,-11.632,72.273,932.08,71.905,-19.267,13.767,-72.951,822.67,279.98,94.199,983.34,459,1.8666,-0.50015,9.8934,-10.443,210.01,783.32,1005.2,582.74,30.892,4.4106,-1.1818,0.83278,1.503,-7.0289,83.952,108.53,4.2742,7.9718,1.6866,-0.45193,-0.22314,-0.40273,1.8834,-22.495,-29.08,-1.1453,-2.136,-0.45193,0.12109
2.1109,1.7505,11.143,12.347,11.795,20.22,14.591,4.2641,-1.1426,1.1537,0.29641,21.581,-39.814,-65.418,-69.216,9.6735,5.6185,-1.5055,14.317,18.276,-42.308,402.73,663.39,722.18,76.581,2.4478,-0.65588,10.79,-58.876,677.78,584.87,77.951,114.13,576.21,16.822,-4.5076,10.632,-55.141,523.6,318.97,15.459,-79.714,729.53,129.9,-34.808,13.112,15.884,90.751,476,6.3897,-49.309,729.38,43.886,-11.759,14.796,18.103,-9.9205,275.55,573.01,628.14,183.68,6.4583,-1.7305,6.0328,5.2132,3.5003,2.9711,31.443,42.693,7.5573,1.2834,-0.34388,-1.6165,-1.3969,-0.93789,-0.7961,-8.4252,-11.44,-2.025,-0.34388,0.092142
0,0,-0.66988,8.8322,17.979,18.16,21.656,3.8476,-1.0309,0,0,-2.0996,16.104,-45.537,-63.822,-25.148,-4.7463,1.2718,-0.99798,-2.1748,-5.1822,11.961,438.12,580.33,432.38,60.8,-16.291,11.302,17.617,4.875,381.8,569.97,114.89,312.14,68.424,-18.334,18.247,-56.856,534.52,138.86,20.6,15.583,440.44,5.0853,-1.3626,16.574,-56.203,588.44,-84.633,-10.073,267.15,119.97,4.344,-1.164,11.475,-59.734,524.58,553.29,458.12,63.686,21.685,5.6812,-1.5223,3.4611,2.38,17.491,122.43,18.366,3.5968,3.9665,1.469,-0.39361,-0.9274,-0.63771,-4.6867,-32.806,-4.9212,-0.96376,-1.0628,-0.39361,0.10547
0,0,-1.2114,11.708,18.048,7.9317,23.999,2.7617,-0.74,0,0,-1.9357,20.927,-11.707,-79.731,-22.721,2.2887,-0.61324,-1.2839,-2.2926,-0.19152,-86.578,260.7,624.81,403.99,16.21,-4.3435,7.0991,13.857,-66.246,746.3,577.86,97.303,740.95,119.31,-31.969,18.1,-47.655,570.56,700.96,10.457,13.823,953.96,110.29,-29.553,9.4365,-74.447,622.19,175.4,90.96,941.99,352.49,4.8692,-1.3047,14.729,-7.285,159.48,904.92,675.47,315.47,19.838,6.8681,-1.8403,9.3748,8.0394,-3.8491,88.304,20.283,3.1585,5.7583,0.82287,-0.22049,-2.512,-2.1542,1.0314,-23.661,-5.4349,-0.84631,-1.5429,-0.22049,0.05908
4.7204,5.1413,10.659,16.498,22.832,19.665,16.91,7.5583,-2.0252,2.398,4.3052,19.196,-9.2842,-52.351,-63.552,-6.0938,8.1532,-2.1847,9.4459,15.805,-75.14,256.39,565.45,655.7,206.37,-5.0485,1.3527,12.145,-42.008,493.1,568.21,54.435,-27.45,703.82,82.742,-22.171,11.826,-82.182,646.4,120.78,12.106,-67.338,468.89,127.02,-34.035,12.259,-38.055,365.76,240.99,-29.315,-96.214,585.65,71.613,-19.189,24.193,26.211,9.5231,449.18,306.29,474.28,248.57,4.1414,-1.1097,3.6578,3.4039,6.026,-0.10329,95.601,2.3199,3.9579,1.3602,-0.36446,-0.98009,-0.91206,-1.6146,0.027676,-25.616,-0.62161,-1.0605,-0.36446,0.097656
9.309,7.7912,5.0784,14.694,10.265,9.0424,17.184,7.5737,-2.0294,9.5464,7.7721,10.962,-36.794,-68.469,-78.195,-26.329,8.1256,-2.1773,7.8649,17.374,-57.893,307.02,661.91,757.9,366.27,-4.2876,1.1488,14.91,-38.501,366.03,951,217.72,233.49,984.45,81.302,-21.785,8.5357,-32.823,267.01,935.79,337.57,79.878,1026.9,123.28,-33.034,11.487,14.434,-44.223,885.55,524,225.64,955.48,17.537,-4.6989,16.742,24.439,-29.113,678.18,984.31,1040.4,491.69,2.7474,-0.73617,3.7675,3.1603,5.0082,18.374,119.34,124.04,18.185,0.98609,-0.26422,-1.0095,-0.84679,-1.3419,-4.9233,-31.977,-33.235,-4.8726,-0.26422,0.070798
0,0,-0.66951,7.8057,23.213,16.068,13.985,3.4935,-0.93608,0,0,-0.83897,8.9259,12.425,-60.291,-53.539,3.0514,-0.81762,-1.4087,-1.6328,5.2445,-66.086,147.57,492.31,503.34,28.874,-7.7366,18.122,24.595,-77.5,504.45,504.59,24.372,206.05,73.391,-19.665,18.881,-39.164,380.92,468.4,20.041,-42.438,298.12,57.056,-15.288,13.415,1.6788,322.21,5.8594,-44.131,53.425,138.92,2.5227,-0.67597,12.67,2.4844,222.89,143.93,323.75,235.66,37.764,1.9893,-0.53304,4.3345,-3.7985,53.088,127.4,71.958,3.8602,6.5307,1.7517,-0.46937,-1.1614,1.0178,-14.225,-34.135,-19.281,-1.0343,-1.7499,-0.46937,0.12577
0,0,-0.33728,7.0446,11.017,13.803,14.501,4.6068,-1.2344,0,0,-0.3692,4.4398,-57.846,-5.9392,-32.141,5.4612,-1.4633,-1.9037,-2.9693,-10.426,58.21,557.98,366.5,368.24,-4.1029,1.0994,12.277,20.736,22.265,400.6,153.63,-13.209,901.23,87.566,-23.463,16.359,-54.407,521.06,351.21,8.7325,-86.401,910.26,67.66,-18.129,11.544,-75.547,753.02,27.924,115.5,727.35,534.48,3.5065,-0.93955,14.509,-27.73,341.51,730.34,770.16,437.34,78.385,5.2967,-1.4193,8.3871,8.2842,1.7466,116.18,40.608,7.5128,3.4349,1.8459,-0.49462,-2.2473,-2.2197,-0.46799,-31.131,-10.881,-2.0131,-0.92038,-0.49462,0.13253
0,0,-2.9651,16.687,23.747,20.798,18.187,4.7539,-1.2738,0,0,2,-10.312,-47.696,-57.243,11.702,5.2706,-1.4123,-0.99693,4.7983,-74.513,125.62,520.78,458.14,101.42,-4.1248,1.1052,7.0779,-46.878,395.82,26.265,3.7663,-27.628,548.84,52.627,-14.101,24.661,-24.588,305.65,53.515,-3.7392,-77.593,468.97,128.05,-34.311,13.503,8.0863,183.3,198.29,-73.521,-9.1034,698.74,40.699,-10.905,17.162,18.527,38.323,547.18,639.12,436.91,177.69,6.7462,-1.8076,5.4253,5.7009,6.4663,21.111,50.762,3.3621,7.612,0.094236,-0.02525,-1.4537,-1.5276,-1.7326,-5.6568,-13.602,-0.90087,-2.0396,-0.02525,0.0067658
0,0,-3.1824,17.24,18.463,2.3815,24.387,5.6894,-1.5245,0,0,3.6703,-26.736,-31.407,-75.914,-4.1753,5.127,-1.3738,-1.8932,5.1493,-89.361,233.05,457.97,629.34,167.43,-6.4235,1.7212,13.589,-43.225,404.15,138.11,6.6155,19.244,708.35,56.589,-15.163,16.783,-53.593,573.32,-4.2832,-3.1175,-81.205,489.24,127.5,-34.163,12.582,-67.445,658.4,64.631,-82.87,85.989,705.68,40.69,-10.903,13.569,7.3769,76.727,608.52,608.41,539.96,150.19,6.1659,-1.6522,6.7419,6.4854,5.4263,2.6766,2.7531,2.7259,3.5508,1.8498,-0.49566,-1.8065,-1.7378,-1.454,-0.7172,-0.7377,-0.73039,-0.95142,-0.49566,0.13281
0,0,-1.5304,12.648,19.938,14.383,13.859,4.0315,-1.0802,0,0,-3.0904,20.991,-45.237,-67.784,-5.2628,3.4326,-0.91976,-1.3522,-2.6605,2.5534,-36.699,517.24,630.36,153.01,-4.6155,1.2367,8.6722,15.057,-48.463,776.39,491.97,454.63,972.67,89.189,-23.898,21.485,-45.382,436.43,589.53,-97.501,492.37,966.23,19.176,-5.1383,11.206,-68.085,747.21,308.94,254.26,1038.8,352.63,3.1865,-0.85382,19.814,-22.884,324.87,930.05,966.78,315.23,19.838,6.8681,-1.8403,2.1721,2.7989,-4.4472,92.915,70.647,3.2079,5.7583,0.82287,-0.22049,-0.58201,-0.74996,1.1916,-24.897,-18.93,-0.85956,-1.5429,-0.22049,0.05908
10.789,11.108,19.773,13.317,10.1,13.916,25.6,5.9459,-1.5932,11.342,13.496,21.55,-22.729,-67.701,-66.352,-5.4806,6.1633,-1.6515,10.717,14.142,-55.376,311.07,778.42,773.33,222.88,-7.9217,2.1226,12.741,-44.278,546.87,778.87,336.14,284.94,798.97,51.644,-13.838,14.138,-61.258,766.16,313.07,22.053,-99.739,744.85,124.44,-33.344,14.466,-56.681,592.32,-60.623,-85.831,159.19,718.57,16.203,-4.3415,14.745,-64.164,652.27,771.07,751.88,844.76,149.44,3.5044,-0.93901,4.4267,-1.7646,45.172,298.53,302.74,41.965,5.4553,0.97933,-0.26241,-1.1861,0.47282,-12.104,-79.99,-81.118,-11.244,-1.4617,-0.26241,0.070312
4.7204,5.1413,12.512,8.1265,20.061,6.5105,11.081,4.1378,-1.1087,2.398,4.3052,21.406,-19.047,-58.017,-76.519,-30.71,4.3168,-1.1567,9.6303,16.039,-67.689,188.98,720.03,767.62,298.37,-5.0027,1.3405,9.9787,-43.55,451.37,1026.3,565.84,822,856.9,51.537,-13.809,10.791,-54.667,492.85,1074.9,140.72,432.28,1046.9,122.92,-32.937,12.514,15.481,20.174,1057.8,411.1,808.73,919.08,19.162,-5.1345,14.796,18.103,-25.813,323.59,898.08,860.02,228.62,5.361,-1.4365,6.0328,5.2132,2.9462,-1.1617,64.014,40.13,5.7622,1.2251,-0.32826,-1.6165,-1.3969,-0.78943,0.31127,-17.152,-10.753,-1.544,-0.32826,0.087956
0,0,-2.4676,17.026,15.589,14.878,17.821,2.2437,-0.60121,0,0,-2.0955,24.382,-30.441,-69.323,-50.201,1.693,-0.45365,-0.96974,-1.0817,2.63,-58.061,269.41,693.52,461.36,15.527,-4.1605,6.9419,14.696,-57.22,258.25,935.52,212.83,786.69,119.46,-32.009,4.613,-26.156,215.57,940.82,123.41,-92.405,920.08,126.55,-33.908,7.6912,-70.334,650.76,671.21,105.23,821.11,663.59,18.986,-5.0872,18.903,-17.784,230.78,956.56,1061.6,522.98,52.025,4.3437,-1.1639,3.7439,4.0894,-6.2939,79.599,107.4,2.6623,6.0816,0.65288,-0.17494,-1.0032,-1.0957,1.6865,-21.328,-28.779,-0.71337,-1.6296,-0.17494,0.046875
0,0,-1.3112,8.8146,18.521,22.449,15.693,7.5705,-2.0285,0,0,-0.74096,1.6261,-55.372,-61.802,-27.108,8.1938,-2.1955,-2.254,-1.8058,-28.191,56.215,544.86,773.68,310.34,-6.4129,1.7183,13.398,8.1381,58.291,791.6,361.75,278.82,786.97,84.631,-22.677,16.866,-54.985,542.39,444.36,28.019,-116.13,720.47,107.26,-28.74,10.379,-75.089,753.9,271.77,-120.42,311.79,697.87,2.8781,-0.77119,15.155,-53.074,515.4,813.74,749.63,631.01,76.894,4.8539,-1.3006,3.4506,3.8063,17.335,117.34,124.04,18.203,3.8434,1.2251,-0.32826,-0.92458,-1.0199,-4.6449,-31.442,-33.237,-4.8775,-1.0298,-0.32826,0.087956
0,0,-2.5436,15.537,11.742,16.007,14.077,6.441,-1.7259,0,0,-3.2711,22.142,-55.804,-65.646,-29.08,5.7161,-1.5316,-0.90106,4.3442,-35.215,-40.443,436.55,544.18,305.84,-3.4074,0.91302,4.2089,-26.314,194.32,940.06,338.07,18.127,835.74,83.128,-22.274,20.049,-58.208,475.81,362.68,30.721,-70.732,756.03,125.73,-33.69,18.242,-68.733,774.71,176.25,-89.804,122.23,903,18.253,-4.8908,7.8247,-17.248,201.09,652.15,712.81,850.91,179.47,3.1418,-0.84184,1.3159,1.5097,-2.9675,51.294,127.96,70.972,6.0915,0.70339,-0.18847,-0.35259,-0.40451,0.79514,-13.744,-34.288,-19.017,-1.6322,-0.18847,0.050501
18.415,12.826,9.668,21.297,19.625,12.37,22.949,6.0826,-1.6298,14.807,11.724,10.478,12.522,-56.771,-71.758,18.378,6.6868,-1.7917,12.058,19.853,-35.561,75.458,646.84,737.43,56.256,3.6485,-0.97763,7.556,-25.626,250.27,998.91,700.5,681.14,791.58,21.876,-5.8616,10.618,-62.385,579.77,1037.1,381.16,-33.162,938.33,120.56,-32.305,16.872,-56.851,457.4,1031.1,63.15,113.04,1037.2,106.65,-28.578,18.906,11.92,53.591,787.69,968.33,958.52,542.72,7.5686,-2.028,3.3347,2.4865,6.0743,14.659,127.86,40.267,3.406,0.94236,-0.2525,-0.89354,-0.66627,-1.6276,-3.9279,-34.26,-10.79,-0.91264,-0.2525,0.067658
18.727,21.4,12.379,18.94,24.863,18.402,13.409,2.017,-0.54044,19.319,20.892,18.233,-12.602,-53.486,-67.54,-7.0602,1.5496,-0.41522,12.204,17.67,-59.262,251.28,710.23,691.94,151.81,-3.3359,0.89384,10.49,-41.108,463.5,758.29,314.73,469.55,936.3,81.862,-21.935,20.297,-58.289,772.78,232.99,28.47,-116.52,750.56,129.02,-34.571,18.587,-56.794,614.74,451.98,-32.77,337.08,786.47,39.636,-10.62,18.906,11.92,54.316,680.15,887.51,816.19,176.64,4.743,-1.2709,3.3347,2.4865,6.7337,-7.6624,94.457,18.375,4.5457,0.70729,-0.18952,-0.89354,-0.66627,-1.8043,2.0531,-25.31,-4.9235,-1.218,-0.18952,0.050781
4.7204,5.1413,12.08,12.974,16.187,12.582,14.602,0.7211,-0.19322,2.398,4.3052,20.837,-16.041,-45.192,-49.907,-11.996,0.30147,-0.080779,8.1803,14.757,-73.751,255.6,414.48,553.67,228.94,7.4028,-1.9836,17.435,-43.684,531.42,436.13,47.365,58.74,833.55,11.209,-3.0034,12.637,-29.506,419.52,523.46,20.939,-39.139,803.05,29.592,-7.9291,14.346,24.944,-27.262,833.1,-20.815,72.331,859.5,4.097,-1.0978,12.287,15.486,-44.271,835.51,657.88,822.39,270.47,8.9042,-2.3859,4.5271,4.6438,-1.6608,54.929,119.38,108.74,8.7007,3.7541,-1.0059,-1.213,-1.2443,0.44501,-14.718,-31.987,-29.138,-2.3313,-1.0059,0.26953
18.415,12.826,9.667,15.074,13.88,21.945,18.23,2.5559,-0.68485,14.807,11.724,10.917,7.8353,-62.813,-59.886,10.561,3.2538,-0.87184,12.421,20.07,-32.018,113.15,532.04,559.01,54.737,0.97898,-0.26232,10.422,-19.814,212.17,952.95,265.56,404.64,669.5,15.795,-4.2322,19.728,-55.864,541.28,992.32,86.05,-64.655,743.27,120.03,-32.163,24.906,-51.452,521.87,678.09,-58.099,-72.821,873.65,106.6,-28.563,18.906,11.92,55.227,770,776.37,750.15,324,8.1048,-2.1717,3.3347,2.4865,7.7741,-2.5918,109.62,17.528,5.7028,2.1674,-0.58076,-0.89354,-0.66627,-2.0831,0.69447,-29.372,-4.6967,-1.5281,-0.58076,0.15561
4.7204,5.1413,9.9201,19.092,13.053,10.186,11.022,2.4215,-0.64885,2.398,4.3052,12.736,29.115,-56.71,-73.427,-56.417,3.8986,-1.0446,10.026,15.544,-15.32,-44.345,547.04,750.15,545,7.8691,-2.1085,10.576,-27.518,312.67,987.75,387.02,363.27,968.96,55.735,-14.934,14.325,-7.4817,292.49,507.34,-55.488,378.19,859.08,5.9507,-1.5945,18.068,-40.152,443.82,322.89,-117.09,868.48,627.51,3.8605,-1.0344,15.652,8.8653,115.35,862.96,799.96,816.13,152.4,4.6303,-1.2407,7.4464,8.1537,0.31592,108.75,130.95,43.724,4.0134,0.094236,-0.02525,-1.9953,-2.1848,-0.08465,-29.14,-35.088,-11.716,-1.0754,-0.02525,0.0067658
10.789,11.108,20.546,12.333,16.407,7.453,12.278,7.8685,-2.1084,11.342,13.496,22.586,-42.018,-68.642,-39.083,13.259,7.456,-1.9978,10.391,13.694,-35.928,426.7,680.07,394.56,17.418,-4.6926,1.2574,14.287,-40.096,393.88,670.85,314.84,507.49,763.82,52.841,-14.159,6.9985,-71.534,641.85,126.75,10.867,-67.351,729.45,128.91,-34.541,25.112,-57.157,615.28,98.094,-65.873,-74.273,769.38,72.451,-19.413,14.462,9.032,78.878,609.99,705.27,840.22,322.57,4.0003,-1.0719,2.8023,2.5625,4.6884,-0.38425,117.08,40.756,7.1281,1.8274,-0.48966,-0.75088,-0.68662,-1.2563,0.10296,-31.371,-10.921,-1.91,-0.48966,0.1312
0,0,-2.4141,15.136,20.215,12.44,13.189,6.45,-1.7283,0,0,-1.8556,10.509,26.208,-60.701,-57.581,6.1749,-1.6546,-1.1122,-0.83109,-0.87454,-3.6597,-14.998,584.14,507.93,16.406,-4.3959,5.5916,10.894,-29.329,109.14,610.18,120.89,775.38,128.69,-34.483,13.916,-39.107,311.67,1050.8,190.43,-118.6,723.01,71.272,-19.097,7.6503,-74.085,647.77,70.154,-47.668,596.97,486.69,4.0201,-1.0772,13.322,-30.044,273.36,603.68,614.46,424.17,57.934,4.7771,-1.28,5.9613,6.2171,-5.2161,93.805,43.104,5.2753,8.1654,2.3239,-0.62268,-1.5973,-1.6659,1.3977,-25.135,-11.55,-1.4135,-2.1879,-0.62268,0.16685
4.7204,5.1413,11.037,12.864,6.2598,15.778,15.363,6.3133,-1.6916,2.398,4.3052,19.908,-15.612,-78.924,-70.089,6.1422,6.6522,-1.7824,9.4565,15.937,-74.446,234.98,667.52,559.78,50.791,2.9418,-0.78826,14.242,-38.137,479.47,478.29,133.18,88.603,684.57,24.896,-6.671,8.4194,-68.594,749.58,624.05,23.782,8.2474,895.59,40.264,-10.789,28.164,-65.318,794.83,128.43,-131.87,474.51,580.22,4.0023,-1.0724,20.364,-1.1063,208.97,712.96,711.97,521.75,35.829,8.2683,-2.2155,5.9221,6.7267,-5.918,53.926,106.12,3.3214,5.8319,1.0366,-0.27775,-1.5868,-1.8024,1.5857,-14.45,-28.433,-0.88997,-1.5627,-0.27775,0.074424
0,0,-0.42733,6.2019,27.564,22.149,16.52,8.4521,-2.2647,0,0,-1.7687,17.697,-22.852,-61.317,-6.06,6.7189,-1.8003,-0.91879,-0.59425,-14.284,-86.314,359.95,756.26,173.14,-3.5168,0.94232,8.2417,2.9503,37.066,794.91,660.3,293.33,787,83.826,-22.461,10.774,-65.816,644.37,816.18,56.502,-100.77,875.08,126.29,-33.84,3.333,-84.673,789.15,193.64,-70.042,500.59,933.57,39.3,-10.53,15.742,-26.237,262.87,863.77,979.81,849.73,182.92,3.6801,-0.98609,1.4859,2.5188,-3.4457,81.186,129.1,40.09,4.8956,1.469,-0.39361,-0.39814,-0.67492,0.92328,-21.754,-34.593,-10.742,-1.3118,-0.39361,0.10547
12.53,19.71,19.203,15.012,12.803,13.254,21.322,4.6524,-1.2466,9.5084,13.819,25.277,-51.77,-63.762,-57.301,20.474,3.6742,-0.98451,15.576,20.411,-14.091,432.23,718.15,564.41,-21.73,1.8588,-0.49805,8.8005,-57.556,650.55,675.02,318.14,511.23,624.23,15.667,-4.198,6.6639,-84.046,746.55,113.52,21.675,-79.019,753.75,127.52,-34.168,7.6827,-74.647,672.38,347.81,-51.968,74.564,857.57,39.139,-10.487,7.818,1.481,58.587,772.51,935.76,877.65,175.19,4.9542,-1.3275,2.8172,3.8907,4.6699,15.851,129.39,40.825,6.2906,0.93169,-0.24964,-0.75486,-1.0425,-1.2513,-4.2472,-34.67,-10.939,-1.6856,-0.24964,0.066892
0,0,-0.99672,8.1947,10.727,9.8815,17.32,3.382,-0.90621,0,0,-2.5135,16.102,-65.897,-78.166,-4.0987,4.0219,-1.0777,-1.3522,-2.6605,1.246,-52.572,574.89,609.94,178.86,-5.1687,1.3849,8.6722,15.057,-44.554,684.46,237.68,96.109,751.14,82.28,-22.047,21.464,-44.573,396.97,964.64,174.62,-85.957,733,127.66,-34.207,17.157,-62.319,654.47,516.7,-17.528,-69.89,833.3,69.984,-18.752,11.667,-33.143,389.29,802.36,730.71,731.78,228.24,7.7497,-2.0765,1.3607,1.2119,-2.1102,56.027,127.75,40.208,7.2499,1.4135,-0.37876,-0.36459,-0.32474,0.56542,-15.012,-34.231,-10.774,-1.9426,-0.37876,0.10149
4.7204,5.1413,12.121,12.969,16.535,13.384,20.549,4.8061,-1.2878,2.398,4.3052,15.82,12.513,-59.855,-67.877,-52.524,5.049,-1.3529,9.5401,15.76,-47.943,55.328,698.59,756.96,554.71,18.067,-4.8411,13.023,-40.864,498.38,984.77,710.13,655.29,1046.5,119.66,-32.062,12.696,-61.673,473.22,937.14,-51.775,510.9,1055.1,106.16,-28.444,20.286,-53.83,457.78,1067.2,227.11,1051.5,753.52,7.8926,-2.1148,18.906,11.92,76.846,594.53,978.2,609.35,77.604,5.8884,-1.5778,3.3347,2.4865,7.3347,8.207,56.546,3.0692,4.3853,0.43135,-0.11558,-0.89354,-0.66627,-1.9653,-2.1991,-15.152,-0.82239,-1.175,-0.11558,0.03097
10.789,11.108,20.054,9.8667,18.808,10.897,10.9,1.6208,-0.43428,11.342,13.496,21.897,-25.649,-65.237,-32.148,14.384,1.0675,-0.28603,10.135,13.518,-31.33,293.85,777.38,409.7,-4.995,6.4864,-1.738,10.068,-42.614,386.68,561.02,299.99,534.84,500.89,-5.8162,1.5584,16.576,-59.231,607.69,121.96,-2.9601,-70.584,686.78,83.672,-22.42,10.611,-59.138,500.22,161.24,-72.232,-101.77,873.01,106.81,-28.62,11.746,8.5928,35.841,428.67,673.15,736.22,414.56,5.3972,-1.4462,1.0369,0.43163,6.3575,-6.5983,88.396,16.427,8.7048,1.6962,-0.45451,-0.27783,-0.11566,-1.7035,1.768,-23.686,-4.4016,-2.3325,-0.45451,0.12178
0,0,-1.2801,11.109,5.3754,8.9102,14.651,4.6342,-1.2417,0,0,-1.9621,12.379,-72.364,-81.956,-27.538,6.0471,-1.6203,-1.9411,-2.9069,-3.4462,-15.879,593.68,771.19,328.62,-2.8015,0.75065,14.703,23.263,-63.812,826.41,522.43,105.44,942.7,104.97,-28.127,8.4799,-46.877,412.98,383.79,-7.9056,14.741,1038.8,123.97,-33.217,15.786,-76.296,796.76,88.118,209.26,922.66,430.29,18.212,-4.88,22.248,-22.942,273,674.38,971.42,314.78,19.838,6.8681,-1.8403,3.6898,4.8021,-6.1298,60.556,70.098,3.1428,5.7583,0.82287,-0.22049,-0.98867,-1.2867,1.6425,-16.226,-18.783,-0.84212,-1.5429,-0.22049,0.05908
18.415,12.826,9.9783,13.243,4.8712,27.896,16.817,2.8776,-0.77104,14.807,11.724,15.633,-18.702,-72.088,-44.132,15.167,3.432,-0.91959,12.369,14.921,-52.135,314.44,693.64,455.23,2.6695,3.0365,-0.81364,6.1499,2.5859,67.547,917.83,1008.8,935.37,731.78,17.135,-4.5913,13.828,-58.018,424.68,996.75,413.89,44.796,1015.2,116.56,-31.231,11.275,-66.548,655.56,698.31,90.074,643.19,1064.2,106.73,-28.599,14.117,9.9953,51.931,784.82,1058.8,1051,417.1,4.1234,-1.1049,9.5133,9.899,2.6414,16.277,124.25,75.06,4.7154,1.8459,-0.49462,-2.5491,-2.6524,-0.70776,-4.3613,-33.293,-20.112,-1.2635,-0.49462,0.13253
0,0,-3.9585,18.957,13.633,5.551,26.606,4.0526,-1.0859,0,0,-3.8486,28.348,-38.473,-62.739,25.435,5.6723,-1.5199,-1.382,-0.90456,-16.456,-84.952,447.2,550.81,11.097,-5.7727,1.5468,9.2576,3.561,90.844,803.34,985.36,674.03,932.23,80.286,-21.513,14.392,-64.202,703.9,927.19,131.1,77.32,1052.9,126.86,-33.992,6.5375,-66.133,682.02,756.14,-74.745,537.03,961.57,44.604,-11.952,32.526,29.759,38.24,589.44,936.88,980.94,279.94,6.3133,-1.6916,8.6756,7.8498,6.1101,0.54562,114.12,70.546,6.6793,0.89186,-0.23897,-2.3246,-2.1033,-1.6372,-0.1462,-30.579,-18.903,-1.7897,-0.23897,0.064032
5.2184,8.1907,7.5177,15.673,22.448,11.322,9.827,5.3565,-1.4353,5.6424,6.8362,17.559,-35.986,-58.602,-1.7606,7.9712,4.2138,-1.1291,8.6239,13.178,-25.628,446.07,480.11,167.13,-36.813,1.7729,-0.47506,21.689,-43.809,426.69,1050.3,907.98,954.41,572.51,0.32779,-0.08783,15.124,-60.668,781.95,421.92,44.876,-66.198,878.09,113.29,-30.357,7.6242,-71.184,659.6,658.67,-34.628,267.95,995.01,71.288,-19.102,7.818,1.481,59.202,767.68,953.16,986.18,296.47,6.2722,-1.6806,2.8172,3.8907,5.0293,14.031,129.2,39.997,2.9903,0.65288,-0.17494,-0.75486,-1.0425,-1.3476,-3.7595,-34.62,-10.717,-0.80125,-0.17494,0.046875
0,0,-1.8986,10.266,12.856,5.3633,26.606,4.0526,-1.0859,0,0,-1.7149,10.913,-55.297,-61.674,25.435,5.6723,-1.5199,-0.91879,-0.59425,-23.564,-20.971,590.69,538.64,11.113,-5.879,1.5753,8.2417,2.9503,34.484,800.84,968.98,715.97,910.37,81.875,-21.938,10.22,-66.571,619.14,1022,167.83,-112.52,824.1,116.67,-31.262,8.6425,-67.929,603.42,584.4,92.322,422.19,1042.6,107.8,-28.884,22.982,10.585,51.467,556.76,1001.4,957.91,308.68,5.6758,-1.5208,3.4601,3.5406,4.0131,-7.8262,85.853,19.588,4.7037,1.3125,-0.35169,-0.92714,-0.94869,-1.0753,2.097,-23.004,-5.2486,-1.2604,-0.35169,0.094236
8.31,8.6695,15.66,10.363,-2.6599,17.868,16.52,8.4521,-2.2647,10.664,9.8783,16.504,-63.23,-85.569,-67.59,-6.06,6.7189,-1.8003,6.8491,11.137,-2.6396,575.04,708.63,784.47,161.67,-3.094,0.82904,16.193,12.198,83.415,1075.9,889.69,330.12,846.08,63.318,-16.966,13.246,-56.955,623.87,630.55,71.472,25.847,951.8,71.245,-19.09,8.6683,-77.206,818.21,279.84,-44.82,633.59,673.11,3.9152,-1.0491,9.8934,-10.443,207.94,747.97,896,675.85,78.178,3.4042,-0.91215,0.83278,1.503,-6.0234,61.207,70.301,6.1066,4.8128,1.0298,-0.27594,-0.22314,-0.40273,1.614,-16.4,-18.837,-1.6362,-1.2896,-0.27594,0.073938
8.5527,11.819,14.764,8.18,13.46,11.302,14.416,4.9667,-1.3308,11.12,14.646,8.4676,-69.824,-74.43,-77.601,6.051,4.7055,-1.2608,5.2584,1.0046,64.877,666.88,728.95,755.33,56.806,-3.0645,0.82114,14.413,-62.786,546.47,929.72,141.75,212.23,761.42,51.092,-13.69,14.053,-73.794,722.3,780.1,52.611,-124.36,799.08,124.14,-33.263,9.6597,-30.924,286.04,1002.9,-18.598,451.13,695.54,20.858,-5.5889,21.58,23.004,-31.326,462.44,792.66,866.56,173.7,2.8573,-0.7656,9.4986,8.8995,2.9171,4.4751,2.8632,4.0399,3.0983,0.75389,-0.202,-2.5452,-2.3846,-0.78164,-1.1991,-0.76719,-1.0825,-0.8302,-0.202,0.054127
10.196,9.3375,11.918,2.1751,24.981,21.662,16.182,5.5747,-1.4937,9.3313,8.5427,23.088,-25.994,-63.168,-61.901,-28.593,5.0318,-1.3483,16.618,19.568,-51.744,233.11,770.19,666.84,386.6,-0.28792,0.077149,9.2077,-61.109,610.35,963.02,395.45,-34.068,776.01,106.54,-28.548,10.236,-72.511,563.15,346.51,22.308,-85.948,866.13,128.81,-34.516,15.137,-9.051,222.35,923.6,49.991,220.14,948.05,71.601,-19.185,9.8933,12.185,-22.071,330.24,771.77,1047.8,269.52,6.3333,-1.697,2.9487,2.9553,4.1012,-2.8067,54.367,108.29,8.0585,3.6752,-0.98477,-0.79009,-0.79188,-1.0989,0.75204,-14.568,-29.016,-2.1593,-0.98477,0.26387
0,0,-0.87363,10.102,15.781,18.039,14.844,2.8617,-0.7668,0,0,4.6747,-16.853,-68.534,-77.613,-8.6112,2.8528,-0.76441,-0.76763,-2.3718,-34.874,132.74,646.04,783.79,197.36,-5.9169,1.5854,3.8184,12.775,-40.851,880.43,510.01,80.892,784.5,83.402,-22.347,19.294,-43.21,426.2,967.62,49.396,-115.12,733.56,129.04,-34.576,10.788,-71.032,746.46,618.61,-105.38,209.77,929.54,70.952,-19.012,20.613,18.202,63.235,748.4,735.94,1034.1,317.09,8.5778,-2.2984,9.444,8.4337,3.5186,15.025,121.06,108.55,7.5898,2.0131,-0.5394,-2.5305,-2.2598,-0.9428,-4.026,-32.437,-29.086,-2.0337,-0.5394,0.14453
18.415,12.826,9.3185,16.556,31.719,11.14,11.231,1.4716,-0.39431,14.807,11.724,15.861,-34.807,-42.597,-7.4563,10.517,-0.83973,0.22501,9.059,17.398,-56.929,276.05,492.79,205.08,19.709,61.901,-16.586,26.224,-8.1457,177.41,998.68,1053.9,1070.9,458.04,190.12,-50.943,13.45,-64.464,591.53,679,94.75,546.45,961.37,61.662,-16.522,11.292,-53.15,502.25,492.2,-127.15,666.11,797.57,25.248,-6.7651,11.502,10.171,47.045,852.37,877.5,965.1,210.9,3.354,-0.8987,2.6279,3.0981,-4.8879,53.768,124.43,74.36,4.2776,0.84812,-0.22725,-0.70415,-0.83012,1.3097,-14.407,-33.342,-19.925,-1.1462,-0.22725,0.060892
0,0,-1.8324,8.7233,14.991,11.492,10.522,1.9745,-0.52906,0,0,-1.0611,-0.2178,-59.747,-73.107,0.52619,1.7849,-0.47826,-2.264,-3.5078,-17.355,76.379,595.88,761.75,81.997,0.84441,-0.22626,12.946,24.913,-69.004,841.63,550.68,515.45,869.88,55.765,-14.942,11.997,-38.009,416.29,640.14,27.284,-20.382,941.93,105.34,-28.225,9.6972,-75.408,755.5,551.03,-93.363,233.9,849.98,4.8174,-1.2908,13.798,7.2577,63.837,822.32,697.93,934.93,214.24,5.1182,-1.3714,2.2647,2.171,8.6085,-3.9115,95.358,41.561,3.5315,0.18847,-0.050501,-0.60683,-0.58173,-2.3066,1.0481,-25.551,-11.136,-0.94626,-0.050501,0.013532
0,0,-1.2303,6.6389,25.392,10.264,8.1831,2.2679,-0.60769,0,0,-0.69893,-2.4873,-53.615,-79.96,-21.254,2.8898,-0.77431,-0.91449,-0.8329,-26.68,78.697,672.56,787.93,310.28,-4.7801,1.2808,6.5194,13.105,-4.115,841.68,270.47,105.9,799.82,52.519,-14.072,8.7488,-40.08,374.93,782.9,14.006,-73.252,724.43,129.23,-34.626,9.0895,-72.824,650.97,479.62,-60.405,-86.435,777.08,44.647,-11.963,18.518,12.784,82.327,828.1,737.03,916.16,352.49,2.2062,-0.59115,5.0005,3.1879,-5,54.702,119.46,108.8,3.8939,1.0842,-0.29052,-1.3399,-0.8542,1.3398,-14.657,-32.009,-29.152,-1.0434,-0.29052,0.077845
5.2184,8.1907,7.2713,20.201,16.716,8.4647,9.6424,5.2132,-1.3969,5.6424,6.8362,16.174,-13.445,-69.932,-84.967,-36.675,6.6018,-1.7689,10.147,8.54,18.163,283.83,655.47,781.16,398.6,1.4844,-0.39775,14.511,2.9742,212.8,638.48,155.19,59.842,793.29,106.18,-28.45,15.953,-38.303,431.06,235.59,20.744,-123.95,752.14,129.44,-34.684,16.113,-73.917,807.51,177.17,-107.33,282.83,744.45,40.624,-10.885,15.234,-24.639,289.45,778.91,641.22,746.31,150.06,6.3685,-1.7064,4.6693,5.4256,-6.2445,63.777,39.959,6.0362,9.6511,0.54016,-0.14474,-1.2511,-1.4538,1.6732,-17.089,-10.707,-1.6174,-2.586,-0.14474,0.038782
0,0,-0.83562,6.8372,19.04,14.791,23.607,6.3337,-1.6971,0,0,-1.023,13.478,-15.361,-71.048,-26.179,5.4226,-1.453,-1.1148,-0.78698,4.5442,-61.514,256.54,784.31,434.9,-2.898,0.77652,10.457,10.341,-55.081,366.05,758.61,314.2,443.28,82.613,-22.136,19.738,21.958,39.354,684.79,134.01,-96.538,549.04,106.45,-28.523,10.513,-55.773,467.37,-1.2063,-90.572,386.16,446.84,5.1067,-1.3683,18.32,-42.854,440.73,581.71,629.48,509.98,55.157,4.1901,-1.1227,6.2962,8.639,3.1478,2.718,3.6437,2.8125,6.1548,1.2251,-0.32826,-1.687,-2.3148,-0.84345,-0.72828,-0.97634,-0.75361,-1.6492,-0.32826,0.087956
24.001,24.217,10.813,15.574,14.148,9.6385,18.345,6.1991,-1.6611,20.089,21.459,-2.8751,-2.1257,-55.216,-79.134,-8.5396,4.7263,-1.2664,9.3612,14.123,68.336,167.77,566.93,762.64,154.11,-3.5279,0.94529,12.59,-40.841,463.29,902.6,261.53,243.5,793.28,51.41,-13.775,13,-65.378,790.78,342.61,23.232,-73.307,721.94,126.68,-33.944,9.3563,-68.481,609.66,544.19,-32.625,90.51,919.2,17.873,-4.7891,22.982,10.585,75.323,462.49,877.93,637.27,317.15,3.4984,-0.9374,3.4601,3.5406,3.8685,-4.6646,86.416,16.955,4.1211,1.3602,-0.36446,-0.92714,-0.94869,-1.0366,1.2499,-23.155,-4.543,-1.1043,-0.36446,0.097656
0,0,-0.96447,3.7741,22.372,32.376,15.336,4.2172,-1.13,0,0,-0.87822,11.72,-26.861,-53.112,-32.271,4.4252,-1.1857,-1.2445,-1.9232,3.5555,-78.198,347.39,665.52,382.33,-1.0659,0.28562,6.9862,15.988,-64.937,554.36,577.79,10.176,762.92,114.33,-30.635,9.3752,-40.351,310.51,346.67,89.243,-98.118,719.49,71.878,-19.26,23.547,-54.658,624.39,-38.161,-95.645,362.19,511.14,2.1994,-0.58934,15.753,-7.8928,199.49,421.64,513.96,519.17,58.847,5.7049,-1.5286,2.4322,3.7864,-6.0601,81.095,123.08,16.981,4.7704,2.9213,-0.78276,-0.65171,-1.0146,1.6238,-21.729,-32.979,-4.5499,-1.2782,-0.78276,0.20974
18.727,21.4,13.766,12.66,11.884,16.833,19.353,4.3983,-1.1785,19.319,20.892,20.21,-38.891,-65.951,-48.754,20.53,5.5659,-1.4914,12.101,17.972,-35.203,389.61,631.93,411.49,34.755,4.5367,-1.2156,13.376,-42.562,352.75,517.62,80.327,-13.694,544.55,17.988,-4.8199,7.6807,-13.012,322.17,15.942,11.108,-10.154,161.16,126.81,-33.979,6.8202,-53.008,515.01,-25.013,-77.855,-57.976,611.32,40.607,-10.881,16.547,-11.555,156.38,586.73,722.85,729.02,189.26,3.6158,-0.96886,3.4971,3.8374,-4.3238,52.618,128.45,41.197,5.1897,0.65288,-0.17494,-0.93705,-1.0282,1.1586,-14.099,-34.417,-11.039,-1.3906,-0.17494,0.046875
18.415,12.826,9.5938,18.914,16.933,14.027,20.633,5.1669,-1.3845,14.807,11.724,16.247,-15.354,17.735,-51.729,13.413,4.9787,-1.334,10.71,13.924,-34.412,222.2,189.27,408.46,127.37,-5.9677,1.599,13.178,3.6143,124.04,951.22,395.33,99.259,593.66,83.893,-22.479,11.893,-60.163,424.13,411.44,133.21,-101.82,680.36,107.63,-28.838,22.229,-51.061,580.51,-23.399,-72.879,326.24,380.14,9.12,-2.4437,11.475,-59.734,553.29,257.36,406.04,421.73,24.143,3.4643,-0.92827,3.4611,2.38,18.504,126.47,43.304,1.7274,5.2923,1.1308,-0.303,-0.9274,-0.63771,-4.9581,-33.888,-11.603,-0.46286,-1.4181,-0.303,0.08119
0,0,-1.3357,7.283,11.351,17.677,16.91,7.5583,-2.0252,0,0,-2.2566,9.2666,-55.072,-65.79,-6.0938,8.1532,-2.1847,-0.53741,-1.7225,-3.866,0.11959,397.24,655.1,205.47,-4.4087,1.1813,6.9165,12.732,-6.0279,440.97,88.498,-27.912,692.5,52.672,-14.113,15.324,-60.484,502.58,253.2,15.825,-71.25,724.37,128.88,-34.533,14.455,-8.787,197.35,85.425,-67.247,-78.488,824.86,70.749,-18.957,17.401,-40.679,459.93,457.73,552.68,681.12,321.85,6.7714,-1.8144,1.9118,1.5991,16.394,118.73,111.08,3.266,6.6158,1.9761,-0.52949,-0.51226,-0.42847,-4.3928,-31.813,-29.765,-0.87511,-1.7727,-0.52949,0.14188
0,0,-1.6155,11.326,14.499,8.9166,13.401,3.609,-0.96703,0,0,-0.82336,4.9767,11.607,-5.534,-6.6499,3.4008,-0.91124,-0.87018,4.1787,-48.272,204.22,87.409,275.53,195.88,-4.5101,1.2085,11.465,-34.905,210.16,3.8832,3.6724,-22.882,368.06,82.143,-22.01,13.781,-57.654,519.21,-7.3313,-3.0456,2.3033,151.4,128.25,-34.364,10.564,-70.04,524.24,59.72,-47.487,-81.934,383.57,71.347,-19.117,17.243,-11.314,183.54,565.75,374.96,364.25,276.7,3.1098,-0.83326,4.5022,4.6301,3.9163,16.85,129.31,41.95,4.598,1.0988,-0.29443,-1.2064,-1.2406,-1.0494,-4.515,-34.649,-11.241,-1.232,-0.29443,0.078891
0,0,-0.83886,4.0801,19.236,11.107,16.79,2.6321,-0.70527,0,0,-0.96339,11.793,-13.668,-69.697,-51.579,4.6137,-1.2362,-0.74538,-0.3654,-11.156,-89.605,227.36,757.71,645.9,0.89417,-0.23959,6.9153,12.519,40.656,441.17,753.3,281.96,800.31,117.05,-31.364,16.053,-33.186,317.18,1105.9,306.34,-29.402,886.77,72.352,-19.387,10.873,-71.407,606.15,192.35,-92.854,574.52,498.58,1.6273,-0.43602,13.034,-66.263,621.33,798.12,948.97,563.92,32.961,5.1926,-1.3914,2.7537,-4.9287,55.056,118.17,122.49,17.543,3.614,0.91034,-0.24393,-0.73785,1.3207,-14.752,-31.665,-32.822,-4.7007,-0.96837,-0.24393,0.06536
12.134,8.4219,11.935,18.022,20.866,12.62,13.037,3.0418,-0.81506,12.972,9.2007,23.607,-31.474,-48.725,-66.335,7.8717,2.6803,-0.71819,10.536,15.907,-54.355,324.31,442.81,454.09,63.132,2.6385,-0.70699,20.239,-38.147,544.65,392.93,-2.2602,75.646,683.47,14.688,-3.9357,18.05,24,8.3716,23.446,-2.4684,-83.558,719.32,120.54,-32.298,19.585,-45.268,404.54,-7.548,-31.685,-122.97,874.11,108.25,-29.005,15.686,-67.677,708.47,286.82,322.87,788.3,482.65,5.9657,-1.5985,5.0493,-3.5916,51.771,119.28,119.59,107.4,7.6136,2.0675,-0.55398,-1.3529,0.96238,-13.872,-31.96,-32.045,-28.778,-2.04,-0.55398,0.14844
18.415,12.826,10.609,13.475,18.982,12.916,13.981,-0.12939,0.03467,14.807,11.724,17.24,-42.81,-30.388,6.9586,14.985,0.31891,-0.085452,11.911,14.313,-55.419,501.23,447.85,141.85,7.1128,3.0251,-0.81057,9.2418,7.8574,78.035,957.88,1039.5,942.51,806.62,17.504,-4.6902,20.47,6.0854,155.25,1021.5,264.38,-44.139,813.31,119.22,-31.944,26.348,-50.682,491.48,461.94,24.59,-77.769,735.47,106.93,-28.653,15.629,-66.044,634.09,936.45,14.887,131.57,889.11,5.1215,-1.3723,2.9694,-21.527,139.28,287.27,2.9319,63.351,135.35,2.1219,-0.56855,-0.79566,5.768,-37.319,-76.973,-0.78559,-16.975,-36.267,-0.56855,0.15234
0,0,-0.89786,8.0009,15.033,11.962,18.185,4.8223,-1.2921,0,0,-1.6426,15.887,-36.389,-77.99,-26.705,4.624,-1.239,-2.4497,-2.8507,-5.2294,-55.399,427.88,732.37,333.67,-3.5532,0.95208,14.005,9.759,-16.961,692.76,422.76,41.948,821.8,85.199,-22.829,12.181,-68.916,618.1,862.06,90.866,-79.476,740.02,129.25,-34.634,16.321,-25.992,375.67,507.35,-54.333,-84.452,884.56,70.355,-18.852,10.665,15.175,-13.17,649.33,525.61,533.99,672.4,4.6254,-1.2394,1.3549,2.1367,4.3388,1.8545,107.68,129.21,39.823,1.1425,-0.30614,-0.36306,-0.57252,-1.1626,-0.49692,-28.853,-34.621,-10.671,-0.30614,0.082031
0,0,-1.1878,4.5115,13.578,18.506,19.084,0.45946,-0.12311,0,0,-1.0477,7.6476,-59.275,-62.373,-25.82,1.7005,-0.45563,-1.5129,-1.3264,-25.641,9.5074,546.19,618.78,312.86,-2.5553,0.68469,9.8405,4.1488,48.201,756.88,210.67,-70.676,751.59,115.07,-30.834,8.1047,-72.381,739.36,286.02,23.465,-83.332,724.45,70.915,-19.002,13.332,-69.32,590.75,175.38,-87.698,198.92,553.86,3.0424,-0.81521,20.45,14.765,97.238,460.29,515.02,713.78,105.99,6.5908,-1.766,5.1288,4.5646,3.3422,16.426,123.29,18.426,6.5143,2.8836,-0.77265,-1.3742,-1.2231,-0.89554,-4.4013,-33.036,-4.9372,-1.7455,-0.77265,0.20703
18.415,12.826,10.418,15.552,19.83,14.916,18.135,3.1993,-0.85724,14.807,11.724,15.913,-12.385,-60.529,-73.871,9.4852,3.3321,-0.89283,11.696,19.498,-60.305,183.29,598.62,652.76,112.04,-5.1833,1.3889,10.441,-37.479,336.08,1016.5,441.05,69.368,726.85,84.076,-22.528,7.4516,-69.745,579.93,999.21,97.933,-83.918,739.56,128.6,-34.459,8.4086,-56.62,416.73,942.41,-83.016,111.67,998.57,71.325,-19.112,9.6249,12.938,-20.737,622.83,749.18,976.55,352.25,5.8679,-1.5723,2.7914,3.8447,3.902,15.794,131.48,73,3.8801,0.82678,-0.22153,-0.74796,-1.0302,-1.0455,-4.232,-35.23,-19.56,-1.0397,-0.22153,0.05936
19.135,21.216,14.279,4.1828,-3.9468,20.149,16.817,2.8776,-0.77104,21.079,28.952,-16.95,-77.613,-86.527,-52.766,15.167,3.432,-0.91959,8.2955,-17.813,208.26,676.39,798.92,521.78,26.721,3.72,-0.99676,10.339,-67.707,706.14,907.49,550.65,909.05,520.69,-4.4032,1.1798,12.282,-71.117,812.93,287.1,-60.443,395.53,1002.4,82.731,-22.168,15.806,-30.154,362.11,878.03,94.814,554.13,1072,108.63,-29.107,11.837,15.97,-21.171,547.34,1029.9,1075.1,546.36,4.5577,-1.2212,3.8977,4.6381,3.8854,3.1668,106.61,107.15,6.0499,1.7905,-0.47976,-1.0444,-1.2428,-1.0411,-0.84854,-28.566,-28.71,-1.6211,-0.47976,0.12855
0,0,-1.1878,4.5115,15.174,11.719,12.526,4.5624,-1.2225,0,0,-1.0477,7.6476,-57.939,-69.336,-9.305,5.2449,-1.4054,-0.91879,-0.59425,-26.461,9.0275,529.85,716.87,192.23,1.7925,-0.4803,8.2417,2.9503,39.235,815.93,189.19,186.91,766.91,15.743,-4.2183,10.339,-67.868,696.38,519.06,23.743,-36.036,931.87,121.06,-32.438,10.141,-55.382,562.57,552.6,-53.898,-86.725,967.7,104.7,-28.054,13.46,14.762,21.427,724.03,467.77,776.78,548.6,5.1616,-1.3831,3.3553,4.1123,2.602,16.663,119.89,108.07,4.0318,1.059,-0.28375,-0.89905,-1.1019,-0.69722,-4.4648,-32.125,-28.959,-1.0803,-0.28375,0.076032
18.415,12.826,11.251,11.531,25.729,16.663,15.426,3.1285,-0.83829,14.807,11.724,11.844,3.7728,-45.904,-3.8818,-29.945,4.5491,-1.2189,9.1271,17.453,-41.453,130.6,562.35,347.61,367.95,-0.54293,0.14548,20.081,-14.527,282.48,731.26,109.01,-65.772,733.63,116.64,-31.254,17.434,-58.411,594.82,402.13,21.389,-62.959,759.39,69.803,-18.704,19.889,-53.378,544.41,351.18,-48.585,89.757,578.95,2.833,-0.7591,18.906,11.92,51.105,788.99,380.53,689,147.26,4.7683,-1.2777,3.3347,2.4865,-2.2615,52.824,129.22,72.177,6.7006,0,0,-0.89354,-0.66627,0.60598,-14.154,-34.625,-19.34,-1.7954,0,0
0,0,-0.6194,9.986,14.47,15.298,16.595,8.9546,-2.3994,0,0,-2.2485,16.928,-57.802,-72.617,-9.5501,7.2319,-1.9378,-0.92781,-2.8082,0.25931,-37.165,502.2,586.41,212.76,-2.8769,0.77086,8.9691,18.241,-50.727,698.63,312.42,65.571,723.05,54.646,-14.642,14.353,-63.128,653.89,289.63,17.811,-77.207,523.59,128.49,-34.428,16.358,-33.564,436.47,345.71,-52.046,-102.3,782.33,41.572,-11.139,11.837,15.97,11.998,369.05,509.22,673.91,353.88,4.0233,-1.078,3.8977,4.6381,3.215,-3.7315,61.507,71.637,4.6879,2.4501,-0.65651,-1.0444,-1.2428,-0.86145,0.99985,-16.481,-19.195,-1.2561,-0.65651,0.17591
5.2184,8.1907,9.2903,7.7183,15.075,19.682,26.742,3.1163,-0.83502,5.6424,6.8362,19.976,-45.742,-55.525,-59.805,17.281,2.1752,-0.58283,10.182,14.57,-6.9029,369.45,576.8,541.28,64.714,3.3331,-0.89309,14.19,-52.092,451.8,441.84,11.14,105.55,686.65,15.504,-4.1544,19.902,-52.598,535.51,12.583,-3.8855,-83.504,719.07,120.59,-32.312,6.3627,-61.556,523.62,98.62,-62.439,-153.04,843.68,108.32,-29.025,10.442,12.166,26.371,346.37,442.42,628.49,524.11,4.8196,-1.2914,1.4279,1.7527,3.999,-7.5268,80.07,122.32,18.424,1.6962,-0.45451,-0.38261,-0.46963,-1.0715,2.0168,-21.455,-32.776,-4.9366,-0.45451,0.12178
10.465,8.7834,14.317,5.8129,8.5713,22.743,10.387,1.6715,-0.44787,7.7088,6.9896,23.198,-20.211,-75.962,-63.788,4.5897,2.8276,-0.75764,8.4943,13.234,-59.118,237.83,728.27,661.03,50.665,-4.9043,1.3141,11.505,-55.233,542.83,668.53,186.88,144.65,755.99,61.282,-16.421,11.125,-65.933,698.61,979.96,99.989,-59.442,893.07,69.79,-18.7,14.18,-73.975,781.91,191.07,-130.04,559.9,622.48,5.4878,-1.4704,21.192,-21.855,395.78,830.96,638.12,720.9,80.325,3.929,-1.0528,4.0004,5.208,-1.1201,107.64,110.17,3.2987,4.4538,1.3922,-0.37304,-1.0719,-1.3955,0.30012,-28.841,-29.52,-0.88389,-1.1934,-0.37304,0.099955
18.415,12.826,10.54,16.144,6.5144,15.176,15.043,4.6638,-1.2497,14.807,11.724,11.663,4.1493,-71.072,-49.931,18.422,3.9979,-1.0712,11.858,19.109,-33.445,114.92,657.04,543.99,38.344,3.6897,-0.98865,9.9887,-19.781,248.9,929.19,157.13,115.71,595.52,22.234,-5.9576,8.2027,-73.464,771.42,266.61,26.221,-14.328,931.49,106.95,-28.657,8.7698,-59.014,567.05,344.72,-93.931,631.42,534.39,2.623,-0.70282,9.6249,12.938,-11.665,644.6,861.16,638.77,59.046,5.3358,-1.4297,2.7914,3.8447,4.5161,2.239,35.035,4.6022,4.9529,0.38085,-0.10205,-0.74796,-1.0302,-1.2101,-0.59994,-9.3877,-1.2332,-1.3271,-0.10205,0.027344
0,0,-0.42389,5.7871,11.294,5.8841,11.613,10.011,-2.6825,0,0,-0.92755,5.7825,-31.832,-71.648,0.65149,10.574,-2.8333,-2.1325,-2.8272,-25.369,61.646,319.79,541.26,161.43,1.0903,-0.29213,13.691,19.467,24.937,677.73,842.03,302.13,816.23,107.43,-28.785,22.93,-50.362,579.39,266.85,21.843,-113.57,719.92,106.92,-28.649,7.0374,-78.277,675.19,183.85,-115.48,288.4,697.64,4.2448,-1.1374,19.208,14.049,88.803,484.34,599.02,713.37,74.11,4.3484,-1.1651,6.2733,6.57,-4.0187,51.338,123.46,16.84,2.5074,1.3854,-0.37122,-1.6809,-1.7604,1.0768,-13.756,-33.082,-4.5122,-0.67185,-0.37122,0.099469
0,0,-0.60179,5.334,22.296,12.698,6.1838,3.8886,-1.0419,0,0,0.20052,-2.3555,-56.167,-75.475,-18.902,2.3236,-0.62261,-1.9037,-2.9693,-14.426,44.75,690.79,718.12,155.05,-1.9123,0.51241,12.277,20.736,-37.638,773.91,367.38,123.09,790.76,62.338,-16.703,13.876,-55.136,451.69,816.84,29.983,0.30832,886.84,40.343,-10.81,23.943,-68.714,781.02,126.8,-84.672,581.21,318.39,6.0702,-1.6265,6.3817,-13.879,195.17,722.54,767.89,416.36,17.797,2.6282,-0.70423,3.3443,5.2988,-5.9016,90.715,42.337,3.6843,5.7711,1.3193,-0.35351,-0.8961,-1.4198,1.5813,-24.307,-11.344,-0.98719,-1.5463,-0.35351,0.094722
18.727,21.4,13.05,12.176,17.952,7.3858,9.6424,5.2132,-1.3969,19.319,20.892,20.349,-42.245,-63.141,-85.562,-36.675,6.6018,-1.7689,12.05,17.843,-62.592,478.36,760.31,781.81,397.33,1.2743,-0.34146,9.0655,-40.521,357.69,653.11,455.15,56.193,770.41,108.34,-29.03,13.595,-67.052,671.14,141.35,19.591,-30.827,942.31,106.06,-28.419,12.634,-72.585,609.41,272.15,-67.059,700.53,595.87,4.9643,-1.3302,8.1437,0.049123,66.547,637.46,934.34,759.96,78.74,4.1336,-1.1076,5.6804,6.8206,3.3784,-0.29107,93.292,1.5312,7.3491,1.9587,-0.52482,-1.5221,-1.8276,-0.90523,0.077992,-24.998,-0.41029,-1.9692,-0.52482,0.14062
9.309,7.7912,5.5214,16.418,10.761,15.129,13.952,1.7666,-0.47335,9.5464,7.7721,5.9711,4.1141,-68.824,-53.902,16.074,1.3378,-0.35846,6.6315,15.136,-30.465,181.49,694.84,555.93,28.583,4.2421,-1.1367,15.215,-12.598,203.54,901.41,129.3,249.39,688.52,15.4,-4.1266,17.488,-60.453,706.68,304.89,12.305,-108.16,754.47,106.22,-28.462,12.575,-67.721,585.08,709.24,70.068,453.07,785.67,9.3968,-2.5179,21.514,14.002,70.501,862.76,968.72,760.23,103,4.2807,-1.147,5.3534,5.4094,3.9943,26.212,68.219,3.5065,5.0588,1.8847,-0.50501,-1.4344,-1.4494,-1.0703,-7.0236,-18.279,-0.93955,-1.3555,-0.50501,0.13532
4.7204,5.1413,12.02,12.2,20.227,8.9324,10.676,2.2588,-0.60524,2.398,4.3052,20.912,-16.825,-58.913,-83.606,-12.112,1.9307,-0.51734,9.2443,14.634,-50.509,188.77,675.08,749.3,163.25,-6.0598,1.6237,15.802,-34.898,291.25,1033,379.13,160.92,905.2,82.217,-22.03,13.614,-63.51,692.15,559.67,30.795,-87.537,952.49,121,-32.421,20.257,-49.748,575.5,485.08,-119.23,488.47,810.6,18.025,-4.8298,14.675,12.933,38.198,461.83,743.05,968.68,183.04,3.007,-0.80571,3.2524,3.7285,5.6759,2.1976,117.57,69.014,4.7701,1.1056,-0.29624,-0.87148,-0.99904,-1.5208,-0.58886,-31.503,-18.492,-1.2781,-0.29624,0.079377
12.134,8.4219,11.546,15.206,20.91,12.699,23.78,4.9321,-1.3215,12.972,9.2007,23.756,-40.31,-59.957,-74.945,1.2577,6.5122,-1.7449,12.449,17.581,-62.062,494.22,655.1,742.44,208.95,-6.0275,1.6151,13.218,-49.987,430.85,644.02,99.484,72.86,795.8,83.948,-22.494,2.7762,-72.964,596.5,129,14.063,-78.683,735.3,119.48,-32.015,15.156,-54.113,490.01,198.9,-72.489,-171.09,758.56,128.94,-34.55,8.7982,9.9975,3.7834,444.28,705.19,772.95,733.85,41.212,-11.043,1.9162,2.0607,5.2948,-0.84412,105.57,122.31,19.927,1.4135,-0.37876,-0.51344,-0.55216,-1.4187,0.22618,-28.288,-32.772,-5.3393,-0.37876,0.10149
0,0,-0.2154,6.3831,19.986,10.756,19.131,6.6577,-1.7839,0,0,-0.78405,12.815,-24.44,11.305,3.2539,7.9924,-2.1416,-4.6029,-4.8829,-1.0387,-55.328,404.68,46.027,125.88,-1.1674,0.3128,26.953,29.456,-47.093,693.06,184.15,-37.915,877.68,109.43,-29.321,20.238,-48.61,510.01,473.78,-7.7291,102.07,906.47,17.064,-4.5723,14.808,-61.519,698.42,36.968,47.215,845.65,316.51,4.3173,-1.1568,21.193,-48.217,507.03,490.99,680.04,263.45,19.838,6.8681,-1.8403,3.5916,6.2199,-1.8385,117.94,44.176,3.1944,5.7583,0.82287,-0.22049,-0.96237,-1.6666,0.49261,-31.603,-11.837,-0.85593,-1.5429,-0.22049,0.05908
21.621,18.011,27.248,14.947,5.448,6.5478,12.278,7.8685,-2.1084,17.506,17.302,23.946,-50.165,-77.342,-41.96,13.259,7.456,-1.9978,11.009,4.8461,76.826,486.48,812.86,481.22,41.053,3.4228,-0.91714,7.8797,-63.683,638.17,636.96,333.99,368.5,583.68,14.905,-3.9937,12.025,-70.629,642.37,43.039,22.631,-67.96,502.37,120.79,-32.367,12.299,2.523,159.11,421.16,-48.196,-149.05,695.05,107.59,-28.828,13.365,13.431,-22.441,365.22,695.19,848.9,714.28,6.212,-1.6645,6.1761,6.9,4.9513,-4.6531,54.923,127.41,40.338,0.75389,-0.202,-1.6549,-1.8488,-1.3267,1.2468,-14.717,-34.139,-10.809,-0.202,0.054127
27.167,25.192,10.328,20.101,12.94,12.117,20.901,6.3425,-1.6995,25.37,24.206,19.405,-46.967,-63.658,1.3756,20.873,6.4343,-1.7241,12.617,25.024,-62.924,540.91,537.12,170.64,-14.001,3.2962,-0.88322,11.329,-44.97,381.07,317.28,308.25,384.37,245.9,-4.5552,1.2206,13.138,-43.628,528.4,-0.86364,3.058,-84.138,674.39,90.908,-24.359,4.8386,-33.832,283.59,106.35,-31.574,-11.776,860.71,40.907,-10.961,17.634,18.433,10.855,182.93,651.28,845.44,263.33,4.2063,-1.1271,15.195,14.739,1.4317,4.6052,7.7133,26.694,4.7771,1.1308,-0.303,-4.0714,-3.9492,-0.38363,-1.2339,-2.0668,-7.1527,-1.28,-0.303,0.08119
18.415,12.826,9.8578,20.25,14.647,23.145,16.931,5.798,-1.5536,14.807,11.724,10.603,16.175,-65.458,-70.047,-22.723,6.5607,-1.7579,11.594,18.97,-33.064,40.161,642.65,782.27,379.34,-0.86164,0.23088,13.333,-15.77,183.51,981.58,688.36,103.25,940.58,107.22,-28.729,9.8999,-62.404,554.89,927.72,55.751,8.4644,1022.9,129.02,-34.572,17.9,-68.336,771.67,433.5,104.75,881.59,730.38,38.866,-10.414,9.5742,-27.684,245.09,993.01,1074,848.08,146.32,4.6249,-1.2392,4.8357,6.4756,1.1502,106.56,127.36,42.924,4.982,1.7147,-0.45946,-1.2957,-1.7351,-0.30819,-28.553,-34.126,-11.501,-1.3349,-0.45946,0.12311
0,0,-1.1755,5.4935,13.569,13.669,13.701,4.2744,-1.1453,0,0,-0.69902,4.4801,16.533,-56.886,-30.001,5.2119,-1.3965,-0.92001,-1.3098,2.6973,-49.23,39.001,640.25,390,-1.1953,0.32029,7.6864,17.457,-75.96,531.03,737.98,268.72,853.02,113.05,-30.292,8.0257,-45.043,383.08,685.99,87.51,74.818,881.13,71.025,-19.031,16.367,-60.471,614.8,-39.389,188.07,903.65,230.68,4.583,-1.228,17.212,-61.936,595.37,807.46,634.95,236.07,18.846,4.6238,-1.239,2.5513,-4.338,55.122,125.94,17.919,5.0592,4.5233,1.3193,-0.35351,-0.68363,1.1624,-14.77,-33.746,-4.8015,-1.3556,-1.212,-0.35351,0.094722
28.532,27.158,10.666,10.695,17.248,4.6644,19.453,3.042,-0.81511,30.945,27.689,16.215,-60.595,-59.67,-62.405,19.26,3.4297,-0.919,14.625,20.566,-48.724,642.41,651.05,463.86,50.521,-4.6046,1.2338,9.9346,-53.391,564.4,567.02,60.327,77.971,757.28,54.218,-14.528,17.298,-73.466,755.22,93.064,2.0993,-81.549,712.33,120.14,-32.192,9.7039,-10.993,194.1,640.82,45.099,-14.092,990.39,106.42,-28.516,18.343,20.152,1.4551,174.93,698.4,906.03,543.45,3.6958,-0.99028,8.7787,8.3728,3.6364,5.3636,10.236,58.722,4.2747,0.89186,-0.23897,-2.3522,-2.2435,-0.97437,-1.4372,-2.7428,-15.735,-1.1454,-0.23897,0.064032
0,0,-0.20307,3.1436,10.615,8.9813,13.409,2.017,-0.54044,0,0,-0.4337,6.8766,7.232,-73.219,-7.0602,1.5496,-0.41522,-0.56085,-1.2837,-0.5653,-73.011,107.47,623.88,177.13,-2.5879,0.69343,7.093,15.889,-62.718,643.54,668.98,295.36,754.55,62.049,-16.626,12.777,-39.901,494.21,556.75,10.276,-124.38,783.75,73.939,-19.812,23.672,-67.018,755.89,35.147,81.328,878.06,415.79,3.7687,-1.0098,23.429,-45.422,572.4,818.41,591.26,466.97,41.066,6.8256,-1.8289,7.3626,6.2341,15.021,123.61,18.674,4.5303,5.4985,2.9924,-0.80181,-1.9728,-1.6704,-4.0248,-33.12,-5.0037,-1.2139,-1.4733,-0.80181,0.21484
0,0,-2.5716,13.941,12.775,7.0079,26.606,4.0526,-1.0859,0,0,-0.67798,-2.6239,-67.357,-62.283,25.435,5.6723,-1.5199,-0.73498,5.4982,-54.358,130.85,704.12,579.48,34.14,-5.9752,1.6011,9.6455,-24.312,168.92,269.06,448.42,287.82,777.29,82.847,-22.199,14.316,-63.012,591.49,224.56,15.463,-108.85,732,129.88,-34.8,15.86,-64.952,492.22,98.458,-96.956,205.24,894.98,41.471,-11.112,13.116,3.9652,71.383,542.97,705.63,855.07,181.89,4.0045,-1.073,2.977,2.7823,4.8279,-6.1745,89.794,17.229,3.9983,1.4135,-0.37876,-0.7977,-0.74551,-1.2936,1.6545,-24.06,-4.6165,-1.0713,-0.37876,0.10149
0,0,-0.18756,1.209,31.12,15.434,11.928,3.0843,-0.82644,0,0,0.87003,-10.482,-45.89,13.401,11.543,2.0994,-0.56253,-1.3903,3.3941,-58.285,152.86,633.55,165.13,-55.245,-1.8913,0.50677,9.8779,-21.543,273.59,461.68,137.7,-5.8239,616.79,51.942,-13.918,15.932,-61.488,774.56,298.34,-35.827,106.72,1056.4,108.12,-28.97,13.814,-66.645,800.46,513.74,102.04,903.51,689.97,7.1051,-1.9038,10.059,0.99959,74.87,741.81,1056.9,989.22,155.66,6.2157,-1.6655,2.1016,2.2538,5.4062,17.911,127.52,69.363,4.2437,0.18847,-0.050501,-0.56312,-0.60392,-1.4486,-4.7993,-34.17,-18.586,-1.1371,-0.050501,0.013532
12.049,12.255,22.026,21.855,12.414,9.289,11.381,3.7319,-0.99996,10.069,8.6895,24.288,-51.217,-62.416,-78.3,-10.027,4.7986,-1.2858,15.321,23.872,-8.1093,634.02,753.66,681.87,161.13,-2.3929,0.64119,11.683,-54.123,379.23,1009.1,533.56,73.418,842.66,53.191,-14.252,16.331,-61.712,693.75,492.34,40.574,-46.389,978.6,128.26,-34.367,12.919,-53.426,538.36,517.87,-70.241,355.6,851.54,39.803,-10.665,30.031,31.031,-23.121,321.61,867.69,706.24,179.9,4.8732,-1.3058,5.0407,3.8801,4.6662,-2.8922,87.827,19.041,7.7877,1.0988,-0.29443,-1.3506,-1.0397,-1.2503,0.77496,-23.533,-5.1019,-2.0867,-0.29443,0.078891
7.6633,12.218,10.733,11.252,11.098,10.908,22.747,3.5859,-0.96084,10.488,15.887,3.4433,-64.651,-65.45,-56.951,24.17,4.5811,-1.2275,19.715,11.619,94.074,560.15,621.27,483.59,-14.207,3.5695,-0.95643,5.0693,-73.676,665.85,1010.5,492.13,571.71,759.58,15.293,-4.0978,-2.8527,-85.612,796.73,351.53,-54.749,101.5,1087.7,129.9,-34.806,15.538,-54.9,563.94,610.33,328.77,914.41,806.56,40.437,-10.835,14.675,12.933,31.383,409.44,774.87,850.63,151.07,5.147,-1.3791,3.2524,3.7285,4.4121,6.2834,27.819,41.572,6.6736,1.3776,-0.36913,-0.87148,-0.99904,-1.1822,-1.6836,-7.454,-11.139,-1.7882,-0.36913,0.098908
10.236,7.8655,20.869,6.626,-0.88303,10.729,22.949,6.0826,-1.6298,14.453,11.966,12.404,-73.836,-82.942,-75.626,18.378,6.6868,-1.7917,16.07,8.9168,51.263,645.04,778.68,740.99,55.315,3.6196,-0.96987,10,-65.822,661.9,720.31,299.64,594.88,766.39,16.854,-4.5161,12.662,-71.416,760.11,162.75,16.753,-69.407,903.44,124.05,-33.24,15.039,-66.519,599.97,474.26,-58.342,196.74,776.97,15.839,-4.244,10.463,2.9629,82.712,968.8,788.3,981.15,227.84,7.6409,-2.0474,5.0984,4.5772,-5.6429,80.837,127.61,70.317,2.9471,1.6962,-0.45451,-1.3661,-1.2264,1.512,-21.66,-34.194,-18.842,-0.78968,-0.45451,0.12178
