-4.3301,2.2631,10.025,-388.62,117.3,131.12,-64.932,-0.68284,-3.2562,323.25,-297.31,13.038,-15.038,0,0
-4.7631,-12.495,194.25,103.73,21.493,-171.92,-94.912,-109.86,-52.62,121.23,490.07,-55.574,-68.126,0,0
-23.816,-8.7417,-32.037,544.01,16.961,174.13,-116.83,306.18,-219.66,-149.72,227.53,479.95,-205.6,0,0
-10.926,-24.197,93.587,65.968,-128.72,226.87,-9.1639,-90.752,-202.88,-357.25,856.34,112.29,-134.39,0,0
1.7321,6.616,153.43,507.45,-143.94,-169.85,-159.17,-38.33,-171.65,29.691,230.76,158.78,-116.96,0,0
1.7321,-10.678,-186.83,213.23,4.8599,146.31,226.55,-124.95,227.56,86.039,-226.06,96.727,-92.524,0,0
3.4641,9.433,78.181,668.41,-273.98,104.86,117.68,-80.356,87.77,216.71,368.57,270.3,-157.55,0,0
-15.942,36.008,233.78,243.11,-91.329,144.06,-21.316,-69.353,-307.03,126.86,498.39,-77.809,-74.781,0,0
20.352,15.92,-105.58,49.881,63.667,-146.96,-216.74,-9.15,-53.876,-55.142,229.2,293.17,-133.39,0,0
-3.0311,12.178,-233.91,374.64,-149.77,24.062,48.447,22.971,-131.91,-292.5,411.34,59.584,-96.687,0,0
-35.37,-14.538,234.28,-432.36,-30.139,-128.03,91.464,-35.895,-7.6708,69.009,421.65,27.008,-88.413,0,0
-21.102,-10.004,64.281,443.5,21.718,-33.651,193.07,5.0433,-182.04,-186.76,333.83,574.11,-227.11,0,0
-11.258,-1.5048,-255.09,214.49,38.333,-225.97,382.72,106.94,-153.94,-42.321,-116.76,991.75,-204.95,0,0
-14.289,3.2518,569.17,-42.651,23.281,-38.251,92.861,248.25,-81.578,196.58,405.48,251.72,-141.68,0,0
-15.588,-3.6992,-280.73,-480.32,-54.207,182.17,164.52,-184.16,-179.08,-41.936,905.06,-195.6,-74.639,0,0
-2.5981,-31.307,170.72,-74.843,-18.17,7.2795,-21.219,-59.353,-254.9,139.28,313.3,-532.77,-20.39,0,0
-25.115,-11.041,-464.37,34.098,62.081,-87.011,-20.161,-16.978,60.67,43.041,233.94,205.63,-134.71,0,0
-11.554,-9.3071,230.3,379.05,-325.58,-63.447,22.237,18.755,124.44,43.454,653.37,137.92,-543.87,0,0
-38.834,-6.4887,304.59,-50.215,-106.25,104.42,0.06819,-183.82,-220.27,308.29,376.87,-23.352,-93.194,0,0
4.3301,23.136,-412.41,213.76,-187.96,56.285,77.55,51.89,-91.354,204.68,205.86,283.61,-152.39,0,0
-10.825,1.2942,-339.56,208.8,-405.78,97.717,-12.416,-101.91,-63.795,-66.859,491.51,606.39,-224.33,0,0
3.0311,-4.7386,-534.45,136.23,-4.7772,156.5,7.5958,-51.672,-36.928,118.28,601.11,469.21,-200.49,0,0
12.13,-1.3612,113.77,135.64,-11.758,156.71,226.09,-121.3,139.61,-141.07,105.42,98.758,-154.04,0,0
-12.774,-19.058,-208.48,129.87,-169.88,-91.356,-92.84,-62.006,-49.142,366,260.34,-130.02,-94.365,0,0
-17.183,8.6991,-33.672,184.89,-241.89,-220.17,224.04,-160.32,-1.4916,30.375,57.768,653.29,-234.41,0,0
8.2329,2.3104,-618.3,464.79,-53.056,84.943,146.23,71.055,-100.38,-72.1,401.21,-79.551,-112.44,0,0
-18.915,11.157,228.79,18.24,50.812,-19.282,-34.893,-173.95,-9.2994,320.89,324.9,666.77,-232.55,0,0
17.891,16.972,-311.46,366.05,-31.702,-1.1025,48.546,4.2756,170.39,-117.97,488.47,-14.687,-136.48,0,0
-4.7631,-11.799,-133.97,379.82,-98.738,-109.1,108.73,140.21,-44.279,-11.697,717.33,140.85,-120.72,0,0
-18.482,-14.711,-262.42,607.51,-189.23,3.0428,-8.624,85.444,-3.2601,124.77,728.85,173.4,-134.38,0,0
-4.3301,-14.94,-228.28,-3.3204,119.32,56.652,194.73,-15.937,-139.91,-313.24,366.56,449.91,-200.6,0,0
27.386,4.5084,-355.41,7.6382,-159.14,-57.47,-44.481,-56.316,49.025,-284.16,154.73,236.56,-158.34,0,0
-15.155,-23.897,-325.45,601.92,-241.26,-41.486,-295.59,145.58,-114.92,-152.43,503.54,248.06,-181.9,0,0
-19.348,1.0586,455.03,-87.126,208.36,-78.248,-136.82,-116.26,216.68,291.96,339.09,-130.45,-65.191,0,0
-14.152,-18.003,-106.97,320.13,-342.54,64.238,156.77,-36.756,-75.482,13.884,290.27,-195.08,-90.575,0,0
-14.722,9.4838,-39.986,233.96,-295.63,178.17,-41.237,106.23,-154.09,243.03,448.59,108.36,-108.99,0,0
2.6038,-0.15849,111.52,203.54,56.743,64.664,-434.89,-120.4,50.245,441.05,-78.632,263,-184.63,0,0
-0.86603,2.2321,-83.558,-172.25,418.5,134.72,37.387,-77.888,-185.91,-346.13,411.63,278.77,-162.78,0,0
14.902,21.804,-294.49,432.89,67.295,-151.44,-256.17,16.389,133.75,24.157,-45.313,192.89,-153.59,0,0
-12.99,-2.0048,-19.368,139.72,337.32,-71.583,-48.425,127.88,-157.78,585.01,-399.21,-185.3,-87.462,0,0
1.0981,-16.59,391.83,102.04,-256.51,-280.66,222.67,-129.25,-87.066,128.58,61.118,-75.123,-108.95,0,0
-12.959,14.46,500.13,555.19,-413.2,195.37,-125.06,184.71,-35.862,-301.05,249.79,-554.9,-21.713,0,0
19.47,14.056,465.01,-264.22,42.441,305.63,26.216,72.685,-12.778,-229.76,146.24,225.97,-140.28,0,0
4.7631,-6.5622,83.866,510.53,180.48,-60.483,-4.6723,-17.289,98.693,-178.39,320.25,424.08,-209.54,0,0
31.616,13.791,-296.1,265.98,176.99,316.55,144.96,-51.525,-20.248,-411.85,313.25,455.56,-200.94,0,0
-3.4641,1.5245,-17.578,317.33,-186.87,-68.27,-44.919,-62.54,61.363,45.139,99.666,-159.5,-115.91,0,0
-18.62,-20.342,333.15,710.72,-227.51,85.595,-31.488,33.184,-135.71,-31.786,515.62,580.12,-225.04,0,0
-5.8825,3.2431,140.34,866.22,-301.66,-38.567,161.82,-61.82,-63.008,-49.247,652.27,-291.03,-93.408,0,0
10.825,-23.546,42.805,257.32,-76.731,-119.13,-120.47,-112.69,-115.8,-24.111,480.81,-632.31,-22.221,0,0
8.639,8.8942,-54.724,394.41,-109.75,-67.668,-13.651,25.238,-101.57,-418.85,502.36,-23.909,-87.786,0,0
-9.5263,-7.4869,-37.519,-2.1228,-73.187,2.0864,216.01,48.324,7.6965,144.66,-79.262,627.91,-177.75,0,0
-12.341,-15.625,-99.938,-96.509,74.939,-129.71,-80.773,-78.619,-11.937,-0.12638,698.92,323.67,-178.64,0,0
5.2018,9.6896,-120.7,480.56,114.23,-86.677,12.106,106.84,-101.91,-128.41,219.13,445.88,-156.23,0,0
-7.7942,18.149,-28.85,50.142,-148.45,-84.156,-72.697,4.4481,-222.98,13.202,-116.1,472.69,-203.71,0,0
-7.7942,-1.384,824.62,-112.82,154.53,2.2077,59.546,5.7566,6.1417,44.314,308.87,460.19,-158.96,0,0
4.7631,-2.7942,255.44,-49.462,-165.93,-1.9504,130.43,117.63,-163.57,-314.21,383.21,745.39,-245.57,0,0
-3.5433,25.042,-619.72,-169.95,8.8997,-262.29,-3.9946,66.345,-159.15,-15.311,191.55,1309.4,-317.42,0,0
5.6349,8.366,302.59,282.45,171.32,68.13,37.28,133.63,-96.275,-92.524,96.55,-43.766,-477.98,0,0
-25.115,-14.364,-54.252,459.86,-0.88771,37.979,364.55,-288.22,90.716,177.96,-200.38,676.87,-224.51,0,0
4.7631,11.299,40.994,41.229,-35.912,-84.952,22.842,275.3,-29.226,361.11,-111.15,210.01,-138.06,0,0
6.9339,27.093,-271.78,688.2,-22.378,14.833,-24.619,12.947,148.39,37.88,247.56,355.95,-182.43,0,0
-7.2084,-7.8995,250.58,299.83,556.26,-289.6,26.877,75.948,127.59,337.05,-134.24,316.29,-183.19,0,0
-11.258,19.557,110.41,135.25,65.382,56.708,2.5269,110.06,-199.56,-177.7,-189.4,532.98,-201.36,0,0
13.429,10.219,577.13,134.04,-68.425,-4.2363,73.541,82.519,32.867,-70.83,-125.76,664.57,-205.39,0,0
-7.3612,-2.9444,-471.22,749.44,-409.97,-11.051,79.709,-114.24,-55.882,129.42,74.234,108.23,-113.45,0,0
-10.213,13.037,-176.41,207.68,-121.21,26.419,54.334,-8.7341,-99.44,-14.81,-115.62,470.11,-173.26,0,0
-12.515,21.505,35.087,367.53,-396.2,-42.873,140.74,293.66,-124.66,62.363,107.84,357.52,-181.48,0,0
6.0679,2.2859,195.27,2.0096,44.202,78.833,49.477,-131.6,-41.033,-175.57,-74.762,-380.64,-43.434,0,0
-3.0311,11.105,-574.98,347.25,-35.16,-208.86,-3.1689,-169.33,70.552,98.213,-111.31,389.66,-155.71,0,0
1.7321,-27.131,20.66,258.65,-190.22,16.798,-282.03,168.28,-60.369,-40.036,306.55,48.72,-112.24,0,0
-4.5466,-34.238,491.14,413.77,131.81,-21.383,-29.452,-122.42,-299.39,-100.86,194.53,-123.64,-89.421,0,0
-9.4103,5.7219,188.89,351.16,-298.91,29.65,26.692,-78.092,-8.116,501.97,-94.083,-192.03,-89.814,0,0
-5.9249,11.137,-61.573,315.68,-15.91,-94.237,65.372,-14.223,-98.858,-88.889,344.47,321.22,-160.04,0,0
-15.668,-6.8373,434.16,91.291,28.574,-47.685,102.29,-54.726,-93.419,-221.11,677.39,407.85,-200.85,0,0
-16.454,-6.7058,42.338,-20.999,24.821,61.398,-76.983,52.221,-71.723,1.5377,-107.99,278.37,-138.24,0,0
5.2811,43.56,31.185,367.03,-141.65,-15.142,-98.57,-131.49,31.477,-472.85,532.69,300.02,-181.24,0,0
-11.359,-33.284,-562.9,78.922,-608.94,33.387,141.95,40.187,-68.292,-159.6,98.991,-355.56,-48.663,0,0
4.3358,19.678,219.46,277.9,-162.78,46.451,-254.18,105.38,-92.86,267.22,254.52,632.23,-228.68,0,0
-3.0311,16.569,-67.899,-73.991,-68.958,-99.149,311.34,8.3197,141.05,263.18,353.08,408.11,-161.07,0,0
-20.748,7.8364,254.68,100.91,-384.76,85.54,-15.658,-212.52,-26.563,-251.23,97.411,-241.2,-72.345,0,0
-12.557,-1.0538,-346.16,-116.95,-78.01,-94.289,10.221,-143.48,-8.1525,-62.063,693.17,173.56,-138.9,0,0
8.2272,-9.1782,-100.35,244.75,-305.21,75.728,19.54,-51.875,-13.839,-122.67,252.1,-193.89,-89.469,0,0
5.1962,-18.825,534.49,105.12,-148,176.43,3.3014,-92.323,-136.12,447.77,-142.81,384.48,-178.17,0,0
-1.4518,-0.0024047,536.68,53.096,201.86,-68.193,-44.173,81.328,-199.18,-285.59,398.59,51.309,-95.831,0,0
1.3995,-14.839,-422.82,37.211,281.6,-96.888,-29.54,-31.18,-149.58,113.36,269.44,-72.674,-72.011,0,0
-9.3367,-30.769,373.02,114.03,-371,-64.356,-25.225,-40.992,-1.3912,391.12,416.57,583.49,-221.87,0,0
