15.588,-14.088,-4.6029,-46.925,49.54,-142.42,105.44,-14.089,233.09,34.453,237.77,-74.896,12.643,0,0
0,0,0,0,-13.085,-333.07,-144.71,-26.689,56.908,190.73,32.807,53.102,-5.0289,0,0
-2.5981,-21.002,-15.536,87.519,-28.024,-258.27,-105.39,-144.74,149.42,-141.49,-4.7712,-71.168,6.1468,0,0
0,0,0,0,71.774,-190.14,-189.91,311.46,-58.038,-74.134,-59.898,6.2173,-6.1224,0,0
0,0,0,0,-99.977,-206.86,16.729,63.993,-18.184,114.78,14.753,-19.005,-1.0583,0,0
-6.706,-27.812,-27.619,84.612,-0.53596,-36.605,370.62,-153.71,-64.714,-212.41,-95.222,27.464,-4.683,0,0
-1.7321,-23.428,-16.842,155.5,-176.43,144.32,-36.679,-49.241,47.138,232.47,-122.06,4.3976,-7.1293,0,0
-3.7811,-24.765,-14.779,113.59,165.64,-98.181,313.6,37.038,-54.409,21.654,0.42196,-53.449,58.949,0.16178,-0.53349
0.43301,1.6405,16.422,-23.51,-69.771,281.45,254.94,67.357,357.03,68.066,-71.569,-51.943,-4.2674,0,0
3.2533,-13.446,-12.119,100.75,9.0811,-167.8,299.28,-104.31,49.966,40.614,75.254,-4.8125,0.40817,0,0
8.2272,-22.173,15.722,-15.502,-80.18,-58.047,-383.53,-21.953,93.707,-7.8666,-48.785,0.5649,-10.855,0,0
-1.1102e-015,-23.727,26.778,-17.637,87.829,61.994,24.975,68.043,-86.14,22.696,133.61,48.174,-3.9719,0,0
8.2272,-22.173,15.722,-15.502,70.091,19.892,60.517,182.05,-160.72,-159.27,-28.914,55.685,2.0903,0,0
0,0,0,0,-74.037,-155.84,-80.347,314.41,-123.7,-106.39,122.49,-10.265,8.0853,0,0
0,0,0,0,36.461,-131.05,138.04,-55.336,-363.36,-134.67,21.245,134.05,-21.076,0,0
0,0,0,0,-0.65313,-198.89,172.78,138.9,393.34,249.21,-26.039,-14.386,-3.8227,0,0
1.7321,-28.399,8.9904,-18.758,-172.01,-435.31,155.93,31.374,260.44,-192.1,215.48,-118.76,0.16025,0,0
2.1283,8.3346,16.668,-35.841,-6.339,-11.964,-149.16,110.99,433.17,-35.202,31.87,58.847,6.1552,0,0
0,0,0,0,109.51,-33.98,19.639,-194.85,-116.39,276.11,-169.84,178.58,-24.007,0,0
-11.728,16.519,-9.907,-34.316,228.19,170.46,-37.019,240.79,39.327,173.62,106.32,-68.308,-0.79792,0,0
-3.7811,-24.765,-14.779,113.59,48.049,2.9165,26.178,-0.22548,-13.31,217.72,-0.88835,75.176,-1.7811,0,0
0,0,0,0,12.346,49.852,79.237,-149.68,-91.924,133.43,26.749,-154.46,23.564,0,0
0,0,0,0,-58.859,-131.14,-180.58,47.127,319.1,-46.393,230.98,-11.714,8.8454,0,0
0,0,0,0,-33.646,-250.27,256.71,161.76,273.67,192.16,39.694,-22.334,-0.50481,0,0
0,0,0,0,87.594,257.22,24.547,188.53,-285.87,8.9161,-8.6256,-8.7102,-8.8466,0,0
3.0311,-8.1471,12.221,-15.923,-289.47,69.858,168.6,372.23,193.84,127.73,142.38,58.855,-4.5756,0,0
-15.008,97.5,48.598,-82.621,79.252,-47.307,-78.776,205.62,110.44,57.668,-141.64,-1.9601,-0.3218,0,0
0,0,0,0,-6.1369,-14.051,218.27,139.47,-116.51,53.578,20.264,30.923,-7.811,0,0
0,0,0,0,-104.55,-64.027,12.938,12.324,-84.097,117.84,108.91,46.423,-6.0804,0,0
-26.847,19.809,26.25,63.639,-10.64,271.36,-24.512,-410.63,-291.45,118.19,-184.8,65.18,-215.62,46.998,-26.081
0,0,0,0,-72.117,-67.775,272.76,-118.55,66.528,26.857,29.286,-13.487,-7.9193,0,0
29.128,-11.903,-23.321,95.697,88.934,328.36,8.5801,-41.78,13.191,204.95,32.667,-23.274,-1.2841,0,0
-13.423,14.99,-15.301,-66.156,33.531,-296.88,-157.74,-104.83,-123.67,1.6452,-124.07,28.779,-0.99343,0,0
0,0,0,0,89.383,82.426,-164.85,5.8993,306.85,310.83,-196,131.1,-30.066,0,0
6.2844,-28.314,4.4691,50.137,104.57,-31.999,308.13,224.07,1.4446,-123.16,71.445,-127.15,25.821,0,0
-2.3759,-0.35946,-15.724,103.95,131.04,82.327,-1.4045,30.643,-198.68,298.49,204.25,-44.462,3.5902,0,0
-1.7321,-1.384,-4.2321,-30.021,36.416,-76.635,-44.385,39.724,74.391,290.29,-133.6,35.552,9.5272,0,0
-1.0768,1.8122,-233.64,72.309,-20.01,103.11,351.46,92.863,-149.25,-49.015,31.53,8.8747,-12.754,0,0
-16.454,33.517,-31.84,-55.496,-126.86,160.47,-121.43,-244.13,-144.6,76.491,28.687,-211.28,12.566,-95.217,56.761
0,0,0,0,26.57,-72.434,-208.1,-20.496,57.086,-270.44,58.927,19.556,-1.2216,0,0
-2.5981,-6.616,16.453,-26.535,-21.082,101.74,-255.78,-220.92,-11.77,-173.09,-167.07,31.045,10.999,0,0
9.5263,14.975,-35.004,93.173,-162.83,35.098,354.28,75.378,100.57,-186.97,-38.785,44.486,-9.7772,0,0
-1.616,-5.1785,-0.74311,-7.5413,185.8,112.81,209.24,192.94,-14.344,98.021,95.832,-56.448,4.7156,0,0
-6.7329,-0.73566,23.052,31.63,-74.59,43.109,-106.43,-40.967,91.775,-23.269,116.34,-86.495,59.861,5.1319,-19.016
-8.2272,22.173,-15.722,15.502,148.74,274.48,217.32,-56.315,160.37,-139.87,167.09,-27.127,-0.26587,0,0
4.3301,-36.68,41.219,12.699,-84.414,40.885,6.5326,-85.847,-30.619,6.2917,55.655,3.0475,145.57,-52.11,25.548
1.5425,-3.538,89.214,30.816,-34.806,-236.7,152.78,122.56,-270.7,-222.63,1.1168,-51.766,-3.3771,0,0
0,0,0,0,85.904,6.7515,-325.56,113.36,189.05,118.2,114.48,16.769,-6.6477,0,0
0,0,0,0,-126.94,-59.757,162.04,-177.22,34.913,-64.971,-37.669,5.13,4.2614,0,0
11.322,-20.469,9.1325,70.121,336.34,-110.35,-109.53,-58.57,177.08,176.23,-63.816,-200.42,37.339,0,0
-1.0613,-2.6172,0.37708,-0.375,86.106,-169.02,93.605,-29.595,141.64,268.43,-164.73,226.51,-31.653,0,0
0,0,0,0,-63.418,259.31,-139.15,315.38,-95.937,-57.404,3.3867,-31.225,-4.0742,0,0
-7.7942,-2.6699,0.35946,65.301,34.099,132.49,85.758,126.06,327.81,266.45,181.42,-204.24,17.569,0,0
0,0,0,0,-63.491,-112.7,-93.384,-177,96.741,-79.185,-76.468,-46.458,-2.6409,0,0
0,0,0,0,-158.02,40.496,-160.19,-73.246,-113.71,294.12,-136.82,-39.916,3.4372,0,0
-17.204,-17.105,173.62,-65.047,172.77,309.51,73.135,-30.293,-86.066,19.81,316.11,111.69,-22.94,0,0
0,0,0,0,7.5724,-54.92,42.893,35.275,126.49,11.547,10.674,37.827,-2.0831,0,0
-13.423,14.99,-15.301,-66.156,-42.516,103.93,87.152,124.1,8.6906,352.01,-49.529,7.0939,-9.7871,0,0
0,0,0,0,27.554,166.33,132.68,-104.79,126.75,-113.83,-117.42,7.4263,-7.0706,0,0
0,0,0,0,10.919,-234.67,168.89,46.293,41.959,7.8265,-2.3409,11.292,4.6669,0,0
0,0,0,0,-81.255,-1.6143,-177.95,164.96,-97.086,-27.601,31.45,8.4976,-3.5167,0,0
0.43301,1.6405,16.422,-23.51,2.0995,251.67,-88.514,82.29,88.543,50.059,133.91,-56.31,1.2494,0,0
-6.4952,-5.2566,-15.152,-226.36,-152.94,45.704,-6.5415,-308.97,-109.23,218.43,42.375,-100.17,2.8328,0,0
0,0,0,0,-99.399,173.38,100.53,-346.46,372.2,-171.07,-40.661,-28.129,-3.6424,0,0
-1.1405,23.122,105.5,9.7625,-5.6433,-179.02,332.64,-179.18,31.65,-193,-41.939,-8.7619,2.0607,0,0
0,0,0,0,42.836,231.34,124.48,-184.09,-211.52,-259.01,-32.233,23.947,-5.2685,0,0
0,0,0,0,68.054,-19.77,101.52,-163.44,222.69,-175.21,36.162,15.127,-5.2096,0,0
-19.053,13.838,-12.368,-49.929,-47.167,-286.32,111.97,158.21,94.737,41.798,-76.373,-126.11,181.05,-25.997,-9.5263
-19.053,13.838,-12.368,-49.929,-35.475,-227.03,-78.253,88.423,-271.38,40.166,86.182,-45.347,-6.3188,0,0
0,0,0,0,39.331,55.643,-134.4,26.686,34.604,54.049,7.5407,1.3229,6.0449,0,0
0,0,0,0,-12.489,87.418,45.731,-10.565,-35.251,-125.13,-22.429,28.104,1.5297,0,0
0,0,0,0,-12.221,29.493,-129.02,135.87,5.2296,177.5,-22.617,33.009,-1.5643,0,0
0,0,0,0,27.498,289.92,-203.61,-99.367,190.4,-130.57,-16.449,7.6148,-0.68926,0,0
-1.7321,-0.25,-2.433,-5.8905,146.62,214.99,-24.176,-71.475,-101.37,-49.468,-18.134,-161.53,26.906,0,0
0,0,0,0,149.18,20.862,123.26,-92.599,266.84,-152.36,46.782,-45.381,-5.7656,0,0
6.0622,2.4199,-2.7925,-71.192,56.243,-62.924,68.815,62.905,-257.87,-120.72,-204.71,223.3,-133.34,44.501,-20.785
0,0,0,0,-78.972,-102.32,268.55,-220.62,65.328,108.18,-287.96,-4.4681,-45.633,0,0
-0.22789,21.962,-91.258,-47.547,-46.782,-85.101,-71.589,-28.988,-69.729,262.01,268.05,-39.115,1.9471,0,0
0,0,0,0,-120.14,38.191,-143.45,-80.464,184.11,-65.764,-111.9,9.4801,12.108,0,0
-19.053,13.838,-12.368,-49.929,41.017,-50.294,102.4,-278.62,27.741,-62.193,62.939,-103.82,-38.569,-26.256,-7.7942
19.486,-4.8923,31.575,-247.39,33.461,-136.08,67.42,127.11,35.372,-63.922,-114.96,4.7702,-8.9953,0,0
19.96,12.066,-12.9,64.475,33.577,132.52,-29.368,81.043,227.25,40.859,-105.5,44.488,43.973,3.2196e-015,0
-13.423,36.066,-25.079,112.95,217.95,73.286,1.8267,-95.751,-65.854,-442.48,-202.15,90.203,2.7291,0,0
0,0,0,0,16.075,-325.63,-594.4,-211.82,237.59,-135.62,46.831,-9.0458,12.549,0,0
-3.4641,18.417,9.0718,136.41,28.264,163.69,-81.488,33.483,110.19,-225.15,-292.15,-15.722,5.7013,0,0
0,0,0,0,-95.29,103.02,196.39,-79.387,-254.58,-70.115,71.714,-8.0442,7.0544,0,0
0,0,0,0,-6.2811,-65.978,-136.36,-46.416,49.472,174.07,-141.4,-12.266,2.0998,0,0
-1.2778,23.063,78.375,293.82,14.393,271.01,-269.87,-25.9,-241.31,196.65,27.054,-79.616,-39.814,-2.2518,10.825
0,0,0,0,12.927,190.22,-8.3155,76.405,57.451,-57.232,23.699,35.546,-0.67765,0,0
3.4273,-25.901,5.9643,-210.02,28.769,-25.488,109.07,263.41,-151.54,217.48,-361.14,27.53,-9.7578,0,0
22.047,-14.675,2.9919,32.895,204.35,-376.96,2.6172,-152.89,-155.07,113.81,-143.51,34.316,-4.9665,0,0
-19.374,96.345,284.51,-212.35,73.787,27.937,148.91,42.805,54.838,-254.19,368.55,-184.76,33.825,0,0
5.4764,2.1103,-6.3543,13.577,-158.81,373.07,59.328,-105.39,-209.99,100.77,258.02,62.958,1.5778,0,0
3.4216,-10.564,-4.5927,7.0978,-85.213,-103.22,37.388,-95.157,-117.66,-28.682,-56.792,20.389,3.4659,0,0
0,0,0,0,-86.487,-119.8,-12.38,-39.036,256.86,-266.89,278.95,30.059,42.615,-2.0215,-3.4641
0,0,0,0,-224.68,-52.707,38.825,-58.352,-111.1,75.829,50.927,-79.443,-31.014,0,0
0,0,0,0,90.868,78.721,71.412,120.29,-473.26,-218.7,-26.574,-1.7913,-5.1274,0,0
-8.2272,22.173,-15.722,15.502,-58.825,-195.31,-126.94,-87.012,-89.635,-40.956,423.59,0.87977,-1.4889,0,0
0,0,0,0,244.28,76.088,-234.62,99.579,-49.013,-71.674,17.036,-22.922,1.98,0,0
0,0,0,0,64.128,182.1,-118.7,-430.66,-171.9,222.79,359.27,43.775,9.292,0,0
0,0,0,0,-233.08,63.892,-145.53,-86.944,-15.372,210,31.153,-214.17,-15.86,0,0
5.5511e-016,-5.5511e-017,9.992e-016,1.1269e-014,108.63,35.221,-22.188,-105.28,228.03,22.392,54.632,-10.096,-0.98446,0,0
0,0,0,0,-24.508,-266.85,-10.061,140.55,-178.36,-148.81,29.197,-16.967,-4.6155,0,0
0,0,0,0,-105.95,-88.882,133.23,-137.39,400.79,-72.718,137.37,-36.007,-5.7187,0,0
-10.17,5.2027,-27.371,-5.3583,-140.72,340.26,390.66,229.05,-22.365,-104.17,137.64,-12.442,-2.1941,0,0
0,0,0,0,24.74,-11.821,319.17,1.9386,-239.66,-141.35,-51.6,-54.13,-4.5838,0,0
0,0,0,0,-16.665,89.622,-11.891,0.84816,127.39,-29.039,-59.295,-11.807,5.4354,0,0
19.053,-13.838,12.368,49.929,-97.323,366.82,-58.868,265.02,161.48,-25.45,-4.753,239.63,-3.2253,-3.227,5.5131
0,0,0,0,2.3403,50.716,253.58,-40.519,134.02,-145.38,-26.225,-25.528,-0.15377,0,0
-0.43301,-1.6405,-16.422,23.51,-216.13,199.58,-73.62,214.49,-91.239,-36.158,178.58,-7.4477,13.575,0,0
-5.1962,23.66,65.197,108.56,183.94,477.24,28.03,-94.805,-209.14,55.128,-3.7403,-30.688,-1.9708,0,0
-1.7321,-0.073557,-6.6764,-211.18,-16.72,-307.67,-298.99,212.85,-433.49,107.34,-199.14,200.12,38.504,0,0
6.9282,2.1519,-22.575,19.987,84.36,103.72,338.16,-252.99,44.04,106,211.53,-43.483,-2.2937,0,0
7.5834,-12.618,100.38,146.79,-129.09,-126.3,-110.53,-28.938,85.977,108.83,203.38,136.45,-10.469,-12.459,9.5263
0,0,0,0,32.37,181.49,-162.89,82.755,12.481,-29.743,120.41,-24.316,3.8615,0,0
-3.2419,-27.843,12.043,90.92,-61.823,-198.45,-13.983,-139.31,-211.82,270.43,26.114,351.31,203.69,-16.227,32.043
0,0,0,0,-103.91,-92.725,-226.77,-47.675,219.98,15.309,-11.429,105.32,-26.619,0,0
0.43301,1.6405,16.422,-23.51,28.918,-242.51,65.977,158.52,202.83,146.48,-25.1,22.068,6.3744,0,0
0,0,0,0,17.678,85.619,260.36,5.2071,121.11,47.51,43.417,10.64,1.2082,0,0
19.053,-13.838,12.368,49.929,81.246,-181.27,-2.498,363.36,339.2,-569.88,59.6,-76.337,-5.4079,0,0
0,0,0,0,159.72,63.515,32.386,151.46,-60.89,-195.94,-28.218,-7.4931,2.6958,0,0
5.5511e-016,-5.5511e-017,9.992e-016,1.1269e-014,-165.54,-90.283,-107.79,-282.8,-108.79,-157.69,-110.64,0.96296,1.434,0,0
0,0,0,0,-95.172,-31.582,-113.65,-66.46,174.54,214.69,-73.87,15.415,-1.1244,0,0
-4.7631,-4.1095,29.015,-95.411,-113.58,213.83,-390.36,-3.4533,-117.29,-129.97,184.52,10.823,-1.1375,0,0
0,0,0,0,6.3367,-40.65,172.89,153.31,177.42,72.422,-203.47,36.536,9.0682,0,0
5.6716,-12.765,12.356,41.91,281.97,-107.79,237.11,-134.06,114.41,-129.05,-27.21,8.5986,-0.71507,0,0
0,0,0,0,7.962,37.474,29.241,-10.304,-65.778,64.69,-118.03,-36.927,-8.3998,0,0
-11.332,-15.897,-2.2234,125.29,-39.864,141.79,122.6,-99.38,214.8,160.84,142.42,26.317,2.2308,0,0
-0.86603,14.147,14.172,-91.976,-170.58,57.404,9.8846,-132.93,91.765,-251.37,65.899,26.324,8.4803,0,0
0,0,0,0,18.957,113.24,-253.13,-210.11,-64.183,162,35.548,-6.5957,3.1262,0,0
0,0,0,0,-43.821,-74.775,83.164,-133.89,-19.364,288.93,-83.226,16.532,-3.0532,0,0
0,0,0,0,85.517,-84.785,-84.46,-184.34,250.23,-21.725,-93.176,-22.74,-0.066429,0,0
0,0,0,0,-199.78,-115.74,65.236,-23.663,-161.86,-202.58,-40.321,44.581,-11.959,0,0
0,0,0,0,-4.587,178.51,2.8396,-119.65,-219.56,137.06,-22.633,-39.238,11.418,0,0
12.088,-3.6067,20.15,119.33,89.793,-15.155,71.257,-35.182,-234.24,-19.868,-51.138,-376,96.171,50.463,-13.423
0,0,0,0,176.03,98.399,276.58,-88.894,-83.008,148.54,8.4515,-6.2955,-4.7357,0,0
19.486,-4.8923,31.575,-247.39,-13.821,-108.08,-122.31,93.796,170.5,-19.635,167.43,-29.465,-174.66,54.411,-25.548
0,0,0,0,-37.65,11.591,-82.185,274.63,61.853,30.584,-27.847,29.681,-6.8331,0,0
0,0,0,0,31.936,362.96,168.48,173.5,-188.75,39.277,36.959,-3.4117,-3.3986,0,0
6.9282,-11.386,29.106,68.074,225.58,-175.83,-32.523,285.23,33.419,-105.46,75.213,-3.4821,-276.47,0.87577,-21.218
0,0,0,0,90.481,-77.924,90.297,-5.5465,284.09,322.64,166.4,-60.666,-3.2073,0,0
0,0,0,0,20.646,14.843,63.102,16.121,234.54,186.66,-17.166,14.218,10.941,0,0
6.1062e-016,-1.2212e-015,1.3323e-015,2.8422e-014,56.863,-77.306,75.762,-71.158,-7.4259,-155.79,-98.989,36.491,-9.6328,0,0
0,0,0,0,-25.585,-97.569,-291.51,69.985,207.74,-25.94,-170.45,-18.682,-1.6639,0,0
8.2272,-22.173,15.722,-15.502,-348.57,-109.41,195.51,-126.48,-132.77,-323.83,-212.75,-91.878,54.988,0,0
4.7631,4.1095,-29.015,95.411,203.6,1.3061,159.08,-131.66,384.26,118.57,-65.825,-10.568,-7.1041,0,0
0,0,0,0,57.444,182.38,-0.70583,184.07,-99.045,-102.5,-110.61,24.89,-0.33253,0,0
-8.2272,11.343,-16.118,-70.997,80.562,113.52,39.68,-131.78,-152.01,100.27,-27.508,0.4875,-9.1442,0,0
13.423,-14.99,15.301,66.156,-159.27,-180.62,66.27,14.353,-166.41,-130.66,-169.04,4.9864,5.6663,0,0
-13.423,14.99,-15.301,-66.156,-292.06,4.8318,98.669,85.492,87.04,-131.48,2.0858,244.01,-27.413,0,0
-24.682,26.963,66.831,-267.73,476.11,-179.62,-43.074,39.053,44.584,29.797,-118.34,366.59,0.54226,0,0
9.5263,-0.47067,-7.5736,-40.783,-277.01,-179.74,-38.072,2.2335,-70.838,331.83,-193.02,41.192,5.4938,0,0
0,0,0,0,288.05,-70.369,-74.956,374.7,-52.447,64.913,205.34,-35.093,3.5449,0,0
-6.9282,-8.2189,34.778,-101.19,-210.95,-91.482,-29.858,-97.99,-18.357,9.2876,-71.077,-21.355,-3.7486,0,0
4.1773,20.099,10.623,-112.77,-132,-75.266,15.265,154.29,-83.896,-4.1474,-53.524,93.312,-8.5466,0,0
0,0,0,0,-79.361,44.279,10.23,158.54,-217.43,-123.32,-18.927,17.958,-4.0646,0,0
0,0,0,0,-68.457,-240.72,-119.84,-154.97,-86.652,53.354,106.74,-76.455,-38.217,0,0
-3.0311,8.1471,-12.221,15.923,-143.41,82.428,-149.81,-48.607,-91.226,-71.207,-120.97,9.3913,-0.87773,0,0
0,0,0,0,61.165,328.39,-238.17,56.438,-98.031,24.144,-30.318,-13.295,0.53437,0,0
-7.7942,11.82,-7.6788,-4.9779,-88.511,62.988,130.65,-79.043,-185.72,-140.69,72.429,12.146,12.049,0,0
0,0,0,0,-82.418,68.877,167.56,-5.5204,-212.8,242.43,134.99,-64.897,2.7792,0,0
0,0,0,0,-26.676,-185.65,-143.99,-139.55,-99.279,-264.95,98.981,28.684,-2.8636,0,0
-16.021,-5.1633,3.3792,-128.85,-164.79,63.088,270.12,104.83,-331.6,-22.181,118.14,-123.79,-41.216,-1.6696,1.4731
0,0,0,0,76.198,79.846,-90.123,69.982,65.998,309.54,68.499,-57.25,-3.1676,0,0
5.6716,-12.765,12.356,41.91,-29.3,129.57,-97.491,63.814,-28.43,60.904,-52.519,68.385,2.556,0,0
0,0,0,0,8.9115,60.775,276.15,32.485,49.731,-109.01,87.837,-159.14,20.783,0,0
0,0,0,0,-23.82,-126.84,69.333,46.319,-150.6,301.66,-141.58,-14.616,2.4937,0,0
2.2204e-016,0,1.2212e-015,2.8422e-014,279.99,-96.944,30.794,11.737,-110.33,-90.175,-178.54,42.796,-0.21947,0,0
-0.43301,-1.6405,-16.422,23.51,39.107,-69.701,-59.965,-91.702,-24.58,28.049,-27.496,-58.997,-1.1833,0,0
0,0,0,0,-47.466,-134.31,-191.8,-45.525,37.28,-269.72,-217.88,-93.322,-38.785,0,0
-12.124,-13.444,36.778,-168.63,93.419,-70.807,-107.5,-63.115,139.29,128.17,-78.807,-147.96,28.708,0,0
0,0,0,0,61.32,60.767,-121.9,99.863,-171.53,301.32,-1.7839,-4.2802,4.7027,0,0
0,0,0,0,36.383,-148.56,-163.68,-173.84,-65.3,-132.55,-38.511,6.438,8.3639,0,0
0,0,0,0,2.3268,-385.36,-57.579,146.12,-1.8493,4.6083,104.75,144.01,-23.441,0,0
-32.476,28.829,-27.669,-116.08,-248.55,152.38,33.369,55.204,340.59,-245.06,-10.408,5.3458,31.202,0,0
0,0,0,0,28.408,-82.603,159.78,-299.86,147.12,-329.3,18.836,-33.462,-10.97,0,0
0,0,0,0,-10.443,-65.566,-180.36,-46.454,-37.284,-158.04,-262.14,-36.936,-1.6212,0,0
0,0,0,0,-181.04,-204.1,358.2,-241.65,-46.759,99.279,-67.898,-258.41,47.135,0,0
0,0,0,0,-10.763,185.17,215.21,-338.47,3.3957,55.618,76.544,9.4615,-4.0792,0,0
0,0,0,0,-122.21,143,-436.14,-96.913,-116.24,162.34,96.469,26.992,-5.3804,0,0
0,0,0,0,251.89,170.88,99.548,-213.63,255.49,181.33,20.317,41.811,11.811,0,0
0,0,0,0,-29.098,27.872,12.157,-88.485,89.111,-240.51,7.2508,3.6788,1.6062,0,0
0.43301,1.6405,16.422,-23.51,146.74,-423.85,100.51,121.68,-93.32,-332.12,127.79,-144.9,21.191,0,0
26.018,-45.167,-15.169,163.85,66.766,-131.47,200.71,-142.75,200.66,191.46,-67.686,-82.07,-37.49,0,0
-0.036779,0.14503,1.1618,1.8182,93.973,238.19,14.235,181.81,0.17799,290.1,71.887,26.385,17.869,-12.459,9.5263
0,0,0,0,-265.03,138.23,-123.1,-271.88,-83.914,75.911,-37.973,-11.196,9.3054,0,0
0,0,0,0,39.068,-6.7428,3.7817,-174.76,259.96,-7.6132,-10.944,-4.0619,3.6217,0,0
0.43301,1.6405,16.422,-23.51,-147.73,-22.2,28.473,-20.237,76.779,54.263,-110.2,130.85,-16.609,0,0
0,0,0,0,-1.6863,222.66,27.998,211.63,248.65,208.57,-25.948,26.444,3.8356,0,0
0,0,0,0,-142.99,-254.73,347.02,-217.65,-72.085,112.24,-17.448,15.373,-4.8914,0,0
0,0,0,0,-255.98,31.056,-252.45,20.715,87.271,-274.38,39.682,206.41,-22.552,0,0
0,0,0,0,-2.8583,7.9228,282.32,83.442,32.022,111.73,-39.675,-127.19,52.833,-9.3816,8.0687
0,0,0,0,-11.318,-47.154,-37.687,-7.5026,64.396,416.69,30.087,-1.1088,13.455,0,0
0,0,0,0,-60.411,10.338,-14.524,79.001,88.547,-25.076,-38.52,14.489,-4.4004,0,0
0,0,0,0,-155.55,9.0363,28.726,193.36,-48.831,11.077,106.72,-148.62,19.885,0,0
0,0,0,0,-35.693,-82.783,60.756,-49.205,-0.81282,116.86,17.215,29.61,-0.34294,0,0
3.8971,-2.1226,-0.20753,-67.953,-107.34,145.97,164.76,-39.49,49.095,-46.589,-67.238,-67.302,-27.51,0,0
0,0,0,0,35.195,-78.812,-319.02,11.413,191.95,-105.45,-176.06,36.888,-12.997,0,0
15.119,1.3998,-12.541,175.64,-3.9498,215.42,-8.0918,91.81,182.13,-185.96,125.55,9.5584,-3.3834,-4.4409e-016,5.5511e-017
2.5981,6.616,-16.453,26.535,-125.21,-116.94,-252.03,98.775,38.361,-76.842,68.622,-105.39,36.092,0,0
0,0,0,0,187.4,68.012,128.89,-277.97,25.264,-179.56,-10.307,12.507,-0.10465,0,0
-1.5099,0.66506,0.021234,-2.0413,237.29,-73.455,-256.27,-25.07,90.763,-163.02,8.9316,4.7273,-0.14142,0,0
5.5511e-016,1.2768e-015,9.992e-016,1.1269e-014,74.22,-101.66,45.758,93.689,-121.12,22.115,216.11,-59.018,10.068,0,0
0,0,0,0,5.0197,182.7,-11.111,134.62,-359.04,-190.13,-253.48,-26.51,3.7006,0,0
0,0,0,0,-6.3313,30.85,-174.57,246.98,-55.586,125.97,204.19,-20.76,1.2443,0,0
0,0,0,0,-7.6369,47.401,31.145,60.948,-31.002,-64.601,-29.582,-16.53,-11.488,0,0
13.423,-14.99,15.301,66.156,176.46,190.68,163.83,-89.918,205.54,205.99,-296.47,-16.16,5.651,0,0
-7.3612,11.172,-7.7075,-118.57,-45.513,-76.863,-197.71,-73.575,-87.269,-164.98,102.42,31.252,12.698,0,0
0,0,0,0,13.259,-117.29,71.202,210.48,-251.12,134.97,-31.796,-41.474,-1.0892,0,0
1.7321,1.384,4.2321,30.021,126.22,-169.24,-426.34,24.083,-85.663,-34.756,-36.98,-60.864,8.9796,0,0
0,0,0,0,-191.38,-3.2638,-5.5275,-78.873,-63.297,154.29,-204.46,-30.186,-8.198,0,0
-3.3307e-016,4.2075,4.9396,23.464,11.778,1.3337,-10.747,243.08,-39.719,61.042,-62.493,-9.728,10.143,0,0
-2.8089,8.0066,2.9183,-26.337,-157.81,97.191,-239.39,8.5204,55.62,163.03,-96.915,-69.294,3.6925,0,0
0,0,0,0,30.686,-405.27,170.35,207.66,-91.19,-90.266,171.34,-68.069,-6.53,0,0
0,0,0,0,-82.568,320.56,164.03,109.87,-237.18,46.251,-16.904,-5.0946,0.44647,0,0
0,0,0,0,5.3959,-1.6145,-51.752,156.56,15.126,210.95,-43.261,-5.2467,-1.9644,0,0
2.3603,7.0748,-2.5302,-16.184,170.78,33.436,-81.93,15.271,113.71,176.44,128.62,-56.076,-42.22,0,0
0,0,0,0,28.756,128.63,133.28,-337.12,-119.24,12.235,4.2823,102.65,-26.738,0,0
0,0,0,0,149.29,-27.986,-44.993,-75.188,31.338,-25.755,-63.16,26.268,-8.4928,0,0
0,0,0,0,-122.37,22.189,-369,210.1,164.5,174.38,-40.947,116.62,-5.9174,0,0
7.7942,34.618,-106.18,-191.9,-78.957,-105.74,-10.615,35.241,-229.45,88.641,-8.3429,-59.583,-94.573,0.35192,4.9372
0,0,0,0,22.294,-165.98,16.052,158.85,306.7,141.9,10.481,17.877,-10.382,0,0
-19.919,16.588,-1.4952,233.25,-162.52,-66.058,-15.545,129.49,102.44,-94.826,-9.9357,8.425,5.3071,0,0
-13.423,14.99,-15.301,-66.156,112.11,-173.29,-43.099,-17.717,224.88,-27.334,-66.399,9.9417,-1.52,0,0
0,0,0,0,-101.27,-407.83,-133.18,31.133,-97.27,131.52,204.86,-12.092,-1.5442,0,0
0,0,0,0,60.816,87.271,-170.23,-52.955,-174.83,110.02,-156.24,59.536,14.549,0,0
0,0,0,0,-80.279,124.39,102.6,70.871,-197.08,-77.793,32.412,-20.441,2.4862,0,0
0,0,0,0,148.95,-32.36,205.16,-95.262,-37.371,7.8265,175.09,234.18,14.468,0,0
-11.258,-12.292,27.571,-77.36,-72.088,38.523,-105.44,-115.82,-159.29,55.378,-49.925,221.99,-31.048,-9.3816,8.0687
0,0,0,0,15.838,-207.83,-11.206,-320.26,-47.517,-18.202,136.15,7.8055,2.0631,0,0
0,0,0,0,-11.597,8.2978,-120.66,-56.952,-119.25,376.03,-225.13,21.936,6.9779,0,0
-12.557,-0.39535,-152.4,-3.4912,147.59,-183.49,-106.97,332.98,153.36,192.39,51.054,66.447,-4.9482,0,0
0,0,0,0,239.84,-193.86,-43.545,101.44,-108.66,-236.5,-36.62,13.521,-2.0389,0,0
-4.7631,-4.1095,29.015,-95.411,163.46,-29.509,-46.944,558.19,311,166.76,-135.31,43.652,-4.3032,0,0
-10.17,5.2027,-27.371,-5.3583,196.2,-157.48,-177.89,64.742,78.648,103.84,-304.6,-139.16,17.441,0,0
0,0,0,0,162.37,-96.042,6.6235,-0.92322,-34.421,160.33,-30.399,-8.505,-7.631,0,0
8.2272,-7.0197,-11.232,7.4593,-199.62,-15.701,227.4,-256.79,134.04,-212.73,-100.5,-22.049,3.2018,0,0
-1.5099,0.66506,0.021234,-2.0413,20.669,-223.67,-63.182,-60.666,-146.34,-221.1,-229.95,151.96,-16.548,0,0
0,0,0,0,-138.97,95.221,-173.13,278.54,-14.236,68.752,132.05,-77.823,-1.4501,0,0
-2.5981,-6.616,16.453,-26.535,-87.178,36.307,-81.749,245.11,226.47,144.42,48.865,-47.234,-12.408,0,0
8.2272,-22.173,15.722,-15.502,178.51,-111.7,95.541,53.476,61.826,-127.27,168.22,19.741,-0.10344,0,0
-8.2272,11.343,-16.118,-70.997,-287.06,361.96,40.705,62.587,359.4,-38.568,-197.31,9.5037,4.6283,0,0
-19.696,-3.5473,47.273,8.6246,-48.976,113.31,-95.612,8.8009,-71.584,188.06,113.54,-56.86,-1.9002,0,0
14.564,-3.456,-3.3056,-107.3,-119.11,-159.07,122.01,75.453,333.28,36.867,-387.17,-138.18,23.449,0,0
1.6953,1.529,5.3938,31.84,-115.73,-117.7,-45.851,219.89,-4.0591,-72.328,-60.643,-7.1172,-6.6046,0,0
0,0,0,0,-80.534,-392.07,44.185,270.74,-34.527,-225.35,132.98,-51.002,1.1994,0,0
0,0,0,0,-91.004,325.49,228.51,30.677,-198.68,-41.718,-78.282,-10.74,-0.83678,0,0
0,0,0,0,-83.632,257.8,-167.41,199.06,58.014,14.364,-130.09,13.237,-0.99223,0,0
-33.342,-90.721,-28.592,24.49,-42.8,47.793,110.59,-112.48,182.95,-431.15,178.42,35.882,-5.755,0,0
-11.179,-20.402,-134.05,-289.22,48.575,-173.65,-101.82,61.387,267.51,-125.48,223.36,-284.13,-30.092,-1.5359,2.5981
0,0,0,0,-69.58,-17.699,-365.24,205.86,114.44,-76.745,283.23,-17.914,-7.1495,0,0
-5.8669,15.157,-63.797,94.135,-137.64,-457.52,230.49,257.59,36.674,-292.43,126.93,142.69,-81.974,31.129,-9.4895
-1.4575,9.7419,-7.6178,-107.49,-422.11,-70.662,10.459,32.914,101.33,-14.305,21.949,93.71,-18.37,0,0
0,0,0,0,-77.088,-132.34,2.6542,11.693,38.218,110.39,-114.69,73.722,7.343,0,0
0,0,0,0,-190.92,-93.727,-12.514,330.08,-17.699,-192.33,31.566,3.8819,-3.2255,0,0
7.7716e-016,-6.1062e-016,-4.4409e-016,3.5527e-015,-277.87,-340.48,-123.92,-93.15,-211.02,-262.64,172.99,0.821,-9.572,0,0
0,0,0,0,-91.351,-7.1665,29.519,-166.64,456.44,8.9936,3.494,-2.4118,4.047,0,0
0,0,0,0,157.03,66.226,128.37,21.257,-352.6,17.05,-164.04,19.411,3.866,0,0
0,0,0,0,-88.442,346.44,-8.6997,95.894,-158.2,-84.511,37.469,-36.434,-2.3736,0,0
0,0,0,0,85.761,-91.194,289.86,-71.495,2.8781,238.92,66.064,33.28,-3.7455,0,0
6.2844,-28.314,4.4691,50.137,11.079,-60.032,76.142,-67.168,-293.22,163.39,7.2213,-112.43,-26.596,0,0
0,0,0,0,-65.416,41.615,29.322,-129.56,160.63,192.54,-16.396,-29.002,-1.0162,0,0
0,0,0,0,-69.463,12.301,364.86,142.09,-390.3,-131.34,-19.706,-19.345,1.4596,0,0
3.2533,-13.446,-12.119,100.75,102.96,5.1316,257.52,92.062,-396.51,207.24,-136.98,52.444,0.65914,0,0
5.5511e-016,-5.5511e-017,9.992e-016,1.1269e-014,87.694,98.686,129.16,185.31,44.44,92.012,299.83,-27.666,-2.9976,0,0
-3.0311,8.1471,-12.221,15.923,20.176,-248.19,218.9,-107.64,49.939,-119.67,-187.95,-166.59,9.8359,0,0
-1.7321,41.454,-46.775,9.1016,-34.447,-27.085,131.11,-60.492,-78.318,171.47,-87.608,-21.183,0.98622,0,0
0,0,0,0,-63.623,9.3159,35.404,-75.314,-243.69,-239.92,-65.249,49.124,4.7111,0,0
1.4943,-19.896,-26.556,125.51,-220.64,-11.804,-110.42,-77.143,178.08,154.61,-235.9,167.3,54.782,-10.703,6.9282
-10.17,5.2027,-27.371,-5.3583,28.69,139.15,150.76,-43.878,-218.74,-107.62,-184.51,40.42,0.3101,0,0
0,0,0,0,-102.26,-78.18,75.162,13.459,-122.02,4.0807,-68.059,-7.7452,-1.7393,0,0
0,0,0,0,96.558,299.72,79.767,-55.015,-246.08,72.917,78.39,33.138,-4.3567,0,0
3.6863,-1.049,4.9853,99.27,-207.03,-46.365,-66.627,-148.96,106.65,-50.378,-164.29,22.592,-0.033171,0,0
1.7321,23.428,16.842,-155.5,-64.831,-124.06,-116.08,-49.096,58.881,5.9193,123.49,-50.353,-6.3458,1.0547e-014,-1.6653e-016
7.5565,1.8182,-18.141,6.0634,78.35,191.5,-263.54,155.79,-142.72,-48.377,-102.23,-51.765,5.0335,0,0
0,0,0,0,-255.07,91.849,110.78,-156.42,-124.58,2.9544,123.43,17.431,3.7341,0,0
-3.4641,-33.776,-25.208,225.09,115.65,125.75,44.641,-84.228,11.125,-222.82,-24.421,-9.0245,2.713,0,0
0,0,0,0,128.01,-77.576,79.575,121.79,-41.745,224.96,141.65,-25.338,1.453,0,0
12.99,-17.149,10.252,54.728,43.458,170.86,5.0441,-31.791,289.32,194.06,-124.69,-1.3117,-4.3158,0,0
-23.816,0.90544,13.317,-0.97548,-98.822,136.16,-29.344,-124.14,0.13612,26.635,133.05,124.56,-73.782,0.35192,4.9372
0,0,0,0,-92.456,19.044,-369.48,154.46,-50.474,285.75,-86.783,44.803,3.0454,0,0
0,0,0,0,-1.9698,48.464,107.38,-106.8,-178.73,-102.4,-123.14,-105.87,-39.989,0,0
0.43301,1.6405,16.422,-23.51,-237.34,66.499,14.119,-44.097,65.142,-110.92,6.0461,58.151,110.92,135.05,-118.6
0,0,0,0,2.5245,20.812,269.6,271.32,-110.13,92.931,-179.76,-14.011,-6.7943,0,0
-4.4829,-13.365,-8.5487,139.68,-222.28,-232.12,286.61,44.856,-147.63,-400.19,164.38,-29.254,4.3822,0,0
15.424,-26.203,-120.38,196.69,-56.483,-12.185,53.83,33.798,-243.37,-33.786,107.91,-66.229,-1.2453,0,0
0,0,0,0,14.141,56.734,158.75,-294.33,-216.73,-103.09,-20.213,7.4859,17.003,0,0
8.0687,31.481,-39.025,26.347,-41.321,-96.71,167.14,-47.469,196.59,56.802,-179.96,-94.044,16.826,-31.879,-23.05
21.651,-22.095,77.115,-111.07,285.02,-300.02,62.393,-121.19,29.217,41.485,-56.355,-67.115,-34.121,0,0
6.0622,2.4199,-2.7925,-71.192,-266.02,-303.61,91.33,138.32,171.2,17.848,63.536,-98.776,20.399,0,0
0,0,0,0,-164.5,-100.61,-24.816,69.878,156.73,-193.1,132.22,-194.45,28.993,0,0
0,0,0,0,201.33,68.297,214.21,-97.036,230.67,-91.601,67.581,-22.545,-2.8508,0,0
-4.7631,-4.1095,29.015,-95.411,0.024496,155.72,188.4,-34.117,252.46,-2.89,140.37,-25.649,-3.4922,0,0
-14.289,23.759,-17.77,-8.2099,-208.09,-39.734,-6.7413,-38.932,70.955,167.45,103.33,15.371,6.0912,0,0
2.6368e-016,6.6613e-016,1.4988e-015,1.6209e-014,-53.529,-215.65,-62.006,-12.596,-79.216,-45.67,57.64,25.421,201.48,-25.997,-9.5263
-34.641,7.0959,-157.8,146.09,-310.55,-33.576,240.7,132.21,-79.491,61.764,149.65,79.156,6.1454,0,0
0,0,0,0,-147.71,36.743,108.41,-98.853,-233.7,146.31,195.48,-118.6,-36.08,0,0
-38.538,9.0167,90.743,262.39,-109.95,-190.31,57.827,234.09,-99.897,135.16,192.55,-129.8,16.027,-3.4417e-015,-2.2204e-016
0,0,0,0,-74.508,149.04,-71.739,112.8,-260.39,-37.14,49.388,1.2859,-9.5461,0,0
0.43301,1.6405,16.422,-23.51,-96.559,10.535,-41.857,-136,240.37,11.331,-230.3,-196.43,23.485,0,0
0,0,0,0,-210.71,-110.56,33.264,-340.22,-124.81,-157.84,39.184,39.132,-0.36427,0,0
0,0,0,0,-140.53,-14,-148.22,178.32,190.16,46.995,64.934,-32.162,5.0998,0,0
8.2272,-11.343,16.118,70.997,131.83,215.67,-26.027,305.62,140.31,14.383,97.042,0.64183,-0.47308,0,0
0,0,0,0,136.08,133.97,-401.85,100.18,170.61,-11.082,-8.8673,16.6,72.158,0,0
0,0,0,0,-108.08,-161.86,152.01,62.639,-304.5,-72.274,14.493,-19.697,2.82,0,0
0,0,0,0,-31.106,-96.634,-138.96,-67.176,-168.44,95.428,125.42,55.333,-5.3125,0,0
0,0,0,0,80.527,-159.13,200.72,-88.544,-24.914,-279.41,347.03,-37.992,-3.799,0,0
-5.6292,2.116,8.1357,-129.6,8.2333,-194.12,-130.44,61.868,68.559,-18.979,105.99,143.69,70.476,5.1319,-19.016
2.5981,3.6585,-0.32356,12.355,54.09,143.44,-204.61,-1.429,145.54,-124.93,-17.97,16.525,0.78414,0,0
-8.2272,11.343,-16.118,-70.997,119.8,39.073,-138.79,37.948,-73.067,333.14,95.033,-57.828,-6.5067,0,0
0,0,0,0,-107.28,245.33,-112.83,221.32,249.25,-232.28,101.48,29.465,-0.58309,0,0
0,0,0,0,290.75,37.342,-287.27,71.791,55.411,-61.515,-166.82,-11.91,2.2745,0,0
0,0,0,0,0.55593,-7.7264,-205.66,101.3,30.33,50.841,34.353,-1.4823,-0.93093,0,0
0,0,0,0,4.2745,175.15,187.32,153.83,292.6,181.29,-128.03,14.639,-2.5057,0,0
4.3301,-10.739,-4.8726,4.4772,-87.08,176.11,245.26,-83.548,-366.13,12.205,-68.112,10.3,5.5936,0,0
0,0,0,0,107.04,16.965,222.53,42.935,-67.74,141.47,-48.124,-5.0509,8.009,0,0
0,0,0,0,-79.685,1.3605,204.83,-222.75,-55.857,24.002,103.19,40.77,-1.6184,0,0
-3.6749,35.314,-58.028,74.741,-19.122,391.42,-231.95,149.08,132.57,191.54,-64.919,-14.69,-0.087019,0,0
-1.7321,-23.428,-16.842,155.5,154.07,332.83,-84.551,-50.776,307.43,-37.916,-65.671,-121.1,15.649,0,0
-27.28,32.085,66.678,165.96,19.964,14.489,-21.219,98.45,-242.38,52.612,-246.27,-15.726,0.76138,0,0
8.2272,-11.343,16.118,70.997,75.572,-46.713,-194.99,-2.5588,200.2,231.51,-74.69,-34.468,1.526,0,0
0,0,0,0,110.92,84.136,-54.957,119.34,5.7572,-144.32,128.84,47.39,7.2584,0,0
12.124,12.475,61.69,31.596,90.433,-21.019,-78.988,-22.447,-159.07,81.496,-159.19,-188.5,14.639,-1.6696,1.4731
-13.423,14.99,-15.301,-66.156,85.896,66.775,-41.857,78.928,263.19,118.45,-155.36,-166.35,19.033,0,0
-0.64952,39.979,119.57,11.312,-64.77,82.403,75.815,-73.884,-21.685,269.84,58.279,-9.1017,-37.402,0,0
0,0,0,0,-75.537,-72.641,171.32,3.2322,-139.61,-248.61,121.4,-37.737,1.2386,0,0
9.3678,-2.2844,-16.24,-88.1,30.776,114.37,403.54,201.67,89.222,-48.194,167.24,143.43,-15.493,0,0
-15.229,18.41,-12.524,-101.33,-99.568,42.867,49.15,-19.186,-21.017,140.56,155.75,1.8015,0.1379,0,0
6.0622,2.4199,-2.7925,-71.192,12.226,-293.29,130.43,-129.57,148.52,106.22,-98.733,1.2293,6.021,0,0
-12.124,-18.634,35.327,-105.53,-236.14,-57.015,-100.14,-88.429,71.96,8.5575,354.04,11.104,-1.6881,0,0
0,0,0,0,161.01,-290.41,158.3,-184.71,307.22,-340.54,150.89,13.219,13.315,0,0
9.8857,22.518,-13.519,-25.499,-31.533,-162.15,378.46,-173.66,-92.272,-26.456,43.03,7.215,6.4076,0,0
0,0,0,0,-108.71,20.446,115.77,31.175,-134.96,-117.54,6.3195,-4.5784,-2.6663,0,0
4.1193,3.0359,-7.4722,71.608,-265.51,254.6,-183.27,-254.25,-129.12,89.134,20.327,-41.81,7.14,0,0
19.053,-11.698,20.301,-179.71,163.72,57.521,-114.32,202.49,-222.4,-168.16,-222.55,103.01,-4.9147,0,0
0,0,0,0,18.947,100.29,158.19,-23.418,340.16,42.361,-64.642,7.7081,-4.4097,0,0
0,0,0,0,-244.95,54.893,76.465,-20.477,158.99,-58.079,21.331,24.943,2.8756,0,0
0,0,0,0,-119.01,-11.509,-156.74,172.37,-266.13,-94.522,-17.388,-202.39,111.34,-15.647,4.8056
-11.925,37.538,-26.868,114.18,47.179,159.12,159.62,-183.73,180.84,-86.883,194.65,-138,-131.46,30.406,7.7942
5.5511e-016,-5.5511e-017,9.992e-016,1.1269e-014,127.58,121.95,75.935,-158.78,-47.008,-75.364,62.805,-38.145,-5.552,0,0
10.234,-31.897,5.4724,-161.51,-26.797,-126.7,325.08,-100.91,201.77,-33.995,-43.142,7.8705,-1.1103,0,0
-10.033,14.763,-13.341,-106.18,-94.13,0.37732,130.95,-197.08,97.394,-62.209,-3.4692,-12.243,-6.399,0,0
0,0,0,0,-67.704,-124.51,217.92,-173.28,-257.15,151.68,25.477,-2.4713,3.2536,0,0
0,0,0,0,-37.963,71.212,44.859,130.08,-304.27,-169.19,-38.62,10.3,5.3385,0,0
0,0,0,0,125.6,-166.46,-17.913,178.49,-353.47,-225.4,35.347,-216.38,120.59,16.088,15.271
0,0,0,0,8.5353,65.203,133.18,78.386,164.26,67.247,-117.61,116.69,-11.642,0,0
11.533,2.2712,19.42,159.84,67.897,133.72,340.31,-68.121,166.94,134.38,28.442,-174.67,64.839,31.602,-36.373
0,0,0,0,47.728,137.08,-241.63,163.27,-70.804,245.64,12.705,9.0813,2.0772,0,0
4.5523,-18.118,97.645,119.03,-33.163,-199.65,174.98,48.341,164.55,-344.18,-444.13,7.0119,7.4689,0,0
0,0,0,0,22.987,8.3893,78.044,-127.18,-137.07,37.259,-152.1,23.457,5.0461,0,0
0,0,0,0,-67.569,-159.93,19.497,43.19,40.61,117.09,-230.39,25.605,2.5859,0,0
0.43301,6.8056,11.275,-67.68,34.545,-335.54,182.99,1.5514,103.94,126.44,-164.43,0.20976,6.686,0,0
8.2272,-7.0197,-11.232,7.4593,-98.158,283.51,-56.434,35.1,-187.13,85.046,-14.234,115.27,-98.359,27.978,5.1962
0,0,0,0,10.022,-18.528,-43.006,60.564,-111.27,-176.54,145.97,-38.702,5.5356,0,0
-8.2272,22.173,-15.722,15.502,53.635,170.32,50.098,-303.49,-36.891,121.67,139.89,-30.527,-2.4121,0,0
-3.0311,8.1471,-12.221,15.923,-233.58,156.34,-89.409,-92.004,107.67,-84.361,229.53,142.82,-15.945,0,0
15.119,-10.876,-6.4591,-25.337,-300.28,141.63,-31.996,93.751,169.04,-270.08,64.069,143.96,-26.069,0,0
8.2272,-7.0197,-11.232,7.4593,-39.11,-140.61,-240.85,-1.0399,124.6,99.13,150.7,-16.61,0.25481,0,0
-2.5981,21.343,-95.807,184.65,-64.828,117.1,-59.075,57.703,-489.79,277.6,133.22,-154.4,22.507,0,0
5.5511e-016,-5.5511e-017,9.992e-016,1.1269e-014,-9.2333,-27.886,-80.182,37.74,-114.52,-234.93,-55.641,4.1084,-3.8891,0,0
0,0,0,0,-8.0176,-289.26,-64.04,-21.084,60.331,10.358,-2.5443,-29.189,-2.9369,0,0
0,0,0,0,93.962,-112.91,122.41,103.28,162.1,136.44,145.25,-30.286,-5.5918,0,0
18.461,-17.976,19.569,-0.35946,155.46,24.582,13.861,97.331,-290.38,-216.53,163.87,77.432,84.187,-2.0215,-3.4641
11.258,12.292,-27.571,77.36,-168.02,-91.706,-247.69,-191.36,208.02,-32.293,268.3,-34.647,4.5795,0,0
0,0,0,0,-66.522,-147.25,49.05,207.43,-103.07,65.821,33.731,-78.592,40.687,-2.0215,-3.4641
-3.4641,18.417,9.0718,136.41,-134.6,6.7657,274.94,-114.72,53.49,293.45,74.204,103.17,-33.19,0,0
0,0,0,0,-232.56,77.319,151.56,178.31,-32.392,-163.5,177.64,77.443,1.6217,0,0
5.5511e-016,1.2768e-015,9.992e-016,1.1269e-014,208.34,135.17,185.58,257.57,14.745,-120.59,93.807,-34.019,3.5075,0,0
-9.3041,20.631,-7.0786,-96.824,31.061,93.315,58.843,-291.23,185.96,160.91,-245,-13.135,-2.2823,0,0
0,0,0,0,-84.683,-193.55,-90.7,140.16,-170.54,-15.556,19.13,12.839,5.0192,0,0
-1.7321,27.43,-0.57051,241.86,-81.988,-69.637,-134.78,-398.96,137.7,-156.05,139,30.406,-6.7617,0,0
0,0,0,0,35.011,4.1966,394.15,390.5,177.37,-76.894,17.565,24.947,-6.0365,0,0
0,0,0,0,-110.16,-260.97,20.534,24.634,459.75,-51.923,93.842,-15.135,-3.0349,0,0
0,0,0,0,90.438,11.215,-0.65169,98.632,-260.83,-152.07,29.555,13.544,3.2728,0,0
4.3301,91.437,-46.979,1.5088,90.159,-106.3,26.064,-124.83,-86.238,185.47,60.071,-8.3516,-6.9378,0,0
12.795,-10.351,-31.896,-25.368,-183.32,7.5451,165.6,139,41.044,82.14,73.297,-3.9549,-6.7377,0,0
0,0,0,0,-226.62,-160,155.64,-10.761,-83.441,-73.506,-56.029,-14.076,0.68061,0,0
8.2272,-22.173,15.722,-15.502,2.0458,17.232,-136.34,-86.212,-187.68,174.23,8.3563,-176.75,180.82,-25.997,-9.5263
0,0,0,0,-11.967,-151.47,-409.89,-35.358,-148.1,-71.987,4.0963,11.585,3.8332,0,0
0,0,0,0,-146.22,-87.236,189.36,117.26,-22.654,62.021,-15.754,-70.851,4.1986,0,0
-27.713,-20.962,0.25176,37.065,-22.03,203.27,-6.6466,-87.775,18.315,-36.162,-61.197,26.823,-6.8418,0,0
0,0,0,0,-37.332,-104.91,214.35,108.84,-94.164,36.172,127.43,-33.615,-4.8104,0,0
-4.4409e-016,8.8818e-016,-2.2204e-015,-2.3093e-014,72.657,157.19,-100.36,62.381,-16.13,218.11,167.74,-47.868,-5.3793,0,0
-16.364,-8.0631,-205.2,-78.168,34.018,99.962,-60.102,164.67,197.72,161.29,67.145,-99.088,7.8933,0,0
2.5981,6.616,-16.453,26.535,-205.76,-8.8332,68.352,-196.67,53.316,-218.65,91.262,24.211,-2.7348,0,0
-8.2272,22.173,-15.722,15.502,-26.67,166.46,117.35,84.01,-227.35,-5.5825,27.264,-18.189,7.3256,0,0
-11.142,-19.013,13.484,95.048,336.36,227.53,-192.1,269.66,172.17,-451.23,-3.3689,-198.4,23.396,0,0
0,0,0,0,84.385,149.57,40.073,-310.13,-98.865,267.12,26.49,-129.04,24.067,0,0
-6.4952,-5.2566,-15.152,-226.36,-180.31,-134.29,-37.312,-58.236,-50.162,-217.58,113.57,-10.946,0.95785,0,0
7.8367,-4.5756,27.862,4.2512,-153.67,-215.19,-218.75,-68.417,-98.973,-263.67,-159.67,40.826,-0.19703,0,0
0,0,0,0,34.949,255.87,-110.34,81.767,-311.82,150.47,49.471,3.5652,5.3684,0,0
-2.5981,-6.616,16.453,-26.535,-117.57,-79.435,298.21,-224.49,158.31,-0.79614,-261.77,-107.32,31.497,0,0
-7.1561,-6.9486,74.876,-109.8,-41.005,181.84,44.194,26.518,104.38,-2.7816,-107.23,96.194,-26.339,0,0
0,0,0,0,158.56,-329.75,-259.44,-84.164,-155.37,117.59,-74.024,40.545,-5.7243,0,0
8.2272,11.306,-11.454,32.842,-78.065,-4.7976,-75.702,78.137,56.699,-76.435,-114.45,215.94,7.3084,0,0
0,0,0,0,5.3379,12.326,22.303,79.875,-96.33,-199.14,1.9421,15.238,-8.116,0,0
0,0,0,0,78.485,-92.38,-69.621,-39.173,272.71,-231.1,-181.81,19.5,-0.71651,0,0
0,0,0,0,-87.888,-164.12,-164.48,88.585,-26.226,160.63,-38.246,25.371,6.1188,0,0
2.5981,-0.085817,121,36.458,-73.347,19.989,-12.824,-151.17,65.382,144.77,-220.15,23.023,46.843,0,0
0,0,0,0,186.99,35.498,-218.83,-191.74,-7.411,-66.67,12.663,-17.229,6.8938,0,0
0,0,0,0,-157.52,-70.554,-77.149,292.65,-152.75,-239.5,23.07,-123.22,-33.74,9.6851,-8.1112
14.834,32.167,156.54,-24.224,30.384,-117.57,137.49,24.38,85.642,330.53,217.52,-77.202,-39.953,0,0
2.1283,8.3346,16.668,-35.841,147.49,-78.173,160.28,177.84,-163.63,-311.13,61.439,16.854,3.8063,0,0
0,0,0,0,79.695,146.27,269.08,-99.551,269.5,307.48,-170.46,-133.88,20.875,0,0
1.4943,-19.896,-26.556,125.51,199.32,261.39,224.43,87.347,-160.46,132.93,-63.378,121.79,-27.465,0,0
0,0,0,0,-16.522,17.301,82.638,91.11,-75.536,28.926,-37.134,-24.84,0.27443,0,0
-1.5099,0.66506,0.021234,-2.0413,78.56,-111.2,-111.69,-243.68,65.467,-224.36,-5.8399,-135.41,0.75079,0,0
-10.17,5.2027,-27.371,-5.3583,94.238,14.369,81.654,93.286,117.34,-187.6,-116.23,-18.71,-4.5219,0,0
0,0,0,0,94.254,89.087,323.8,82.337,-281.81,-75.104,105.08,-0.95287,-4.5499,0,0
6.0622,2.4199,-2.7925,-71.192,-82.561,246.09,147.39,-273.58,-4.5476,-150.32,-78.686,4.1641,2.0494,0,0
0,0,0,0,-248.46,-322.61,11.813,369.7,-107.8,216.38,19.835,7.5209,0.65761,0,0
0,0,0,0,74.97,162.1,89.865,-62.941,245.75,-110.97,157.71,-27.559,-2.3349,0,0
4.1193,3.0359,-7.4722,71.608,82.597,147.13,-52.219,44.023,20.661,302.65,-112.53,-27.778,-2.5634,0,0
0,0,0,0,-80.148,216.19,123.09,-147,108.66,150.44,-82.712,-41.12,7.0021,0,0
-11.691,19.124,4.5784,157,-36.042,150.96,24.571,339.61,-58.99,127.14,4.9241,-17.995,0.83101,0,0
30.585,3.4863,-108.34,-65.405,71.063,102.39,28.802,-8.7994,-101.6,7.5147,256.31,-69.145,18.937,0,0
0,0,0,0,-128.81,35.958,-82.152,93.32,48.254,171.99,83.943,-31.351,-4.9572,0,0
-9.5263,-14.975,35.004,-93.173,-70.475,108.91,65.514,-273.26,-136.09,-6.2007,11.921,-7.0188,11.7,0,0
0,0,0,0,-13.431,-19.62,134.97,-75.255,95.375,-209.4,86.756,-20.117,12.59,0,0
0,0,0,0,10.545,-44.222,-127.81,147.68,-164.17,-42.953,177.82,-9.0997,-7.5789,0,0
-8.2272,11.343,-16.118,-70.997,110.8,128.25,53.012,-393.6,287.09,-336.76,29.619,31.651,1.6172,0,0
-8.2272,7.0197,11.232,-7.4593,-156.92,372.48,-235.49,-257.19,-69.862,-321.13,26.338,20.425,10.006,0,0
0,0,0,0,-72.528,-110.6,45.818,-283.36,-89.817,78.944,-35.479,-14.134,2.0299,0,0
0,0,0,0,-11.889,19.862,204.83,16.363,80.64,64.972,49.47,-5.2455,5.578,0,0
0.86603,-0.32356,-12.098,-41.311,-81.945,-84.868,-136.14,-8.8286,36.662,25.781,137.86,-44.128,-4.2255,0,0
0,0,0,0,-298.73,51.345,215.11,111.81,-67.881,50.993,112.62,-25.502,3.7925,0,0
0,0,0,0,-107.18,-122.61,-129.3,88.147,-214.03,-107.48,-61.817,-12.66,-6.247,0,0
0,0,0,0,141.57,115.09,13.666,-99.055,-193.04,-135.9,28.26,3.2599,2.3843,0,0
5.6292,28.422,11.866,-115.84,-96.07,49.757,-105.38,147.22,188.63,127.18,-26.427,81.958,-1.7398,0,0
-7.7942,26.131,-39.938,27.432,119.78,-115.37,-62.1,112.25,-63.887,88.953,137.76,-195.62,59.508,57.154,-4.6937
-7.3612,26.771,4.1747,-162.46,-42.745,75.415,29.995,99.033,63.677,56.139,36.16,-10.462,-5.3577,0,0
6.0622,2.4199,-2.7925,-71.192,93.864,22.008,198.71,-128.99,239.04,-43.862,-108.57,-6.9248,9.8457,0,0
0,0,0,0,227.38,70.866,332.32,114.57,-244.83,-29.473,-46.552,-21.964,0.41354,0,0
0,0,0,0,147.53,133.74,33.895,39.946,284.44,7.6858,-48.103,64.252,-1.4845,0,0
0,0,0,0,-292.91,-82.195,47.609,-66.055,65.128,-413.7,-165.33,-96.252,28.851,0,0
3.0311,-8.1471,12.221,-15.923,121.66,-41.919,82.524,149.67,119.55,255.66,-53.969,62.719,2.8452,0,0
11.258,12.292,-27.571,77.36,19.734,-41.769,96.372,163.24,70.775,-258.44,208.85,-95.982,-114.68,29.108,-12.954
0,0,0,0,-104.29,-128.79,101.12,136.52,-32.61,-75.608,-45.55,-184.22,-11.581,0,0
-2.5981,-6.616,16.453,-26.535,145.07,78.541,36.635,118.48,-64.675,78.356,-101.46,-28.905,9.1594,0,0
9.3678,-13.724,-0.60465,-62.038,-37.156,-96.516,-1.9569,276.66,176.44,-2.3334,-68.895,-71.796,-31.369,0,0
0,0,0,0,-60.401,42.718,65.226,-265.94,-406.23,-162.02,-48.786,166.78,-18.339,0,0
0,0,0,0,-135.7,2.2574,69.43,53.732,15.359,72.605,-8.7811,-75.623,0.47308,0,0
0,0,0,0,106.67,-253.22,44.052,289.63,-26.766,-129.85,311.47,199.82,17.177,0,0
0,0,0,0,169.38,9.8227,-16.063,41.746,-205.84,-214.36,-35.478,104.2,34.276,0,0
0,0,0,0,-11.905,89.548,6.8311,-2.975,-171.25,13.145,-74.055,17.204,-5.2599,0,0
-11.258,-12.292,27.571,-77.36,-43.738,-80.9,-13.523,-222.3,-384.72,-143.38,6.5187,62.186,3.6197,0,0
7.7716e-016,-6.1062e-016,-4.4409e-016,3.5527e-015,-12.416,-87.534,-162.56,37.473,-17.304,-19.011,-168.57,93.061,-23.703,0,0
-0.43301,-1.6405,-16.422,23.51,-175,-145.97,130.35,60.658,-405.77,130.9,-79.062,104.57,70.335,-10.398,6.4796
-6.0622,-2.4199,2.7925,71.192,141.33,164.43,106.96,-14.661,-142.15,-89.76,-33.216,-70.077,129.97,57.553,-18.979
-3.2688,9.8134,-7.2933,2.2333,291.61,-60.762,71.04,-285.38,-158.4,-355.61,-9.2636,52.293,-8.8556,0,0
11.258,12.292,-27.571,77.36,-5.5546,259.16,-114.47,-352.75,-241.82,28.707,-48.626,20.025,148.61,-25.997,-9.5263
0,0,0,0,3.913,7.4518,56.159,-3.4777,99.759,-124.58,45.212,111.09,-44.607,12.459,-9.5263
6.4952,1.7255,-7.8546,-3.549,269.76,87.207,74.501,179.97,-111.04,147.49,-163.94,122.31,136.49,16.088,15.271
-20.785,47.335,96.197,-46.431,24.448,-357.55,-104.39,-302.6,-109.55,149.64,-153,-80.095,-149.55,46.998,-26.081
21.651,-3.4168,11.593,165.93,52.09,-150.38,254.32,-392.42,387.71,38.974,-16.617,-67.98,-45.108,0,0
-11.258,-12.292,27.571,-77.36,6.2443,-329.34,219.31,-70.237,88.856,19.48,-205.67,236.55,-247.26,168.69,-142.74
0,0,0,0,214.53,-123.07,-123.32,122.82,329.38,185.11,-66.912,-44.812,4.6019,0,0
2.6368e-016,6.6613e-016,1.4988e-015,1.6209e-014,-209.21,46.826,28.349,-197.87,68.912,215.03,-19.241,38.292,-28.282,-170.8,87.938
-8.2272,7.0197,11.232,-7.4593,-112.24,-0.085195,506.81,122.38,32.876,72.884,97.139,-32.91,2.1827,0,0
23.816,-9.729,-16.647,145.34,263.97,-137.43,120.53,-66.449,-36.849,35.705,-31.233,17.948,-3.1898,191.34,-105.66
11.258,12.292,-27.571,77.36,114.99,19.207,-214.64,41.168,-184.42,47.856,43.754,49.386,-47.035,-12.459,9.5263
0,0,0,0,96.417,221.01,51.726,-124.43,189.79,-66.22,191.91,-108.78,54.652,-156.93,112.15
0,0,0,0,78.481,303.79,455.78,187.57,95.548,-12.898,4.8427,-115.1,-48.991,0,0
19.053,-13.838,12.368,49.929,125.3,34.639,-71.068,-182.7,-472.06,178.12,-111.03,-43.091,2.6965,0,0
0,0,0,0,293.31,45.39,-209.59,-209.7,95.303,109.9,-34.267,-6.8639,-3.9713,0,0
10.725,16.169,9.5523,-184.99,186.35,-178.71,-7.966,250.24,-132.62,198.55,148.62,44.766,150.35,0.55516,19.961
0,0,0,0,3.3469,72.55,-127.84,-233.15,-251.59,84.196,34.522,7.6441,4.7192,0,0
-0.43301,-1.6405,-16.422,23.51,272.99,-171.89,232.64,-227.51,-37.721,-2.6073,-215.05,44.304,-3.4088,0,0
0,0,0,0,-11.493,-121.58,23.366,-38.57,214.78,12.217,57.763,-119.44,25.817,0,0
0,0,0,0,-15.194,-84.217,-72.755,42.045,-77.832,11.553,70.521,10.673,-3.2814,0,0
0,0,0,0,155.29,132.22,-7.0911,-208.43,-162.62,102.95,179.7,17.28,9.3639,0,0
0,0,0,0,15.935,186.16,-188.05,-123.02,-7.2227,-123.57,-33.893,-10.4,-10.838,0,0
0,0,0,0,-52.61,11.883,206.13,-132.9,-293.93,202.98,-7.4969,21.802,-2.8256,0,0
0,0,0,0,111.81,-46.514,122.37,304.73,144.37,-67.688,68.404,41.336,-24.792,0,0
0,0,0,0,144.96,2.3934,62.487,-151.82,-99.58,-38.587,125.87,-4.653,0.050563,0,0
0,0,0,0,-69.854,-105.93,-140.62,-15.316,-215.94,-83.92,-236.84,-12.777,6.0383,0,0
8.2272,-11.343,16.118,70.997,36.062,6.4488,-20.462,-137.21,70.777,-59.576,8.5458,161.72,-20.293,0,0
0,0,0,0,-55.49,273.29,591.35,-12.498,-144.46,-194.36,-31.671,-15.439,-4.2683,0,0
0,0,0,0,70.435,-142.94,-109.13,161.92,-18.196,96.769,233.09,-13.389,-5.0488,0,0
0.43301,6.8056,11.275,-67.68,20.379,-29.633,331.68,-42.419,-89.961,-32.796,85.31,-6.5115,-8.8736,0,0
0,0,0,0,-204.58,-4.3679,178.98,55.441,-119.19,-118.78,87.129,-10.775,14.237,0,0
0,0,0,0,55.769,87.358,-71.936,-140.77,-41.139,-72.625,-77.838,14.46,1.7946,0,0
0,0,0,0,116.16,61.213,-292.3,118.44,-150.6,-124.9,41.443,-0.77299,9.4411,0,0
0,0,0,0,27.073,-8.3851,200.29,-175.71,-153.71,67.499,-154.11,46.949,4.2506,0,0
8.2272,-22.173,15.722,-15.502,86.998,-66.348,68.332,-180.45,171.68,108.14,119.75,49.438,27.151,-10.398,6.4796
0,0,0,0,-22.034,148.47,126.45,26.939,39.114,-29.569,-70.024,25.649,-2.2847,0,0
0,0,0,0,-5.8058,-95.954,114.97,5.5781,227.37,132.85,122.59,35.757,-8.1196,0,0
27.993,2.4059,-17.701,109.36,232.28,-84.197,175.55,-162.31,250.77,-183.53,119.2,13.165,-77.497,29.108,-12.954
0.63814,0.52035,-1.6283,0.032291,-92.864,53.082,-138.63,-99.691,-70.025,250.14,363.99,-25.798,1.7978,0,0
0,0,0,0,-110.59,-259.31,-73.189,401.11,121.18,-209.66,263.74,-52.409,-0.99528,0,0
4.2933,-19.747,-2.3006,204.35,-103.41,339.02,23.84,93.722,42.42,46.831,10.365,5.0582,-1.3059,0,0
0,0,0,0,-114.2,14.789,61.161,27.358,-178.2,-33.242,122.13,47.653,4.8014,0,0
0,0,0,0,-187.29,25.074,23.175,-65.472,-58.529,50.107,-11.447,-29.89,7.5741,0,0
-8.2272,11.343,-16.118,-70.997,-254.69,-68.917,191.46,-43.063,-136.43,-11.892,30.711,-24.446,0.26073,0,0
0,0,0,0,-127.56,-158.35,35.359,-9.5693,-100.22,-255.99,-220.14,59.321,-1.3606,0,0
6.0622,26.276,13.407,-212.22,-63.927,68.962,288.96,121.11,-117.19,-38.048,-69.177,-39.863,-4.1319,0,0
8.2272,-7.0197,-11.232,7.4593,216.81,-8.0547,131.12,116.95,-86.601,40.706,-135.12,51.993,9.0231,0,0
-15.409,9.5574,-14.167,-79.78,16.552,-54.982,-124.47,150.91,260.82,250.77,-74.913,-27.919,10.723,0,0
0,0,0,0,-93.02,-109.18,296.69,-35.344,-327.02,-75.431,-24.606,-10.65,4.8071,0,0
0,0,0,0,-79.986,-214.59,-16.009,146.96,56.86,9.7389,185.3,-2.3514,-0.35465,0,0
7.7942,2.6699,-0.35946,-65.301,-71.326,-148.77,44.808,-22.915,219.82,-35.963,129.5,4.2084,-9.5401,0,0
0,0,0,0,-23.801,-350.16,-256.47,-141.54,147.51,20.615,-49.459,70.79,4.6397,0,0
-1.7321,-1.384,-4.2321,-30.021,-1.2366,69.204,0.74231,-235.52,-241.97,-156.92,-49.141,-2.8879,7.3035,0,0
-5.1962,28.912,-1.2045,94.997,-116.14,-171.64,-44.634,195.88,-171.83,-202.71,132.9,132.72,-8.6337,0,0
-1.7321,41.454,-46.775,9.1016,1.9228,125.77,-15.777,156.5,125.65,-80.928,164.89,126.24,-33.209,0,0
0,0,0,0,27.627,51.255,-72.287,101.6,137.1,16.874,31.75,-4.9603,4.3023,0,0
-11.728,16.519,-9.907,-34.316,-55.124,168.05,-135.85,160.45,-20.979,233.03,-321.86,174.37,-101.19,29.108,-12.954
0,0,0,0,-8.0401,-74.689,13.79,145.47,102.36,365.44,-49.457,-28.72,-10.068,0,0
0,0,0,0,-186.02,76.857,9.8099,-188.93,17.578,114.72,-40.482,-50.646,-13.552,0,0
0,0,0,0,-15.238,-0.66363,101.19,-68.608,-102.61,208.36,-24.234,-40.678,-10.11,0,0
0,0,0,0,144.84,-193.09,89.752,118.96,-96.349,-173.06,-119.47,15.424,1.4061,0,0
0,0,0,0,82.819,244.42,185.18,-50.354,-72.504,-29.871,-29.424,-3.5108,2.686,0,0
0,0,0,0,116.79,61.726,21.433,191.48,8.5737,35.159,216.12,44.477,-6.7897,0,0
0,0,0,0,-19.83,-202.45,150.59,-67.53,143.55,-109.89,26.505,52.729,0.020998,0,0
0,0,0,0,-44.482,-8.9573,131.25,145.56,-81.972,-12.342,-154.75,0.59292,-7.1998,0,0
0,0,0,0,-81.05,140.13,41.945,140.47,-48.52,-287.92,238.34,-240.07,16.987,0,0
0,0,0,0,13.398,-94.589,230.56,-51.866,-65.713,60.681,-44.132,48.894,-112.18,6.1984,17.321
18.461,-17.976,19.569,-0.35946,-154.21,-34.419,-158.58,-40.047,-98.442,-70.627,-196.74,-134.05,175.94,-58.409,29.445
0,0,0,0,-256.86,-159.38,-252.61,78.364,150.31,-329.82,330.62,165.01,-19.606,0,0
0,0,0,0,81.921,417.71,128.52,-49.008,-216.57,158.94,64.971,-32.692,-170.74,54.411,-25.548
6.2844,-28.314,4.4691,50.137,17.631,-106.58,87.036,332.49,-128.31,-18.681,61.328,-47.862,-59.641,-87.28,116.05
16.454,6.4378,27.6,103.54,-7.0674,164.21,-144.52,31.169,-128.81,-48.133,171.68,119.22,100.05,-28.401,-1.6797
3.8448,-1.2264,-17.07,-13.326,-236.82,-0.6877,-86.753,-73.351,-185.64,-188.79,71.121,12.2,-5.2327,0,0
-4.3301,10.08,11.056,-48.007,204.55,-425.88,-78.095,-16.692,-194.66,-103.5,-24.791,-116,-46.695,0.86867,-7.7518
15.863,-39.178,-8.4002,88.508,-100.28,301.3,16.312,-70.489,23.623,-118.39,-24.222,67.502,4.1606,0,0
6.7697,20.443,21.109,-222.02,-63.352,-316.03,-5.6687,-111.62,57.873,-37.786,-26.503,132.54,-55.195,44.025,3.7386
-8.2272,22.173,-15.722,15.502,144.83,-206.67,3.0867,-354.71,-13.645,146.52,82.305,61.343,3.1914,0,0
7.3612,5.1585,11.067,112.54,96.208,-250.8,146.04,135.57,186.52,317.45,-280.09,8.4528,9.1077,0,0
0,0,0,0,-213.47,-489.7,-106.11,-241.55,21.424,-90.911,-85.998,-30.908,-9.8962,0,0
-5.1962,-7.4821,2.8187,21.44,-104.64,-242.02,-26.595,85.149,6.2141,-203.08,74.282,17.406,9.8075,0,0
0.43301,-91.053,104.57,49.556,348.18,112.91,243.69,94.846,-43.839,-95.34,62.631,2.1918,4.8583,0,0
0.43301,1.6405,16.422,-23.51,78.225,321.11,38.026,-65.078,35.012,-27.821,131.09,125.08,-35.818,0,0
21.218,1.4492,11.641,-147.47,279.2,284.44,96.871,-25.711,106.73,219.35,-143.97,-1.7238,4.2704,0,0
0,0,0,0,-110.16,8.8178,107.19,-111.58,-181.11,166.07,-6.0719,16.978,7.0449,0,0
13.265,-14.329,20.386,4.4821,-171.96,-214.12,53.009,-423.6,-4.335,193.38,33.734,1.7849,6.2013,0,0
0,0,0,0,-77.466,-76.117,-157.7,268.49,-265.81,-41.738,388.57,5.7743,-2.4165,0,0
0,0,0,0,85.425,-73.495,-74.898,-39.543,-5.9309,17.895,-7.5131,11.794,-0.4883,0,0
0,0,0,0,80.768,16.355,-221.17,-143.95,-74.555,168.81,-55.575,12.021,0.58165,0,0
0.71322,5.2509,16.96,0.79159,-102.96,204.9,-82.868,-50.246,-79.179,396.46,16.251,92.419,42.727,0,0
0,0,0,0,-307.49,138.44,75.624,-90.743,-306.41,-159.99,-105.01,-41.859,10.116,0,0
0,0,0,0,-2.1058,-14.139,36.725,-91.025,-216.85,214.06,275.25,-11.168,0.71947,0,0
0,0,0,0,-160.35,34.21,90.545,-55.777,92.498,232.62,34.125,54.749,1.285,0,0
0,0,0,0,63.693,300.05,-9.179,208.34,234.9,-214.93,-30.357,0.86802,-13.97,0,0
4.1193,-3.7207,-14.046,-5.5526,120.52,20.512,-109.48,23.644,-190.73,158.95,-87.408,44.962,1.2684,0,0
-8.8818e-016,-4.2188e-015,-2.4425e-015,3.1974e-014,20.401,206.05,-186.87,327.17,193.63,-4.3232,294.9,225.84,-136.2,25.444,9.9381
-3.8971,10.678,-23.954,68.024,13.851,186.02,-56.195,-49.271,99.098,27.143,35.986,14.643,5.9435,0,0
0,0,0,0,18.808,111.68,-21.096,19.486,203.04,94.792,45.089,22.889,4.6284,0,0
0,0,0,0,-303.36,-341.05,0.44211,-249.34,-113.29,127,41.866,26.738,7.1717,0,0
-4.5409,-12.757,5.1994,39.105,95.53,-11.642,-292.83,72.243,-135.21,32.057,122.58,183.27,-13.818,0,0
-13.423,14.99,-15.301,-66.156,-59.175,-87.794,-29.936,-164.39,-255.94,335.42,-203.99,91.233,1.7133,0,0
-4.974,14.149,-0.92011,-100.64,298.83,-71.946,-285.6,152.5,-33.67,143.5,-105.67,-301.71,50.215,0,0
-0.43301,-6.8056,-11.275,67.68,63.653,54.629,-118.91,-252.16,174.95,139.85,90.564,-219.66,81.595,0,0
-21.651,7.2224,4.0849,-76.463,-76.221,-7.1558,-32.306,47.713,-206.97,-125.01,165.28,19.835,1.166,0,0
0,0,0,0,133.21,-116.71,161.13,-48.244,197.93,169.07,-31.946,-7.3675,-7.526,0,0
6.4952,-22.91,3.3792,-69.66,-121.47,-122.71,24.639,-109.34,-9.2401,-206.06,104.44,275.47,-24.189,0,0
0,0,0,0,-14.547,-248.7,56.254,350.52,-165.72,-223.93,-159.41,114.67,42.989,0,0
17.754,-5.0819,95.579,104.01,-119.83,-41.631,-70.291,3.5627,-147.83,-65.525,-288.53,-121.52,-119.23,29.108,-12.954
-29.223,-0.28414,-14.472,39.26,139.66,-23.579,77.26,52.876,101.92,144.75,286.06,-190.06,22.271,0,0
-1.9429,-6.1405,-11.253,65.639,191.88,-189.49,96.246,-162.42,-120.97,-95.43,128.51,-173.53,29.339,0,0
-7.139,26.095,71.551,-3.8688,70.128,-107.49,-94.615,-85.427,-51.142,-176.21,-96.874,33.483,27.927,-4.4085,1.7321
-9.5263,39.651,3.6681,90.52,156.29,-114.09,203.01,-133.56,-75.351,-33.875,67.102,120.55,-14.772,0,0
0,0,0,0,97.059,107.41,100.12,204.26,-31.37,-38.3,-27.4,27.122,-1.0427,0,0
-4.7631,-4.1095,29.015,-95.411,-194.85,59.749,-315.03,4.3453,-71.535,153.91,-22.065,-157.69,14.854,0,0
13.423,-14.99,15.301,66.156,169.49,57.751,-74.148,-121.07,48.01,86.538,-56.931,-72.329,19.847,0,0
0,0,0,0,-60.25,-128.29,20.905,49.722,-187.52,160.49,-99.03,-19.921,-2.5186,0,0
0,0,0,0,60.802,15.252,-117.21,255.91,147.95,2.7102,-13.819,-0.18814,3.0171,0,0
0,0,0,0,251.45,-143,198.79,-103.49,86.458,269.78,-379.88,-333.44,47.235,0,0
6.7697,-1.6014,8.5,-36.494,-58.365,-59.522,-61.853,33.295,54.613,-113.27,-16.698,-4.4824,-1.2659,0,0
2.5981,6.616,-16.453,26.535,-162.14,130.62,159.77,-84.413,-60.845,175.05,-14.113,-3.6319,-2.692,0,0
13.265,-14.329,20.386,4.4821,189.33,144.63,121.03,42.372,142.85,-1.628,102.43,74.845,-0.36955,0,0
-3.8971,6.6651,9.7272,-21.729,25.819,369.85,102.07,-143.29,-68.051,-35.505,99.016,332.27,-45.736,0,0
-8.2272,22.173,-15.722,15.502,-185.4,-42.334,78.485,-284.02,-45.944,-117.38,51.622,-16.336,4.715,0,0
-4.7631,-4.1095,29.015,-95.411,-74.096,-83.536,11.27,-232.52,-166.9,-51.92,-134.48,51.728,-0.22363,0,0
-9.5263,-14.975,35.004,-93.173,160.6,77.551,-208.23,131.42,-107.57,-120.44,-151.58,44.654,5.859,0,0
-8.2272,22.173,-15.722,15.502,168.37,288.07,403.07,-56.614,72.588,4.7208,-81.778,-70.229,8.5393,0,0
12.99,-2.5131,-5.3187,-88.04,-167.67,-211.81,76.545,-55.566,-95.114,-53.741,-276.53,-12.569,-2.096,0,0
-6.9282,10.361,-2.5556,-62.46,79.597,375.09,-63.135,-91.162,69.908,115.82,-15.298,-31.658,-6.0934,0,0
0,0,0,0,34.173,-127.41,114.89,77.555,-88.965,-214.13,-175.6,4.4711,6.8424,0,0
-0.69768,-9.5843,61.686,-1.9452,106.01,-14.227,63.384,3.7778,-90.229,187.87,33.589,142.7,-21.79,0,0
0,0,0,0,-65.969,-34.821,251.88,39.742,40.486,234.98,108.15,-15.975,-5.3729,0,0
0,0,0,0,21.347,303.77,168.83,6.8476,-49.013,-173.45,39.876,31.259,-0.99575,0,0
-11.258,-12.292,27.571,-77.36,51.977,-73.773,60.477,282.38,91.06,-130.57,14.237,19.129,13.966,0,0
-6.4952,-12.946,-20.623,-22.261,-30.34,56.371,-229.62,141.34,236.79,-153.85,-30.131,-81.551,19.159,0,0
0,0,0,0,-19.325,147.39,207.57,-151.88,133.69,-65.413,-30.537,21.8,6.227,0,0
0,0,0,0,-114.49,30.789,0.52237,-131.8,141.03,-344.26,-115.83,7.5079,-10.989,0,0
17.976,-22.729,-9.7581,-167.61,-209.8,172.71,286.79,-227.04,390.61,-83.291,54.619,-33.565,6.0894,0,0
-0.43301,-1.6405,-16.422,23.51,150.1,154.08,342.88,-57.372,-89.915,74.884,-115.83,14.707,-100.71,2.0215,3.4641
-13.423,14.99,-15.301,-66.156,32.52,68.756,-223.61,265.87,-19.215,-119.14,25.589,6.1624,0.54182,0,0
0,0,0,0,87.29,210.92,-145.2,69.351,184.43,11.48,-110.77,-22.278,10.086,0,0
0,0,0,0,-126.67,-27.003,9.8412,-21.323,-50.103,-135.86,43.379,-29.571,10.75,0,0
13.423,-14.99,15.301,66.156,-179.46,48.976,-97.996,169.7,136.76,59.526,3.1587,6.3947,-3.994,0,0
-19.053,13.838,-12.368,-49.929,-285.58,175.36,-379.24,-56.238,-146.98,-258.57,-101.25,-120.18,8.9334,0,0
19.486,-4.8923,31.575,-247.39,56.667,-199.98,-300.75,-117.31,336.96,212.38,61.58,193.92,29.581,0,0
18.461,-17.976,19.569,-0.35946,154.54,-132.17,-36.824,-31.171,67.104,217.97,148.64,55.021,-14.651,0,0
18.461,-17.976,19.569,-0.35946,370.79,225.35,-290.04,153.65,160.9,-108.43,-150.76,179.33,-21.515,0,0
19.053,-13.838,12.368,49.929,160.92,165.12,58.351,119.64,-129.75,-183.51,-133.17,-7.5349,-6.5174,0,0
6.7697,-1.6014,8.5,-36.494,145.89,5.6392,-11.617,165.14,65.774,-42.83,136.44,66.929,-14.231,0,0
0,0,0,0,-148.95,-149.15,-120.06,38.257,-101.6,-71.579,125.88,-61.08,-1.8278,0,0
18.461,-17.976,19.569,-0.35946,330.51,212.94,-75.486,4.0925,23.333,-356.87,-25.107,-60.685,15.91,0,0
0,0,0,0,-361.78,-273.28,-27.575,-58.812,-32.511,-407.3,-192.07,-33.609,-1.8771,0,0
0,0,0,0,72.372,-259.47,51.85,-190.4,298.44,-31.573,18.07,10.419,-0.65729,0,0
-32.128,30.463,0.25754,75.316,-68.451,80.739,69.728,-2.9544,292.99,159.49,91.098,75.056,-6.2894,-1.6696,1.4731
-19.053,13.838,-12.368,-49.929,-217.37,354.69,-62.96,-65.486,211.06,-28.13,16.968,-40.701,1.3409,0,0
0,0,0,0,54.811,69.513,408.31,-73.055,-115.95,-77.644,-108.32,30.475,-10.046,0,0
15.061,-16.386,60.256,-108.92,15.788,254.52,-99.138,-55.746,-151.99,-254.59,-162.26,142.93,-25.594,0,0
0,0,0,0,1.0131,-234.58,514.77,142.85,255.24,-81.307,-154.08,6.4868,4.1941,0,0
-8.2272,22.173,-15.722,15.502,125.66,-70.093,2.9133,-63.13,283.39,-50.042,172.5,-105.32,22.833,0,0
8.2272,-11.343,16.118,70.997,-47.862,-169.86,146.28,255.63,45.853,88.981,136.79,-114.07,24.01,0,0
-6.273,30.539,-52.473,52.94,-204.02,342.05,66.745,-15.372,-29.041,-136.58,-19.64,-10.688,-11.885,0,0
0,0,0,0,85.682,54.617,153.24,157.78,-298.96,-214.96,-96.985,44.259,-14.236,0,0
0,6.6613e-016,1.1102e-016,2.7089e-014,37.565,-149.59,512.66,14.165,175.77,-183.42,-106.68,96.315,-6.8615,0,0
-15.366,8.8498,-26.554,-0.51675,45.245,214.53,59.663,-148.87,267.35,-204.13,-13.049,-154.3,22.608,0,0
0,0,0,0,89.563,151,492.75,18.945,-239.82,178.98,-18.034,-9.9851,3.0377,0,0
3.0679,-12.954,-15.691,132.62,-238.58,-63.433,11.418,-30.571,19.812,-20.859,-29.094,54.259,17.57,0,0
0,0,0,0,-93.56,168.1,136.72,204.12,-171.79,-16.423,-142.59,19.74,-7.6065,0,0
9.5263,-0.47067,-7.5736,-40.783,-147.17,-18.834,-152.88,201.93,-233.77,156.11,246.17,54.11,-137.27,46.047,7.2027
13.423,-14.99,15.301,66.156,-52.311,-66.975,-230.41,-264.44,258.94,-66.036,-32.686,53.858,52.975,-41.006,-20.843
-12.99,20.064,-22.254,4.5328,-262.98,210.87,-45.164,-166.71,-105.22,80.594,65.025,-155.9,-212.11,73.468,-13.012
1.299,-35.595,2.1327,104.37,89.906,238.86,10.257,67.802,-288.04,181.43,-91.628,26.455,-172.82,15.319,-1.2623
1.299,-35.595,2.1327,104.37,183.74,52.858,96.572,-195.42,319.21,-275.56,170.72,-293.06,78.414,16.088,15.271
25.981,7.3822,-76.749,-69.54,44.635,268.05,-229.76,339.12,-58.139,247.27,-99.493,-129.16,214.86,-25.997,-9.5263
-1.0245,-5.4052,7.0604,4.6764,5.6965,56.077,-98.893,204.03,-107.05,180.26,-83.411,19.356,76.427,51.621,-12.383
0,0,0,0,61.636,-12.353,-44.106,-65.055,-93.8,310.2,218.7,-31.122,-3.1412,0,0
10.825,-15.332,-24.013,-155.12,27.314,-101.09,-190.78,48.539,-57.248,-177.35,157.14,-15.723,-17.375,7.4631,-15.039
2.5981,6.616,-16.453,26.535,-62.596,172.22,87.407,80.252,67.485,-159.85,174.2,-37.51,202.31,-128.86,102.37
7.1447,19.396,19.075,-133.58,-95.563,-95.008,-36.525,-8.119,-6.7067,165.98,-42.945,74.044,-60.714,0,0
-2.5981,-6.616,16.453,-26.535,-71.215,119.38,116.47,-5.6822,-122.78,-166.37,17.145,60.143,186.05,-46.092,24.069
-8.2272,7.0197,11.232,-7.4593,-10.332,96.901,-123.27,291.27,110.59,-165.46,-124.24,121.9,-22.32,0,0
0,0,0,0,150.05,-188.73,-128.11,170.86,-13.808,6.4288,-6.9199,-11.141,1.6426,0,0
-11.258,-12.292,27.571,-77.36,351.69,56.802,-56.77,33.504,-55.751,19.717,-11.194,-13.011,-5.0942,0,0
-22.745,-0.50064,6.8945,-76.586,-326.11,-95.241,23.359,27.327,-58.505,97.001,195.42,14.438,5.939,0,0
-0.036779,0.14503,1.1618,1.8182,49.378,91.735,212.64,-286.06,-272.21,166.09,208.49,-68.662,1.3038,0,0
8.2272,-22.173,15.722,-15.502,-117,-148.66,-55.229,-98.409,304.73,301.27,-0.81623,1.674,-3.6998,0,0
0,0,0,0,-163.2,53.22,-97.76,139.12,-138.24,231.15,82.395,22.787,-0.97132,0,0
1.6373,23.413,23.794,-168.31,6.4479,19.752,-48.353,-185.08,252.29,261.9,88.578,56.066,-2.0466,0,0
-13.423,14.99,-15.301,-66.156,-232.08,-226.87,82.726,67.145,-105.46,-71.397,25.888,-10.362,-0.73718,0,0
0,0,0,0,-10.35,-36.184,-202.43,-70.318,-85.583,-114.16,-41.372,39.728,-2.6644,0,0
7.4037,-11.381,16.588,71.932,-230.09,-6.6036,15.21,-81.725,21.215,-223.63,50.202,13.663,-3.5813,0,0
0,0,0,0,-45.783,77.57,25.121,307.74,203.65,-146.81,-174.45,-13.596,4.287,0,0
9.9225,-20.644,21.116,16.338,319.29,322.62,234.42,253.32,247.84,197.49,96.274,-24.113,0.12949,0,0
-4.3301,10.739,4.8726,-4.4772,-2.0167,1.8346,181.97,131.49,-184.11,-36.02,-19.845,-16.377,4.0119,0,0
0,0,0,0,17.394,-96.56,46.061,-16.271,-76.264,103.17,36.879,-40.339,-5.1998,0,0
0,0,0,0,-55.601,49.993,83.243,145.21,-114.85,-99.854,20.291,-147.95,26.125,0,0
9.4258,-14.492,20.67,46.48,-133.81,95.989,79.989,0.1452,100.67,-87.451,93.571,184.77,-174.37,-119.17,100.03
-3.0311,8.1471,-12.221,15.923,60.298,68.494,363.87,-454.76,250.63,83.035,156.92,-36.339,3.1782,0,0
11.1,3.1552,13.616,23.426,-115.2,-58.793,44.76,102.48,-162.38,34.081,-130.58,51.925,-43.594,-1.8998,15.762
0,0,0,0,84.832,-71.015,108.23,-286.43,100.77,-124.07,-181,-8.6798,63.324,0,0
0,0,0,0,146.52,134.49,67.342,178.35,166.08,-195.1,61.692,73.31,37.022,0,0
0,0,0,0,76.871,123.97,240.81,-188.64,-239.25,-95.728,-32.811,-1.0517,-10.799,0,0
0,0,0,0,39.274,-70.411,-176.56,34.607,-91.909,120.23,183.26,25.645,-57.692,0,0
0,0,0,0,73.037,40.458,71.068,-145.05,274.61,102.32,198.89,-52.048,-11.733,0,0
1.4943,-19.896,-26.556,125.51,120.55,234.56,-25.613,-36.852,14.275,-76.836,-155.47,-113.13,28.369,0,0
0,0,0,0,-180.09,-194.15,153.7,-117.73,-3.3231,229.89,-85.46,75.795,-25.483,0,0
0,0,0,0,75.234,84.335,-72.46,142.33,-122.65,100.32,16.116,-4.555,0.61482,0,0
0,0,0,0,18.426,-132.82,129.89,-200.64,-36.149,-6.7388,97.756,-58.733,0.71979,0,0
-24.044,-90.835,-12.361,-4.7243,-72.016,61.126,-112.37,-67.6,57.992,283.55,87.825,142.4,-15.057,0,0
6.7697,-1.6014,8.5,-36.494,129.3,131,42.052,-286.25,133.93,-157.72,-237.38,19.854,5.3649,0,0
0,0,0,0,-153.04,-21.341,34.707,-191.55,-6.6784,249.39,-82.527,-103.52,-40.177,0,0
0,0,0,0,-180.73,161.59,170.39,-309.67,-54.003,-25.215,226.38,62.436,44.957,0,0
8.2272,-7.0197,-11.232,7.4593,53.201,-114.35,291.05,-256.95,19.271,-13.015,76.738,-127.05,23.681,0,0
0,0,0,0,22.89,147.28,19.605,148.59,-96.587,-121.07,-124.79,37.189,-5.3893,0,0
26.688,13.939,-5.1468,-37.591,35.311,172.9,154.13,-57.492,306.01,-33.135,168.82,-51.393,5.8669,0,0
0,0,0,0,118.61,-72.3,148.89,-50.068,21.187,173.22,-240.6,-266.4,-18.689,0,0
0,0,0,0,8.5087,49.26,76.141,-38.19,-50.691,-63.834,94.318,-3.5468,-0.01971,0,0
0,0,0,0,87.548,204.28,94.646,-339.28,-265.37,-9.5115,-4.2334,-7.1034,4.2085,0,0
0,0,0,0,68.264,79.881,-132.6,8.1171,-39.625,135.18,-34.069,-31.197,66.61,0,0
0,0,0,0,-100.26,-70.185,-199.78,212.33,-136.28,70.474,168.44,-24.724,-9.6319,0,0
-15.366,8.8498,-26.554,-0.51675,152.99,-76.788,193.07,54.815,30.79,-205.48,-198.61,11.253,4.6806,0,0
0,0,0,0,16.094,-88.089,107.63,143.23,-23.423,119.61,-23.062,-239.21,-19.735,0,0
0,0,0,0,-214.37,27.169,-257.7,-329.76,-25.464,93.366,89.141,43.248,-12.541,0,0
0,0,0,0,-124.17,-48.601,-20.237,35.901,289.12,1.2672,149.85,48.392,-7.1573,0,0
-4.4409e-016,8.8818e-016,-2.2204e-015,-2.3093e-014,181.77,-92.486,131.1,-69.833,104.72,-98.463,293.05,-8.0865,-6.4483,0,0
0.43301,5.799,-96.231,-25.836,-64.868,107.86,-172.67,122.62,190.86,127.75,193.52,127.56,-20.889,0,0
0,0,0,0,-87.964,-104.92,-361.04,40.394,170.1,43.143,218.75,-37.757,0.29872,0,0
0.88726,-28.335,-13.41,106.75,253.34,-229.68,-149.21,-98.909,-84.644,189.55,-181.35,-35.477,8.9333,0,0
13.338,0.99167,7.8526,153.8,-54.016,287.47,115.68,-81.6,-21.552,155.97,33.939,5.6848,9.6268,0,0
8.4225,-13.184,-86.235,-82.814,64.636,-73.958,-7.4571,-9.0076,14.645,-81.064,-93.546,68.013,77.912,5.1319,-19.016
-20.87,12.887,-68.032,16.313,23.443,199.63,131.17,-46.594,-92.72,47.37,1.4845,43.781,33.541,5.1319,-19.016
0,0,0,0,44.543,172.83,-119.13,32.116,-11.393,-269.6,-80.063,45.172,6.7372,0,0
23.261,-32.294,-4.4115,405.75,-6.7537,284.17,-175.3,159.68,-209.86,248.37,-74.211,-114.79,-8.8871,0,0
-37.044,-26.459,-106.08,10.728,127.59,-61.017,225.07,18.13,103.24,160.34,-90.833,-90.61,22.18,0,0
0,0,0,0,257.81,51.42,-271.04,-224.29,53.547,-96.173,3.6142,-13.115,0.927,0,0
5.5511e-016,-5.5511e-017,9.992e-016,1.1269e-014,200.12,123.62,19.118,-84.981,-70.955,-160.76,102.21,43.385,4.1184,0,0
0,0,0,0,-127.42,113.78,-24.886,-163.42,111,-61.637,231.82,44.069,-1.6336,0,0
0,0,0,0,101.52,-79.944,-104.62,-167.48,267.27,-49.299,-23.765,38.321,-0.84535,0,0
3.3307e-016,32.521,-5.8941,-146.86,-15.433,-144.41,216.5,-41.656,46.626,-198.27,-32.63,165.61,-20.772,0,0
0,0,0,0,56.856,34.742,125.41,154.99,-447.41,93.498,-212.26,58.304,-3.7951,0,0
0,0,0,0,-335.92,-171.07,-90.689,182.24,-61.094,-93.793,53.296,-2.8645,-0.48534,0,0
0,0,0,0,140,334.57,-304.83,222.46,181.24,220.28,53.349,25.91,5.8529,0,0
0,0,0,0,70.206,297.66,79.537,-198.34,182.05,76.588,-208.71,-23.049,2.3591,0,0
5.5511e-016,-5.5511e-017,9.992e-016,1.1269e-014,-217.14,227.68,251.28,-53.064,88.472,-16.251,-28.05,-53.582,12.756,0,0
-27.713,16.236,-47.693,176.39,-104.28,125.02,-112.6,228.83,80.977,231.2,160.09,14.731,-6.1558,0,0
5.4707,-29.891,10.387,73.225,56.614,66.563,447.72,-281.65,198.68,-72.59,220.58,73.231,3.5127,0,0
0,0,0,0,-176.38,-94.142,0.010177,150.81,47.327,31.28,1.4004,3.8006,-3.047,0,0
0,0,0,0,51.162,58.705,-96.374,-252.95,130.62,-101.89,290.35,66.204,-5.0077,0,0
0,0,0,0,55.935,-223.07,-19.507,-203.11,192.38,-25.652,15.797,138.97,-175.67,6.7355,17.073
0,0,0,0,-50.409,269.65,87.95,207.77,-137.08,132.01,-92.253,-132.31,30.535,0,0
8.2272,7.9821,-9.1489,-23.549,83.046,-310.58,-88.846,-51.596,123.81,0.88782,41.018,-97.578,99.059,-45.629,-7.3612
13.423,-14.99,15.301,66.156,28.072,-27.996,-0.2515,0.30782,409.03,128.04,117.61,18.542,113.52,123.48,-110.7
0,0,0,0,4.3595,130.7,-14.311,56.042,109.69,24.766,145.72,-82.604,80.762,87.731,-115.18
-31.838,-15.251,7.5236,30.353,276.31,-35.019,273.44,-263.35,367.32,73.601,218.06,-48.08,1.1692,0,0
2.8938,-27.197,1.1534,132.85,-172.3,126.32,65.593,-282.86,-92.683,41.42,-232.23,-43.494,21.45,0,0
-8.2272,13.819,-10.471,121.57,110.17,-20.839,90.456,-36.335,167.16,-185.97,197.01,-25.954,-31.178,-4.7365,19.031
0,0,0,0,-60.48,22.403,-44.867,84.219,-82.528,-58.664,178.05,-21.754,-1.047,0,0
3.6594,25.936,8.6821,-118.15,-139.52,305.54,-39.925,-246.78,174.46,57.197,170.29,-169.41,-133.15,6.7355,17.073
-2.1651,24.593,-18.515,-55.69,42.715,-201.05,59.39,-143.96,16.857,-320.47,-132.06,-161.39,20.668,0,0
22.95,17.998,240.06,84.242,204.99,243.38,-209.96,191.26,-86.025,-287.09,-167.16,-262.26,88.984,0,0
2.2204e-016,0,1.2212e-015,2.8422e-014,4.7274,43.572,124.92,-77.64,28.233,65.085,-25.22,168.3,-17.926,0,0
1.9273,32.742,-19.125,199.72,-158.71,-50.161,-89.855,-366.76,297.6,216.75,-39.275,10.161,-7.2234,0,0
0,0,0,0,-19.822,-157.76,62.546,364.68,-142.68,-40.142,79.258,-57.38,-0.36242,0,0
2.2204e-016,0,1.2212e-015,2.8422e-014,23.285,-89.491,-67.099,-131.14,85.559,-183.97,-46.451,-10.969,11.683,0,0
21.218,-3.5083,35.807,-217.37,-41.747,127.2,121.56,83.399,-188.9,-159.34,-105.6,32.555,-1.3298,0,0
-7.7942,26.131,-39.938,27.432,-328.47,252.5,232.55,130.48,-312.42,-140.13,103,-28.457,-0.2048,0,0
-7.7942,26.131,-39.938,27.432,52.902,-254.68,101.6,-23.458,-33.181,-432.69,-24.787,-7.5288,6.3194,0,0
3.6594,25.936,8.6821,-118.15,147.28,133.71,-205.48,-86.038,70.043,50.238,74.246,-2.0019,6.2652,0,0
3.4641,9.9151,2.9755,40.258,214.32,-81.492,-126.74,-294.4,-37.392,-18.22,-13.095,196.59,-26.045,0,0
0,0,0,0,-82.485,4.8953,258.78,-56.729,-267.94,239.2,108.69,54.782,-6.75,0,0
0,0,0,0,176.06,30.947,-12.773,241.77,169.14,-169.84,57.281,-38.73,7.8858,0,0
0,0,0,0,12.665,89.194,-67.932,149.16,118.09,-21.398,-20.03,56.601,-0.87371,0,0
0,0,0,0,-44.234,107.55,-216.49,-182.91,-65.401,81.253,-36.726,94.638,2.3786,0,0
5.5511e-016,-5.5511e-017,9.992e-016,1.1269e-014,-23.232,-76.352,5.0097,-383.75,-98.583,-173.06,88.991,32.497,-2.5595,0,0
0,0,0,0,29.517,195.13,255.96,-122.97,406.71,-219.48,-24.499,6.4432,1.2422,0,0
22.196,-35.619,7.9138,-251.91,9.1919,-51.601,109.17,315.88,-10.762,8.2123,73.223,14.419,-0.90345,0,0
0,0,0,0,83.514,319.53,96.805,-98.53,116.06,-137.36,-65.821,121.45,-24.495,0,0
0,0,0,0,120.07,26.214,172.32,132.34,116.79,141.98,-2.4344,-21.341,-9.1726,0,0
0,0,0,0,-91.559,-307.09,52.488,-30.044,-20.547,-146.04,-146.64,43.219,-6.5598,0,0
-9.5263,-19.317,-5,160.47,-35.445,127.05,4.1841,324.22,214.14,-154.88,100.42,-47,14.364,0,0
8.2272,-22.173,15.722,-15.502,-232.34,-203.3,303.7,-180.83,147.52,175.93,-175.23,-144.95,8.6672,0,0
11.258,12.292,-27.571,77.36,-99.439,14.254,-399.17,-339.14,-97.563,196.23,98.045,-15.062,-4.6103,0,0
0,0,0,0,97.54,164.72,137.01,77.67,151.69,-479.37,80.308,34.056,-1.1958,0,0
2.2204e-016,0,1.2212e-015,2.8422e-014,-108.84,-69.832,-12.299,-151.76,17.872,-297.19,-195.13,44.54,0.16571,0,0
14.722,-3.0998,17.24,45.451,218.22,-79.637,59.767,-125.45,-139.5,-211.65,166.94,25.423,3.4339,0,0
-19.053,13.838,-12.368,-49.929,24.582,-73.253,-63.311,-80.256,6.9888,187.84,-114.34,-166.11,26.417,0,0
12.124,-9.1423,-11.44,-60.494,-82.356,23.09,-121.88,-134.32,69.674,145.73,-249.49,204.68,71.607,-2.0215,-3.4641
3.4641,-11.129,17.783,-87.952,-96.203,-33.427,270.34,-198.43,-246.01,202.87,-233.99,-5.4248,4.285,0,0
-8.2272,22.173,-15.722,15.502,147.39,336.68,-472.29,-5.6646,45.796,-84.701,-121.69,-37.33,0.72308,0,0
-4.7631,-4.1095,29.015,-95.411,-28.153,-27.912,-27.31,-17.39,-26.631,152.01,-40.346,7.8421,4.4901,0,0
-18.397,-16.219,55.762,-140.85,246.3,150.1,3.1532,34.053,351.59,39.922,87.452,-95.78,16.811,0,0
0.86603,5.5736,20.288,-4.363,-95.737,290.02,-77.827,92.812,-146.89,96.433,181.35,-144.28,22.561,0,0
0,0,0,0,-52.286,-226.25,-13.985,-121.97,-32.38,89.275,18.585,-17.743,4.3122,0,0
-7.3612,21.131,-5.9527,23.786,-3.8216,203.55,-48.39,-318.76,2.2633,-19.532,61.811,-175.43,17.43,0,0
8.6603,5.6764,-11.118,50.826,148.85,-113.4,-84.657,-23.701,-72.764,-248.82,169.09,-112.82,131.81,-54.191,26.023
13.856,2.2123,-17.008,-91.527,-24.108,-8.5907,24.301,-51.058,-130.44,21.377,9.7913,5.7635,-4.4465,0,0
13.387,-14.845,16.463,67.974,-99.652,146.31,2.3403,215.75,-258.94,-189.42,163.22,-32.053,-5.0506,0,0
-0.43301,-1.6405,-16.422,23.51,-30.821,56.702,183.95,-32.461,-422.66,-23.553,57,-15.485,-0.97997,0,0
14.131,-10.262,-14.58,-39.618,-79.079,-73.432,9.3683,42.482,100.97,-7.3016,-40.077,266.19,83.929,20.782,14.289
18.461,-17.976,19.569,-0.35946,55.707,-4.2243,-42.063,11.558,-79.144,-85.554,106.1,-109.13,-0.16066,-3.4417e-015,-2.2204e-016
2.8866e-015,6.7075,-6.7811,-166.87,-80.552,12.925,-26.687,76.929,-148.81,-188.01,186.16,-110.57,-41.32,0,0
24.682,-15.736,43.322,88.038,-122.41,-16.832,66.679,-274.75,7.2294,73.27,-165.54,3.9384,99.118,-25.646,-4.5891
4.6046,-9.7909,-7.0066,1.1651,22.285,-90.009,25.687,-7.9801,-180.97,-104.97,190.14,-211.26,-18.808,0,0
-26.932,-26.75,-43.166,-134.45,18.822,128.87,45.72,98.442,299.94,-327.82,168.02,246.89,-147.08,28.878,1.3358
5.6292,7.4575,3.1519,-133.25,-134.36,101.77,-39.97,-56.69,-25.478,-108.96,28.829,-145.25,-254.04,-2.9008,-18.15
-30.744,0.99695,92.957,208.73,-41.524,-103.65,106.5,-12.13,82.039,-55.912,114.61,-200.39,-88.342,28.878,1.3358
2.5981,-148.14,23.731,0.67644,124.62,71.66,11.079,-27.989,-81.148,-130.24,-0.91811,-19.168,2.0311,0,0
16.454,6.4378,27.6,103.54,273.55,-123.44,-163.75,-6.7448,30.906,71.684,20.99,193.59,-99.177,28.878,1.3358
-17.579,-18.794,-230.13,-159.39,444.46,186.59,42.696,294.59,-297.48,66.435,49.198,132.62,-26.232,0,0
7.5565,1.8182,-18.141,6.0634,-13.403,-60.676,-69.936,-2.1657,-61.467,-102.52,120.4,69.208,-219.71,21.284,-9.4103
-6.0622,-2.4199,2.7925,71.192,-37.326,-20.475,245.91,85.703,-204.44,-125.79,115.73,305.95,-48.324,0,0
0,0,0,0,227.16,-257.56,296.92,-206.98,48.678,234.68,-137.27,2.4095,-9.2082,0,0
0,0,0,0,-74.881,-111.18,77.654,-37.489,-254.27,67.561,-153.68,-123.76,30.803,0,0
0,0,0,0,52.718,-207.12,132.55,-109.46,42.191,-331.09,88.965,44.652,-0.13397,0,0
10.847,13.385,9.9874,-141.88,111.88,103.04,-62.48,-190.07,-1.6777,-64.005,159.77,0.090712,47.837,0,0
3.0311,-8.1471,12.221,-15.923,-8.796,57.32,-29.531,5.3974,26.394,-14.844,-234.8,-56.759,9.4357,-3.4417e-015,-2.2204e-016
13.423,-14.99,15.301,66.156,47.868,-10.248,2.8346,-102.89,88.396,-144.37,162.32,-182.3,-113.54,30.179,7.3612
5.1962,5.75,-12.593,71.901,15.257,264.89,-66.463,-177.7,84.929,-122.04,178.32,-154.13,11.618,0,0
1.7321,23.428,16.842,-155.5,95.876,-33.142,106.99,29.448,258.77,-166.04,-165.61,98.204,-20.862,0,0
-23.611,39.661,10.391,-234.49,-239.91,92.407,-124.01,245.91,-0.35533,-70.277,-102.19,-8.6809,5.5902,15.352,-10.825
-4.4409e-016,8.8818e-016,-3.9968e-015,-5.1514e-014,76.52,-103.38,87.62,-46.263,101.68,-127.13,151.29,128.21,-35.707,-11.198,-19.781
0,0,0,0,267.59,160.65,-179.71,-106.55,-0.043372,-290.38,25.897,-158.37,25.641,0,0
6.4952,-14.611,91.859,-53.887,-79.902,-306.69,-145.87,-11.429,-130.22,-167.09,-48.762,126.59,-203.63,54.411,-25.548
0,0,0,0,-2.2365,-141.94,27.392,-215.28,-69.632,193.22,-61.368,70.574,-58.917,0,0
0,0,0,0,-114.95,-136.33,-35.942,-3.3241,39.744,-108.53,8.5913,6.1979,6.4558,0,0
0,0,0,0,-2.578,-57.74,82.815,56.614,-130.6,-113.62,219.26,16.02,-3.5792,0,0
38.538,-42.728,-95.898,-54.971,-68.097,103.29,162.7,36.253,-79.434,73.112,-271.65,60.628,-5.2606,0,0
-4.7631,-4.1095,29.015,-95.411,-181.38,-58.789,-92.264,106.04,3.9161,-38.846,-28.939,25.811,-6.4192,0,0
-8.4381,-12.719,39.946,-59.058,97.238,251.22,65.868,-149.13,270.83,74.861,34.44,30.4,99.128,-25.646,-4.5891
8.8818e-016,3.3307e-016,1.1102e-016,-1.954e-014,83.462,149.35,61.621,-199.73,-7.1037,247.68,-149.11,-10.899,-4.9596,0,0
-3.6749,-7.5245,-15.485,35.618,140.04,192.69,-60.942,-187.05,68.566,-74.444,14.653,15.925,7.6502,0,0
-13.651,-6.4043,22.311,-70.588,-186.45,-78.987,-173.02,63.671,-151.89,240.97,-43.198,-3.6313,8.6277,0,0
21.218,-0.0083302,96.158,140.22,149.29,254.03,-347.6,15.256,-45.027,152.92,-79.214,-137.92,-15.983,-4.7365,19.031
0,0,0,0,-34.181,142.38,114.56,-183.42,-58.139,-15.819,167.47,-59.184,-33.356,0,0
22.358,-34.605,-1.7745,80.818,32.017,97.405,-264.1,158.61,81.011,-142.27,258.15,-43.631,-105.24,12.016,-1.4575
-4.3301,10.08,11.056,-48.007,152.68,-199.72,5.5937,103.4,-226.58,93.29,168.66,-46.26,128.42,-23.254,7.2607
17.321,-15.997,4.8792,59.064,19.461,109.35,-12.463,156.4,117.45,117.54,-85.519,-75.344,-40.213,0,0
-13.423,0.12917,17.935,-143.8,-35.443,-7.2963,-168.9,455.58,-2.9443,17.54,123.84,6.4421,15.249,0,0
8.6603,-9.7027,32.539,47.487,221.1,206.6,-59.819,-202.15,-138.64,142.59,-75.695,-74.705,6.6905,0,0
0.43301,-26.905,6.1195,139.74,32.39,-154.16,-195.22,266.58,-12.303,-318.63,-148.61,35.328,42.425,0,0
-0.86603,0.32356,12.098,41.311,26.97,-90.518,109.29,-56.62,300.38,21.715,146.54,137.61,-92.609,34.016,15.43
10.825,-15.332,-24.013,-155.12,18.495,295.9,101.04,56.037,-208.84,147.1,55.767,-92.861,63.136,0,0
13.423,-14.99,15.301,66.156,86.137,-61.013,-256.56,-150.11,-329.81,91.549,-227.15,204.74,-20.791,0,0
1.7321,23.428,16.842,-155.5,-153.29,-161.87,-98.644,-10.319,16.855,-83.786,84.549,5.5982,154.72,16.088,15.271
6.3367,-38.58,6.4006,37.855,61.968,-103.13,118.85,-26.788,43.15,-254.09,158.46,124.44,68.99,40.787,3.0311
0,0,0,0,-204.91,31.404,-169.37,-134.02,-56.509,137.29,49.977,81.869,-195.6,41.114,-4.3301
10.155,0.93422,-15.271,11.779,-140.5,69.682,-71.659,-273.42,141.59,86.662,122.06,-208.95,19.45,0.16178,-0.53349
0,0,0,0,-60.769,-18.672,143.38,-94.474,-28.088,96.665,-46.037,104.5,34.952,-9.6743,71.337
-15.366,8.8498,-26.554,-0.51675,-138.02,-74,158.07,-262.58,68.067,126.91,184.15,102.49,55.343,-8.0695,-10.35
0,0,0,0,100.38,49.9,-62.114,329.33,171.56,-139.77,44.651,89.306,43.562,0,0
0,0,0,0,55.183,-119.57,163.12,-116.83,118.63,-122.94,-267.12,-101.14,-61.891,133.24,-93.531
8.8818e-016,3.3307e-016,1.1102e-016,-1.954e-014,-69.5,-281.53,-177.72,-10.906,14.44,-241.82,35.237,23.391,41.489,15.866,16.296
-23.769,8.7347,25.725,-193.57,46.6,66.799,-13.975,-353.43,124.5,-260.45,-235.97,121.62,-8.3662,-10.703,6.9282
-8.2272,11.343,-16.118,-70.997,106.81,-225.51,-216.13,-299.74,158.03,277.36,-185.81,34.335,-5.8681,0,0
11.258,12.292,-27.571,77.36,-28.952,28.372,-52.113,45.59,-24.104,15.621,33.063,-122.26,107.48,-212.42,106.52
2.5981,6.616,-16.453,26.535,171.68,73.929,-136.49,-122.51,-116.36,-76.827,-48.051,-20.688,-198.42,38.207,-16.887
7.6357,3.6307,-12.185,-39.981,-214.78,-122.86,357.85,13.103,-328.49,24.996,-45.046,298.96,-136.73,52.587,-21.148
13.423,-14.99,15.301,66.156,254.56,164.57,237.8,150.25,218.64,-263.55,26.557,-240.04,60.39,75.448,-103.92
0,0,0,0,39.608,-231.77,-212.94,-155.34,24.205,6.4772,-51.995,53.31,-9.0915,153.33,-117.35
6.6613e-016,1.6653e-015,-3.3307e-016,-2.2204e-014,103.4,-323.09,-286.17,137.94,70.968,-88.326,129.24,0.18005,-10.525,0,0
0,0,0,0,207.5,-11.084,-6.759,123.45,-179.03,166.08,-176.47,123.87,-160.49,72.151,12.557
0,0,0,0,148.14,227.44,389.19,238.51,5.9143,90.045,31.828,76.032,-60.527,0,0
0,0,0,0,-249.04,62.972,-181.74,-192.99,-11.041,117.32,-141.34,166.69,63.613,-35.695,-35.94
-3.4641,21.368,3.6077,-141.01,151.92,-150,-124.81,86.827,55.83,-21.684,24.654,157.39,-22.595,0,0
0,0,0,0,131.6,69.242,-190.6,-22.729,-247.43,9.9181,153.37,44.223,-4.3065,0,0
5.6292,0.77933,-19.214,-47.682,-323.27,98.126,106.96,-15.272,-164.85,-27.663,274.8,2.3826,-1.7805,0,0
-3.0311,-22.064,114.24,-219.03,-9.5871,149.52,-60.725,233.73,45.929,40.734,11.993,-94.288,-33.1,16.76,-12.557
-19.486,-15.858,-70.694,-179.74,42.406,60.104,19.776,42.789,-288.62,-48.7,108.69,20.172,-1.8263,0,0
-11.258,-12.292,27.571,-77.36,149.47,105.72,-181.56,96.614,-324.55,58.721,-63.042,-157.48,21.926,0,0
-10.17,5.2027,-27.371,-5.3583,0.62524,-9.7954,-140.45,-74.213,168.87,-122.62,-293.49,67.381,35.854,12.459,-9.5263
0,0,0,0,-307.29,-111.6,0.644,157.52,120.79,-45.872,-89.495,50.692,4.0715,0,0
-29.445,19.237,92.228,-9.9883,69.865,-261.04,187.09,-16.873,246.85,-204.13,-207.25,-62.31,-56.168,28.878,1.3358
6.4952,1.4199,5.0556,-67.723,0.62627,-194.47,-11.547,-123.14,-80.993,-94.505,-116.18,44.691,-157.87,-34.03,-8.6603
0,0,0,0,-171.61,122.41,64.395,58.461,-149.3,31.023,-126.46,-175.03,29.852,0,0
0,0,0,0,-59.621,23.17,121.96,-113.94,-149,-391.51,-79.965,94.947,-17.188,0,0
0,0,0,0,6.703,215.02,-164.73,60.458,142.47,60.36,29.454,-47.904,-10.353,0,0
0,0,0,0,70.674,115.42,34.985,45.462,20.67,-213.79,-87.801,-49.777,-5.8966,0,0
0,0,0,0,-24.623,-16.953,21.252,155.62,36.337,200.52,-51.091,-39.09,1.625,0,0
0,0,0,0,112.26,188.36,-279.17,-89.602,191.97,-13.136,-192.85,71.83,37.516,0,0
0,0,0,0,55.488,-34.766,32.2,47.768,-153.51,79.658,158.91,21.438,1.7019,0,0
8.2272,-22.173,15.722,-15.502,102,-164.77,282.61,53.794,84.113,-74.706,-122.81,107.1,45.928,0,0
-0.036779,0.14503,1.1618,1.8182,140.52,130.47,40.837,124.3,2.379,-27.609,-2.9805,-6.1642,-2.6621,0,0
0,0,0,0,275.56,128.47,-105.63,-181.46,298.28,38.672,-88.074,-25.17,-0.57476,0,0
-0.43301,-1.6405,-16.422,23.51,60.169,-102.53,101.94,-6.5368,-20.269,-70.739,-59.358,-76.181,-5.9205,0,0
0,0,0,0,-2.2231,-186.18,-100.56,249.01,122.62,202.64,-175.31,-16.965,-9.6688,0,0
-2.5981,-6.616,16.453,-26.535,72.707,60.134,92.198,77.91,-121.91,137.02,-122.63,-109.24,14.845,0,0
0,0,0,0,-43.875,-98.85,62.85,0.11122,43.015,-78.742,29.979,24.778,-1.3087,0,0
2.2204e-016,0,1.2212e-015,2.8422e-014,114.76,-54.424,277.87,-162.25,-78.86,54.532,32.098,110.14,-35.365,0,0
0,0,0,0,231.73,29.061,244.11,-79.149,160.82,-303.49,-51.099,110.59,-25.133,0,0
-8.6603,22.374,7.9869,144.64,-404.33,166.2,129.98,-186.21,68.404,-601.31,223.23,28.847,-93.548,-7.913,-30.174
-0.43301,-1.6405,-16.422,23.51,139.09,-94.338,-2.8724,152.08,-133.47,176.07,-10.772,-125.39,17.956,0,0
9.0933,-4.0311,-7.7272,-93.272,-61.523,23.663,54.597,-76.819,-50.567,183.46,-4.7726,-4.5379,-7.5476,0,0
17.321,-15.997,4.8792,59.064,173.91,43.332,-4.7631,47.197,58.71,131.55,156.26,-59.12,-5.8102,0,0
17.321,-15.997,4.8792,59.064,38.073,286.58,-100.89,-111.62,31.719,159.88,38.695,-56.845,-1.7246,0,0
5.5511e-016,-5.5511e-017,9.992e-016,1.1269e-014,-80.784,-144.39,232.81,-64.257,298.24,-121.92,-85.885,86.76,-23.004,0,0
0,0,0,0,-252.52,3.3644,-41.254,-5.9994,4.0352,83.129,-57.549,13.258,-6.0021,0,0
8.2272,-22.173,15.722,-15.502,-78.631,-36.858,19.427,120.95,-42.855,-188.94,-39.316,85.33,-21.589,0,0
3.0311,-8.1471,12.221,-15.923,109.11,192.46,-140.02,12.264,18.793,197.78,-8.6205,9.7147,4.8152,0,0
14.079,-17.321,-63.254,176.23,-131.07,-25.305,-160.5,265.94,-48.452,17.26,170.06,5.045,2.9938,0,0
0,0,0,0,9.4482,-85.026,-15.526,177.88,73.057,-50.178,-163.4,0.76986,-0.44023,0,0
0,0,0,0,-13.17,109.92,-88.008,137.56,-235.76,165.9,57.713,-122.2,113.58,-25.997,-9.5263
14.289,18.281,6.1633,-107.87,-90.16,40.955,-30.792,40.202,191.79,-175.84,30.967,-89.403,25.387,0,0
18.461,-17.976,19.569,-0.35946,22.324,-67.224,76.195,-334.65,303.27,-134.15,160.29,42.185,-2.5675,0,0
6.3367,-38.58,6.4006,37.855,266.62,195.05,-251,-7.6165,-221.9,-74.896,-108.69,113.71,87.415,41.139,7.9683
8.2272,-7.0197,-11.232,7.4593,-15.702,62.32,105.2,-174.36,47.052,-335.86,64.573,15.723,-0.28525,0,0
1.7321,1.384,4.2321,30.021,-73.944,-59.598,49.482,-57.331,-412.22,122.2,139.86,32.689,-8.0796,0,0
11.887,35.954,-10.57,-5.5413,-122.14,-220.97,-95.279,-100.61,272.57,-157.1,-30.906,75.414,1.692,0,0
13.423,-14.99,15.301,66.156,-174.59,65.606,-70.397,-102.12,-237.57,-93.26,104.61,37.312,5.8014,0,0
0,0,0,0,-274.8,102.91,69.806,22.44,-520.69,92.48,-120.42,10.861,3.3861,0,0
13.423,-14.99,15.301,66.156,202.61,490.63,-19.759,97.553,-217.78,-99.537,98.259,-145.05,29.595,0,0
10.234,-31.897,5.4724,-161.51,-62.314,-63.731,27.644,-24.048,-70.897,-285.03,-31.269,90.287,3.9202,0,0
0,0,0,0,-188.88,56.55,153.35,317.99,-157.28,-24.565,-5.4152,75.424,-19.811,0,0
13.698,2.5392,-2.7159,-71.984,-101.17,136.21,-139.76,-42.194,-219.98,-7.1573,114.59,-8.2625,0.33614,0,0
6.0622,6.1405,9.3481,89.942,89.717,-83.051,-361.05,-23.006,-60.805,-150.81,-13.405,-24.794,2.4127,0,0
0,0,0,0,110.72,310.85,-106.74,-184.33,-154.3,-117.88,-48.21,97.705,2.6317,0,0
5.9037,-17.132,-9.9037,25.461,198.75,208.94,-67.986,222.22,-198.55,-81.855,-142.01,-84.748,13.041,0,0
11.454,21.825,-3.1594,-123.12,-50.303,-119.88,-21.41,-143.46,-263.94,-188.76,-76.397,-1.4208,58.008,0,0
14.564,16.332,9.2679,-226.99,-18.808,85.689,-176.27,-12.862,-75.214,105.38,55.82,-158.88,22.251,0,0
-10.133,-1.5371,12.489,-109.77,-263.54,-13.486,301.12,36.826,102.96,-162.47,109.01,-176,-54.723,29.108,-12.954
0,0,0,0,48.479,32.705,-1.9966,-48.31,65.572,-172.03,-37.425,5.7006,5.1295,0,0
4.6046,-25.389,-14.129,21.644,79.01,-58.052,-151.43,-66.37,92.173,267.65,156.63,-79.534,6.6278,0,0
19.76,-2.0361,26.765,37.208,192.52,-326.77,-298.47,170.09,-72.458,108.12,-108.1,-76.215,-129.59,25.444,9.9381
-3.1896,19.188,-11.454,-51.014,-0.1311,75.535,-48.55,35.211,-20.309,-11.873,127.01,73.509,166.62,-25.646,-4.5891
10.667,4.4722,7.4199,-199.77,205.09,95.596,-17.053,-161.18,199.98,2.3884,-216.53,77.945,-162.84,42.216,11.258
0.2222,-27.734,9.0116,-20.8,-15.579,23.326,-115.92,50.519,156.47,203.99,140.97,-78.66,-2.012,0,0
-10.17,-34.752,-23.131,-53.402,-36.285,-158.7,117.34,-320.16,146.34,-32.759,243.94,33.687,-2.4698,0.94888,-0.39623
-26.642,3.3654,33.032,-108.53,154.93,-88.577,-238.9,-54.746,-193.34,-105.03,-16.945,-16.544,-10.799,0,0
-1.5099,16.263,7.1438,-22.52,-29.273,54.118,90.201,237.38,190.87,-54.122,266.17,-66.71,1.4949,0,0
-9.8433,-35.955,108.24,149.99,207.85,-14.998,126.71,-236.29,-12.477,9.8436,-265.21,164.52,-20.52,0,0
-17.548,5.0107,-62.235,-27.104,-91.396,311.36,76.439,-103.44,-0.28686,-85.377,-125.41,34.99,-13.496,12.459,-9.5263
-15.155,-6.6878,-20.136,-226.49,94.3,-188.84,-35.279,169.55,-112.11,49.994,-127.72,-112.23,-150.15,54.411,-25.548
19.486,-4.8923,31.575,-247.39,-222.39,-41.57,-182.81,81.372,167.84,-108.23,132.12,35.361,-1.7015,0,0
-14.289,-18.281,-6.1633,107.87,189.18,23.589,136.12,-154.08,-72.482,26.739,-90.99,24.098,0.11955,0,0
0.43301,-26.905,6.1195,139.74,-58.523,299.02,-141.58,-20.073,-39.674,455.25,128.57,-25.728,8.4175,0,0
-11.295,-1.4154,16.378,-96.66,-197.51,-251.17,121.65,77.075,267.73,-261.38,-162.51,44.258,8.7841,0,0
-9.3041,-8.8481,-0.47044,-63.829,182.39,110.91,329.75,37.001,-174.16,-86.687,71.71,-23.242,1.704,0,0
-6.273,-6.8415,9.255,87.224,270.21,-78.253,-160.88,133.09,-124.28,-71.833,-247.25,-51.483,2.8119,0,0
4.7631,4.1095,-29.015,95.411,-91.81,-10.128,-181.4,198,-102.22,174.56,243.44,-19.019,-1.1184,0,0
6.2575,3.2087,-28.668,15.763,4.9928,-136.61,-142.31,-328.32,10.885,-67.858,118.34,-103.54,21.147,0,0
1.4943,-19.896,-26.556,125.51,96.223,-42.553,319.18,-293.38,146.17,347.23,-175.51,130.11,-9.9957,-22.378,-13.957
11.966,-8.4135,-25.227,-224.74,16.776,-53.377,477.92,-161.52,61.693,149.29,120.39,-84.039,-7.1021,-4.7365,19.031
0,0,0,0,-27.253,-424.49,31.373,79.166,245.79,-394.3,-0.34067,15.141,1.1412,0,0
0,0,0,0,-16.746,128.99,-71.743,10.72,63.452,-20.953,-35.318,46.105,7.4139,0,0
6.2575,3.2087,-28.668,15.763,73.854,6.4607,15.366,4.119,-232.74,-116.29,-28.015,-237.76,151.95,-23.254,7.2607
5.0377,-23.748,2.2925,-1.866,158.26,218.31,-193.89,13.412,-152.01,-246.21,35.62,-119.57,-81.982,7.696,2.0066
1.7321,23.428,16.842,-155.5,-73.125,-125.61,167.33,-481.08,-40.957,-59.492,223.05,-24.62,0.52901,0,0
11.454,21.825,-3.1594,-123.12,120.51,-166.55,210.22,100.15,83.448,283.5,115.16,173.96,-107.92,7.696,2.0066
0,0,0,0,-167.12,96.25,-106.85,-45.565,83.311,-193.11,-119.81,25.893,5.6866,0,0
16.454,-44.347,31.445,-31.004,-17.196,-352.68,176.29,14.753,-220.02,16.576,-136.61,17.093,0.1597,0,0
-19.053,13.838,-12.368,-49.929,-313.35,238.26,301.73,-72.571,209.36,-55.258,-350.59,-184.93,20.186,0,0
0,0,0,0,9.0499,-103.6,-131.88,-119.13,38.117,-434.12,-22.694,3.9453,-1.547,0,0
-7.3612,-2.7075,10.783,-129.47,250.9,102.61,-57.362,138.35,-158.24,-352.59,158.83,-62.598,-1.7362,0,0
0,0,0,0,-302.34,110.2,211.7,32.276,-254.74,-108.06,253.86,-99.335,-2.0885,0,0
1.7321,0.073557,6.6764,211.18,125.79,-63.268,-126.15,-64.422,77.221,335.59,-250.53,-45.979,10.131,0,0
0,0,0,0,234.14,38.779,11.502,145.03,57.669,-199.69,-112.09,-1.3152,-5.5236,0,0
0,0,0,0,262.6,95.033,75.812,91.553,-169.62,-109.57,29.427,-5.663,-0.1887,0,0
0,0,0,0,148.78,-88.792,-123.61,103.64,-210.33,107.05,143.86,-23.911,-2.6438,0,0
0,0,0,0,54.127,-90.987,176.78,101.14,-211.13,-125.98,-167.31,18.414,7.5915,0,0
-11.258,-12.292,27.571,-77.36,-109.71,-222.08,-190.57,-41.194,-11.684,47.593,-229.3,10.029,-4.8786,0,0
0,0,0,0,17.671,86.103,29.227,249.02,-96.101,-241.61,182.74,20.707,2.5497,0,0
0,0,0,0,84.637,116.18,82.113,114.43,81.754,-379.7,141.34,-15.212,2.4779,0,0
0.43301,1.6405,16.422,-23.51,47.651,236.09,209.03,-226.13,-102.54,86.6,-74.809,135.28,-17.301,0,0
0,0,0,0,-12.399,-70.875,15.3,130.67,206.28,233.44,-36.279,-1.2321,1.7921,0,0
0,0,0,0,-2.7198,-60.066,-254.02,-170.52,75.354,121.7,-63.27,0.67612,5.8631,0,0
0,0,0,0,103.84,-22.386,370.21,226.87,289.19,82.024,20.854,-38.109,-1.28,0,0
0,0,0,0,198.41,89.008,-30.302,34.024,-223.67,-300.53,-5.2694,-30.104,-11.662,0,0
-8.2272,11.343,-16.118,-70.997,-132.22,-268.46,-79.682,92.664,134.26,115.29,-221.53,-27.036,72.612,0,0
0,0,0,0,-156.51,68.033,39.938,237.31,-18.264,-211.9,43.653,-58.155,63.57,0,0
0,0,0,0,-240.77,61.659,-185.28,111.09,77.48,277.33,21.713,3.1944,-56.936,0,0
0,0,0,0,-182.71,82.866,29.691,340.42,-79.88,218.33,-14.483,52.784,2.2407,0,0
0,0,0,0,134.23,-81.208,51.166,-63.469,150.47,229.05,114.97,-57.508,-9.46,0,0
0,0,0,0,56.313,-246.87,22.928,18.913,81.896,242.92,28.574,-37.106,57.642,0,0
-4.7631,-5.0245,5.4707,-70.229,-80.29,34.158,-191.65,289.34,68.86,-11.075,-215.1,-29.154,0.95184,-3.4417e-015,-2.2204e-016
0,0,0,0,-219.43,208.64,-284.02,-90.627,8.0875,11.587,-165.81,135.91,-87.581,16.19,14.722
9.3678,-2.2844,-16.24,-88.1,54.448,-169.47,-6.8519,-107.91,-129.32,58.239,166.73,53.156,32.69,0,0
0,0,0,0,66.459,-59.554,118.7,-135,-177.71,-125.13,94.96,12.37,-2.7894,0,0
1.299,-35.595,2.1327,104.37,185.96,-237.35,204.1,130.31,136.6,-199.84,8.9489,190.97,126.26,-43.909,20.785
-4.4409e-016,8.8818e-016,-2.2204e-015,-2.3093e-014,36.586,212.96,-36.86,-19.68,-8.0772,-15.773,-227.1,-39.666,167.35,30.763,-19.486
0,0,0,0,6.0879,34.552,240.82,163.99,-37.803,-35.9,84.762,-101.4,5.8328,0,0
-19.053,13.838,-12.368,-49.929,-0.8759,-133.2,215.32,112.59,-117.56,-5.5579,-30.958,61.287,187.78,-48.423,27.28
-2.5981,-6.616,16.453,-26.535,49.7,415.85,68.115,-141.82,40.377,193.37,-96.856,151.42,-194.24,54.411,-25.548
-15.219,7.822,-3.3804,-93.372,-153.07,36.751,125.92,322.07,-250.8,67.587,-2.091,145.09,-130.23,16.76,-12.557
16.021,-13.899,124.15,13.754,354.26,77.037,78.044,193.66,-67.296,-279.24,250.46,-83.197,-155.49,28.878,1.3358
15.588,4.4378,66.991,176.39,152.09,68.526,208.69,231.6,-126.93,-102.64,-150.35,61.121,-34.329,0,0
-19.919,22.352,23.092,70.956,-1.2744,-112.49,37.151,-60.044,68.648,58.419,-69.723,-65.368,-71.747,29.108,-12.954
0,0,0,0,-210.72,-237.48,-85.105,178.24,22.379,172.44,-139.08,44.267,8.6403,0,0
-2.1651,6.0197,14.145,9.0556,-105.29,160.7,268.47,-122.5,111.36,85.064,-43.942,7.7981,1.9333,0,0
-11.691,-34.696,9.1734,10.799,56.44,-49.863,-34.599,8.8783,-203.19,1.1525,-69.882,108.72,3.6275,0,0
-24.84,1.4937,122.4,199.19,-322.82,-51.366,-109.25,142.29,-55.708,-250.07,23.127,194.59,169.99,-25.997,-9.5263
10.392,-6.8433,3.0801,82.079,-163.25,-220.9,144.5,-182.6,48.593,162.35,116.14,-161.85,17.507,0,0
-8.4381,-11.634,13.53,-59.793,-106.82,-24.752,341.8,31.391,249.75,-87.422,134.02,-55.71,0.19495,0,0
18.382,-12.172,-7.6576,-35.373,56.312,-115.86,-74.141,-83.378,27.468,38.145,-41.281,-21.764,27.904,0,0
-4.1349,-6.6687,-11.94,31.379,-249.13,46.717,-147.19,52.397,7.6165,-97.923,-45.244,148.92,46.648,0,0
11.1,3.1552,13.616,23.426,-67.924,205.2,392.37,-15.222,128.71,-197.04,106.83,-109,-11.432,-4.7365,19.031
-15.673,-14.458,-70.736,-57.09,138.94,252.13,-26.859,-36.14,1.5104,-256.74,119,46.794,28.293,10.923,-6.9282
-20.004,8.8319,-60.883,-27.651,-177.33,-281.33,55.769,258.28,-7.0489,-9.9351,-35.43,79.841,32.213,5.1319,-19.016
13.423,-14.99,15.301,66.156,55.812,-156.11,378.98,209.14,-208.16,131.42,-130.83,-90.22,22.069,0,0
16.454,6.4378,27.6,103.54,-95.413,-217.45,-162.8,175.51,76.024,43.384,-218.64,128.39,-31.003,0,0
11.691,-12.258,18.698,24.757,226.28,-23.202,-3.4334,150.94,5.7894,69.245,-247.6,-201.02,13.697,29.108,-12.954
9.0933,-7.2763,-18.848,26.898,-21.938,58.332,-119.64,29.762,-105.9,65.774,85.319,-128.45,49.215,-45.629,-7.3612
9.8008,18.686,20.634,-85.488,-142.05,109.73,50.676,256.23,94.778,14.75,223.77,33.491,4.5287,0,0
-19.486,4.8923,-31.575,247.39,107.08,-106.35,123.35,116.4,-66.983,-135.5,191.44,-236.39,55.884,-45.629,-7.3612
0,0,0,0,248.65,302.2,-133.99,-215.65,-400.66,98.512,-106.85,222.04,-23.468,0,0
0,0,0,0,-68.83,152.47,-45.93,-194.35,-291.04,158.62,-277.12,-11.107,1.4665,0,0
0,0,0,0,-81.11,-56.073,130.41,-83.616,-112.29,-57.569,-77.212,-50.927,6.424,0,0
0,0,0,0,19.251,148.16,-9.0553,-179.67,-352.91,-121.89,-5.8979,49.283,10.624,0,0
0,0,0,0,-82.144,-68.059,31.99,-123.76,338.53,51.385,-35.455,40.542,-0.5125,0,0
0,0,0,0,89.033,114.83,-104.51,214.68,-274.77,154.33,54.986,-24.594,-15.974,0,0
0,0,0,0,83.118,133.97,-183.39,-127,16.373,63.16,13.648,-49,0.85201,0,0
0,0,0,0,-21.772,-63.616,-87.367,330.29,-229.21,-201.05,34.355,35.823,-4.5221,0,0
0,0,0,0,17.203,108.4,-166.53,-204.34,50.884,147.95,85.26,-29.887,-0.19023,0,0
0,0,0,0,-262.46,-147.63,-69.732,219.58,-0.23868,170.28,-23.703,-1.6064,-5.4043,0,0
0,0,0,0,-21.145,52.357,-388.2,-295.7,119.82,-275.44,-58.697,248.74,-22.464,0,0
0,0,0,0,-29.338,-128.07,-221.64,-60.423,171.39,0.34868,-79.871,9.5167,-12.174,0,0
0,0,0,0,-44.984,59.523,-0.31681,-151.59,128.59,115.24,-16.285,-62.057,1.8071,0,0
6.2575,3.2087,-28.668,15.763,150.1,253.64,96.071,5.6341,-198.31,-17.393,-102.64,-148.82,-4.1755,44.025,3.7386
9.3678,-2.2844,-16.24,-88.1,-150.98,-164.98,38.828,-0.46,-51.384,251.74,27.917,-78.547,-72.457,7.696,2.0066
0,0,0,0,-108.96,79.142,210.41,-110.51,-140.11,19.147,11.608,20.006,1.62,0,0
-16.021,-5.1633,3.3792,-128.85,12.954,384.8,-38.992,222.5,183.85,144.25,207.74,99.515,52.697,-28.401,-1.6797
-9.8474,29.457,82.198,-32.276,-236.85,-112.87,-341.91,24.641,-84.21,-139.37,174.25,91.434,-31.173,0,0
0,0,0,0,68.059,130.81,-62.48,142.89,-244.53,-154.76,-279.9,91.502,-6.6534,0,0
0,0,0,0,-144.65,-65.76,-214.75,-186.62,-350.07,-119.26,113.58,-99.155,-41.045,0,0
0,0,0,0,-36.246,-82.336,-205.79,-29.67,-20.494,43.34,30.134,-57.577,6.816,0,0
2.3603,7.0748,-2.5302,-16.184,148.34,-127.87,-324.71,180.74,78.777,199.65,11.055,-22.838,1.2237,0,0
0,0,0,0,114.27,57.746,-75.246,-201.66,72.411,141.8,47.12,-299.92,-25.094,0,0
0,0,0,0,-47.237,-287.62,-159.02,-270.83,188.86,6.5271,10.054,21.105,1.0796,0,0
22.443,-9.2772,-3.2303,-67.033,-55.37,56.338,52.041,126.94,-2.3236,225.56,-54.991,173.95,-79.72,18.442,0.43301
