4,-13.598,4.5897,10.838,-215.01,-52.264,-76.427,-168.58,-190.93,94.433,324.75,198.04,-47.183,0,0
0,0,0,0,-3.506,-104.95,223.52,139.76,14.698,270.43,-66.953,23.473,18.768,0,0
-10.5,-13.824,-2.366,25.104,-189.78,102.5,72.594,-290.97,107.1,55.935,187.09,187.17,-22.94,0,0
0,0,0,0,19.232,-179.12,33.109,404.34,46.012,-53.285,-264.28,-125.45,22.849,0,0
0,0,0,0,-26.789,109.17,-81.411,13.509,-224.47,196.6,-53.126,-8.7933,3.9498,0,0
10.385,8.8792,-5.9518,29.473,-122.02,-50.436,299.04,-35.682,-109.1,103.13,-94.654,-74.57,17.477,0,0
14,9.2583,-10.69,42.123,37.187,-48.812,47.965,-16.796,390.36,141.33,-135.6,-111.94,26.607,0,0
14.549,11.266,-12.753,39.991,-88.145,-183.92,383.67,37.411,-187.4,-102.52,9.3631,1.8124,-221.5,-0.1887,-2.192
2.75,2.8056,-2.6716,-5.6848,15.879,236.58,247.02,205.61,-63.322,-209.38,5.7071,128.68,15.926,0,0
6.6349,0.14711,-10.916,32.681,100.01,-69.894,51.029,114.08,136.41,-139.22,-309.28,-9.9139,-1.5233,0,0
5.25,-7.9869,-0.52628,3.997,-43.341,125.72,-125.28,-1.5602,35.005,-164.55,127.6,-20.955,40.512,0,0
9,2.6423,-2.7338,-1.5228,18.187,-143.42,233.93,-157.7,-480.11,285.93,-102.81,-129.73,14.823,0,0
5.25,-7.9869,-0.52628,3.997,-3.0756,-182.06,-221.64,99.675,309.96,95.024,-124.51,-214.42,-7.8011,0,0
0,0,0,0,-19.838,127.9,-263.16,-16.09,142.9,111.65,190.7,112.46,-30.175,0,0
0,0,0,0,9.7697,-59.004,-468.17,33.637,307.88,-20.613,-103.87,83.928,78.658,0,0
0,0,0,0,-0.175,-87.447,-274.69,-90.632,217.45,-316.92,117.84,28.588,14.266,0,0
6,-3.1454,3.2776,21.804,-0.29245,181.81,42.279,-319.38,-194.29,263.61,-18.308,332.44,-0.59808,0,0
-2.8627,-2.5167,-2.9453,-15.146,87.906,-4.2057,367.91,207.18,-248.45,-190.84,-261.44,-226.51,-22.972,0,0
0,0,0,0,29.344,-146.06,194.18,187.97,-189.53,-444.9,35.327,-23.611,89.595,0,0
-14.863,-0.036456,0.96017,-32.012,211.57,-6.5976,112.21,1.0676,-75.134,29.381,90.702,86.853,2.9779,0,0
14.549,11.266,-12.753,39.991,-119.65,-35.714,-376.38,-259.57,-253.61,220.34,-85.586,-235.97,6.6471,0,0
0,0,0,0,3.308,0.74047,26.637,-224.32,302.26,61.261,349.66,4.3268,-87.944,0,0
0,0,0,0,-15.771,138.55,-267.95,-310.51,-191.69,-75.957,-238.23,91.675,-33.012,0,0
0,0,0,0,-9.0155,365.04,-16,-44.102,110.28,231.85,-50.766,6.9772,1.884,0,0
0,0,0,0,23.471,-117.04,308.88,322.45,-313.24,-83.179,44.419,-17.348,33.016,0,0
-1.75,-6.6208,-11.752,-2.4103,-47.402,129.87,276.61,15.756,-151.77,-123.48,-120.38,-184.3,17.077,0,0
-45.629,-6.1954,-162.3,-45.63,154.75,94.553,3.7702,-208.44,124.87,-305.52,-28.254,-55.398,1.201,0,0
0,0,0,0,-1.6444,22.374,26.908,137.97,-369.44,87.47,-139.54,-38.187,29.151,0,0
0,0,0,0,-28.015,136.36,166.09,-179.94,-255.33,-80.539,-137.74,-147.17,22.693,0,0
-47.5,-18.386,-11.423,29.595,258.25,-64.314,-81.028,319.95,-266.45,-138.26,192.6,-55.972,182.34,-77.474,-29.527
0,0,0,0,-19.324,164.73,67.336,-138.69,-80.229,-50.675,-28.133,-44.157,29.555,0,0
23.549,-5.4695,20.226,30.295,-95.169,-80.45,-70.734,5.5564,163.24,66.653,-91.559,-10.076,4.7925,0,0
-11.25,4.6699,-1.4851,-40.315,203.77,-228.82,198.94,145.92,-302.22,70.437,-80.766,-86.645,3.7075,0,0
0,0,0,0,23.95,-130.51,-45.668,-102.03,100.28,-123.5,-175.72,110.81,112.21,0,0
1.8849,-11.275,2.62,26.563,-129.43,-159.8,256.24,74.439,335.83,208.71,182.27,-144.21,-96.364,0,0
-4.1151,-2.1046,-1.2933,39.707,113.64,90.949,71.606,21.085,-197.03,159.63,213.72,-54.036,-13.399,0,0
3,4.1651,-2.134,-9.9724,51.743,211.16,-7.3999,158.16,5.2997,-118.56,-95.349,-51.175,-35.556,0,0
17.135,18.575,-78.9,112.34,-128.28,33.174,351.13,-353.24,-53.857,-88.336,-255.25,-42.668,47.597,0,0
-4.5,19.072,3.6261,-36.073,182.82,176.88,332.62,334.28,-123.08,-54.982,-107.12,-26.643,44.932,0.28925,-77.686
0,0,0,0,7.1193,-37.451,128.08,-130.43,204.84,-1.2216,-191.26,18.972,4.5589,0,0
-1.5,-0.96891,-1.2518,3.0407,40.363,188.45,-0.93198,18.185,303.71,199.72,101.21,-61.493,-41.05,0,0
-2.5,-6.9348,1.5753,21.906,-202,19.071,343.98,44.231,-118.8,-233.04,71.92,23.476,36.489,0,0
3.299,3.3445,-15.815,16.855,66.056,126.58,-113.78,-266.31,49.362,4.5588,-96.454,237,-17.599,0,0
8.8382,14.612,19.847,-6.988,225.68,43.665,-129.31,-117.04,-253.9,-423.63,-83.301,-174.3,-87.067,48.837,-24.936
-5.25,7.9869,0.52628,-3.997,61.712,158.11,228.56,164.36,16.308,60.519,-62.123,95.257,0.99223,0,0
17.5,3.8319,3.9851,9.2207,-24.004,178.13,-136.07,-11.912,120.3,6.8868,-267.11,27.563,35.576,84.883,15.25
-12.158,-14.474,17.128,-123.88,7.9694,-315.74,-158.33,-83.277,422.37,222.8,342.8,235.07,12.603,0,0
0,0,0,0,23.018,-125.45,-54.169,-132.07,305.07,228.13,141.34,68.785,24.809,0,0
0,0,0,0,-34.013,-79.501,-214.58,157.15,215.68,-170.14,104.95,1.8089,-15.904,0,0
4.9273,-10.597,3.1445,36.382,-87.995,159.54,109.94,145.75,62.219,140.61,-131.13,115.83,-139.35,0,0
-1.8382,-1.5984,-1.6573,-0.44856,21.858,215.21,201.19,97.524,41.023,144.52,-272.47,-296.68,118.13,0,0
0,0,0,0,-16.993,202.37,-225.66,12.986,-278.82,303.98,-22.103,-12.687,15.205,0,0
-4.5,1.6962,-12.172,16.667,-120.49,60.227,103.37,-101.7,-134,428.96,30.508,46.224,-65.568,0,0
0,0,0,0,-17.012,86.739,-253.96,-138.09,115.38,102.13,-34.615,133.85,9.8558,0,0
0,0,0,0,-42.34,-95.383,-55.12,-75.836,-264.81,-29.414,131.79,120.27,-12.828,0,0
-7.701,2.9719,40.022,82.012,-160.89,166.02,242.98,75.222,-9.5745,200.67,-88.542,216.63,85.614,0,0
0,0,0,0,2.029,-17.328,-227.33,-14.847,-11.53,89.09,-14.74,-42.402,7.7742,0,0
-11.25,4.6699,-1.4851,-40.315,183.4,16.303,109.56,-141.94,-132.5,-154.99,144.08,-23.228,36.526,0,0
0,0,0,0,7.383,-5.3876,95.513,100.34,-195.61,-217.82,-124.26,-63.459,26.388,0,0
0,0,0,0,2.9258,-93.399,121.32,69.933,259.7,-177.93,-1.883,31.629,-17.417,0,0
0,0,0,0,-21.772,188.67,-241.86,59.572,318.38,-398.27,-107.39,-25.012,13.125,0,0
2.75,2.8056,-2.6716,-5.6848,35.137,72.558,-103.65,152.13,-106.35,19.341,36.261,70.031,-4.6627,0,0
-8.25,-3.8989,24.423,-64.776,41.472,-71.904,-9.3009,-96.848,-158.87,-85.133,61.7,219.64,-10.572,0,0
0,0,0,0,-26.634,194.01,-64.55,128.34,-42.042,-276.35,73.717,31.109,13.594,0,0
30.56,37.767,23.525,-120.49,2.9677,-48.768,3.9151,130.28,-95.947,-60.953,312.57,-45.83,-7.6905,0,0
0,0,0,0,11.478,59.528,4.1403,-14.88,-154.85,26.751,52.217,0.87356,19.662,0,0
0,0,0,0,18.235,-188.28,447.29,-117.51,-319.5,57.132,-81.022,6.9444,19.443,0,0
-12,8.6029,0.93477,-24.601,180.42,-499.23,380.99,-50.192,321.14,457.92,-346.45,-65.752,-54.655,122.08,-21.5
-12,8.6029,0.93477,-24.601,183.56,-78.596,35.363,-226.45,121.66,323.05,146.44,66.88,23.582,0,0
0,0,0,0,10.539,41.99,-202.19,328.53,38.227,-110.05,-8.7045,43.936,-22.56,0,0
0,0,0,0,-3.3463,5.8614,-150.79,19.295,-43.776,-2.5943,174.71,-0.36931,-5.7087,0,0
0,0,0,0,-3.2745,9.0006,-433.82,109.36,28.338,7.0684,78.069,-23.103,5.8379,0,0
0,0,0,0,7.3681,66.168,-112.77,27.258,204.92,264.22,163.25,45.508,2.5724,0,0
-8,-6.5311,-0.11603,1.2255,44.528,169.25,-459.55,-165.17,111.78,176.86,8.5789,-43.674,-100.42,0,0
0,0,0,0,39.973,-315.54,169.34,48.849,-169.54,-138.57,-78.96,-24.332,21.518,0,0
-3.5,-8.2272,12.056,-15.442,149.94,245.12,36.091,36.573,-250.93,156.7,100.15,-49.622,-110.82,-80.511,-16
0,0,0,0,-21.16,123.35,228.13,138.12,-53.535,-387.55,-102.55,-342.23,170.3,0,0
-8.8816,-2.7949,-49.089,163.39,-39.544,160.21,-44.089,-240.76,131.16,-175.92,24.142,287.22,-7.2667,0,0
0,0,0,0,-32.191,-100.17,-61.027,-110.44,199.5,272.97,-55.939,-100.57,-45.189,0,0
-12,8.6029,0.93477,-24.601,204.05,233.66,35.391,-261.12,252.5,-206.81,-505.81,128.07,-257.45,145.58,9.5
16.75,-1.8397,-5.6375,-48.085,99.606,-190.86,333.85,78.592,91.334,-118.91,-271.78,-131.92,33.571,0,0
10.865,-3.601,24.632,12.835,-28.644,-4.1715,-157.24,-242.43,62.261,-39.82,-25.744,185.42,-164.11,-1.6098e-014,0
-8.25,13.317,-16.804,25.866,-70.186,-32.337,257.66,-207.66,-507.43,-460.7,-181.58,-302.12,-10.185,0,0
0,0,0,0,4.3074,-124.41,73.883,200.43,-9.8037,-128.08,-104.52,22.196,-46.835,0,0
-6,2.0066,-12.83,35.576,84.223,-59.504,57.011,-263.4,16.86,79.296,-31.101,88.574,-21.277,0,0
0,0,0,0,-25.533,198.56,139.6,-67.253,104.89,38.524,-212.49,5.6865,-26.327,0,0
0,0,0,0,-1.683,-18.607,86.231,-248.75,-230.6,37.799,59.943,-68.621,-7.8367,0,0
-8.7982,-1.4853,3.5422,-117.23,-56.81,-329.25,49.675,70.557,-90.306,139.23,-91.97,-34.312,154.44,-26.747,17.75
0,0,0,0,3.4638,25.454,46.854,-0.68767,-135.12,-32.995,148.93,-151.12,2.529,0,0
-6.6127,-16.592,26.342,-52.476,23.943,-169.1,-202.46,284.94,-276.66,-341.61,-28.276,-67.811,36.417,0,0
6.6373,-16.845,-12.813,18.363,24.395,-185.9,-19.227,-23.936,-337.96,-350.54,-28.358,-120.4,18.535,0,0
-35.667,7.3276,-48.045,-130.62,102.2,248.25,330.68,353.31,137.07,155.49,-201.31,73.684,-126.24,0,0
4.5703,0.27956,-27.645,26.742,183.59,-153.16,-213.06,6.5554,34.588,-41.549,-70.416,-80.979,-5.8885,0,0
-4.9755,-10.84,-10.935,1.8983,-28.543,-263.12,-92.505,-453.81,-173.85,-96.771,-52.396,6.875,-12.935,0,0
0,0,0,0,-23.174,97.37,202.93,-19.562,-198.49,-129.74,-115.74,-58.745,24.973,19.472,-5
0,0,0,0,-60.203,63.302,22.876,-186.45,107.5,96.216,-175.9,-16.559,115.74,0,0
0,0,0,0,24.348,-127.1,5.729,-400.79,120.7,286.35,105.41,18.587,19.136,0,0
-5.25,7.9869,0.52628,-3.997,6.0944,337.42,152.73,144.26,154.32,5.9904,-127.84,31.823,5.5568,0,0
0,0,0,0,65.455,-48.454,-214.09,-157.28,262.18,-28.634,461.17,107.38,-7.3893,0,0
0,0,0,0,17.183,-116.96,70.001,19.764,-57.849,-26.955,-244.89,186.57,-34.678,0,0
0,0,0,0,-62.455,73.295,203.7,154.41,-22.768,67.89,-69.46,-89.803,59.192,0,0
3.3307e-016,-6.6613e-016,-1.5543e-015,1.3323e-015,29.108,93.379,-173.46,124.4,264.24,244.01,-195.81,0.22428,3.674,0,0
0,0,0,0,-6.567,-65.803,30.436,31.763,59.399,-144.89,-74.529,8.0792,17.225,0,0
0,0,0,0,-28.389,173.51,20.522,-215.02,-592.9,-465.41,-329.87,-22.746,21.342,0,0
-2.6151,7.7973,6.2461,-9.5098,21.664,-150.52,40.404,-316.31,-102.44,-209.81,-260.97,38.524,8.1884,0,0
0,0,0,0,6.6289,31.418,27.851,154.45,186.81,-369.66,87.207,-16.774,17.107,0,0
0,0,0,0,-4.4654,-26.503,210.05,-18.098,15.638,-156.71,194.41,41.592,-20.285,0,0
12,-8.6029,-0.93477,24.601,-219.14,23.64,-263.71,-29.13,-34.004,105.67,-34.979,60.857,-89.349,-4.9829,9.9151
0,0,0,0,0.62708,15.029,279.11,179.49,-358.57,-428.78,72.671,-38.551,0.57388,0,0
-2.75,-2.8056,2.6716,5.6848,-92.486,137.07,294.22,-229.45,32.616,116.4,41.816,66.735,-50.664,0,0
-30,-19.053,30.718,-106.88,-118.43,-162.1,-105.51,-32.305,115.84,310.46,114.79,-16.292,7.355,0,0
-9,-7.4838,16.453,-57.051,80.318,-104.86,-214.1,-17.402,248.6,35.57,-6.368,-321.77,-143.7,0,0
1,-4.567,-10.585,2.5183,235.71,151.78,-91.522,-278,224.16,-141.27,-95.86,110.97,8.5601,0,0
-17.865,-27.971,16.202,-98.006,76.108,-109.1,-130.4,267.58,287.18,-127.66,-112.83,98.409,95.857,5.4462,5.5
0,0,0,0,8.6735,269.7,-153.18,-125.97,-398.44,-231.61,179.56,79.329,-14.411,0,0
0.38485,-4.201,3.4794,38.616,-147.76,89.271,-63.09,-283.31,1.2312,139.29,175.66,-108.75,245.65,-68.525,27.5
0,0,0,0,-27.843,118.02,138.16,308.23,-49.33,299.41,-176.86,203.3,99.343,0,0
2.75,2.8056,-2.6716,-5.6848,42.323,-76.252,99.211,-117.33,136.38,33.202,70.683,10.707,-23.79,0,0
0,0,0,0,4.7368,-22.229,-85.877,-98.801,50.376,165.57,-171.09,45.798,-4.509,0,0
12,-8.6029,-0.93477,24.601,-171.29,193.91,-106.29,141.31,116.94,-363.9,86.31,194.96,20.183,0,0
0,0,0,0,42.797,86.446,-172.06,-335.61,-155.51,162.97,112.78,-11.348,-10.061,0,0
3.3307e-016,-6.6613e-016,-1.5543e-015,1.3323e-015,-44.358,-101.4,-101.29,-190.49,187.6,346.73,130.88,156.04,-5.3517,0,0
0,0,0,0,-25.501,170.61,-17.398,162.83,48.492,-310.96,-339.42,-115.54,4.1965,0,0
-4.25,-1.1274,-0.68958,-35.97,151.52,225.73,232.67,-199.87,142.45,-283.23,-61.069,143.55,4.2452,0,0
0,0,0,0,1.6979,-45.813,-159.45,125.43,119.19,21.485,184.88,-132.6,-33.843,0,0
0.82356,-7.6262,-6.322,21.117,-78.578,-115.07,223.1,155.54,-163.64,-166.44,303.97,-150.2,2.6687,0,0
0,0,0,0,2.1334,36.523,-147.69,-18.644,-60.651,189.29,35.429,131.24,31.349,0,0
4.3726,10.161,-7.6663,24.34,-146.21,193.54,148.07,87.73,-205.02,-300.78,-95.557,-146.97,-8.3256,0,0
-8.5,-3.9413,20.654,-25.102,117.93,-113.95,282.6,-221.21,335.43,29.054,-336.83,-20.842,-31.649,0,0
0,0,0,0,5.0795,-10.17,-189.07,171.51,313.75,120.95,-25.594,17.477,-11.667,0,0
0,0,0,0,-11.742,122.04,-206.28,-30.012,-97.825,214.91,128.82,61.765,11.395,0,0
0,0,0,0,22.914,214.48,-262.19,99.306,-18.73,304.77,213.43,-15.769,0.24792,0,0
0,0,0,0,-53.53,27.32,175.12,-179.54,113.88,127.24,-89.863,-256.77,44.633,0,0
0,0,0,0,-1.2291,43.6,106.86,-38.867,-155.73,50.48,62.241,-22.107,-42.611,0,0
-12.613,-24.298,-6.359,82.013,39.924,-135.21,17.321,203.61,-72.237,73.255,374.16,549.3,135.58,-133.98,-11.25
0,0,0,0,47.166,-289.55,326.49,9.5292,95.754,-185.75,-157.83,33,17.674,0,0
16.75,-1.8397,-5.6375,-48.085,86.937,-26.605,-249.15,-311.05,87.346,-99.026,18.826,76.468,-27.201,-90.47,-12.25
0,0,0,0,-10.088,7.7028,4.8399,-164.05,-63.796,309.94,46.311,6.9986,25.501,0,0
0,0,0,0,8.5571,83.515,45.439,201.17,263.36,-254.28,22.87,-24.797,12.684,0,0
6,-3.1944,4.1125,44.979,-50.521,-334.66,59.31,433.19,52.148,266.61,22.486,266.59,174.25,74.667,-25.75
0,0,0,0,24.244,-203.22,-426.09,9.9949,457.47,-248.35,-21.642,105.44,11.97,0,0
0,0,0,0,5.5321,31.247,25.013,247.49,-125.86,-704.84,22.642,-10.391,-40.834,0,0
-1.1102e-015,-2.2204e-015,6.6613e-016,1.0658e-014,15.236,211.66,-1.7427,217.87,-2.1343,-65.029,-145.93,-74.092,35.95,0,0
0,0,0,0,-6.8556,-52.387,68.594,69.756,-96.857,70.643,-64.936,-86.425,6.2099,0,0
5.25,-7.9869,-0.52628,3.997,-115.26,222.28,52.355,44.122,168.48,37.308,-223.71,26.576,-205.22,0,0
4.25,1.1274,0.68958,35.97,-127.39,70.597,25.684,-391.54,-197.16,-183.34,239.55,0.29399,26.513,0,0
0,0,0,0,15.392,-107.91,41.924,66.585,100.64,-299,-105.49,-65.901,1.241,0,0
0.75,11.085,3.0998,-32.076,216.54,84.039,-139.55,-230.8,-106.21,-94.305,210.82,-6.6088,34.126,0,0
11.25,-4.6699,1.4851,40.315,-237.47,2.6172,-357.46,-28.264,361.69,152.32,87.41,-97.157,-21.147,0,0
-11.25,4.6699,-1.4851,-40.315,116.53,126.11,-416.9,410.71,-66.344,-219.51,-83.569,-167.82,102.31,0,0
-13.75,15.361,-8.1048,211.58,151.97,61.078,-142.33,-246.86,22.271,-127.77,-34.272,-448.61,-2.0237,0,0
1.5,-7.0736,-0.85946,-12.052,-100.48,-227.71,29.187,-9.4252,-40.757,-148.95,99.462,-78.678,-20.503,0,0
0,0,0,0,77.182,-81.15,-474.18,-19.54,-26.046,164.37,-120.38,129.4,-13.23,0,0
14,17.941,0.5867,-62.733,117.11,-94.302,183.06,180.29,-18.572,-271.64,116.04,-13.818,13.99,0,0
-6.6797,-4.9985,6.7602,-17.347,121.15,-251.85,-55.978,-338.32,243.95,-8.244,-12.404,-271.33,31.896,0,0
0,0,0,0,-21.265,187.37,-151.91,43.339,13.914,21.52,162.33,-27.495,15.169,0,0
0,0,0,0,-18.343,88.689,271.07,157.61,-269.99,-471.65,-218.26,-32.352,142.63,0,0
1.75,6.6208,11.752,2.4103,-68.59,-36.088,-495.19,38.109,417.46,-35.331,-167.38,-61.655,3.2757,0,0
0,0,0,0,16.389,-46.321,69.143,37.856,-197.39,322.61,91.578,8.9458,-1.9943,0,0
13.183,23.262,-15.756,12.083,-18.185,166.14,-129.99,-170.49,102.78,284.44,-179.62,13.284,-44.969,0,0
0,0,0,0,-22.084,196.08,-82.071,88.986,164.26,-66.641,136.55,77.446,-10.372,0,0
0,0,0,0,-7.1478,-66.108,267.87,119.97,86.214,107.87,-297.42,-62.326,10.687,0,0
10.25,23.074,16.709,-45.204,-138.22,-70.299,-339.55,104.46,40.858,205.37,36.251,87.984,144.96,-1.8182,-0.85048
0,0,0,0,20.417,-171.11,-0.75736,147.77,-191.39,80.88,-255.61,-12.696,11.821,0,0
0.82356,-7.6262,-6.322,21.117,-161.98,-227.35,-185.09,331.92,490.07,288.46,95.022,-19.049,-9.5392,0,0
0,0,0,0,2.3878,-13.775,57.098,157.53,-124.05,-20.491,161.83,41.148,-77.563,0,0
0,0,0,0,-6.3825,-54.044,-79.074,-122.47,-59.37,-9.39,-108.67,-89.892,-9.3065,0,0
-8.8818e-016,-1.3323e-015,2.2204e-016,5.3291e-015,75.023,-92.093,-52.008,261.82,-159.8,-107.14,77.22,-89.74,0.81907,0,0
-2.75,-2.8056,2.6716,5.6848,-24.096,-44.378,-290.57,-123.45,179.85,42.755,248.02,203.67,4.4163,0,0
0,0,0,0,-12.719,-21.507,-170.42,53.574,369.76,38.082,-23.934,31.466,144.75,0,0
10,17.149,-1.1716,-57.099,324.58,110.96,-27.294,-97.818,191.32,146.53,-99.383,91.589,-107.14,0,0
0,0,0,0,16.431,-25.562,242.69,200.39,-392.29,-97.478,-30.587,-25.052,-17.551,0,0
0,0,0,0,9.7488,-52.033,-129.64,302.94,-283.72,-160.16,-104.65,19.132,-31.215,0,0
0,0,0,0,0.62348,-119.75,-41.157,208.48,84.646,14.149,-6.9785,140.68,87.482,0,0
-23.25,13.273,-0.55033,-64.916,321.25,-1.4067,69.961,30.53,347.32,-467.1,247.39,211.73,-116.45,0,0
0,0,0,0,7.6119,195.72,476.91,97.544,-184.12,-263.56,-45.983,58.812,40.939,0,0
0,0,0,0,-2.7982,-13.125,88.753,176.77,-2.3922,-302.49,27.372,55.162,6.0502,0,0
0,0,0,0,-48.51,-132.12,118.59,316.4,-87.196,-68.447,233.8,-84.642,-175.91,0,0
0,0,0,0,-2.884,44.708,397.33,73.234,-173.57,162.17,-158.41,-4.6014,15.224,0,0
0,0,0,0,-32.746,200.3,-422.3,169.36,100.5,216.33,-321.52,-42.385,20.08,0,0
0,0,0,0,67.495,-8.8306,-269.59,-82.048,163.77,280.33,-77.556,12.007,-44.081,0,0
0,0,0,0,-7.7967,-21.825,16.354,-29.539,168.81,61.034,93.656,20.042,-5.9943,0,0
2.75,2.8056,-2.6716,-5.6848,73.894,-8.3438,-40.317,252.04,32.828,-287.97,-38.696,-193.59,-79.087,0,0
9.0637,-26.11,-17.131,41.525,-322.75,-321.02,117.88,-128.21,-41.175,423.6,187.34,-53.066,139.91,0,0
-0.61274,-0.54127,0.3113,-1.6696,22.806,-85.926,-58.236,163.75,-22.298,56.171,-86.837,-133.06,-9.9034,5.4462,5.5
0,0,0,0,-71.016,113.85,29.385,-175.87,-467.02,63.539,-153.58,132.56,-34.728,0,0
0,0,0,0,10.468,30.977,-17.488,-24.228,-39.456,-84.464,14.387,2.9405,-13.516,0,0
2.75,2.8056,-2.6716,-5.6848,-5.0093,-520.58,-90.413,-240.36,-238.38,41.968,212.86,53.392,61.985,0,0
0,0,0,0,-0.45184,61.472,-106.26,-376.31,128.32,-20.005,85.014,25.162,-14.315,0,0
0,0,0,0,-38.315,-143.26,161.29,378.69,152.23,43.82,91.195,38.585,18.255,0,0
0,0,0,0,-68.59,-185.82,-85.366,246.71,83.551,-244.05,207.83,-137.63,84.167,0,0
0,0,0,0,-0.76587,-7.48,68.345,194.09,-152.76,-0.87453,-155.75,122.64,-235.57,-17.442,-13.025
0,0,0,0,-3.0325,36.317,-32.199,140.31,9.4855,-22.554,17.135,-8.4385,-50.213,0,0
0,0,0,0,-16.187,-277.46,146.54,17.453,-157.82,-20.956,-9.3726,23.994,16.423,0,0
0,0,0,0,-41.679,324.59,249.67,-72.823,84.047,-274.1,182.01,54.091,-74.212,0,0
0,0,0,0,-9.5638,-65.174,193.27,239.22,-40.872,-188.42,-147.26,40.428,1.2799,0,0
-6.25,-10.275,-6.2518,-3.2343,112.4,-223.83,-116.91,67.437,23.653,-142.17,-256.4,-119.34,102.67,0,0
0,0,0,0,9.4305,253.39,-76.734,-197.92,-167.48,20.373,95.431,-100.68,48.504,0,0
7.6373,-5.3942,-13.53,39.926,34.892,25.479,-74.037,-249.13,37.291,-381.13,69.961,-141.7,12.627,-1.6875e-014,-1.7764e-015
1.5,0.96891,1.2518,-3.0407,-79.563,264.28,354.24,102.89,-181.74,-25.579,-204.07,-34.643,-134.7,0,0
0,0,0,0,50.214,-49.182,-142.11,115.34,70.925,-209.56,45.321,-4.7207,0.39054,0,0
-2.6151,-1.0981,-2.2443,-0.88189,61.958,-87.772,82.156,-380.16,-90.177,219.63,124.9,9.5308,0.5278,0,0
3.3307e-016,-6.6613e-016,-1.5543e-015,3.1086e-015,19.887,-196.02,-77.067,23.539,-200.73,289.14,-121.91,71.231,-37.573,0,0
0,0,0,0,1.345,16.248,85.061,57.102,-40.307,196.1,59.21,62.891,-13.811,0,0
0,0,0,0,-1.6965,4.8428,211.93,-191.42,369.34,-135.08,-97.852,73.893,-4.6438,0,0
0,0,0,0,-2.0463,43.912,-149.38,14.574,-122.17,111.86,164.81,-29.432,42.872,0,0
11.25,-4.6699,1.4851,40.315,-147.51,143.14,405.16,-90.793,-237.32,-269.36,-16.715,90.045,-21.09,0,0
-19.75,-10.229,21.399,-37.137,-105.84,126.1,-68.052,21.279,111.07,76.437,-87.792,-103.84,-47.388,0,0
0,0,0,0,3.5526,-18.15,-75.03,-125.72,-383.89,248.12,43.281,-37.888,4.0649,0,0
-3,-4.1651,2.134,9.9724,-8.164,-203.12,-47.025,-31.665,-22.133,108.59,-4.8894,159.43,-33.512,0,0
0,0,0,0,-51.279,38.813,-32.875,-38.37,-231.49,-75.814,-214.96,39.688,30.595,0,0
1,2.1274,9.1537,-2.1244,20.601,25.869,-35.425,29.913,-85.676,-192.99,-26.924,-1.9268,-37.854,0,0
-11.865,-7.229,23.8,-2.5356,-14.238,333.99,-382.95,-189.82,421.66,121.25,33.971,152.2,-13.781,0,0
0,0,0,0,8.2222,-109.31,-410.51,-329.93,-620.38,36.724,202.25,109.42,24.37,0,0
0,0,0,0,-22.124,217.28,76.986,122.02,-346.18,-184.79,3.7303,34.789,-1.6663,0,0
0,0,0,0,1.4458,-32.268,32.474,-227.55,-159.05,-19.518,78.71,-11.32,7.3313,0,0
-2.4118,-2.6091,8.9201,-20.199,37.78,137.6,236.8,-282.68,-215.53,-336.85,-152.87,-148.38,157.57,0,0
0,0,0,0,7.7051,23.831,-135.17,159.29,-243.91,-100.95,-13.013,30.573,99.788,0,0
0,0,0,0,40.001,-253.82,120.4,-31.57,-217.78,-26.189,399.4,30.67,31.696,0,0
0,0,0,0,-32.788,-94.633,-118.45,12.726,-278.13,-65.191,-96.961,-253.99,22.084,0,0
16.5,18.864,-6.391,95.923,-115.42,-149.26,-107.93,-289.57,355.13,-90.637,-159.5,-262.02,160.08,-21.291,4.1495
0,0,0,0,5.9737,-22.225,-102.53,20.279,-279.97,-36.695,116.24,-24.852,38.745,0,0
-25.5,-3.3923,6.116,71.036,-93.998,-102.41,-492.28,-78.33,291,56.95,186.39,-25.135,-19.806,0,0
-11.25,4.6699,-1.4851,-40.315,224.83,40.635,-103.39,107.67,53.613,309.41,235.41,7.1998,5.6728,0,0
0,0,0,0,-27.135,79.77,-93.976,561.03,79.156,-229.45,-100.51,101.45,5.7631,0,0
0,0,0,0,16.296,-102.55,180.23,188.91,-65.863,-314.95,-57.145,-80.753,-54.298,0,0
0,0,0,0,-21.511,127.26,-269.31,44.007,-48.111,113.64,28.122,-4.3912,-9.2787,0,0
0,0,0,0,39.912,64.803,42.398,87.99,25.748,-442.92,-194.6,-102.6,-53.996,0,0
-2.5,4.1896,7.701,-28.133,143.84,-6.7781,-71.92,135.72,100.78,-62.3,-54.44,-235.6,77.481,-17.442,-13.025
0,0,0,0,4.2437,-89.104,78.01,-88.43,-190.79,128.65,7.837,86.447,-7.6998,0,0
0,0,0,0,-3.1074,-6.2096,-32.109,158.85,-20.817,-139.44,141.7,-75.974,-26.042,0,0
-12.75,-1.7207,-32.032,-83.736,50.78,73.733,-131.35,-9.9905,-205.99,-105.64,90.664,-130.97,18.467,0,0
0,0,0,0,64.264,-120.48,-373.32,-84.915,199.08,64.27,20.274,3.5228,7.6091,0,0
-4.25,-1.1274,-0.68958,-35.97,225.75,-69.834,-36.419,-126.66,246.64,-209.6,-211.47,-52.574,16.06,0,0
-2.6151,7.7973,6.2461,-9.5098,111.94,-89.455,108.85,-116.26,44.49,299.3,237.27,36.418,-65.089,0,0
0,0,0,0,43.506,45.73,204,-129.7,31.66,37.426,82.601,-24.565,28.479,0,0
11.25,2.0736,0.86603,4.9462,-68.703,36.665,109.56,-129.79,71.296,67.458,324.29,23.09,-11.949,0,0
-2.6151,-1.0981,-2.2443,-0.88189,3.9139,-85.677,73.582,-13.033,109.71,103.16,-122.59,119.84,61.758,0,0
0,0,0,0,-37.237,-58.564,177.19,635.64,249.49,-123.95,-131.59,263.63,5.4118,0,0
-1.5,-0.96891,-1.2518,3.0407,22.653,-241.36,-19.912,201.94,-21.175,-14.185,111.58,231.38,46.309,0,0
5.25,-7.9869,-0.52628,3.997,25.975,-354.8,84.415,182.48,259.86,56.742,127.91,-4.1615,0.38606,0,0
0.75,11.085,3.0998,-32.076,118.04,133.85,45.468,-100.44,-67.068,-203.2,107.67,-82.374,-17.273,0,0
-26.115,-9.5998,20.194,-153.24,28.703,-254.92,-197.49,-55.841,-29.862,219.69,165.23,79.949,7.0915,0,0
10.542,-3.2982,2.2386,-30.313,94.257,139.56,-23.423,68.212,-65.33,-207.1,-118.1,-33.695,-87.514,0,0
-3.6127,-4.7063,2.4453,8.3029,-75.371,-118.2,-90.766,143.89,-40.459,-77.916,-95.907,154.96,24.649,0,0
0,0,0,0,-21.579,79.569,222.06,166.67,-54.635,-61.606,75.323,116.35,-4.4764,0,0
0,0,0,0,-24.384,248.62,248.09,178.24,-197.73,-411.83,-137.47,-87.009,3.1229,0,0
0,0,0,0,-22.409,-193.24,54.949,265.09,-90.249,-43.593,-40.916,-56.531,3.703,0,0
-34.75,-29.493,138.27,24.124,276.05,-15.773,17.737,-197.42,-31.922,-405.06,183.38,-58.411,21.478,0,0
3.9542,8.4007,-2.7305,223.92,53.116,189.28,-132.38,-18.817,60.614,-132.02,-447.44,184.42,59.253,-9.4641,-2.5
0,0,0,0,-18.644,127.18,-122.98,-23.723,-3.1817,-171.16,-458.3,116.65,26.682,0,0
4.3382,13.602,-45.123,156.67,59.715,20.09,444.53,95.979,-80.423,-87.912,-147.27,-149.33,-178.77,-73.24,-3.4363
6.7925,10.695,8.3319,-40.364,192.3,-89.942,-213.59,191.46,-130.68,-153.16,174.94,148.12,68.559,0,0
0,0,0,0,-20.656,133.63,-73.485,-1.0341,-398.59,156.94,292.84,-205.65,-27.405,0,0
0,0,0,0,-51.157,-90.867,-125.16,565.12,-135.9,66.068,-53.479,9.0748,12.038,0,0
-6.6613e-016,-4.4409e-016,0,-1.7764e-015,-74.454,-282.77,350.96,351.27,-40.766,-157.25,-181.92,96.368,35.723,0,0
0,0,0,0,-24.477,128.04,10.199,-48.432,34.661,-125.33,6.2234,9.1791,-15.103,0,0
0,0,0,0,42.075,-330.32,11.75,102.36,159.92,-186.25,-31.381,-117.76,-14.428,0,0
0,0,0,0,-23.698,262.5,43.164,17.802,-184.14,-2.1481,-238.27,0.36931,8.8583,0,0
0,0,0,0,22.98,148.44,235.54,204.92,-30.33,-336.3,105.31,-81.464,13.978,0,0
1.8849,-11.275,2.62,26.563,-154.48,-17.145,-224.01,-45.884,63.973,131.05,44.464,-18.541,99.257,0,0
0,0,0,0,-17.528,131.9,243.7,142.53,227.34,-36.246,53.725,9.8367,3.7925,0,0
0,0,0,0,-18.613,-223.39,565.24,-119.92,-19.654,-463.06,11.282,55.386,-5.4474,0,0
6.6349,0.14711,-10.916,32.681,125.16,-149.59,69.266,-68.464,169.85,296.67,-124.13,-80.163,-2.4599,0,0
3.3307e-016,-6.6613e-016,-1.5543e-015,1.3323e-015,23.498,-155.32,-107.91,-139.86,106.68,305.19,160.25,153.44,11.187,0,0
1.75,6.6208,11.752,2.4103,-24.757,-53.696,88.852,-118.61,201.11,-204.58,-159.55,-9.6173,-36.708,0,0
-11,1.6436,-0.17949,-4.3074,0.43022,131.84,97.048,69.44,-18.571,-241.98,230.82,-19.477,-3.6806,0,0
0,0,0,0,-17.048,-227.99,44.724,226.77,-70.16,10.667,73.655,-186.94,-17.582,0,0
17.088,10.432,-27.132,38.047,27.941,40.99,-27.526,-87.908,216.27,-9.9543,63.063,-294.73,-157.49,6.0867,-5.6015e-012
-2.6151,7.7973,6.2461,-9.5098,67.056,354.71,-71.176,-164.13,120.82,282.79,-58.455,-84.226,-1.1573,0,0
0,0,0,0,-27.4,146.24,150.24,-178.03,4.5803,179.31,206.28,-19.209,6.491,0,0
0,0,0,0,25.873,-54.699,190.33,53.995,-77.162,58.553,-117.68,-5.4871,16.26,0,0
2.3849,-1.1651,0.62172,23.657,41.537,-90.645,398.2,-55.002,-89.416,292.22,-43.425,-56.21,0.1238,0,0
-14,-9.2583,10.69,-42.123,-101.83,-275.18,-168.13,-104.37,152.18,-168.76,32.449,49.205,23.683,-7.2164e-015,2.7756e-017
15.588,9.3747,-4.8969,-20.317,19.921,-128.06,-17.593,97.48,44.807,118.67,-33.584,190.72,-18.785,0,0
0,0,0,0,-68.345,75.851,297.32,328.82,-319.47,-338.61,-201.42,-128.09,-13.936,0,0
19,13.021,-15.788,64.449,-12.517,-129.66,-209.45,-435.66,-107.97,-87.427,-295.05,198.49,-10.125,0,0
0,0,0,0,34.301,42.349,177.49,157.64,-143.03,-175.92,147.29,96.778,-5.4228,0,0
15.5,-0.61427,-3.8678,25.057,-165.05,-378.48,280.93,-159.37,10.217,270.22,256.14,41.257,16.107,0,0
-16.25,5.1112,-17.941,5.497,-56.623,-126.78,-151.65,-282.47,-76.997,14.353,7.9936,103.76,82.483,-21.291,4.1495
0,0,0,0,-24.773,207.4,145.43,277.37,314.94,102.6,112.49,-223.56,-11.366,0,0
0,0,0,0,-0.5278,24.552,-141.61,-163.45,-124.48,28.703,128.72,146.75,149.24,0,0
2.75,2.8056,-2.6716,-5.6848,-29.021,51.03,219.23,-172.01,195.04,50.288,155.36,239.22,185.18,125.14,49.574
0,0,0,0,0.67644,10.871,79.977,-109.93,-101.52,-198.06,205.18,-82.558,25.357,0,0
11.32,11.714,-34.554,51.432,31.885,13.306,-274.42,-316.59,138.09,82.261,-359.19,243.09,-16.355,0,0
-2.8203,-23.519,-35.055,188.16,-113.46,571.94,119.08,266.11,417.27,123.39,2.5999,106.52,4.6474,0,0
0,0,0,0,3.7892,16.5,-101.33,-260.87,-262.07,419.15,35.455,9.3456,-63.455,0,0
6.2925,7.5727,-4.0766,5.8756,0.059497,379.18,64.205,18.408,-200.8,125.68,-216.91,33.805,193.9,237.42,5.808
37.5,12.381,16.584,-197.38,-11.529,-160.22,-187.2,381.18,24.724,-383.71,117.48,-29.871,127.34,0,0
-3.5,-8.2272,12.056,-15.442,63.588,-7.0321,227.85,128.73,-253.99,-373.76,126.11,-183.21,-76.131,0,0
0,0,0,0,-44.079,-116.68,193.1,378.45,126.53,77,-18.5,5.0759,-108.2,0,0
0,0,0,0,53.947,-289.91,62.527,-130.35,-37.585,293.55,26.118,9.3187,10.639,0,0
-4.25,-1.1274,-0.68958,-35.97,181.96,7.552,-246.43,-182.78,146.47,-87.297,40.189,76.201,13.033,0,0
-10.067,8.9704,15.808,11.118,-41.254,45.897,-3.5634,-11.494,-259.55,61.586,101.53,-165.22,-22.733,0,0
2.2204e-016,-1.1102e-015,4.4409e-016,-2.4425e-015,-14.343,-4.2121,28.728,359.41,237.97,402.37,252.28,89.891,-130.91,122.08,-21.5
-6.317,26.302,-34.569,-12.509,1.5041,-230.86,-146.07,-55.469,192.99,413.39,99.134,-291.46,-22.935,0,0
0,0,0,0,-39.58,-44.986,-23.177,-193.28,-163.83,-138.29,-91.336,83.446,134.65,0,0
-16.75,19.84,47.805,-81.231,-71.428,275.15,-468.57,-205.03,52.996,459.61,-32.726,45.245,-59.813,-2.8644e-014,2.2204e-016
0,0,0,0,-19.964,207.46,-312.21,-98.591,-201.68,-200.86,-225.21,-5.0526,35.626,0,0
2.75,2.8056,-2.6716,-5.6848,8.7014,128.55,199.41,0.3628,-16.056,-105.19,-71.833,34.22,-87.649,0,0
0,0,0,0,-56.459,-338.93,-360.86,308.98,49.33,-190.38,-372.5,-217.59,1.3595,0,0
0,0,0,0,-37.654,310,234.59,202.49,-5.184,89.49,-197.29,-5.3691,-19.033,0,0
-0.75,-11.085,-3.0998,32.076,-159.63,-82.07,310.21,77.631,233.77,318.21,-149.77,-3.0915,1.7655,0,0
0,0,0,0,36.464,132.33,-18.465,22.744,-101.08,63.112,32.987,-170.19,-269.3,0,0
0,0,0,0,-28.959,63.562,-34.137,143.59,183.04,20.917,-19.268,-3.8688,-10.524,0,0
0,0,0,0,-8.3349,-22.319,121.07,-124.39,96.349,-53.433,-108.69,-161.03,19.827,0,0
0,0,0,0,21.577,-203,88.659,-87.108,181.26,-89.033,-77.03,185.64,14.178,0,0
-13.75,-8.1913,19.886,-40.478,-83.953,330.59,-523.79,-366.26,-223.19,238.74,2.7167,-102.73,-126.68,48.837,-24.936
0.5,-0.82356,2.7434,12.846,35.448,-132.03,-202.61,62.984,44.843,-223.93,-97.216,65.853,-2.9264,0,0
0.75,11.085,3.0998,-32.076,227.06,-286.16,-37.766,-60.124,210.51,80.181,193.44,97.728,24.283,0,0
0,0,0,0,-28.744,196.68,-211.29,-76.351,-241.98,-3.3749,-321.88,3.4656,2.1761,0,0
0,0,0,0,77.905,168.67,144.09,64.09,506.01,75.883,-274.28,61.474,-8.4886,0,0
0,0,0,0,0.14896,25.108,-55.683,58.904,-136.77,422.23,-60.874,-44.699,3.4743,0,0
0,0,0,0,1.1454,53.35,-17.616,85.976,-247.13,-31.159,67.995,-75.805,9.3514,0,0
16.5,9.7828,-13.6,17.415,-17.209,-221.62,-76.822,297.99,-110.99,-17.794,-388.42,-78.985,-20.876,0,0
0,0,0,0,28.682,86.834,46.043,-66.166,-21.742,139.28,97.937,24.671,-29.89,0,0
0,0,0,0,-21.351,-227.73,223.42,-129.79,49.272,-225.29,50.96,-172.42,6.0401,0,0
-14.365,-1.6441,2.9667,18.259,-131.05,277.88,-214.23,-181.29,-126.51,289.43,-81.317,89.395,0.32476,0,0
14,9.2583,-10.69,42.123,125.74,-219.47,-91.564,160.68,28.259,155.64,-197.99,-100.46,-58.403,0,0
-42.567,-9.7796,10.756,-108.1,114.65,251.64,250.67,277.76,27.112,101.64,29.221,62.055,-2.8415,0,0
-0.75,-11.085,-3.0998,32.076,-174.71,245.62,17.57,-108.77,-595.48,-115.23,68.587,-3.7091,-5.695,0,0
0,0,0,0,29.72,-124.87,-393.86,-80.744,97.68,-82.799,-72.385,-141.05,-27.089,0,0
14,6.5915,19.68,-123.62,0.52578,-194.81,-292.53,-72.843,106.86,-94.838,191.21,111.7,-63.494,-1.8182,-0.85048
-11.25,4.6699,-1.4851,-40.315,217.8,155.63,-178.09,-462.52,47.695,-34.19,-205.64,13.964,-71.031,0,0
-3.125,8.1633,40.137,96.191,-165.72,-218.52,10.892,-178.81,119.16,23.511,0.29717,-197.59,139.59,0,0
0,0,0,0,-20.24,151.97,102.1,113.33,-38.893,-150.16,106.75,109.81,-4.6226,0,0
11.542,2.6235,-8.933,-16.613,157.77,-144.61,-50.547,49.413,-49.658,-167.83,-181.81,119.85,57.821,0,0
-16.377,2.0599,11.509,-59.653,-65.982,-244.89,46.453,213.2,-19.229,-261.39,-145.12,111.46,-0.51466,0,0
-3.5,-8.2272,12.056,-15.442,138.14,-196.76,-169.54,216.43,-177.23,-141.14,-191.79,151.18,-22.471,0,0
2,7.7583,-4.3187,-34.752,74.141,327.31,371.64,-49.509,226.92,-182.74,89.431,28.92,6.2999,0,0
0,0,0,0,43.142,3.7563,77.972,18.274,-17.269,135.87,79.628,87.504,-49.691,0,0
-1.8774,-4.61,-0.097518,-14.653,-271.73,118.23,-24.54,424.85,402.85,417.57,-142.3,5.8352,-23.914,0,0
0,0,0,0,-29.128,338.78,-124.09,222.34,-158.75,-146.67,-35.606,27.922,9.9506,0,0
-9.8651,-12.704,18.99,16.12,-200.9,242.11,134.42,-198.8,24.307,192.45,124.31,207.11,-26.647,0,0
16,-4.0293,-0.24695,-24.637,0.54402,107.87,238.41,192.01,-100.02,-374.63,-19.1,-288.61,18.342,0,0
0,0,0,0,5.0768,6.4658,-86.013,79.358,61.74,202.31,88.151,-36.958,16.457,0,0
0,0,0,0,-65.635,123.22,-139.31,-24.96,98.005,53.156,50.484,1.9441,-10.732,0,0
0,0,0,0,-31.89,174.32,-41.261,-437.19,188.81,-0.24429,205.17,-53.446,82.613,34.917,0.0065699
-11.677,8.9554,-18.81,24.047,-117.22,17.929,89.052,-339.55,-257.55,-171.97,-49.896,18.661,-121.58,-122.06,29.5
3.3307e-016,-6.6613e-016,-1.5543e-015,1.3323e-015,34.184,110.55,-161.86,192.8,155.77,356.73,20.657,222.74,20.72,0,0
12.042,-5.5792,24.165,-32.153,-95.177,134.89,216.25,-1.4742,269.75,-57.45,159.8,-15.324,4.1438,0,0
-4.3774,8.4749,16.094,-51.414,-64.355,-255.77,-219.49,-206.5,60.118,-222.05,120.54,-13.613,23.881,0,0
0,0,0,0,-18.141,-42.93,-5.769,-101.34,207.99,-329.37,-124.99,26.646,-12.143,0,0
0,0,0,0,-10.172,127.77,81.704,-118.83,193.4,24.817,-49.474,-1.8929,-19.924,0,0
0,0,0,0,33.654,58.641,-117.97,37.914,-25.297,-72.243,91.94,131.47,-93.265,-112.49,22.183
0,0,0,0,2.287,-21.905,-154.02,-95.218,253.11,345.7,41.35,206.92,43.448,0,0
17.292,7.6743,-21.325,46.516,88.17,265.89,-181.7,-76.27,-71.722,115.38,-245.01,347.07,-249.64,20.807,-39
0,0,0,0,12.789,-100.26,-227.82,57.11,-308.58,-26.178,-79.881,-20.567,-7.7521,0,0
-9.1151,-18.007,18.907,-142.95,-114.74,105.14,-29.28,96.379,-70.798,21.257,93.336,-7.188,-27.874,0,0
0,0,0,0,6.1594,-0.30112,24.554,-176.26,-136.88,-110.62,-44.809,-63.288,-18.832,0,0
0,0,0,0,-18.105,60.994,302.24,304.58,118.28,-75.611,-258.74,84.463,-9.6507,0,0
0.75,2.1896,-5.3905,-23.448,143.22,115.55,-128.74,-143.4,-208.1,26.759,48.234,-83.233,-24.952,0,0
11.25,2.0736,0.86603,4.9462,-41.517,-185.78,82.608,-42.818,-87.848,55.992,-172.55,-203.44,-161.22,-114.81,15
0,0,0,0,2.6854,2.7841,-21.182,37.519,233.88,-61.429,-60.172,132.45,-20.659,0,0
-5.25,7.9869,0.52628,-3.997,36.228,-90.769,-308.28,-50.709,203.56,-9.544,150.82,38.891,9.0021,0,0
1.75,6.6208,11.752,2.4103,-92.751,105.77,112.06,-55.352,207.89,77.267,-194.41,129.17,59.509,0,0
-9.3627,-25.684,9.9943,-1.7042,-18.213,-148.25,-133.97,-230.56,-370.04,185.76,-290.23,18.11,97.29,0,0
11.25,2.0736,0.86603,4.9462,-25.695,-19.432,-183.78,-192.73,-211.2,257.09,143.03,102.58,-0.95096,0,0
-25.5,-17.477,-35.494,230.43,-89.822,-191.93,-169.11,177.52,369.34,-383.11,139.85,38.313,-83.998,0,0
3.3307e-016,-6.6613e-016,-1.5543e-015,1.3323e-015,-2.474,-53.451,371.6,-13.219,174.8,-55.916,-363.1,-101.48,14.514,0,0
0,0,0,0,-2.1483,-61.337,203.72,-47.754,29.315,-136.22,28.491,5.7554,10.961,0,0
0,0,0,0,25.177,-219.18,-46.01,-150.06,-96.579,134.22,97.349,115.55,20.869,0,0
20.292,-0.89447,4.5832,22.054,-0.70289,-166.51,388.34,-165.59,189.09,-36.303,108.84,54.964,-130.18,19.472,-5
2.5,-4.1896,-7.701,28.133,-208.17,10.331,100.37,-376.87,-158.24,79.669,36.285,-92.532,-17.091,0,0
0,0,0,0,-17.825,156.24,206.64,-142.33,44.669,187.86,80.328,221.14,32.168,19.472,-5
-6,2.0066,-12.83,35.576,40.584,122.48,-311.53,88.961,164.55,-105.02,-37.829,272.17,123.87,0,0
0,0,0,0,-62.314,84.898,-78.52,154.56,-117.35,-297.41,97.082,-258.65,-6.0523,0,0
3.3307e-016,-6.6613e-016,-1.5543e-015,3.1086e-015,55.825,-67.337,-105.82,146.3,-44.495,-15.651,156.47,56.394,-13.09,0,0
-12.115,1.6633,-4.8717,-27.403,-235.56,205.83,-298.34,-97.555,160.3,5.333,25.67,58.586,8.5176,0,0
0,0,0,0,-22.691,139.72,-100.91,261.98,-403.72,46.665,14.126,-11.236,-18.732,0,0
3,11.886,-23.897,60.779,-82.564,129.6,388.92,259.5,-82.025,-192.25,-43.956,-177.06,25.235,0,0
0,0,0,0,9.3811,-140,115.88,134.57,97.919,-350.83,-121.86,-15.788,22.528,0,0
0,0,0,0,-29.518,92.249,89.81,-169.44,150.91,-123.93,-217,238.77,11.327,0,0
0,0,0,0,24.233,-154.15,5.1103,10.08,-227.78,-231.8,56.191,33.22,-12.214,0,0
-20.5,0.16073,-165.18,159.9,279.69,67.685,147.97,237.79,-267.18,12.675,-87.03,2.9199,25.892,0,0
0.16178,-13.958,-17.527,120.54,-86.621,-94.763,487.52,225.14,85.649,305.52,-316.38,44.175,25.146,0,0
0,0,0,0,-60.722,32.346,352.01,-53.423,-10.065,-253.7,174.64,31.471,-2.5401,0,0
5.25,-7.9869,-0.52628,3.997,-21.308,17.389,-2.6179,158.54,80.522,-68.236,87.102,-27.071,-53.782,122.08,-21.5
0,0,0,0,-3.2066,8.4998,216.91,207.37,-33.149,284.03,25.011,23.501,-14.306,0,0
0,0,0,0,-39.178,-135.28,-50.068,88.46,98.408,14.042,211.8,243.29,-15.669,0,0
-16,2.9575,2.7925,9.6636,224.09,323.63,-221.61,-292.75,-92.522,-24.376,-270.12,-129.1,25.534,0,0
0,0,0,0,-10.003,-39.293,176.08,-36.959,-228.97,285.62,132.04,84.838,17.953,0,0
-8.8818e-016,-6.6613e-016,-2.2204e-016,-7.9936e-015,19.468,-102.49,14.877,187.86,-189.31,-162.97,113.62,46.529,20.076,0,0
-5.7222,6.628,-72.982,25.879,-245.03,419.04,311.07,-81.062,117.24,-5.8733,-295.18,380.74,-29.458,0,0
1.5,0.96891,1.2518,-3.0407,-101.15,35.476,41.753,185.95,170.42,-173.53,95.455,-128.39,10.206,0,0
-5.25,7.9869,0.52628,-3.997,14.71,30.974,-308.38,-1.0474,191.49,-61.009,-52.806,-11.981,-27.34,0,0
12.799,17.585,-25.395,35.86,6.2726,-175.64,40.04,-12.865,-54.131,-94.856,161.9,174.75,-87.314,0,0
0,0,0,0,22.611,-71.189,-171.75,-91.832,200.59,-139.24,-51.978,-44.621,-89.819,0,0
-8.25,-3.8989,24.423,-64.776,34.138,-27.759,-84.402,113.55,1.2841,-64.055,127.75,84.387,-3.5748,0,0
-1.4264,-9.6017,-9.5786,7.6413,-103.33,-126.57,11.211,22.434,152.78,83.509,41.979,-90.97,0.73534,0,0
0,0,0,0,9.3645,32.18,-124.45,-62.812,-261.98,-128.45,-135.29,-39.368,-20.035,0,0
-1.5,-0.96891,-1.2518,3.0407,14.511,-286.63,369.55,386.71,-181.08,-201.1,-322.87,-224.37,-117.55,0,0
5.1184,9.6022,11.929,-194.25,-119.97,-217.88,80.047,-171.08,51.654,75.045,-30.747,179.04,98.299,0,0
0,0,0,0,42.485,34.696,204.55,265.29,-27.224,-86.99,-218.95,-102.86,21.363,0,0
13.25,8.9838,-23.892,22.159,201.81,16.181,-42.302,-222.89,38.503,251.89,-73.783,7.0794,-27.275,0,0
0,0,0,0,1.4303,-20.444,52.803,270.19,87.451,82.137,-68.782,0.25425,30.289,0,0
0,0,0,0,21.03,-196.43,-137.87,112.1,102.47,-105.86,31.166,-91.035,2.674,0,0
0,0,0,0,-23.549,111.03,-114.58,360.87,-322.89,-19.219,104.73,2.9907,-22.835,0,0
-6.817,-9.1438,33.887,111.08,241.51,7.0619,-31.872,-62.872,-12.366,304.63,294.84,188.47,-174.82,0,0
0,0,0,0,50.103,-349.16,104.27,-384.38,-175.15,-304.41,-101.51,1.5272,-25.728,0,0
0,0,0,0,-42.207,-132.44,108.34,-203.51,-368.38,-5.8615,63.489,-30.162,166.06,15.175,11.683
-34.417,-38.953,67.87,70.086,27.357,-47.456,222.3,78.883,302.82,246.24,55.094,-78.194,149.11,0,0
-2.8627,-2.5167,-2.9453,-15.146,129.12,-287.71,-36.552,-283.13,-193.52,-55.62,-176.52,30.194,-14.205,0,0
0,0,0,0,21.354,-135.39,-105.88,-48.615,-153.94,-30.513,-99.744,-105.68,-77.908,0,0
17.088,10.432,-27.132,38.047,140.47,-16.013,-6.9784,-18.846,-185.54,-309.19,194.67,15.707,102.5,0,0
0,0,0,0,-4.4271,-16.596,-28.762,245.69,109.48,-286.11,-269.08,-106.83,-1.0242,0,0
-2.6151,-1.0981,-2.2443,-0.88189,19.426,-225.96,-193.46,-398.46,248.23,37.76,288.94,196.01,-2.802,0,0
-2.6151,7.7973,6.2461,-9.5098,84.62,93.029,-125.24,19.023,533.35,-292.24,458.38,-14.157,16.876,0,0
0,0,0,0,25.255,-125.94,73.418,-166.49,200.6,21.227,237.27,94.684,16.981,0,0
-3.5,-8.2272,12.056,-15.442,112.74,-153.1,-0.18044,14.063,77.195,190.51,192.1,26.36,-7.6483,0,0
0,0,0,0,-66.574,-38.543,-185.01,-191.94,152.97,154.25,-93.499,17.033,-2.4542,0,0
0,0,0,0,20.088,-82.418,91.787,469.3,-116.43,-76.729,-71.053,98.924,8.7141,0,0
-9.8651,-12.704,18.99,16.12,-107.63,287.05,-29.629,159.38,-160.79,47.904,163.28,146.9,9.5667,0,0
0,0,0,0,-21.476,213.92,238.68,79.862,-69.225,-88.209,-186.48,122.01,-26.132,0,0
-27.25,-11.758,2.8415,45.996,76.267,54.571,-324.54,250.3,-12.63,-254.03,12.912,-13.434,-3.1014,0,0
9.1585,-17.029,-43.146,121.87,-13.866,-102.86,-176.99,-8.4187,-32.821,184.22,315.94,-237.33,-70.675,0,0
0,0,0,0,-34.513,-107.35,-44.474,187.94,114.78,-130.86,-133.39,199.47,18.501,0,0
2.5,6.9348,-1.5753,-21.906,139.49,-243.91,-153.79,-84.928,169.87,-119.36,-4.3571,-14.042,-43.664,0,0
0,0,0,0,-3.5987,-27.051,-202.4,-192.9,-85.999,560.52,-224.58,10.885,-46.988,0,0
0,0,0,0,2.8256,-34.909,151.49,223.95,272.16,-503.38,-85.836,72.125,28.285,0,0
0.75,11.085,3.0998,-32.076,224.65,121.33,330.04,-10.978,291.6,47.13,229.92,-130.89,-6.0356,0,0
-11.25,-2.0736,-0.86603,-4.9462,-26.831,-19.116,-307.18,26.194,-5.6009,30.689,-167.91,7.2816,-37.344,0,0
0,0,0,0,-19.434,134.27,130.66,182.97,82.719,-226.09,16.93,16.923,-7.5756,0,0
0,0,0,0,-3.1857,-14.673,120.14,-71.254,48.689,-131.93,-148,11.023,-20.818,0,0
-1.5,-2.3546,7.1962,-11.024,130.84,-24.738,123.46,150.39,-11.202,-10.791,-368.52,200.45,15.77,0,0
0,0,0,0,-80.044,207.6,-110.95,-294.98,251.51,407.42,111.47,104.93,-14.154,0,0
0,0,0,0,-28.719,131.66,129.64,181.55,-228.93,51.909,144.97,-6.5953,23.314,0,0
0,0,0,0,37.933,128.13,99.683,-27.375,108.32,-87.691,-68.706,25.735,-8.8983,0,0
-21.25,-18.626,22.624,-40.13,99.816,151.05,-182,-99.854,144.64,384.25,-67.558,-257.15,6.4931,0,0
-9.5,4.4133,-6.7662,3.5324,62.004,40.506,128.44,276.29,-318.45,-118.27,-103.01,-181.73,103.82,-194.51,-4.1429
-8.75,4.951,-8.0179,-49.97,-119.74,-202.44,-26.921,22.628,-135.28,1.7575,19.693,-27.062,19.995,0,0
-3.5,-8.2272,12.056,-15.442,160.02,64.339,279.55,-114.81,-37.848,86.551,-34.852,-74.271,-36.745,0,0
0,0,0,0,60.926,-46.561,-325.19,-1.8732,-239.13,-180.33,143.44,-5.9522,-1.5433,0,0
0,0,0,0,39.531,129.88,79.821,-33.022,-94.776,-59.705,-8.8844,-252.58,5.5401,0,0
0,0,0,0,-78.485,225.99,30.312,222.66,-0.50831,94.043,-24.39,-124.48,-107.67,0,0
-1.75,-6.6208,-11.752,-2.4103,62.76,-162.55,-220.92,1.1641,117.78,184.11,151.92,20.745,-10.618,0,0
2.5,-4.1896,-7.701,28.133,-157.87,-50.723,52.733,-109.55,111.95,-230.7,-387.83,-170.87,127.29,-53.767,-8.4363
0,0,0,0,-27.945,-295.4,61.494,185.2,85.156,63.73,-272.77,-159.98,43.221,0,0
-1.5,-0.96891,-1.2518,3.0407,84.884,159.19,115.36,-128.37,-452.21,-49.203,249.06,27.504,-34.183,0,0
25.542,13.558,-10.502,-0.8455,148.6,-21.397,130.76,7.3898,-18.122,97.483,-420.61,-77.902,117.07,0,0
0,0,0,0,-16.184,172.03,537.67,236.54,219.31,-221.17,-383.81,-49.192,68.441,0,0
0,0,0,0,-36.362,-129.48,30.307,274.72,-130.26,13.366,272.71,234.94,-1.7655,0,0
0,0,0,0,28.583,0.1592,55.938,-352.61,354.64,-156.77,6.5654,192.96,-64.105,0,0
0,0,0,0,45.384,79.631,292.38,-125.82,-468.77,140.1,-95.154,-217.1,-127.92,0,0
0,0,0,0,-3.1899,14.205,201.86,294.78,-41.648,-54.075,-30.639,-233.92,19.63,0,0
-2.5,4.1896,7.701,-28.133,151.43,-36.182,-245.19,82.044,-164.86,-31.918,-84.282,-5.2918,-13.509,0,0
-6.6613e-016,-4.4409e-016,0,-1.7764e-015,-3.3268,-15.922,-90.261,-108.66,-14.718,-14.784,119.53,186.87,88.46,0,0
-2.75,-2.8056,2.6716,5.6848,-81.465,306.71,185.87,118.48,367.57,-143.72,-192.38,-83.426,-152.31,13.497,6.3571
3.5,8.2272,-12.056,15.442,-96.998,-124.03,122.93,88.254,-449.53,52.638,179.92,-56.778,-214.09,-131.09,-9.0425
-5.1618,0.36635,8.84,-1.1205,87.965,-218,-102.22,200.22,7.7532,228.18,-162,-261.25,33.05,0,0
2.5,-4.1896,-7.701,28.133,-164.64,-192.4,307.05,-404.91,93.361,318.9,228.48,-6.1453,66.409,122.08,-21.5
0,0,0,0,1.0485,16.943,14.579,-354.62,189.85,493.48,214.33,285.49,109.69,-5.4462,-5.5
14.25,8.9527,-10.712,-18.977,74.058,-46.056,-97.658,278.29,-106.6,-87.882,55.917,-117.74,-152.63,-112.49,22.183
-24,7.1143,19.548,-177.88,175.38,151.96,-216.94,-175.08,-224.86,42.694,30.466,148.59,-64.256,-77.474,-29.527
27.5,7.3857,-0.25962,5.468,104.69,-195.21,-273.89,-7.1258,57.809,-10.459,-10.022,0.57678,168.35,0,0
-2.5,4.1896,7.701,-28.133,164.83,-227.5,20.368,-72.483,170.42,93.915,167.17,-3.2956,-115.31,114.74,46.765
0,0,0,0,57.482,-100.34,-148.13,-446.66,50.341,-210.31,114.73,0.07652,-17.175,0,0
2.2204e-016,-1.1102e-015,4.4409e-016,-2.4425e-015,-56.057,61.088,217.05,-200.32,-372.69,-174.28,89.885,0.13934,-41.631,129.03,-78.686
-11.25,-2.0736,-0.86603,-4.9462,-14.86,128.84,124.54,-483.73,-42.973,377.45,106.21,75.387,-8.1459,0,0
16.25,-7.4755,-0.24519,60.571,-304.28,19.478,-79.646,-176.42,150.62,-38.755,-20.192,5.7137,272.87,-113.77,84
2.5,-4.1896,-7.701,28.133,-132.34,-167.89,-286.65,54.78,-35.193,123.79,-71.981,-15.752,232.32,5.4462,5.5
0,0,0,0,25.835,-77.99,37.09,203.6,-201.47,82.993,-210.77,102.3,-247.04,-19.128,-56.75
0,0,0,0,21.029,-53.651,-360.12,-235.58,115.2,74.334,18.422,-12.515,182.84,0,0
12,-8.6029,-0.93477,24.601,-159.49,-135.7,-63.147,112.3,195.23,-39.171,59.461,178.06,-10.063,0,0
0,0,0,0,78.592,225.6,-188.7,0.17533,119.66,127.34,86.183,-10.302,14.821,0,0
-8.424,-13.602,17.47,-42.01,-38.341,37.804,-84.559,200.16,148.32,152.58,-20.584,114.06,293.41,-76.36,23.257
0,0,0,0,0.89679,-1.2517,204.4,118.73,-151.94,-124.15,-142.24,46.157,-17.612,0,0
-2.75,-2.8056,2.6716,5.6848,38.573,144.92,376.42,144.23,-91.358,-304.27,-268.99,-180.95,12.722,0,0
0,0,0,0,-3.0796,-38.092,179.42,-53.619,-175.18,67.886,14.199,-196.99,-96.352,0,0
0,0,0,0,-4.0712,10.195,114.5,35.507,176.52,-22.027,1.7883,-20.557,12.246,0,0
0,0,0,0,41.61,113.81,-302.77,-288.52,1.8548,-73.621,277.09,-53.186,-34.947,0,0
0,0,0,0,4.2697,31.94,72.783,-540.47,-164.42,105.96,120.54,-13.006,40.447,0,0
0,0,0,0,-14.097,152.24,-70.891,27.035,-188.99,-162.18,131.64,-24.697,10.545,0,0
0,0,0,0,29.958,-202.61,-187.85,-95.825,-13.208,64.018,-19.002,257.26,92.524,0,0
0,0,0,0,38.843,27.834,7.321,-186.13,-120.97,120.33,66.411,81.895,-0.1887,0,0
0,0,0,0,-18.717,141.07,118.18,141.15,-51.291,-340.22,-139.19,101.19,-22.535,0,0
-0.75,-11.085,-3.0998,32.076,-185.29,25.477,32.16,-44.676,-92.185,223.12,-24.424,63.291,75.733,0,0
0,0,0,0,-14.869,182.49,308.55,-38.678,9.2638,-164.87,53.098,20.449,15.929,0,0
0,0,0,0,18.873,-141.27,267.77,-1.3266,-341.15,165.99,133.09,-57.371,18.842,0,0
0.75,2.1896,-5.3905,-23.448,139.43,-161.01,266.63,11.095,146.31,-223.14,-225.26,-67.642,33.117,0,0
0,0,0,0,-54.818,49.734,89.417,89.55,-175.7,-105.4,-31.043,98.827,-53.134,0,0
0,0,0,0,14.943,5.9012,249.89,-40.883,-100.93,-262.34,-110.06,-94.904,-6.6974,0,0
0,0,0,0,31.126,-137.14,132.31,126.51,21.027,-176.22,-72.928,-0.075726,-35.235,0,0
0,0,0,0,7.2542,-20.295,28.399,319.17,-285.88,-321.98,-43.682,-64.559,-15.864,0,0
5.25,-7.9869,-0.52628,3.997,1.4547,202.51,67.152,178.79,158.59,-42.254,-144.39,-157.9,8.8553,13.497,6.3571
0,0,0,0,-5.904,42.671,115.76,136.32,233.42,-207.96,-286.05,-87.024,8.5266,0,0
0,0,0,0,-1.5556,340.75,70.304,-148.23,66.952,-10.082,-139.33,-153.53,30.303,0,0
13.57,-10.608,7.5299,35.236,168.33,-92.336,219.67,-89.863,0.57133,-139.61,91.808,71.334,-11.469,-53.767,-8.4363
-2.3816,-2.808,-1.1062,-1.3705,-27.087,168.59,-157.69,307.49,-57.49,234.96,253.32,39.329,-6.7096,0,0
0,0,0,0,-29.632,63.968,21.477,-155,228.24,38.175,-253.76,74.064,3.7144,0,0
4.8873,-4.2111,-2.5254,62.841,12.301,-156.42,189.23,-145.25,-102.45,15.686,-189.76,-1.5033,4.8738,0,0
0,0,0,0,-30.6,-84.746,37.711,-36.364,186.35,332.04,-159.11,-167.39,-17.919,0,0
0,0,0,0,-50.184,-87.651,21.259,-21.305,-284.63,-65.655,-5.2121,-49.504,-28.267,0,0
0.75,11.085,3.0998,-32.076,126.72,46.822,221.36,-34.9,-322.37,55.423,-12.607,13.457,-0.97308,0,0
0,0,0,0,-34.18,-120.21,-108.11,-49.758,-14.182,82.367,57.013,-40.678,5.0777,0,0
7.5,9.1651,-5.1782,-44.008,86.839,158.11,-211.1,390.31,-78.792,-109.48,-272.99,154.06,15.42,0,0
11.25,2.0736,0.86603,4.9462,42.877,-74.564,-244.25,-358.17,-50.779,168.05,-139.71,-79.57,-33.675,0,0
-10.689,5.5359,-4.9576,-67.743,187.34,-143.52,-123.34,-84.257,-85.053,419.33,13.491,116.01,-40.017,0,0
0,0,0,0,-24.925,96.471,195.39,18.384,354.66,52.32,143.54,8.0014,-17.94,0,0
0,0,0,0,-21.432,108.56,-66.588,-188.95,-125.26,19.483,38.133,44.998,1.3236,0,0
4.5,-1.6962,12.172,-16.667,110.51,-31.515,-110.86,-430.53,-47.91,342.55,-109.89,-175.38,35.604,0,0
0,0,0,0,-6.3774,-95.027,-94.547,422.36,47.661,140.33,-144.62,-216.23,-17.315,0,0
3,4.1651,-2.134,-9.9724,41.655,28.315,179.01,214.38,-177.93,-282.69,87.394,-0.67797,-27.257,0,0
-3,9.3546,-21.067,13.892,209.3,-282.31,69.358,-152.76,17.216,-146.17,154.63,112.81,32.221,0,0
-11,1.6436,-0.17949,-4.3074,10.175,-5.1171,-165.71,-183.85,-141.83,-161.77,-53.009,129.28,123.94,0,0
0,0,0,0,7.4026,247.54,-188.48,220.87,119.73,116.83,-223.23,-16.233,-16.056,0,0
-14.863,-0.036456,0.96017,-32.012,135.66,-229.91,-214.26,333.42,-64.542,56.559,172.12,-130.54,76.96,-53.767,-8.4363
0,0,0,0,-2.1543,-30.781,-223.39,-216.39,-138.11,-115.67,175.19,-18.446,37.574,0,0
0,0,0,0,-49.845,342.5,121.97,-70.048,-332.45,183.86,48.552,-4.0729,50.575,0,0
0,0,0,0,-4.0831,33.039,43.675,-153.88,-176.92,-99.622,110.23,-42.579,37.729,0,0
0,0,0,0,38.811,43.397,-9.7131,-165.49,-149.26,143.52,-95.719,-83.259,-5.2476,0,0
0,0,0,0,22.191,-93.573,-46.897,-353.47,-84.483,132.02,-14.417,-3.8304,-10.024,0,0
0,0,0,0,31.295,93.615,-154.62,-379.39,-163,-229.78,61.032,-61.466,25.34,0,0
0,0,0,0,-5.3134,-40.86,74.37,106.75,-220.61,-197.68,-63.668,-11.015,-0.078367,0,0
0,0,0,0,-11.919,-13.525,27.357,148.11,109.2,-221.47,-305.97,46.148,26.87,0,0
0,0,0,0,-21.717,-184.7,-150.29,-367.21,283.42,152.05,139.22,254.58,-63.395,0,0
0,0,0,0,3.59,-46.217,-172.74,79.812,357.59,371.89,84.967,31.589,-195.76,-96.774,11
20.292,-0.89447,4.5832,22.054,-83.68,347.42,241.67,136.46,-30.595,-161.96,101.35,-141.29,-85.876,81.097,7
0,0,0,0,-68.826,24.185,-142.91,-139.78,288.59,268.42,159.01,76.432,73.17,0,0
0,0,0,0,21.951,-29.8,34.577,-336.06,-178.97,-122.82,269.99,66.797,-41.838,-90.47,-12.25
1.8849,-11.275,2.62,26.563,-152.72,374.79,53.569,-22.884,-267.45,-96.794,14.651,233.29,-20.389,-288.36,-47
6.5,-6.366,5.0556,9.803,-169.67,-206.08,-183.51,-73.892,203.97,172.64,65.352,116.27,104.56,96.757,-17.445
-29.488,-33.226,-0.20665,-13.458,-105.82,100.31,-12.578,178.37,335.7,140.5,193.49,-108.94,19.529,0,0
-13.5,-6.9593,13.623,-11.981,-168.34,-28.103,-56.46,-70.334,327.19,124.43,137.13,-15.037,124.44,30.213,-4.4264
30.792,6.2281,7.0819,-2.0163,202.36,92.617,201.78,-206.06,-53.875,-70.611,-63.931,-228.02,-15.527,0,0
-4.9575,-5.4829,13.788,-60.384,50.993,85.98,57.048,346.6,-414.57,100.61,13.119,23.087,83.633,-191.1,-8.5245
-5.25,7.9869,0.52628,-3.997,60.665,5.4955,370.75,-5.2069,-180.87,-195.25,-160.7,-138.33,-11.911,0,0
2.75,-2.3954,-12.178,31.28,-152.92,-239.88,-90.831,-123.23,317.44,29.688,71.794,79.271,-33.99,0,0
0,0,0,0,-57.2,-33.97,97.791,74.716,-56.712,-55.051,98.156,109.88,36.933,0,0
-3,-0.39711,12.435,-9.3008,-21.326,149.54,58.946,-2.3148,-149.28,83.829,-341.22,-1.6289,-36.602,0,0
34.75,9.9684,178.17,125.73,-86.03,213.28,102.81,-29.58,-184.19,-127.01,-67.085,-19.051,-18.131,0,0
2.75,2.8056,-2.6716,-5.6848,55.535,88.541,207.24,-143.24,-93.853,13.527,42.289,106.79,133.67,0,0
9.75,-8.6764,-4.1489,-18.22,-9.7671,18.502,-203.43,253.8,10.121,-124.65,293.63,36.352,-15.937,0,0
0,0,0,0,-29.517,188.36,-155.98,-208.95,-132.08,93,97.382,-18.416,-26.292,0,0
8.2925,-7.3095,-0.0017604,13.816,-88.605,268.97,-53.522,475.17,-150.43,-187.79,-169.94,30.435,-23.144,0,0
0,0,0,0,-20.757,147.98,-47.661,-0.27808,138.14,26.391,-164.58,181.61,9.0185,0,0
0,0,0,0,22.89,174.25,-33.42,162.46,6.9288,-31.928,10.987,35.179,1.8224,0,0
0,0,0,0,21.642,-174.71,-112.89,-378.15,-360.5,-308.39,208.22,-2.7252,-2.1708,0,0
-0.67973,0.094791,-1.8624,6.1079,-31.794,-188.78,69.748,-249.54,-128.62,-23.004,13.254,-0.69817,-159.46,0,0
0,0,0,0,-82.392,262.13,-13.34,-191.99,-142.09,211.17,116.54,164.47,-37.754,0,0
0,0,0,0,-0.56426,21.546,10.082,-5.8652,134.42,64.356,-0.38028,-28.37,-2.6851,0,0
0,0,0,0,-42.966,-122.01,-351.44,-9.0602,-217.61,-84.61,103.31,-149.39,-4.7958,0,0
0,0,0,0,17.066,-61.535,-22.288,4.4705,387.86,130.19,-80.192,24.935,52.137,0,0
-6.8651,-11.515,15.202,7.1247,31.57,98.723,-405.82,-106,349.45,203.32,322.19,41.876,-4.7336,0,0
-8.8818e-016,-3.3307e-016,-2.2204e-016,-1.3323e-015,5.4665,36.405,-344.7,-108.1,228.89,-106.81,-168.46,42.416,-117.07,-122.89,20.628
-0.75,5.567,-7,27.828,-144.59,61.945,-95.268,135.24,60.572,257.85,-143.86,11.969,-22.181,0,0
0,0,0,0,5.0395,33.378,-173.37,-255.12,223.44,-68.483,310.47,94.893,-17.273,0,0
0,0,0,0,-81.284,172.29,12.216,-61.819,65.759,-185.33,-166.67,23.963,-26.765,0,0
-4.8651,-4.2566,1.8945,25.607,-63.98,213.03,-106.17,-137.18,-472.82,100.59,-392.25,70.805,51.568,0,0
-11.25,4.6699,-1.4851,-40.315,178.93,-47.069,-229.13,110.25,91.221,-242.43,289.9,-102.58,-6.3942,0,0
5.3849,13.587,-19.49,-22.059,-118.69,-99.115,64.557,-145.95,-180.86,-216.31,240.79,-105.82,-187.41,0,0
-0.75,-2.1896,5.3905,23.448,-116.91,276.82,80.004,-282.62,-124.29,-283.6,-158.25,163.76,-304.52,0,0
-13.5,7.634,-0.31699,-21.56,218.65,-41.797,22.6,17.38,178.87,-141.38,13.542,96.07,-4.3517,0,0
0,0,0,0,35.695,53.976,188.72,-121.31,239.11,-32.285,60.316,20.725,28.088,0,0
25.25,13.352,-21.245,-29.299,-243.82,15.07,194.67,-195.03,-47.468,362.32,-236.47,-333.18,90.276,0,0
0,0,0,0,-3.8978,-69.021,46.788,-72.151,165.4,68.737,-14.241,-62.165,-160.44,0,0
-17.25,-34.355,12.29,-133.13,-187.07,-67.337,-0.48609,-271.86,117.12,-150.14,83.902,8.1588,144.29,-53.767,-8.4363
-26.615,-0.77804,24.65,-5.0115,103.8,127.95,10.142,248.45,533.44,15.844,-273.51,40.631,-83.116,0,0
-3.3651,-3.2877,3.1462,22.566,-84.175,66.572,-48.801,206.88,132.4,-297.43,-47.459,63.862,-109.49,0,0
0.63485,13.958,6.8836,-97.291,29.937,-178.95,37.503,107.48,-306.53,127.71,-161.91,163.11,-113.05,-0.011379,-8
-19.5,-0.4282,-7.4672,-3.5229,276.18,-70.894,-69.335,22.502,316.36,-26.854,-221.47,24.947,55.131,0,0
0,0,0,0,26.007,-144.94,-134.55,-157.43,482.07,-193.39,96.039,51.148,3.8914,0,0
-4.25,-1.1274,-0.68958,-35.97,129.74,-106.35,197.42,54.377,246.48,36.771,92.946,-37.458,-55.435,0,0
11.25,-4.6699,1.4851,40.315,-149.37,104.9,238.71,-13.315,-99.869,-398.68,-232.87,-282.01,-74.069,0,0
0,0,0,0,-16.144,138.11,178.73,-165.93,-84.102,-279.45,-194,-48.312,9.3995,0,0
0,0,0,0,16.292,-99.877,-30.36,210.3,-169.78,-134,18.087,28.242,-11.26,0,0
0,0,0,0,67.375,-156.4,-7.0017,45.301,-235.83,-346.14,-56.493,-128.43,-176.28,0,0
6.0425,-0.38966,5.2321,-8.2881,94.804,8.6662,520.98,-162.66,-296.63,1.0812,-58.715,-25.574,4.7243,0,0
1.5,0.96891,1.2518,-3.0407,-89.457,-109.96,-147.61,-199.19,-91.628,-168.28,90.383,25.054,10.047,0,0
8.2925,-7.3095,-0.0017604,13.816,8.203,95.214,138.3,58.496,-129.29,-130.07,1.539,-152.1,1.3792,0,0
-5.75,-0.50833,24.972,-22.547,-16.723,81.3,99.512,43.172,-125.46,140.35,10.375,-82.14,170.69,0,0
-5.25,7.9869,0.52628,-3.997,-27.82,318.95,267.09,5.9923,-172.53,-264.18,-98.021,-10.499,-17.597,0,0
-4.25,-1.1274,-0.68958,-35.97,162.1,11.156,204.95,173.98,-135.92,-327.41,-169.52,-68.792,0.83461,0,0
2.5,6.9348,-1.5753,-21.906,201.4,-312.79,-84.769,94.834,51.045,166.56,82.984,147.3,-21.866,0,0
-5.25,7.9869,0.52628,-3.997,66.972,93.631,301.78,228.62,-8.1136,-185.12,-283.31,-128.62,-31.869,0,0
15.5,3.3074,-23.497,-4.937,121.57,-137.45,97.414,-161.13,113.7,-258.82,69.542,76.049,7.8224,0,0
-7,1.9199,3.9037,-24.37,159.85,-18.384,-273.58,-137.88,156.36,120.35,43.556,-25.626,22.741,0,0
0,0,0,0,9.1566,-62.204,-70.632,-149.61,-148.93,-163.37,-3.9454,-84.592,-25.536,0,0
-9.5972,-11.547,14.507,-144.27,-211.66,-178.14,-264.94,22.146,-10.271,237.53,-59.152,8.9763,81.321,0,0
0,0,0,0,-17.676,120.45,46.042,-80.956,26.651,-139.21,115.57,83.335,20.052,0,0
0,0,0,0,5.72,29.248,252.89,-78.42,-10.881,66.749,-102.8,51.42,3.7162,0,0
-2.5,4.1896,7.701,-28.133,177.08,-179.61,-116.12,336.37,41.091,-183.96,-89.431,-238.64,-52.12,0,0
-17.25,-14.959,9.1992,34.27,13.059,-209.58,-86.021,313.37,-44.234,-124.37,-118.86,-277.92,-71.502,0,0
0,0,0,0,-5.1782,57.511,136.74,-100.04,-45.914,-365.29,-39.526,-17.07,-23.24,0,0
0,0,0,0,-30.677,169.52,-146.5,-44.556,-50.465,-292.13,-73.725,-47.867,41.012,0,0
22.135,0.10465,-2.9698,-48.469,-141.35,90.866,-219.34,272.95,17.044,165.95,199.08,99.418,-22.726,0,0
-2.75,-2.8056,2.6716,5.6848,5.6458,111.1,-223.56,173.37,-20.789,-253.17,-56.667,197.19,191.82,-19.472,5
-11.25,4.6699,-1.4851,-40.315,203.5,-121.51,-58.924,-273.97,75.845,-75.55,320.76,-135.36,-2.0221,0,0
0,0,0,0,23.389,-87.887,-99.928,-133.03,289.04,-60.662,-46.229,-83.3,-37.643,0,0
0,0,0,0,-33.942,107.31,14.637,-12.767,-40.844,-40.886,-75.759,20.307,-40.12,0,0
11.25,-4.6699,1.4851,40.315,-242.87,86.658,259.38,39.8,333.45,-58.915,-132.82,-4.1644,14.906,0,0
-12,8.6029,0.93477,-24.601,116.54,106.47,9.234,186.42,-55.382,-162.36,-216.4,-121.77,-33.34,0,0
16.75,-1.8397,-5.6375,-48.085,105.82,-230.13,-23.705,-204.75,130.55,84.834,366.37,183.07,-110.4,0,0
20.292,-0.89447,4.5832,22.054,-0.95094,92.668,146.04,-10.492,13.452,-132.88,-275.49,-171.3,54.677,0,0
20.292,-0.89447,4.5832,22.054,56.995,131.66,266.94,-30.274,101.82,-347.28,-140.66,-23.558,80.294,0,0
12,-8.6029,-0.93477,24.601,-149.94,-119.75,107.08,240.14,100.96,102.02,-126.16,-71.372,24.323,0,0
6.0425,-0.38966,5.2321,-8.2881,149.53,349.85,283.75,279.14,-46.888,-168.06,-197.25,-177.42,53.11,0,0
0,0,0,0,-39.911,-103.66,-163.24,-82.723,-8.6353,120.33,68.189,72.775,6.8215,0,0
20.292,-0.89447,4.5832,22.054,46.201,209.96,-31.697,160.25,237.58,130.64,-137.22,-258.4,-59.378,0,0
0,0,0,0,-96.939,-156.87,-147.31,-293.47,-96.139,337.32,181.21,166.04,7.0054,0,0
0,0,0,0,19.392,-172.82,-206.21,-76.722,-268.13,-466.67,-100.36,0.23446,2.453,0,0
-10.451,26.201,1.4228,21.395,259.94,65.498,279.53,86.09,52.082,218.39,-64.759,-146.18,14.611,-1.8182,-0.85048
-12,8.6029,0.93477,-24.601,134.82,-6.9838,-239.06,101.69,-205.71,-274.72,136.04,239.17,-5.0045,0,0
0,0,0,0,14.687,5.1126,-8.2771,7.5744,109.2,-306.71,-125.4,-94.061,37.492,0,0
38.158,20.412,4.3071,-141.8,-2.9249,-236.34,-511.41,-368.12,-135.85,-147.48,-242.87,116.68,95.518,0,0
0,0,0,0,0.27147,-104.02,-61.962,-87.612,-117.06,318.25,412.25,-18.835,-15.652,0,0
-5.25,7.9869,0.52628,-3.997,55.526,60.552,-273.16,-291.03,-155.51,412.71,252,-88.287,-85.213,0,0
-0.75,-11.085,-3.0998,32.076,-207.78,122.32,-39.92,158.66,-212.88,7.1559,-129.04,-187.1,-89.607,0,0
-20.865,-7.1195,-0.83887,13.346,-188.87,160.19,50.679,-411.37,187.66,192.88,158.88,-0.034932,44.357,0,0
0,0,0,0,22.958,-173.81,75.445,130.44,247.93,-410.86,-222.07,-120.67,53.128,0,0
-4.4409e-016,-8.8818e-016,2.2204e-015,4.6629e-015,10.066,-208.02,203.95,78.204,85.97,401.75,130.69,-290.52,25.608,0,0
-14.615,1.3822,1.6611,-17.748,71.322,-136.97,110.6,197.32,-46.567,255.78,158.01,-52.423,-84.375,0,0
0,0,0,0,23.998,-120.02,-24.203,-97.972,337.53,360.65,-81.049,-8.4934,-11.337,0,0
6.3137,0.12227,-20.819,25.525,-15.096,49.629,-322.57,142.24,-37.591,18.321,372.68,-150.63,-65.572,0,0
0,0,0,0,-25.069,179.34,-69.645,-86.231,2.9855,-546.92,-142.32,-89.755,28.388,0,0
1.5,-7.0736,-0.85946,-12.052,-65.691,313.17,194.21,218.85,109.04,-436.87,-51.446,-39.546,205.93,-210.57,-3.5245
11.25,-4.6699,1.4851,40.315,-208.8,99.682,341.55,-175.8,565.79,-358.85,-100.4,-263.83,12.607,242.79,-12.1
-6.5,10.395,1.3122,5.4755,-72.074,131.11,-74.633,-249.05,-420.59,353.65,-182.35,277.83,-354.46,-200.72,9.8783
0.25,-10.44,17.289,-2.7854,-123.18,296.7,214.39,284.64,38.163,-140.76,-330.56,-329.41,111.57,-62.189,-11.186
0.25,-10.44,17.289,-2.7854,-98.038,136.05,-112.71,-224.3,157.56,-7.0948,71.898,284.07,64.12,-112.49,22.183
2,-19.06,-42.075,152.86,7.2925,-305.33,-390.14,-86.925,-208.01,248,84.379,144.16,-180.81,122.08,-21.5
12.542,12.003,-8.9575,-2.8187,19.089,49.472,235.38,43.512,-396.12,-278.89,-165.99,-106.46,24.792,-135.12,-2.9845
0,0,0,0,16.515,-186.65,115.7,-34.552,93.867,-179.33,-60.461,40.177,11.723,0,0
-7.25,-20.958,-12.611,-27.793,-87.384,6.4404,138.41,-64.737,255.95,-120,-43.039,91.772,6.7318,54.324,8.683
1.5,0.96891,1.2518,-3.0407,-62.785,179.72,-41.229,-169.3,4.507,211.54,213.65,-90.287,207.93,-76.556,-57.234
-8.3929,-9.5314,-11.811,-46.317,-90.452,56.149,130.13,-22.729,1.5655,29.01,98.954,-1.4804,226.59,0,0
-1.5,-0.96891,-1.2518,3.0407,26.93,-256.86,-352.11,-14.953,368.94,365.1,-242.85,45.08,-83.737,64.504,10.104
-11.25,-2.0736,-0.86603,-4.9462,12.447,-343.92,-63.751,-10.595,-42,212.13,140.21,170.28,83.301,0,0
0,0,0,0,40.205,4.8396,-134.09,-51.001,69.542,-35.22,16.16,-12.088,-6.1304,0,0
-2.5,4.1896,7.701,-28.133,257.39,30.538,206.9,9.4247,0.32705,-222.09,4.1074,10.891,19.012,0,0
-6.8816,13.153,-36.672,0.34136,48.183,-193.54,-84.609,-3.7446,-42.29,-234.57,40.852,0.45712,-22.165,0,0
-0.61274,-0.54127,0.3113,-1.6696,10.857,-117.06,-154.28,27.788,359.83,402.94,-181.77,65.01,-4.8657,0,0
5.25,-7.9869,-0.52628,3.997,-53.207,118.59,137.04,-3.8087,243.73,-147.4,-67.903,-19.207,13.808,0,0
0,0,0,0,-43.728,-52.913,-12.096,158.17,81.116,-17.202,-32.247,-127.5,3.625,0,0
-18.53,-13.709,34.822,-58.941,-91.04,-402.05,-287.68,89.145,-11.633,33.905,-35.362,-151.86,7.6381,0,0
-11.25,4.6699,-1.4851,-40.315,132.6,26.958,63.302,-154.46,-41.197,-303.33,-106.22,-29.621,2.7512,0,0
0,0,0,0,-2.7733,3.3417,-92.304,-342.82,-117.65,163.53,-8.5841,-10.343,9.9437,0,0
-2.1764,-11.791,-4.1881,31.09,-257.77,-204.61,-237.57,-329.83,315.22,128.55,-108.15,-0.8367,13.366,0,0
0,0,0,0,-12.267,9.0399,263.1,329.16,77.146,-382.13,22.292,-120.21,-15.999,0,0
1.6373,-12.693,1.919,12.3,19.337,-191.38,-150.77,-240.6,125.81,10.911,97.313,77.445,-0.48325,0,0
-16.5,-9.7828,13.6,-17.415,-6.6647,9.0586,35.218,365.7,329.04,128.34,-16.938,-3.0963,-14.973,0,0
0,0,0,0,4.6606,-39.058,167.85,230.61,269.28,-7.5528,-171.36,197.84,19.406,0,0
0,0,0,0,-14.898,28.409,48.533,-82.48,-218.97,-106.88,-126.07,-23.989,-97.498,0,0
0.32596,-11.915,-6.2903,33.744,-220.53,-244.48,119.04,-123.87,-215.3,-195.97,-91.999,-127.25,53.875,-126.8,-82.75
1.75,6.6208,11.752,2.4103,-14.006,17.724,368.14,140.72,55.447,-56.927,-130.99,58.906,-11.861,0,0
25.542,16.545,-0.71058,-29.082,-33.592,-64.245,-196.74,45.648,46.873,-49.08,173.26,-220.87,-24.323,-48.038,21.9
0,0,0,0,22.731,-161.33,176.97,-33.625,-149.94,-163.63,-110.5,-113.24,-236.33,0,0
0,0,0,0,39.261,122.91,139.57,-104.42,-133.42,-181.38,54.186,-87.665,-138.17,0,0
0,0,0,0,20.598,-121.27,-99.77,36.143,-171.8,35.395,131,-38.296,40.304,0,0
0,0,0,0,10.523,15.425,55.579,-101.09,-29.583,-48.153,-114.58,113.13,215.31,0,0
0,0,0,0,19.57,-109.8,-20.684,-169.32,-31.895,-43.831,-123.83,78.346,43.788,0,0
17.088,10.432,-27.132,38.047,119.36,158.3,379.98,-220.78,135.93,225.15,-11.602,-140.46,-105.88,0,0
0,0,0,0,-48.256,279.29,220.73,75.689,152.86,-335.33,37.622,195.72,95.105,0,0
0,0,0,0,20.159,-143.89,-33.558,-218.52,-152.94,-36.088,-152.29,-17.29,-2.2946,0,0
0,0,0,0,4.9372,-51.403,-44.37,209.39,-524.61,-110.06,71.376,223.71,-2.6863,0,0
-1.1316,-4.15,119.73,30.14,-33.743,-219.04,-51.216,-540.02,-108.15,728.76,301.67,157.3,56.192,0,0
6.0425,-0.38966,5.2321,-8.2881,145.09,140.86,-125,-81.111,-123.51,-178.46,-151,106.11,-20.022,0,0
0,0,0,0,-41.006,-103.5,-219.55,-328.38,56.245,58.145,300.77,-0.95976,149.94,0,0
0,0,0,0,-48.425,84.547,105.29,252.58,42.646,-251.04,-224.53,157.89,-167.78,0,0
11.25,2.0736,0.86603,4.9462,-0.96034,-135.52,2.0457,-122.59,42.936,222.98,260.6,3.4554,-88.378,0,0
0,0,0,0,6.1334,62.854,97.535,269.91,296.48,-49.595,-164.75,-103.8,20.113,0,0
17.225,-2.7054,-9.2333,-10.638,-225.99,45.858,399.85,311.09,-292.46,70.805,67.068,99.672,-21.896,0,0
0,0,0,0,31.782,-159.13,208.98,290.42,46.819,-330.67,-238.17,36.472,69.749,0,0
0,0,0,0,2.2799,1.9587,-7.0147,-55.352,172.12,-17.97,181.97,79.316,0.073557,0,0
0,0,0,0,23.459,289.66,181.04,-19.401,-254.63,-220.68,-217.84,148.19,-15.706,0,0
0,0,0,0,18.291,-163.85,201.76,135.95,198.78,19.312,69.737,-43.136,-248.59,0,0
0,0,0,0,-26.866,139.67,88.307,390.9,157.77,-222.92,51.954,85.97,35.947,0,0
-14.615,1.3822,1.6611,-17.748,100.19,45.816,-227.27,135.42,-145.17,-47.906,26.804,-28.541,-17.468,0,0
0,0,0,0,4.3125,-10.984,145.62,119.67,-338.44,152.09,99.662,-75.477,73.652,0,0
0,0,0,0,-57.44,35.997,-49.592,383.87,58.359,-42.363,-140.93,-177.52,46.805,0,0
0,0,0,0,-33.271,141.67,403.87,261.08,-110.45,164.35,-110.33,-148.53,26.711,0,0
-8.8818e-016,-6.6613e-016,-2.2204e-016,-7.9936e-015,48.704,53.038,-179.75,246.19,1.0635,-190.07,-49.1,-69.563,24.065,0,0
-9.25,-8.0801,-26.223,139.71,7.9128,173.78,84.299,-32.521,-87.578,-211.78,-126.76,130.9,77.958,0,0
0,0,0,0,-23.57,117.93,450.18,107.2,-109.4,-347.95,-194.49,89.473,-1.1148,0,0
21.537,13.158,-21.649,25.74,-81.207,-99.022,-369.25,-10.168,126.09,211.23,298.09,157.77,-33.34,0,0
-2.701,-14.263,3.006,56.353,89.68,42.192,-6.1377,492.55,-141.35,-231.55,-174.48,7.7338,-35.928,0,0
1.0882,-9.913,-20.418,154.22,-8.9116,255.71,-45.714,150.04,-1.5784,-32.642,-286.24,-83.139,-154.44,48.837,-24.936
-15.951,6.0083,-54.66,180.64,261.61,303.83,-17.446,-193.5,119.99,-3.9182,-131.07,-225.78,11.16,48.837,-24.936
0,0,0,0,11.935,294.72,-71.996,-111.81,-403.56,-204.88,-209.81,-60.043,-25.144,0,0
42.936,13.656,-13.737,69.637,28.084,-358.71,68.005,-455.34,163.95,-46.157,-131.85,106.33,33.167,0,0
-2.6618,23.097,-50.272,173.35,260.19,327.92,73.562,69.919,-363.29,6.4004,96.132,-257.11,-82.776,0,0
0,0,0,0,69.08,-44.55,-281.58,-233.01,68.124,238,-25.614,-52.058,-3.4596,0,0
3.3307e-016,-6.6613e-016,-1.5543e-015,1.3323e-015,53.621,-15.093,248.95,-219.2,-104.22,103.55,-109.43,-147.66,-15.37,0,0
0,0,0,0,-34.143,162.02,83.677,-53.799,-50.641,-152.46,-240.45,108.53,6.0966,0,0
0,0,0,0,27.201,61.892,-259.03,-108.79,-37.29,-70.241,116.01,-2.4115,3.1549,0,0
5,13.714,-14.493,-45.842,-112.08,129.41,196.77,178.51,-380.44,-298.46,50.069,56.622,77.523,0,0
0,0,0,0,15.234,-7.7846,289.27,102.86,-42.084,-12.871,189.14,-99.879,14.164,0,0
0,0,0,0,-90.01,198.3,152.17,214.28,-28.786,-305.65,-103.09,29.436,1.8113,0,0
0,0,0,0,37.514,157.76,92.387,125.84,-50.804,-282.22,129.36,-105.96,-21.843,0,0
0,0,0,0,18.812,334.49,59.4,-152.38,79.289,69.425,-203.23,71.804,-8.8044,0,0
3.3307e-016,-6.6613e-016,-1.5543e-015,1.3323e-015,-58.182,83.682,-25.846,-110.81,-224.28,-3.5075,-46.057,170.41,-47.605,0,0
-16,12.925,8.7373,16.009,76.376,160.66,49.089,199.89,322.52,-269.54,148.19,86.334,22.974,0,0
-1.2075,-14.068,24.482,29.405,276.78,55.343,-22.884,-258.84,-109.47,-320.88,-36.448,-71.6,-13.109,0,0
0,0,0,0,-47.261,266.7,-20.564,35.294,107.37,-140.72,-8.6331,-20.826,11.371,0,0
0,0,0,0,13.709,-149.6,-20.009,122.29,89.475,73.172,-193.89,4.1516,18.689,0,0
0,0,0,0,14.988,231.14,119.29,-78.766,-48.326,128.89,-17.009,17.378,39.008,-99.644,8.924
0,0,0,0,-13.507,217.5,237.32,109.59,-94.341,-104.55,-192.6,-128.34,-113.96,0,0
11.25,6.0933,-20.569,2.9772,13.343,-249.61,-32.408,180.92,-203.93,284.53,239.71,-236.67,-61.954,209.51,3.25
11.25,-4.6699,1.4851,40.315,-187.27,-44.778,-232.65,418.72,-51.607,81.191,80.701,-126.38,23.797,122.64,42.533
0,0,0,0,1.1681,78.065,73.948,10.503,-358.78,47.333,-154.8,-174.2,-43.97,294.95,59.5
-4.6316,19.514,-43.19,14.826,57.186,-101.63,242.12,88.108,188.31,57.517,-88.836,81.098,-4.3636,0,0
-6.6708,-16.524,13.142,45.14,53.081,-105.56,229.64,30.302,20.726,-235.32,-37.522,-327.67,-80.054,0,0
-7.25,3.7482,12.515,20.012,133.23,43.512,52.78,71.723,40.443,8.9497,-69.99,75.899,-19.979,-51.946,23.378
0,0,0,0,-16.206,120.57,276.08,39.98,-215.36,-84.146,-210.96,78.474,3.9073,0,0
-9.1618,-5.4572,5.4674,-33.129,121.15,259.45,163.13,-80.804,93.216,116.45,-106.02,7.0053,-119.69,-99.644,8.924
-8.75,-0.24038,12.582,-19.439,168.17,-203.53,68.267,-219.44,-74.776,326.12,-8.2283,78.102,-77.135,0,0
6.75,-8.778,98.716,-40.8,-95.474,-222.58,-380.7,219.69,-126.1,92.245,-22.014,89.442,-332.09,0,0
-8.8818e-016,-1.3323e-015,2.2204e-016,5.3291e-015,1.2667,-406.51,-225.5,211.7,65.649,-138.62,-0.76862,-176.06,66.902,0,0
-2.1618,4.9022,7.7748,40.573,294.02,106.38,395.37,-61.227,-365.19,-230.66,66.731,-24,26.958,0,0
0,0,0,0,-5.3114,-90.802,345.71,166.61,-27.148,-110.42,-233.73,252.03,1.3526,0,0
-8.8818e-016,-1.3323e-015,2.2204e-016,5.3291e-015,6.2393,-6.4983,-257.46,-121.55,-92.684,198.91,171.43,5.1327,-43.602,0,0
13.75,-6.0048,-3.5035,-38.113,37.469,28.974,-276.42,-404.87,-308.77,450.29,390.47,-5.1513,4.9629,0,0
-9.5,4.4133,-6.7662,3.5324,-58.103,-140.2,136.14,236.48,-417.71,-74.147,-93.702,220.78,0.76434,0,0
-9.5,4.4133,-6.7662,3.5324,44.084,-242.36,-157.31,-538.09,-118.62,285.26,-8.6107,45.552,-23.584,0,0
-9.1618,-5.4572,5.4674,-33.129,198,91.928,70.995,331.57,-8.5896,-158.72,-2.2411,-93.688,-23.382,0,0
3,2.5849,4.3857,-3.7224,69.951,-337.06,-141.76,-199.6,-175.37,144.2,-21.306,54.499,97.202,0,0
0,0,0,0,-22.102,-248.51,-180.9,284.86,-65.53,-102.93,-51.446,-177.45,25.191,0,0
0,0,0,0,47.176,-320.87,-230.46,-162.08,-327.92,-198.93,104.6,243.17,-29.43,0,0
0,0,0,0,3.3935,-4.0037,-133.16,-97.62,127.17,95.336,-8.8897,11.525,3.2607,0,0
0,0,0,0,-11.853,38.102,-211.67,9.8577,248.78,45.693,-185.78,-281.56,-8.8771,0,0
3.3307e-016,-6.6613e-016,-1.5543e-015,1.3323e-015,-6.2249,-44.555,177.84,133.22,213.86,70.57,-77.844,-177.04,9.5523,0,0
0,0,0,0,7.9092,284.38,-10.464,-56.408,-2.1658,-41.657,48.002,-26.577,-4.6361,0,0
12.333,-16.894,37.124,-82.33,47.541,-407.76,-78.866,341.95,63.877,-35.015,18.718,-139.47,3.3717,0,0
0,0,0,0,22.378,-31.085,210.75,70.822,-200.65,-49.019,-148.35,196.74,91.415,0,0
0,0,0,0,32.174,103.29,-348.61,-142.49,263.39,-34.139,67.36,-12.764,34.233,0,0
0,0,0,0,-24.533,114.72,70.91,257.58,195.85,-76.795,-132.11,-53.789,24.481,0,0
9.5,12.771,-20.66,43.677,89.061,18.965,118.13,-319.97,-37.077,-372.58,73.413,55.826,-53.606,0,0
5.25,-7.9869,-0.52628,3.997,-84.112,-11.269,381.92,-20.067,-23.671,145.06,258.95,-118.82,-32.346,0,0
2.5,-4.1896,-7.701,28.133,-189.8,-67.429,-63.661,-102.95,224.06,56.765,98.852,122.58,17.206,0,0
0,0,0,0,26.136,-98.873,145.17,122.37,-106.68,-17.19,-242.69,-10.216,4.4629,0,0
-8.8818e-016,-1.3323e-015,2.2204e-016,5.3291e-015,-29.164,-262.3,-111.87,-306.15,51.278,165.47,46.993,-73.888,-0.61843,0,0
-4.5,-18.386,12.665,7.1857,-140.72,54.987,-251.65,16.062,164.06,86.805,-62.489,-124.49,-12.815,0,0
-12,8.6029,0.93477,-24.601,199.65,-174.45,-116.46,-279.96,-90.576,52.158,274.51,-23.131,-98.588,0,0
5,-8.201,-5.3857,1.7119,103.88,169.2,206.83,-140.88,-488.29,179.59,-388.26,296.83,-83.227,19.472,-5
7,0.94615,0.17644,-31.024,140.96,-257.01,227.78,-276.36,50.94,102.88,-145.37,63.445,-15.992,0,0
-5.25,7.9869,0.52628,-3.997,61.349,-236.4,-164.85,164.37,-164.17,-10.665,139.37,95.302,-2.6986,0,0
-4.25,-1.1274,-0.68958,-35.97,174.41,-29.946,-235.56,131.61,-6.6908,59.823,75.877,-8.7635,-16.757,0,0
-1.8651,10.103,30.881,-152.92,-9.7044,-61.083,92.868,23.199,98.862,32.398,210.48,-176.76,-62.739,0,0
-5.5,-4.7745,-0.53766,2.0079,38.072,-215.37,-33.915,214.53,66.01,218.88,109.39,10.941,-84.199,0,0
0,0,0,0,-14.01,116.43,-345.83,117.05,148.92,5.5731,-112.71,7.8989,-16.093,0,0
5.25,17.44,-5.2938,-51.136,38.61,-345.14,-172.84,124.49,65.792,-25.191,176.68,25.743,-65.049,0,0
1,-5.1585,-8.9527,31.174,-77.256,61.571,-235.01,-110.18,139.16,-343.43,-118.75,31.273,184.64,87.048,11.975
9,-2.6944,-12.995,-10.996,124.96,-4.1871,447.21,77.492,-22.423,-97.606,9.413,8.0347,16.594,0,0
10.637,-5.2111,1.7964,38.645,-223.86,-465.61,50.077,39.693,279.48,-94.463,119.91,86.29,18.849,0,0
-2.75,-2.8056,2.6716,5.6848,-42.833,-229.93,25.024,30.823,-123.09,-256.63,-246.81,61.273,3.6573,0,0
9.7925,-5.4877,7.6292,-6.8643,-28.981,147.78,9.1385,19.092,-100.77,-14.195,17.262,-184.98,-18.433,-135.64,11.75
20.292,-0.89447,4.5832,22.054,-27.432,240.73,250.45,12.176,-39.164,-254.19,-62.658,243.32,0.5996,-2.8644e-014,2.2204e-016
-2,-0.20272,13.013,-39.007,-105.37,-223.33,143.66,30.912,226.88,493.51,197.73,-107.81,154.21,0,0
11.75,-14.353,4.5293,13.8,-222.44,-101.14,-222.21,-458.52,-39.895,14.914,217.25,122.07,58.252,100.79,-17.35
8.2925,1.5858,8.4886,5.1878,24.435,209.71,12.676,239.56,-182.7,39.225,-193.93,-216.89,70.192,0,0
-17.451,-0.73686,-18.671,139.04,182.11,279.19,121.76,-140.33,-344.04,15.198,-105.79,-102.57,70.048,-99.987,14.314
9.75,6.7566,-0.56699,-36.509,-111.82,-40.56,-192.3,-118.73,165.5,-4.7768,172.31,246.98,90.841,89.083,-10.436
-18.25,9.2793,37.908,-99.245,52.61,0.82165,185.17,84.037,9.5266,-41.404,-243.7,226.14,-149.15,-99.987,14.314
-18.5,-60.498,-75.004,-0.25657,39.661,109.97,-113.62,-1.7745,-11.973,108.28,-106.03,35.412,-7.5801,0,0
6.5,-6.366,5.0556,9.803,-94.484,-151.11,-125.63,-93.726,56.625,-5.7519,-115.47,41.271,-108.71,-99.987,14.314
27.917,38.47,-49.914,44.439,-28.549,88.428,303.75,148.42,-329.56,-21.162,-150.38,48.325,97.9,0,0
15.588,9.3747,-4.8969,-20.317,-4.6645,-36.696,158.56,7.8995,-26.653,-244.45,-44.683,-167.79,179.82,-32.015,1.433
3.5,8.2272,-12.056,15.442,-144.87,151.95,101.47,-47.057,184.91,-170.47,-79.823,-68.797,180.35,0,0
0,0,0,0,60.869,-73.132,132.97,139.41,-88.303,94.758,-123.47,-97.552,34.365,0,0
0,0,0,0,-20.064,174.93,170.57,-188.49,87.063,-308.77,-42.713,-93.418,-114.96,0,0
0,0,0,0,14.126,176.83,-57.544,-153.97,-105.86,-137.51,15.932,-150.98,0.5,0,0
-0.21322,-6.2449,20.921,-46.99,-61.739,-130.52,-179.03,117.77,-115.66,157.17,63.137,117.41,-178.53,0,0
-1.75,-6.6208,-11.752,-2.4103,27.806,253.87,85.052,-14.982,54.743,-17.784,-88.481,49.548,-35.214,-2.8644e-014,2.2204e-016
11.25,-4.6699,1.4851,40.315,-181.96,-8.5269,-13.28,-25.459,-174.96,-431.23,72.634,16.688,-119.19,-130.85,17.75
7,3.933,-1.9821,30.285,-143.29,61.434,-64.251,130.99,-82.315,-182.31,-74.31,35.336,-43.359,0,0
-14,-9.2583,10.69,-42.123,-58.771,-150.52,-223.88,-375.13,-179.26,-402.18,59.052,159.19,77.859,0,0
-14.382,17.182,-39.819,-26.066,-32.422,93.999,103.98,187.05,-92.957,-4.6762,-251.8,299.08,-169.12,-6.1423,-1.75
-8.8818e-016,-1.1102e-015,-6.6613e-016,-1.5099e-014,20.503,208.06,-202.98,-33.248,172.64,93.739,-195.56,-144.25,-181.52,121.88,-16.579
0,0,0,0,71.701,-76.761,44.64,-73.064,152.49,-68.992,-5.1811,-48.818,-95.693,0,0
1.25,-8.4247,-0.34103,-149.96,141.52,-106.34,190.94,160.65,-197.48,-130.6,-130.77,189.34,80.925,-90.47,-12.25
0,0,0,0,-0.59928,-24.521,-104.61,-87.184,51.292,-181.63,62.618,20.65,219.88,0,0
0,0,0,0,-30.8,249.9,166.39,-11.455,8.1541,-195.26,-82.214,18.582,-24.093,0,0
0,0,0,0,-0.69078,-15.15,199.65,118.48,-190.82,-116.23,-47.605,-37.008,13.358,0,0
5.75,-39.873,-21.03,152.35,-1.0575,178.99,178.33,381.8,62.937,-257.09,-64.927,62.214,19.633,0,0
-4.25,-1.1274,-0.68958,-35.97,133.35,-106,102.53,157.02,75.758,-6.5715,-1.6127,17.008,23.957,0,0
13.385,17.459,1.0613,-45.851,98.67,-94.977,-51.596,-80.322,243.24,-241.43,-406.23,-257.07,58.217,100.79,-17.35
-8.8818e-016,0,-8.8818e-016,-5.3291e-015,22.363,-107.6,-151.24,-80.488,-84.021,115.81,99.829,142.67,18.51,0,0
-0.36515,0.8774,1.0123,12.594,-56.078,-133.16,-303.8,-117.09,-323.25,-311.72,-106.06,30.894,-28.551,0,0
20.868,31.258,-20.469,-10.312,93.337,-108.57,118.09,-69.89,-226.35,-301.52,102.3,2.9626,-32.199,0,0
6.75,-12.067,19.667,-105.9,-118.58,-82.17,235.04,44.975,281.06,-351.4,-184.5,-136.55,-76.688,-51.946,23.378
0,0,0,0,-9.1587,-264.49,268.45,7.7234,-71.128,-262.91,-205.41,-184.25,124.49,0,0
28.042,-1.056,-29.358,48.21,-180.67,30.53,171.09,128.25,112.67,-233.12,-36.885,-75.142,-286.17,-48.248,-10.525
-13.5,-6.9593,13.623,-11.981,-182.23,-204.36,-356.75,-110.56,214.34,-21.097,322.06,-95.82,192.29,70.613,19.308
12,-7.6454,-4.0394,39.996,-168.36,46.82,-173.87,-177.72,-135.52,317.01,-313.32,-119.03,150.08,0,0
-11.25,0.68782,15.975,-31.623,-89.807,-275.3,-300.48,-182.37,-18.574,-9.3265,41.558,132.62,-56.91,0,0
2,-8.2793,-5.7715,26.391,-101.14,391.82,-476.05,-104.97,37.606,-99.373,-195.62,171.38,-24.969,0,0
-10.25,-17.843,21.384,47.666,117.86,-187.8,-157.27,-259.21,-62.195,-127.46,201.82,167.55,-158.33,0,0
1.5,2.3546,-7.1962,11.024,-145.58,-21.616,179.71,91.923,-151.8,-20.061,42.638,140.6,36.418,-206.62,-4.2745
-7.25,-20.958,-12.611,-27.793,-89.747,90.009,206.76,114.83,207.64,-75.774,-124.35,-13.303,-235.63,0,0
11.25,-4.6699,1.4851,40.315,-171.71,218.75,-78.892,23.496,65.015,-212.55,198.1,-277.35,77.595,0,0
-14,-9.2583,10.69,-42.123,-125.54,-119.18,-85.916,-128.12,158.11,222.49,10.349,-167.78,-220.65,-112.49,22.183
9.2925,-6.6642,20.387,-21.046,21.762,225.44,57.877,119.07,-27.439,-247.22,-118.65,115.3,108.82,-170.78,-3.75
0,0,0,0,-54.905,62.511,225.52,-274.73,-359.88,-33.381,-154.53,42.232,-249.81,79.219,211.5
23.088,14.334,-22.467,6.3584,233.29,-249.82,-14.165,117.14,110.95,-287.47,43.959,33.964,-74.09,-0.1887,-2.192
0,0,0,0,-16.283,134.95,42.485,77.947,-285.62,-214.55,263.87,-5.9388,103.44,-144.69,167.81
-14.615,1.3822,1.6611,-17.748,22.215,-151.33,238.12,-102.42,74.076,-157.84,113.68,-64.145,233.11,90.45,9.7566
0,0,0,0,26.895,-168.81,8.6259,114.16,224.88,-97.692,-94.444,43.778,-162.58,0,0
0,0,0,0,14.786,-138.5,-56.428,57.414,152.5,36.475,95.546,18.663,151.07,31.793,72
-8.8818e-016,0,-8.8818e-016,-5.3291e-015,-18.622,122.93,10.952,-120.99,-226.16,62.522,-89.238,6.044,27.825,-139.62,-0.77452
-15.339,8.0786,-18.914,-44.436,57.604,250.73,116.72,-96.62,-386.63,185.36,-10.133,49.547,78.177,6.0867,-5.6015e-012
0.75,11.085,3.0998,-32.076,223.58,-4.9879,-14.749,-418.24,44.043,166.69,83.336,-62.836,21.9,0,0
2.5,-4.1896,-7.701,28.133,-170.91,154.64,-193.44,170.29,-182.02,98.203,277.36,-188,-67.491,196.72,-75.5
1.5,0.96891,1.2518,-3.0407,-0.011725,-310.18,-35.844,-132.63,122.49,-296.09,-111.37,138.15,202.98,-65.314,-5.25
10.542,4.7443,4.3498,-21.301,48.865,306.72,127.74,38.84,-82.868,37.26,-153.13,-166.5,-136.62,-98.553,-5.6429
11.25,-4.6699,1.4851,40.315,-126.58,-10.958,103.9,362.53,-15.995,269.66,-80.424,-89.095,87.674,289.27,63
0,0,0,0,10.613,192.33,-179.71,7.9729,-91.262,16.807,-32.951,-212.72,9.8056,44.96,43.75
-1.5543e-015,-1.3323e-015,-1.9984e-015,-1.2212e-014,27.706,-206.57,116.53,510.36,-54.848,-203.05,-458.86,6.7216,39.279,0,0
0,0,0,0,55.599,-65.535,2.8063,55.981,120.06,-25.164,42.752,-46.02,60.854,-61.688,268.95
0,0,0,0,39.695,-106.66,418.95,-84.85,-74.419,30.853,-170.73,8.1096,225.89,0,0
0,0,0,0,-66.73,-163.33,-26.33,-421.85,-173.05,383.75,267.86,-205.98,274.75,64.595,-244.25
-24,-15.203,-8.4904,-10.809,-64.354,44.904,-141.64,-93.055,310.24,100.62,15.034,66.465,84.326,0,0
0,0,0,0,35.262,127.88,-230.53,59.923,-39.029,46.413,472.57,-77.547,16.072,0,0
-6.25,-11.033,14.727,-9.757,13.672,-152.15,-127.3,229.43,184.53,-140.28,-244.63,-54.208,6.645,0,0
-32.25,-35.474,64.793,-229.54,70.457,-362.48,-20.61,-193.19,-321.53,59.232,21.906,240.99,-21.893,-12.935,-11.75
8.25,21.28,-62.844,115.16,-98.261,-33.795,-0.75264,34.302,144.77,-317.19,-81.915,-119.95,6.8158,0,0
-2.5,4.1896,7.701,-28.133,203.2,-24.266,185.39,160.22,9.2949,242.65,72.908,-256.66,-81.827,0,0
-2.6151,7.7973,6.2461,-9.5098,59.536,16.245,-46.632,247.95,58.017,13.889,103.77,105.57,-190.59,-5.4462,-5.5
0,0,0,0,-82.338,209.13,-245.31,177.05,-56.975,-159.54,110.55,-205.57,-15.195,0,0
-8,23.265,-6.2281,-172.71,174.74,-223.47,-163.13,65.58,81.268,-44.996,29.019,-128.87,-269.23,-99.987,14.314
-10.75,-16.129,0.52452,-22.754,142.67,-44.879,274.44,-56.84,-103.14,-148.9,-100.51,-49.01,216.6,162.32,-7
0,0,0,0,-45.982,-64.257,232.6,-134,-79.247,-108.37,-40.717,106.91,-111.41,0,0
0,0,0,0,-15.975,129.21,88.156,40.804,-291.82,-25.905,-28.776,212.01,64.146,0,0
0,0,0,0,1.7961,70.06,-139.08,111.52,-148.44,245.84,-110.26,-36.64,38.638,0,0
0,0,0,0,18.937,-121.06,-191.75,6.294,201.89,207.77,129.25,155.92,22.006,0,0
0,0,0,0,-6.5976,-287.54,513.86,143.57,-42.667,-341.86,-165.51,155.05,-6.0646,0,0
0,0,0,0,30.079,-121.14,437.77,279.31,-213.07,-340.69,-293.7,113.52,-140.01,0,0
0,0,0,0,14.868,272.93,311.74,269.95,16.385,-71.76,-114.06,107.02,-6.3517,0,0
5.25,-7.9869,-0.52628,3.997,5.4743,-240.23,137.63,196.8,-117.14,-235.56,-135.47,-29.455,-171.41,0,0
-0.61274,-0.54127,0.3113,-1.6696,35.279,129.75,-298.81,-5.8787,-158.43,119.56,-29.447,7.2156,9.9351,0,0
0,0,0,0,73.837,-42.42,91.519,135.5,1.6444,201.47,-163.91,127.53,2.145,0,0
-2.75,-2.8056,2.6716,5.6848,-18.452,-227.84,328.4,59.341,-37.826,-254.6,-102.29,132.87,22.096,0,0
0,0,0,0,-0.59567,-31.119,-130.19,200.22,20.548,-165.6,39.685,-96.155,36.084,0,0
-1.5,-0.96891,-1.2518,3.0407,65.494,-143.09,-0.25739,-158.19,193.32,157.39,-102.83,-157.56,-55.404,0,0
0,0,0,0,-11.756,102.74,-252.72,1.6734,-32.19,-435.19,281.7,-172.85,4.884,0,0
-8.8818e-016,-1.3323e-015,2.2204e-016,5.3291e-015,30.75,80.872,-172.02,-107.31,-158.69,162.2,80.464,-28.647,131.98,0,0
0,0,0,0,62.091,-84.432,8.7295,-46.091,231.89,-34.59,176.83,38.146,93.797,0,0
-19,-5.3253,8.317,48.882,-31.638,-8.8653,127.68,52.377,-51.364,73.339,-77.683,-46.155,-69.002,163.4,-13.579
-2.75,-2.8056,2.6716,5.6848,2.6943,64.842,134.14,278.93,-10.39,195.48,-46.657,-32.314,-67.013,0,0
16.75,7.6064,-23.508,-15.339,136.08,-261.41,162.61,-216.19,-149.67,-205.6,58.278,-56.58,28.168,0,0
12,-7.6454,-4.0394,39.996,-126.97,93.053,259.08,263.36,-155.96,38.637,144.13,48.756,21.684,0,0
12,-7.6454,-4.0394,39.996,-163.37,59.828,-102.46,95.695,-267.92,15.077,86.455,213.37,6.4363,0,0
3.3307e-016,-6.6613e-016,-1.5543e-015,1.3323e-015,-21.646,149.61,-200.59,80.462,71.805,122.73,143.97,30.591,85.852,0,0
0,0,0,0,-67.664,49.224,-16.712,6.6463,54.919,-59.192,234.16,-14.23,22.4,0,0
5.25,-7.9869,-0.52628,3.997,-42.926,130.03,13.732,28.278,57.355,-43.87,-97.77,213.44,80.571,0,0
-1.75,-6.6208,-11.752,-2.4103,59.398,134.89,41.58,-108.19,-33.271,27.227,15.419,25.019,-17.971,0,0
-19.615,-36.74,-13.964,219.02,-81.543,-116.97,114.53,-16.071,166.86,47.081,42.138,79.615,-11.173,0,0
0,0,0,0,2.5316,-60.892,199.21,-148.12,113.24,-177.54,86.492,-78.916,1.6429,0,0
0,0,0,0,-3.529,35.851,234.85,-20.174,-212.22,-166.94,-193.22,-22.481,197.16,122.08,-21.5
16.75,8.9772,-15.145,-53.048,130.2,-224.96,18.631,-6.052,40.74,299.84,168.45,-153.3,-94.746,0,0
20.292,-0.89447,4.5832,22.054,-36.377,-105.13,219.01,134.44,-64.676,-151.49,-434.1,-125.44,9.5822,0,0
9.2925,-6.6642,20.387,-21.046,76.599,-26.357,25.052,90.852,-78.611,-2.806,-269.44,-46.608,-152.82,-192.07,0.39952
11.25,2.0736,0.86603,4.9462,-19.423,20.164,270.2,48.354,-37.397,-48.326,-174.78,38.123,1.0646,0,0
-3,-4.1651,2.134,9.9724,-61.799,129.81,22.052,-203.45,15.794,-33.521,-110.64,-176.17,30.153,0,0
-15.912,-16.818,4.3352,-15.936,-56.727,230.73,104.45,126.68,-187.31,-122.73,-109.66,-226.77,-6.3146,0,0
11.25,-4.6699,1.4851,40.315,-241.57,90.809,217.47,-77.957,-129.6,52.92,-157.88,-158.12,-21.651,0,0
0,0,0,0,-73.631,86.194,126.01,-195.1,-168.19,-89.66,-197.69,-78.175,-12.637,0,0
11.25,-4.6699,1.4851,40.315,-140.5,246.23,115.8,-4.4649,-257.67,31.675,197.21,34.93,-110.45,0,0
12.042,-5.5792,24.165,-32.153,-104.69,104.7,133.35,-161.9,90.619,89.358,-154.77,-240.08,-14.63,0,0
0,0,0,0,-50.611,-96.739,45.517,173.4,160.19,-272.05,158.41,263.53,73.935,0,0
23.042,11.576,-16.355,-13.243,133.93,178.61,275.88,125.63,-68.84,45.545,-365.36,-6.7835,-1.2545,0,0
16.5,12.77,-3.8087,-10.821,-131.11,229.12,307.99,7.7668,-23.26,-39.891,-107.45,0.5601,-9.0042,0,0
0,0,0,0,29.667,-81.61,305.86,601.41,1.2453,-68.789,-138.91,-203.19,-9.8215,0,0
17.542,7.7167,-17.556,6.8415,42.046,96.933,310.79,305.71,163.07,-149.03,-116.47,-174.44,-48.67,0,0
-4.6618,-8.9703,15.438,-34.683,130.95,-27.32,188.25,-49.565,-222.69,-211.87,37.306,-236.09,-216.49,0,0
-0.45753,-8.9961,23.758,-61.938,48.83,170.57,430.53,133.27,18.087,185.33,-310.45,-35.506,-83.043,0,0
-10.051,-1.4776,-0.30561,-17.547,78.869,313.5,362.8,30.261,-125.57,-235.33,-321,-24.357,-96.461,-53.767,-8.4363
0,0,0,0,12.99,-159.37,-438.04,142.71,20.374,202.76,158.16,-17.767,-19.144,0,0
21.292,10.406,-18.812,10.792,17.668,263.64,395.29,363.51,-127.68,-295.14,-240.18,-230.25,-24.735,0,0
16.542,-1.5254,33.368,7.7614,59.135,-157.64,158.99,104.06,-53.785,-199.23,-206.69,-130.56,-141.73,-122.89,20.628
3.7925,11.762,3.6244,-22.258,174.25,279.66,480.11,-192.23,8.8586,29.883,-380.4,-412.67,-193.69,100.79,-17.35
18.792,10.532,2.5311,-54.77,131.56,-38.732,230.51,-69.656,-323.64,-181.16,-295,56.612,220.34,-210.07,2.5
3.3849,-4.2434,1.0333,20.922,39.998,-41.822,-35.052,-84.17,39.392,136.98,-45.959,105.29,7.509,0,0
-4.6151,-4.9085,-2.4357,16.76,0.61268,131.48,134.2,13.247,-139.27,95.187,65.392,-100.44,13.548,-2.2913,-0.6863
-16.632,7.8947,-10.498,-30.499,-70.988,7.3153,-311.83,-194.92,99.323,-137.47,139.25,-5.8707,40.304,0,0
-15.615,-9.9186,25.056,-6.4865,12.499,-34.032,-104.09,294.89,-175.99,73.109,69.442,161.14,-5.5789,0,0
-15.951,-16.856,4.3276,-98.055,-67.03,92.544,24.156,448.6,-261.33,157.03,-235.86,-152.99,76.582,0,0
-16.882,0.022114,-33.757,130.52,-54.079,236.01,-196.43,-0.52894,-94.606,-48.75,122.58,-226.19,-6.4175,-5.4462,-5.5
-2.25,9.3971,-6.9575,-54.794,109.18,47.786,-348.76,-90.311,64.415,167.28,-224.7,-136.8,-118.7,-90.47,-12.25
16.75,-1.8397,-5.6375,-48.085,31.052,21.34,147.99,184.84,-286.92,228.3,185.97,-27.6,6.3502,0,0
-16.75,-8.9772,15.145,53.048,-103.67,107.55,282.28,314.27,105.83,-275.44,-26.194,-234.56,-0.44615,0,0
-10.25,-17.843,21.384,47.666,93.505,80.653,-117.03,-101.44,-34.056,-86.549,56.203,84.008,-31.414,0,0
-12.113,-2.476,22.63,-36.951,-164.1,-18.074,50.904,-109.65,-323.99,0.73516,25.252,-71.38,-32.783,0,0
-21.115,-15.236,27.983,-13.046,-169.51,-319.34,87.142,-226.23,-64.61,308.93,26.523,239.39,-6.3595,0,0
-5.8651,-2.1357,15.177,20.919,-60.278,-87.231,-135.02,-335.92,220.26,138.11,-62.957,60.792,-10.494,0,0
4.25,1.1274,0.68958,35.97,-206.55,-104.27,-39.772,-65.914,58.74,-187.43,-132.63,81.04,4.174,0,0
7.3382,2.6492,-17.253,10.641,241.42,239.47,112.88,-191.01,17.03,-5.0367,-231.8,-172.67,-78.92,0,0
17.088,10.432,-27.132,38.047,112.84,231.42,98.303,91.586,130.27,214.31,-65.487,-45.24,-148.69,145.28,-6.442
17.042,4.1773,7.3385,-74.495,66.169,-42.656,-83.634,-22.593,-82.412,278.86,-59.982,-175.39,-109.83,-51.946,23.378
0,0,0,0,-7.3025,-0.5126,0.36588,-11.336,-78.392,227.74,190.48,25.267,-4.259,0,0
0,0,0,0,-4.4871,63.846,103.5,-49.657,-347.7,-1.5544,10.981,13.33,-27.669,0,0
7.3382,2.6492,-17.253,10.641,259.87,75.275,15.504,35.197,-103.38,-275.84,-62.919,-41.888,104.48,70.613,19.308
24.042,13.212,-21.484,5.1077,73.477,114.38,-118.2,7.9086,-33.456,-146.26,58.744,203.25,-233.62,-54.052,-15.525
-14,-9.2583,10.69,-42.123,-104.05,-179.13,-24.268,-72.186,156.95,-29.553,-176.11,86.4,-1.9743,0,0
-4.6618,-8.9703,15.438,-34.683,176.72,85.96,192.74,-45.27,-181.24,84.569,-192.29,325.7,-136.8,-54.052,-15.525
0,0,0,0,-44.78,-91.317,216.85,155.28,4.359,189.24,-145.95,-50.157,-21.223,0,0
10.5,-15.974,-1.0526,7.9939,-48.32,26.148,-121.05,-169.51,-61.082,65.722,-172.75,-102.31,-0.59599,0,0
-12,8.6029,0.93477,-24.601,109.1,126.87,31.928,180.41,84.373,-486.34,204.27,16.484,-75.337,0,0
0,0,0,0,2.4249,-43.024,131.71,-318.3,-50.699,58.45,-22.218,-38.562,5.7733,0,0
-17.75,-11.948,24.837,-35.612,-15.564,-17.627,228.19,58.821,22.981,162.73,259.04,317.03,6.4796,0,0
0,0,0,0,-81.011,74.157,182.24,-80.845,-92.086,58.385,-221.59,337.57,7.7946,0,0
9,7.4838,-16.453,57.051,-51.093,73.384,373.29,386.98,-424.31,-154.54,-141.83,52.706,-37.81,0,0
0,0,0,0,62.738,-22.822,250.25,-136.72,92.961,-203.57,50.807,159.58,20.614,0,0
0,0,0,0,70.363,-12.386,-156.65,276.06,19.077,-128.87,-125.98,16.353,0.70425,0,0
0,0,0,0,39.867,-329.12,-7.515,176.22,5.6216,-69.21,-113.97,96.956,9.8669,0,0
0,0,0,0,14.503,-189.53,-61.141,144.81,38.028,17.348,-170.93,-94.354,-28.332,0,0
-2.5,4.1896,7.701,-28.133,133.76,97.181,-152.41,73.672,30.707,8.2213,151.81,-79.477,18.207,0,0
0,0,0,0,4.735,-0.12614,-199.9,47.9,-69.216,-180.66,-114.21,45.109,-9.5155,0,0
0,0,0,0,22.678,-111.76,-133.14,-160.01,253.19,397.56,90.366,85.591,-9.2476,0,0
2.75,2.8056,-2.6716,-5.6848,47.342,-96.686,-13.287,308.22,-132.39,-83.499,-411.91,-34.658,64.569,0,0
0,0,0,0,-3.3224,-8.2217,-257.02,8.2395,164.23,5.5368,-74.426,-18.812,-6.6884,0,0
0,0,0,0,-0.72877,-14.242,75.471,-4.7275,-106.79,-101.05,213.62,20.462,-21.881,0,0
0,0,0,0,27.825,-170.96,93.399,308.79,75.11,-231.88,-11.585,-9.1899,4.7769,0,0
0,0,0,0,53.165,-62.379,219.51,-3.8499,-94.509,-39.236,-163.2,128.56,43.524,0,0
0.75,11.085,3.0998,-32.076,159.53,118.18,7.6569,-270.3,22.257,62.119,214.62,-115.69,-270.99,0,0
0,0,0,0,-41.937,-111.1,-102.98,437.8,378.99,-280.88,-178.52,-40.511,-237.25,0,0
0,0,0,0,-64.513,52.656,-166.97,-280.45,-372.38,95.095,199.93,231.82,212.49,0,0
0,0,0,0,-48.957,110.17,104.63,68.825,-255.32,21.191,-73.916,-215.61,-8.3624,0,0
0,0,0,0,35.968,61.294,154.2,233.93,21.721,94.415,-18.602,64.15,35.305,0,0
0,0,0,0,15.089,-197.06,51.206,11.011,31.907,-64.389,-62.731,-29.354,-215.12,0,0
-10.25,-7.3726,3.3415,-21.06,133.33,-267.36,-245.29,195.43,187.61,86.1,-71.699,74.996,-3.5523,-2.8644e-014,2.2204e-016
0,0,0,0,-58.795,98.206,247.9,51.746,-117.38,-241.93,-28.672,-39.542,-179.35,-101.87,30.5
11.542,2.6235,-8.933,-16.613,164.11,159,116.31,-43.404,-267.38,97.75,-158.66,125.69,-122,0,0
0,0,0,0,17.808,-165.49,-26.119,13.112,-139.78,53.651,156.99,96.992,10.41,0,0
0.25,-10.44,17.289,-2.7854,-97.445,-24.585,-147.02,96.319,146.13,36.091,-89.893,-199.33,129.85,75.303,13
-8.8818e-016,-6.6613e-016,-2.2204e-016,-7.9936e-015,9.8032,-335.82,-184.79,139.79,-4.7649,387.79,223.34,-63.464,194.85,-54.34,-34.75
0,0,0,0,1.6312,-24.024,88.356,-41.274,102.72,-455.29,-77.438,195.83,-21.768,0,0
-12,8.6029,0.93477,-24.601,192.83,-177.2,365.58,-193.42,-31.254,-79.114,-296.45,184.2,-85.171,74.656,27.25
-1.5,-0.96891,-1.2518,3.0407,59.329,-19.759,-373.61,-61.699,-67.236,42.973,345.78,32.95,45.857,-90.47,-12.25
-27.36,-11.769,-4.7048,4.981,119.33,-59.912,-372.83,58.935,-310.85,251.25,472.93,170,340.6,-12.935,-11.75
10.75,-7.1813,18.215,-140.75,51.505,-225.42,-20.255,291.46,-63.479,79.982,128.6,-102.93,101.47,-99.987,14.314
27,14.366,32.878,-111.85,-316.8,277.57,147.26,2.2275,-326.11,-402.06,287.28,171.74,128.12,0,0
-9.5,14.152,7.7566,14.948,253.42,-156.51,-57.998,220.39,33.574,-153.97,7.3704,120.33,-32.928,-53.767,-8.4363
0,0,0,0,-56.463,11.308,38.07,97.114,-267.26,-218.44,45.083,-76.162,-32.246,0,0
-6.75,-3.2172,-32.961,12.257,-26.161,-71.89,-75.4,-76.315,-76.906,265.38,61.897,19.262,-7.2153,0,0
9.75,10.821,-14.209,0.91987,22.345,-205.94,171.82,21.561,-71.58,-85.728,-24.786,-230.6,-13.538,0,0
-7.7075,14.72,42.412,-90.864,-37.032,205.7,-64.681,-11.12,454.16,151.98,73.337,46.449,-13.371,122.08,-21.5
13,1.951,13.237,42.725,-268.69,9.0991,341.08,278.96,-540.18,-197.13,-102.02,218.38,-65.337,0,0
-4.6151,-0.25,0.32268,-23.376,59.725,-240.89,-130.02,-243.78,54.443,364.06,0.33824,114.91,-0.72756,0,0
13.338,-6.2234,0.10136,-15.295,4.3939,-8.9347,123.19,-314.03,324.09,-140.18,-15.713,-316.37,-104.14,0,0
11.338,13.218,-21.065,15.44,170.41,119.05,193.99,136.5,-190.03,-291.84,-119.41,-250.37,-174.09,0,0
25.542,16.545,-0.71058,-29.082,-20.925,192.54,43.302,41.598,45.528,32.54,-52.218,-184.4,-93.672,-51.946,23.378
-14.951,-4.9264,-26.372,167.17,51.138,162.87,192.7,13.001,0.92043,-89.405,-147.57,-174.21,-215.43,-14.91,-8
8.549,28.654,-15.235,146.97,-45.94,236.51,107.59,-128.85,-60.432,-1.9563,-4.5543,-255.05,16.117,48.837,-24.936
11.25,-4.6699,1.4851,40.315,-179.83,-38.292,-30.021,-187.07,21.649,153.6,45.986,-135.57,-82.363,0,0
6.5,-6.366,5.0556,9.803,-193.35,-92.236,34.663,-56.037,148.63,494.33,25.948,119.48,115.7,0,0
8.25,-5.4019,3.8595,0.27452,51.298,-330.96,218.36,28.501,74.888,48.12,217.44,-103.66,-351.81,-53.767,-8.4363
0.75,-9.2631,4.5311,11.396,-166.1,-250.88,-276.87,348.08,-139.66,-80.588,245.94,74.597,124.07,209.51,3.25
-4.7075,-8.3914,12.196,-25.167,100.65,170.29,115.01,-67.05,-101.55,-98.44,-373.77,-143.66,-16.901,0,0
-16.75,1.8397,5.6375,48.085,-61.948,-128.9,-100.82,-131.28,-190.83,-115.9,-33.566,-1.8769,99.179,209.51,3.25
0,0,0,0,66.625,22.328,141.33,86.215,-219.87,-239.75,-61.634,-182.9,87.583,0,0
0,0,0,0,-18.443,-197.41,-178.52,77.797,-36.467,-104.97,63.968,57.712,-5.4731,0,0
0,0,0,0,-21.733,159.29,18.069,59.063,-264.99,259.98,-1.8733,168.03,-23.975,0,0
0,0,0,0,5.1582,28.872,112.25,202.68,36.045,-237.53,-87.566,33.137,-39.65,0,0
0,0,0,0,-22.01,88.993,-169.6,-18.106,-6.6355,185.44,252.35,-7.4527,1.9127,0,0
0,0,0,0,23.856,-84.125,-208.18,-38.653,-412.12,275.81,339.77,51.019,59.615,0,0
0,0,0,0,22.271,-138.22,-200.73,-376.51,-314.31,-235.98,-0.87906,259.19,-3.1797,0,0
0,0,0,0,-5.8337,-13.695,142.59,-290.47,-197.07,201.8,-66.435,-61.943,16.877,0,0
0,0,0,0,4.6095,22,87.3,-162.15,89.702,-95.46,245.65,64.89,0.70994,0,0
0,0,0,0,-70.327,40.362,-106.57,218.95,172.43,-89.908,91.576,-52.976,20.169,0,0
0,0,0,0,-5.6657,-16.765,127.57,132.45,99.783,70.713,28.903,-191.27,83.836,0,0
0,0,0,0,-7.861,-47.666,-136.08,88.383,60.834,-314.75,140.18,33.376,45.434,0,0
0,0,0,0,-12.054,29.985,-181.81,-286.58,118.69,123.61,113.48,266.1,-6.7443,0,0
7.3382,2.6492,-17.253,10.641,280.3,-26.245,-46.964,250.89,-182.71,53.661,-45.457,-119.19,-106.78,-191.1,-8.5245
11.542,2.6235,-8.933,-16.613,109.06,268.19,179.42,-223.74,-272.03,-27.934,-40.774,-16.803,-269.16,-54.052,-15.525
0,0,0,0,-29.195,163.18,-80.132,31.346,144.52,-13.315,-12.801,1.3917,-6.0458,0,0
10.25,23.074,16.709,-45.204,-90.59,-287.51,-105.73,-199.03,178.95,5.865,150.08,-10.059,281.26,96.757,-17.445
-15.167,1.4576,60.246,-173.12,126.49,338.32,287.47,456.06,501.46,190.06,-170.4,126.02,116.34,0,0
0,0,0,0,18.236,-99.078,243.8,27.324,25.288,47.845,-170.57,-177.39,24.831,0,0
0,0,0,0,-38.759,150.14,-88.527,52.987,256,89.553,196.9,76.232,153.18,0,0
0,0,0,0,-9.712,-18.43,-319.39,-221.37,144.31,12.344,-170.03,33.252,-25.438,0,0
-2.4118,-2.6091,8.9201,-20.199,31.765,64.057,445.98,-287.6,91.882,-35.498,-323.44,151.94,-4.567,0,0
0,0,0,0,30.618,114.63,236.85,-309.66,-180.51,48.703,-343.37,-0.47316,93.652,0,0
0,0,0,0,-12.657,54.226,-7.1183,-167.17,-145.69,43.447,-11.598,-4.7877,-4.029,0,0
38.507,16.119,21.631,-42.922,133.44,19.914,245.04,-105.75,-133.59,35.133,-79.592,-198.41,-197.62,-74.192,-3.25
