-7.7942,2.3792,-29.807,110.19,-270.98,16.919,159.61,-122.11,-35.119,-201.29,85.241,165.46,-436.1,0,0
0,0,0,0,-47.017,191.36,-288.46,-25.99,-453.87,346.26,-564.89,-31.299,-25.097,0,0
6.0622,9.6585,-0.098076,39.007,-669.6,352.02,153.25,-133.68,-312.88,420.65,-7.495,-232.97,-26.105,0,0
0,0,0,0,-410.05,389.23,-17.13,407.54,-155.43,72.598,101.1,-93.356,-23.602,0,0
0,0,0,0,-391.76,14.373,562.95,-442.72,758.96,-336.34,51.771,66.602,-75.616,0,0
-2.1594,3.2141,-10.452,-98.186,-10.609,-167.87,-272.94,943.34,-690.93,371.7,74.673,-170.81,-25.392,0,0
5.1962,-3.9282,-9.4264,230.82,9.0494,-175.36,21.016,-10.992,293.95,777.26,78.204,-130.67,-27.138,0,0
4.8792,1.6956,-5.5257,316.29,150.45,525.34,-113.56,244.16,-206.18,183.93,151.03,-133.96,32.682,-240.13,-5.8032
2.1651,10.141,-3.2386,-354.7,-172.42,-177.34,-76.236,65.445,317.51,662.78,86.367,-88.179,-72.389,0,0
23.388,9.9558,-6.1349,261.86,136.57,-153.59,-423.77,138.6,463.47,26.003,191.19,-445.18,-18.635,0,0
3.0311,6.5,3,-329.38,-29.771,314.01,293.6,-148.32,47.155,-312.35,-237.52,4.1286,-24.473,0,0
-1.7321,1.4821,9.1405,-838.07,401.33,356.08,-142.28,-58.694,-101.36,67.768,-22.471,29.263,-109.82,0,0
3.0311,6.5,3,-329.38,147.23,336.36,237.18,144.08,-74.853,468.21,65.221,-113.17,-65.34,0,0
0,0,0,0,-429.13,258.91,631.89,-324.3,-62.303,33.96,-214.57,-86.361,-25.206,0,0
0,0,0,0,-464.01,-35.044,121.38,-481.89,418.37,589.25,-238.35,152.65,-94.528,0,0
0,0,0,0,-189.92,-87.138,59.222,-119.93,283.94,308.71,-731.83,-4.7063,-27.631,0,0
-2.5981,5.2745,-172.97,141.7,2.1188,241.82,-74.122,-116.38,-269.43,-74.266,95.814,-490.55,-26.245,0,0
-8.09,3.9294,-9.8914,-247.97,-434.22,305.01,-127.35,42.104,365.43,-58.266,-125.76,-156.6,-63.435,0,0
0,0,0,0,-148.58,470.95,115.85,-380.21,558.91,-112.1,-11.13,-15.062,-170.31,0,0
-14.152,-1.631,6.8047,-568.12,-21.333,-25.983,442.79,-104.26,70.41,71.926,519.51,187.81,-115.61,0,0
4.8792,1.6956,-5.5257,316.29,-106.48,354.1,369.47,-42.283,71.448,185.95,-141.12,-139.89,-23.861,0,0
0,0,0,0,-65.582,105.53,176.51,-517.44,342.87,284.11,-44.592,351.28,-144.63,0,0
0,0,0,0,-258.17,-78.869,220.88,-233.08,120.62,829.85,-513.32,-29.484,-25.758,0,0
0,0,0,0,-264.7,374.86,434.55,-327.29,-160.38,516.22,-687.69,-3.0849,-21.616,0,0
0,0,0,0,-350.54,88.948,335.18,77.369,-22.805,541.49,-100.67,-358.64,-25.948,0,0
-22.084,-3.6077,2.5736,-180.38,-8.2836,590.49,63.607,-55.708,-17.104,284.74,-151.5,-440.24,-29.932,0,0
6.0311,-268.94,100.42,-90.854,-8.324,104.5,-66.75,-11.426,-149.02,-164.16,72.203,248.79,-145.79,0,0
0,0,0,0,10.132,324.3,154.21,-429.05,534.46,88.271,-367.03,0.25809,-21.902,0,0
0,0,0,0,3.0581,-832.56,411.18,-777.09,72.993,329.01,360.58,-284.01,-14.463,0,0
16.454,-15.796,-523,201.39,219.88,-13.552,-369.13,19.012,92.372,-108.58,229.96,-58.219,-217.38,-26.665,6.3522
0,0,0,0,-393.64,304.53,536.16,-508.69,219.01,373.19,-205.03,-2.7877,-25.556,0,0
-9.8433,-15.84,-7.4342,-118.61,154.34,299.57,-4.479,50.047,-137.02,-328.81,304.93,-332.54,-15.556,0,0
3.8971,5.683,9.6405,-391.83,47.449,538.47,273.42,-306.19,-177.75,225.37,476.9,-180.65,-24.667,0,0
0,0,0,0,-794.78,246.75,229.57,60.048,254.26,306.67,-357.15,250.82,-214.76,0,0
18.625,15.261,-4.1349,-393.45,113.57,-492.24,259.04,-56.157,257.6,148.03,-3.7388,217.34,-85.429,0,0
16.893,4.6633,-2.7623,366.3,354.71,-449.55,-56.387,307.73,57.86,254.17,-41.096,-468.97,-25.007,0,0
-18.187,-6.7728,1.5,-169.5,17.946,237.38,494.23,-160.76,342.18,187.72,-222.93,-35.682,-27.074,0,0
15.594,-9.9234,-107.78,57.434,-419.81,285.71,-20.029,230.59,-23.986,-392.1,5.1015,-21.818,-192.51,0,0
0.86603,5.866,3.4085,-573.32,-216.02,394.3,75.048,-31.55,46.87,476.83,-87.504,-37.035,-66.377,165.41,-298.17
0,0,0,0,21.874,96.443,462.06,287.01,-340.6,161.34,-689.82,13.918,-23.449,0,0
-11.258,-1.6878,3.3415,-502.31,-159.62,-101.37,252.07,-331.41,164.2,410.99,153.59,-117.88,-31.985,0,0
2.5981,8.5736,15.415,-86.231,-46.311,503.05,328.35,-487.07,457.55,15.258,-288.81,-264.81,-25.737,0,0
6.1782,10.733,8.0592,274.22,-3.9567,-212.15,288.23,-153.82,-208.04,872.9,-144.24,-478.03,-20.434,0,0
2.1863,8.2276,-340.63,274.79,-97.14,-217.85,132.65,-83.462,40.645,563.13,-68.356,63.157,297.21,-100.16,-1.5523
3.0311,6.5,3,-329.38,186.96,22.873,331.9,770.88,-396.92,28.617,211.43,-319.55,-14.325,0,0
6.9282,18.324,13.958,-213.56,-355.29,249.97,435.42,-277.38,-70.488,189.78,160.16,7.0224,144.82,-65.605,-3.0311
4.7207,19.789,172.23,83.432,-266.79,420.4,389.96,-245.38,-291.81,57.066,227.03,274.85,-275.41,0,0
0,0,0,0,-433.52,-374.72,335.69,107.95,83.025,-129.83,-57.788,-38.196,-23.921,0,0
0,0,0,0,67.172,76.642,113.78,28.553,-272.52,153.67,-477.55,-384.44,-20.993,0,0
21.73,15.51,-9.0302,-377.82,56.606,271.12,141.41,77.307,-197.77,448.32,42.562,111.63,-98.779,0,0
2.2288,19.83,-294.83,106.59,65.423,-480.86,31.085,179.82,-105,-359.8,196.89,-233.45,-52.302,0,0
0,0,0,0,-61.939,-675.93,697.95,-463.88,-279.2,432.1,-270.3,-105.22,-28.246,0,0
-6.9282,-9.7321,-5.8104,6.5305,-264.88,411.08,105.51,-222.59,-13.518,172.82,-374.01,330.97,-139.46,0,0
0,0,0,0,1.4629,401.06,-1.1914,179.85,121.33,-224.25,280.15,-303.08,-19.84,0,0
0,0,0,0,-299.39,526.69,18.045,-474.35,73.802,-306.13,333.57,-482.34,-26.926,0,0
1.8481,29.601,111,227.2,221,75.092,154.15,451.1,-170.65,16.984,-55.867,-219.53,-94.691,0,0
0,0,0,0,10.217,-304.17,276.92,-733.05,591.47,14.046,-256.53,-8.4028,-22.087,0,0
3.8971,5.683,9.6405,-391.83,-321.92,495.18,287.89,-237.07,16.031,-1.1601,-171.9,-94.968,-23.263,0,0
0,0,0,0,-501.88,444.79,213.88,-67.84,477.18,-97.788,280.29,-138.3,-26.527,0,0
0,0,0,0,-840.17,200.65,217.84,-327.09,305,671.21,-267.96,30.133,-20.943,0,0
0,0,0,0,-394.31,-588.57,629.78,-413.37,136.9,722.12,-274.86,-14.862,-21.156,0,0
2.1651,10.141,-3.2386,-354.7,54.596,54.674,268.73,-341.56,-43.247,838.46,-243.82,-75.579,-22.35,0,0
1.299,-6.8546,-9.567,14.644,102.95,299.01,40.818,-143.92,-7.7615,501.21,43.382,-492.68,-23.853,0,0
0,0,0,0,-245.37,-84.282,550.56,-670.93,294.86,391.1,-15.885,-106.79,-25.741,0,0
-7.9527,17.133,161.72,-40.826,259.07,-113.28,345.96,-259.97,156.61,589.15,454.26,-412.05,-29.356,0,0
0,0,0,0,26.125,170.99,471.8,-531.87,118.69,-162.79,-392.69,-7.1361,-20.029,0,0
0,0,0,0,330.24,437.17,-278.41,-17.96,53.64,-418.9,-361.89,18.248,-18.427,0,0
-4.3301,2.2631,10.025,-388.62,-171.85,395.85,94.891,77.705,25.014,-252.76,-46.396,58.26,23.847,-70.434,-0.86603
-4.3301,2.2631,10.025,-388.62,18.639,181.4,164.81,20.062,83.525,419.26,-122.93,173,-113.42,0,0
0,0,0,0,-500.66,85.263,503.14,-204.67,55.092,239.17,70.722,-33.481,-20.965,0,0
0,0,0,0,34.19,-1267,657.38,203.25,575.61,-289.73,246.78,-106.24,-19.928,0,0
0,0,0,0,-332.54,94.753,514.28,-502.62,617.12,-445.72,-72.379,-16.282,-15.26,0,0
0,0,0,0,-328.68,182.49,344.79,-306.19,-108.9,99.041,-318.84,-45.419,-30.606,0,0
-4.3301,-6.5311,-14.933,-580.65,211.49,-26.764,-195.27,-105.5,-2.0332,-217.85,-392.56,421.78,-380.59,0,0
0,0,0,0,-834.66,398.36,225.65,-25.45,600.29,-202.45,167.21,-108.93,-20.518,0,0
2.5981,3.201,-9.1226,-587.18,297.36,71.666,255.12,44.473,-9.4842,-43.733,-387.02,-17.811,65.556,169.82,-234.78
0,0,0,0,19.524,-104.53,254.65,-610.46,467.32,-636.52,148.45,-12.686,-227.88,0,0
-1.5155,-9.2721,-442.15,-220.7,316.27,-235.46,71.822,-152.98,30.737,106.11,4.1218,-222.17,-116.13,0,0
0,0,0,0,278.95,-72.596,50.989,-63.724,281.45,25.054,-361.24,-517.04,-17.502,0,0
-4.3301,2.2631,10.025,-388.62,-214.02,288.01,102.98,-171.9,-98.929,-37.368,274.42,-66.585,-160.07,147.39,-226.03
0.43301,9.5131,7.6699,129.56,-123.86,398.35,101.4,1.3245,93.128,243.06,-156.75,-153.96,-26.16,0,0
-11.581,-22.936,-484.28,-47.188,92.784,-38.284,-50.327,-32.412,-130.68,337.46,444.93,-153.37,240.55,-93.752,5.1962
-9.0933,-8.451,-476.66,205.21,28.354,-3.7712,160,-20.725,-72.123,-15.558,16.293,543.59,-248.19,0,0
0,0,0,0,-165.65,53.893,180.89,-512.02,-35.42,696.5,-461.12,30.545,-32.443,0,0
3.4641,1.7434,3.9641,-189.14,106.57,380.64,-19.015,-84.615,142.99,-51.024,239.21,-334.04,-17.519,0,0
0,0,0,0,183.4,-413.07,255.69,362.04,-386.96,525.8,-578.88,-15.405,-26.855,0,0
0,0,0,0,-318.16,427.88,-823.66,491,-192.64,719.1,-354.52,0.34922,-27.27,0,0
8.465,13.528,-608.07,118.98,260.94,246.52,-79.435,222.2,636.69,-157.01,46.038,273.93,62.859,-97.134,3.0311
0,0,0,0,21.571,-140.02,-1.9514,574.27,48.49,-25.377,119.51,-321.85,-20.18,0,0
-13.719,-7.6687,-9.4028,-491.03,317.43,-102.15,144.18,-73.358,7.5462,97.264,257.84,-53.551,-233.7,0,0
-21.946,7.6453,-331.89,97.098,70.797,-517.67,200.24,-125.16,234.4,232.5,185.78,-112.86,-22.308,0,0
-3.9976,-276.11,3.4011,44.91,-154.77,137.75,376.91,20.094,-125.18,-266.15,403.57,-185.06,-99.524,0,0
8.7975,9.8873,1.6262,314.33,-355,31.508,-51.573,-197.46,199.52,307.51,-12.339,-382.67,-26.25,0,0
-22.992,9.4312,0.79696,-533.25,496.71,47.137,293.85,-67.258,-11.871,-22.913,30.115,-80.574,-25.265,0,0
0,0,0,0,-155.65,279.6,-1114.9,391.49,-971.8,-14.344,-50.545,-51.683,43.123,-47.003,-1.7321
0,0,0,0,-2.2677,363.43,20.781,-51.366,397.13,-176.13,-7.1968,84.154,-231.05,0,0
0,0,0,0,-588.63,168.6,536.12,-500.9,414.5,-406.76,369.81,-152.4,-20.676,0,0
3.0311,6.5,3,-329.38,-107.31,211.47,-291.54,-155.37,385.12,-41.881,156.75,-29.914,-67.625,0,0
0,0,0,0,165.26,-341.08,238.75,-50.411,-187.48,455.95,-574.16,-246.83,-21.818,0,0
0,0,0,0,-244.68,261.42,-199.93,106.06,57.834,284.45,-47.071,142.68,-77.65,0,0
0,0,0,0,164.82,-534.59,446.3,-262.11,236.05,621.11,-258.01,107.21,-134.78,0,0
-5.1962,8.6962,3.5,-352.25,191.3,-516.11,29.15,-80.551,95.969,233.9,-267.56,-35.877,-23.486,0,0
0,0,0,0,120.77,-214.13,385.99,119.56,454.51,-209.48,-268.16,-13.274,-18.69,0,0
0,0,0,0,657.85,612.31,-103.58,-19.547,2.8853,-142.48,42.121,-481.61,-24.908,0,0
13.429,8.1274,-6.7264,-308,-26.089,-80.773,-34.188,385.01,85.446,310.53,148.93,-124.43,-28.678,0,0
0,0,0,0,41.967,-721.37,437.16,-291.8,79.499,-301.4,-266.91,-3.3902,-21.576,0,0
0,0,0,0,-665.18,465.74,126.39,124.71,85.159,339.51,-372.09,-84.476,-22.87,0,0
-4.3301,2.2631,10.025,-388.62,131.47,-86.673,33.486,-84.282,-166.19,-12.243,-3.9662,93.932,90.364,134.39,-229.18
0,0,0,0,-1015.7,270.32,-27.704,-114.07,151.18,-29.545,166.98,-122.79,-24.689,0,0
2.1651,10.141,-3.2386,-354.7,-27.845,48.12,388.87,-283.52,173.05,284.24,-318.45,-72.735,-24.58,0,0
5.1962,14.013,-76.615,247.4,-18.708,17.77,422.18,51.855,52.095,-158.01,166.37,-405.82,-15.609,0,0
-1.3323e-015,11.94,-11.886,2.0213,245.27,379.49,-256.07,-176.23,83.699,-196.65,206.38,-71.588,-240.39,0,0
4.3301,29.959,9.6567,144.83,103.45,108.32,139.22,197.24,-116.83,39.647,536.85,-199.05,-34.172,0,0
9.532,6.4934,-254.43,112.84,-15.414,-124.14,-456.17,201.84,176.08,-107.94,148.13,-313.09,135.57,-46.454,1.3323e-015
0,0,0,0,0.76007,-137.01,99.666,500.56,-401.62,186.05,102.81,-297.63,-14.545,0,0
13.429,24.683,-8.5254,-215.93,259.12,-26.569,-115.42,170.56,45.171,136.21,-161.78,-48.488,131.99,-483.68,-1.7321
0,0,0,0,-677.45,324.28,322.74,-185.48,138.35,576.89,-521.99,56.729,-168.5,0,0
2.1651,10.141,-3.2386,-354.7,69.612,-349.06,27.966,30.405,253.09,-295.99,117.6,-421.36,-22.862,0,0
0,0,0,0,15.519,-1088.3,383.27,455.76,-59.355,-274.83,-142.22,-41.646,-19.504,0,0
-4.3301,2.2631,10.025,-388.62,262.67,-284.77,-527.63,262.57,-166.82,-79.272,365.42,-247.59,-67.887,0,0
0,0,0,0,186.29,673.72,94.552,74.539,158.69,256,-412.23,24.259,-27.824,0,0
-5.1962,8.6962,3.5,-352.25,79.842,92.555,278.34,409.59,-59.748,-153.09,43.215,-154.1,-63.051,0,0
0,0,0,0,134.46,-379.9,204.41,-227.71,91.406,224.31,-554.52,-176.63,-30.679,0,0
-5.6292,-4.7925,0.70753,-247.55,8.6699,203.74,91.079,-213.3,434.51,282.77,-144.47,-136.4,-28.013,0,0
0,0,0,0,-812.4,508.1,300.72,-235.96,77.078,24.042,-121.17,-151.13,-23.398,0,0
-17.278,-7.265,0.15521,-416.92,-88.244,345.26,-136.04,-136.36,-15.881,-40.067,-275.72,440.13,-154.57,0,0
0,0,0,0,-322.09,632.95,-196.46,284.95,47.829,407.15,-80.675,-310.6,-28.32,0,0
12.484,9.3672,-3.1124,293.38,8.201,491.45,17.074,-272.99,318.89,-11.234,-52.475,33.817,-312.32,0,0
3.4641,17.647,2.0114,53.246,20.689,97.956,212.22,-66.094,-8.3999,159.11,-164.24,-91.572,-27.19,0,0
0,0,0,0,-76.644,363.58,102.57,-201.51,-245.34,388.84,-569.08,-15.411,-23.453,0,0
0,0,0,0,-228.46,72.096,463.9,-343.82,371.86,-122.87,-282.99,-25.408,-24.975,0,0
0,0,0,0,-445.62,81.413,397.94,179.31,100.49,135.42,-359.65,155.59,-72.465,0,0
0,0,0,0,548.31,4.3253,-146.83,-210.05,516.74,358.5,-59.52,-386.75,-27.782,0,0
0,0,0,0,-52.686,-301.6,4.0806,-294.36,61.546,723.06,-97.45,-156.89,-29.108,0,0
-27.576,-9.0934,-5.2395,-290.36,150.78,369.35,50.179,-53.609,-258.2,234.4,75.844,153.41,170.43,-160.81,-15.155
0,0,0,0,-644.12,448.95,-364.02,-77.123,-251.16,671.12,-340.23,-106.54,-30.576,0,0
0.43301,9.5131,7.6699,129.56,-47.857,133.06,303.49,247.93,195.19,-115.3,528.92,-168.95,174.63,-68.55,-1.299
0,0,0,0,20.796,-1025,506.38,-140.48,373.86,-324.47,-196.94,-11.168,-21.069,0,0
0,0,0,0,-470.94,84.764,341.13,-339.93,-37.416,355.74,-184.76,-69.06,-26.891,0,0
-20.785,1.7649,16.299,-221.25,360.31,579.05,-49.71,203.01,-175.02,1.5343,-81.091,-262.74,53.123,-226.63,-9.0933
0,0,0,0,-398.86,57.448,834.71,-494.9,113.46,361.77,12.059,-69.794,-24.146,0,0
0,0,0,0,37.951,104.3,516.53,-318.51,105.19,23.087,-651.07,-10.712,-22.348,0,0
-5.1962,2.8301,-7.6962,-385.56,505.1,-341.63,243.91,209.86,241.55,29.252,346.59,-169.29,-28.638,0,0
0,0,0,0,-651.91,199.71,128.98,-365.41,279.04,192.52,-148.95,-51.402,-17.834,0,0
3.0311,6.5,3,-329.38,-162.16,459.75,53.42,-407.63,343.43,601.42,-314.38,140.38,-256.17,0,0
-5.6292,-4.7925,0.70753,-247.55,108,357.53,396.2,107.39,-84.228,296.92,252.39,-123.81,-19.491,0,0
0,0,0,0,-10.203,283.93,-563.31,145.15,818.95,-132.05,189.33,-314.01,-12.888,0,0
-2.1651,-0.63397,0.40849,-243.93,-28.919,73.288,518.6,-59.967,371.48,-327.22,154.77,-78.164,-27.323,0,0
3.8971,5.683,9.6405,-391.83,39.435,99.764,561.16,-241.73,-241.26,306.2,66.397,-104.76,-24.866,0,0
3.8971,5.683,9.6405,-391.83,57.714,83.211,449.22,227.89,64.042,153.29,81.921,-70.01,-86.936,0,0
-0.43301,-18.459,-5.0391,-11.444,395.18,245.51,-129.55,-248.75,97.895,82.752,-84.712,-36.181,-175.4,0,0
-5.1962,9.4216,-4.3905,177.51,53.404,-12.344,-188.67,32.083,-250.49,104.52,409.97,-520.94,-22.954,0,0
0,0,0,0,-81.26,484.02,155.44,-30.494,13.685,281.97,-112.5,-64.129,-23.529,0,0
-8.6603,3.2452,-8.2518,-139.07,117.37,-98.12,384.62,215,-433.59,388.88,-187.58,-332.73,-25.706,0,0
5.7664,22.425,-0.52091,178.82,150.78,48.688,139.55,296.08,-260.74,703.18,-84.039,-262.15,-26.906,0,0
0,0,0,0,6.9641,533.54,50.654,-155.44,100.46,277.71,-348.16,14.638,-23.973,0,0
0,0,0,0,144.2,-67.458,-497.06,438.7,-685.14,42.191,41.922,459.68,-319.74,0,0
-22.084,-3.6077,2.5736,-180.38,-298.62,-410.92,403.35,-507.82,206.99,522.14,10.878,-336.27,-24.175,0,0
0,0,0,0,-418.74,-104.33,683.52,-415.37,553.42,206.35,167.29,-79.873,-24.69,0,0
15.821,-1.6211,74.986,162.34,40.409,102.46,320.75,-227.23,-92.897,413.76,448.71,-523.69,-26.389,0,0
0,0,0,0,-292.54,702.25,273.94,-374.81,46.393,563.56,-16.792,-160.37,-27.016,0,0
0,0,0,0,11.179,-922.44,516.92,-745.08,632.57,497.73,-516.96,-23.118,-19.545,0,0
-7.3612,3.4216,-338.27,69.331,35.048,-310.48,95.145,144.83,2.0284,205.45,-60.971,58.962,274.2,-87.776,-8.9617
0,0,0,0,-1098.4,462.03,629.29,-336.63,-276.62,160.15,351.69,-172.47,-21.241,0,0
-17.278,-7.265,0.15521,-416.92,-85.215,-311.45,-141.61,129,-18.424,679.11,-705.15,37.829,-33.012,0,0
0,0,0,0,-332.06,123.45,-136.12,-2.2015,25.616,-203.77,110.42,44.218,-83.709,0,0
0,0,0,0,236.16,218.28,338.67,-266.25,356.76,-380.35,122.21,-164.67,-22.838,0,0
-10.392,-4.5359,-14.879,-518.51,-469.94,410.89,-76.985,-5.702,-185.44,149.58,260.39,-149.25,-27.078,0,0
2.1651,10.141,-3.2386,-354.7,-172.72,301.48,-208.67,-160.69,284.47,146.46,133.21,-349.84,-20.677,0,0
0,0,0,0,121.34,-162.78,71.735,257.84,-90.206,-107.91,-95.564,20.43,-240.04,0,0
-17.321,-9.0293,-0.67644,-182.56,-6.4415,400.11,11.8,-106.14,-173.66,308.16,83.301,50.06,-95.704,0,0
0,0,0,0,-323.82,75.788,449.42,41.481,409.71,-386.88,110.76,-32.609,-25.837,0,0
0,0,0,0,-588.37,166.97,410.06,-330.7,86.785,406.23,-52.253,-198.28,-23.068,0,0
0,0,0,0,-336.62,172.84,314.65,243.61,-882.64,-40.303,-103.15,-12.988,-36.302,0,0
-0.43301,7.9462,19.665,-780.45,430.4,-71.326,-193.84,72.252,-181.85,97.679,-381.46,336.81,-525.17,0,0
0,0,0,0,42.693,-29.864,-185.06,-196.94,-88.083,377.05,-166.87,-221.29,-150.16,0,0
0,0,0,0,15.426,-112.43,-299.53,-252.34,148.55,-115.67,12.024,-217.95,-24.878,0,0
0,0,0,0,-256.87,476.64,-516.4,79.712,218.57,100.78,-14.851,71.836,-196.5,0,0
0,0,0,0,-414.7,336.81,296.99,-411.81,63.154,458.25,-723.52,13.425,-28.65,0,0
0,0,0,0,-410.43,-332.15,389.79,-189.82,-313.34,374.48,-619.67,-0.56907,-27.643,0,0
0,0,0,0,-594.53,175.37,224.54,-283.98,-325.07,400.33,-265.35,-100.97,-24.041,0,0
0,0,0,0,-656.38,237.68,251.21,-257.66,389.88,-172.52,47.179,-53.264,-24.512,0,0
2.1651,10.141,-3.2386,-354.7,82.276,143.44,232.6,-290.29,304.5,-231.16,-30.299,227.29,-97.926,0,0
1.9118,20.89,-141.94,-358.27,208.1,199.92,-480.17,-43.251,8.4311,-243.36,-66.407,301.41,-448.37,0,0
-36.236,-14.087,-1.3358,-345.79,332.13,209.19,173.97,-197.63,9.2047,-232.07,-142.61,-71.43,107.84,-46.454,1.3323e-015
0,0,0,0,46.718,299.27,103.81,6.5032,77.746,-383.8,-115.32,-100.13,-24.06,0,0
0,0,0,0,34.776,-221.53,223.66,276.68,-386.32,42.067,146.57,-333.66,-23.08,0,0
2.1651,10.141,-3.2386,-354.7,264.66,251.23,-164.92,-423.76,-1.2882,179.41,-182.07,27.985,-89.861,0,0
0,0,0,0,-507.59,210.31,-5.9985,-121.38,-186.58,249.04,-219.99,-76.777,-22.797,0,0
0,0,0,0,-441.46,226.34,290.84,-241.09,-216.64,90.067,9.731,-229.24,-71.069,0,0
0,0,0,0,257.13,758.78,-98.897,-397.5,-174.51,126.38,-396.74,144.85,-335.92,0,0
0,0,0,0,-119.17,508.23,-530.2,-198.21,95.157,-255.98,135.45,-170.76,-36.682,-264.11,6.2207
0,0,0,0,65.562,-94.327,311.54,-381.82,681.34,321.84,-573.17,1.1968,-23.897,0,0
0,0,0,0,-168.23,403.2,641.3,-265.89,-8.7814,5.5173,-384.12,6.9171,-21.934,0,0
0,0,0,0,-311.21,140.65,609.35,-272.12,397.66,221.37,-171.16,-23.904,-46.176,0,0
0,0,0,0,43.232,494.59,47.496,-141.83,731.1,-297.97,-328.69,21.807,-18.376,0,0
-7.3612,-7.7075,-342.24,141.48,167.92,-359.21,-55.851,280.04,332.08,-2.0008,-366.64,378.95,-528.54,0,0
0,0,0,0,61.285,-126.97,7.7198,-526.01,438.28,605.25,-261.52,-264.11,-21.726,0,0
-14.152,1.668,-319.59,-99.502,-635.35,249.09,5.3388,22.177,12.355,-291.9,308.13,417.18,-229.22,-52.361,-4.3301
-11.258,-1.6878,3.3415,-502.31,263.64,-945.73,102.93,450.21,-94.488,-43.31,245.13,295.63,-138.11,0,0
0,0,0,0,-473.42,133.69,-4.9891,-293.69,438.07,744.04,-354.58,-34.453,-25.534,0,0
25.553,20.005,-14.19,-135.74,67.311,74.927,-567.9,373.89,580.31,80.81,-149.1,-59.293,-23.807,0,0
-5.1962,8.6962,3.5,-352.25,153.56,113.73,-574.43,549.27,-361.65,74.278,-147.77,-49.557,-15.899,0,0
0,0,0,0,95.709,39.691,719.68,-119.19,510.92,481.04,-195.99,128.32,-190.71,0,0
0,0,0,0,31.853,474.45,18.628,195.2,-478.68,-12.004,-91.326,-151.83,-10.912,0,0
0,0,0,0,86.031,-275.57,441.29,-92.738,161.31,384.4,-127.94,-207.72,-26.543,0,0
3.8971,5.683,9.6405,-391.83,250.42,159.72,-361.03,144.06,-198.42,-248.43,142.87,75.517,-110.54,0,0
1.299,-3.1226,-167.95,151.24,74.652,20.198,102.55,151.6,-39.999,269.15,-189.37,-377.24,-28.617,0,0
0,0,0,0,26.486,-320.15,1069.2,-403.74,756.66,178.78,-297.55,23.745,-23.479,0,0
-18.187,-6.7728,1.5,-169.5,-403.42,104.78,11.547,-124.19,591.17,-240.5,255.22,-261.21,-20.638,0,0
0,0,0,0,-379.97,407.37,-137.72,-95.467,-322.87,95.086,26.858,-628.99,-22.168,0,0
-2.5981,25.417,0.4492,88.309,188.22,-198.31,450.24,-138.84,156.82,-130.66,233.4,-230.73,-22.038,0,0
19.058,26.408,-5.1235,-10.816,146.16,-688.26,484.35,-328.74,296.15,267.31,-185.5,-245.03,-31.638,0,0
0,0,0,0,-505.25,689.19,-502.63,136.41,236.66,106.56,62.602,-79.238,-17.058,0,0
0,0,0,0,289.36,245.45,196.95,-26.474,305.02,-94.527,-506.11,3.3218,-20.148,0,0
0,0,0,0,0.67917,63.839,306.95,-64.866,-115.2,332.36,-316.13,22.415,-20.141,0,0
0.88726,19.332,-5.3286,74.816,26.13,-400.95,-226.83,404.85,233.37,-335.28,184.1,175.01,-283.27,0,0
0,0,0,0,-535.9,167.94,360.86,-141.79,215.93,-272.4,-56.843,183.49,-90.772,0,0
0,0,0,0,-159.02,250.05,47.291,-83.607,297.02,361.07,-839.6,19.915,-21.986,0,0
0,0,0,0,-144.94,591.65,-193.99,-81.452,-253.54,31.323,-232.14,-255.27,-29.982,0,0
-1.7321,25.35,-245.39,106.14,36.306,-530.32,-127.56,131.77,-47.571,172.49,-114.43,-235.01,130.02,-40.772,-7.2296
0,0,0,0,-409.54,275.09,32.528,-91.694,320.14,876.24,-119.46,-115.46,-23.197,0,0
8.6603,-7.1603,-17.348,-163.68,25.104,-205.45,59.172,-514.59,168.15,-18.557,236.23,-314.31,-24.623,0,0
3.8971,5.683,9.6405,-391.83,285.46,-94.463,260.24,74.582,504.84,27.212,-265.45,-46.001,-21.304,0,0
0,0,0,0,-914.58,319.2,-0.97291,-132.26,-236.32,328.82,-372.86,-44.359,-18.325,0,0
0,0,0,0,-744.74,94.314,-66.197,-181.49,123.35,316.75,93.375,-130.54,-25.402,0,0
0,0,0,0,-748.29,-117.36,43.229,-67.711,289.03,664.01,-261.89,29.145,-20.609,0,0
0,0,0,0,354.54,53.354,20.123,-263.16,-383.12,22.044,-107.16,133.16,-251.15,0,0
-7.7942,-5.9264,0.43301,-257.86,309.17,227.27,-27.628,-106.52,63.15,208.73,84.641,-137.24,-42.481,-264.11,6.2207
0,0,0,0,-667.57,135.54,228.08,-324.64,376.1,37.374,65.579,-81.448,-22.267,0,0
0,0,0,0,-494.98,283.11,323.61,-239.13,68.202,-94.937,297.84,-154.63,-22.065,0,0
-6.4952,1.9707,-68.386,61.556,-139.89,-132.35,-201.16,422.71,-10.5,957.15,-62.787,-212.99,-24.465,0,0
0,0,0,0,51.078,320.93,251.77,-233.22,388.99,339.85,-232.6,23.897,-25.698,0,0
-5.6292,-4.7925,0.70753,-247.55,-161.42,514.85,308.85,-366.49,50.81,-424.07,-187.79,151.13,-64.599,0,0
13.429,8.1274,-6.7264,-308,-234.89,446.87,8.3399,33.137,-115.62,-115.13,-461.98,150.33,-97.024,0,0
0,0,0,0,91.918,-2.7632,-212.32,469.23,-464.69,-719.99,311.25,-401.08,-16.14,0,0
-11.691,-7.8954,3.866,-167.45,33.209,469.69,-296.98,-236.47,77.356,667.71,-874.99,-20.664,-26.825,0,0
25.553,20.005,-14.19,-135.74,-406.53,88.211,113.09,-16.124,-6.7424,-401.03,314.93,-71.826,-90.566,0,0
0,0,0,0,-139.92,370.77,53.647,-408.61,-72.773,304.45,-474.24,-315.65,-25.521,0,0
-11.258,-1.6878,3.3415,-502.31,114.62,341.52,-412.19,69.293,525.84,-57.088,-86.332,146.88,-112.65,0,0
3.0311,6.5,3,-329.38,-254.83,53.302,-87.627,194.98,48.034,-486.51,73.927,112.72,-116.5,0,0
-2.1651,-0.63397,0.40849,-243.93,26.368,-260.83,477.47,-216.05,238.52,-283.41,-56.029,-73.421,-24.631,0,0
9.099,11.757,-261.45,-22.852,114.29,-544.63,216.55,-388.94,368.29,802.67,-101.2,-82.338,-30.23,0,0
3.1046,16.805,-6.6944,107.69,431.52,126.04,-114.95,109.83,52.46,-61.466,350.7,-62.324,-134.36,0,0
-18.049,-7.314,-2.8358,-176.29,139.82,-501.72,194.06,-504.36,826.83,156.47,-114.03,73.393,-70.332,0,0
0,0,0,0,-248.79,-583.01,6.1791,305.88,-100.84,493.98,-66.099,-74.459,-22.28,0,0
0,0,0,0,0.099325,333.85,160.69,-38.108,221.65,-21.804,-238.27,-83.051,-28.114,0,0
0,0,0,0,-336.92,82.543,-16.272,-302.54,529.56,192.9,-39.839,-348.96,-33.452,0,0
-12.557,-250.62,138.2,-268.78,544.08,124.01,117.31,57.8,92.141,173.48,587.14,286.45,-160.92,0,0
-8.956,9.927,-664.07,34.799,-87.841,-23.351,206.3,-118.48,-216.24,-165.03,-40.439,208.47,-182.51,-93.836,2.5981
0,0,0,0,-439.8,130.11,91.634,-168.44,-78.407,464.88,-324.75,-206.93,-25.076,0,0
-3.0099,-7.9196,-253.58,231.68,-77.606,-67.195,254,-4.908,-16.273,-292.15,69.466,-4.6143,-205.94,-29.722,-0.6863
-12.051,-0.023639,-0.39535,-483.26,260.21,161.12,273.25,-138.47,145.02,-257.82,235.26,-276.32,-38.457,0,0
0,0,0,0,-1087,269.34,17.092,63.715,-2.3371,175.88,194.2,55.239,-120.67,0,0
0,0,0,0,116,143.1,488.74,-406.04,97.083,325.63,-597.41,0.36899,-23.739,0,0
-4.3301,12.611,1.4869,-207.86,269.59,79.15,45.407,-343.54,399.95,164.63,-92.739,-153.53,-25.927,0,0
0,0,0,0,-885.38,139.01,-214.12,223.89,-148.84,261.78,37.66,-102.13,-17.492,0,0
0,0,0,0,-1169.6,281.49,234.14,-104.6,5.5217,81.837,104.61,-121.1,-19.088,0,0
0,0,0,0,-243.98,-82.422,201.99,-212.99,29.349,369.34,-700.17,-19.492,-24.464,0,0
0,0,0,0,-21.548,-486.17,114.93,-162.58,210.44,337.02,367.74,-320.33,-23.86,0,0
18.625,15.261,-4.1349,-393.45,-161.85,365.6,192.33,-244.2,174.71,495.78,-99.433,-203.33,-235.61,0,0
0,0,0,0,-714.05,-71.405,75.735,-278.32,765.53,840.82,-322.14,-27.676,-26.315,0,0
0,0,0,0,150.36,187.73,112.84,-12.037,165.4,214.2,-507.36,2.5392,-20.295,0,0
23.388,9.9558,-6.1349,261.86,390.04,132.43,99.707,-63.492,214.94,558.49,130.01,205.89,-158.21,0,0
-5.1962,8.6962,3.5,-352.25,645.62,43.964,-201.78,389.72,252.21,-174.91,52.355,-322.64,-21.87,0,0
-22.084,-3.6077,2.5736,-180.38,26.724,394.73,811.4,-281.79,-22.565,-112.36,-101.28,143.55,-331.39,0,0
6.9282,35.526,16.938,68.404,-113.01,33.884,-2.9771,-404.87,115.2,-239.51,-86.237,-304.33,-22.457,0,0
0,0,0,0,-148.21,-117.96,220.74,-566.25,503.77,158.37,-178.05,298.49,-114.87,0,0
5.2174,14.228,0.5996,226.87,-42.613,116.63,157.87,-230.23,143.51,-137.9,218.73,137.31,-98.596,-242.21,-7.7942
13.429,8.1274,-6.7264,-308,88.327,234.72,112.12,-490.07,566.55,137.7,-56.859,-363.85,-29.38,0,0
0,0,0,0,294.54,162.91,-121.77,47.132,-222.75,1.1075,-533.25,-130.14,-25.491,0,0
0,0,0,0,-912.41,401.91,272.59,-108.29,22.394,-280.83,157.55,-76.449,-23.945,0,0
10.831,13.134,-24.989,47.017,-135.51,-795.38,169.5,-69.538,200.35,-241.56,232.3,-246.93,-24.144,0,0
5.1962,-3.9282,-9.4264,230.82,103.48,-62.795,770.46,395.16,-637.84,46.153,-72.147,-275.15,-9.5936,-254.32,1.7321
0.021234,9.5756,-4.2796,201.26,266.86,311.93,198.9,-0.19828,103.87,-107.67,851.7,-417.5,-20.767,0,0
0,0,0,0,355.99,21.682,-161.77,-366.06,423.76,608.34,-172.41,-345.11,-19.294,0,0
8.6603,26.446,3.9133,-139.13,274.66,255.68,228.6,-203.05,180.79,-649.63,351.25,-100.98,-158.55,0,0
0,0,0,0,-52.442,229.51,-81.311,165.13,-515.71,-101.5,400.13,-248.49,-10.459,0,0
3.4641,11.806,21.007,-74.633,-156.5,241.35,-204,109.49,-53.834,-13.302,-325.48,-329.65,-20.277,0,0
-4.7631,-21.66,-190.37,240.89,37.225,-43.212,-147.71,99.391,218.56,323.03,-188.33,171.25,-22.895,-40.772,-7.2296
0,0,0,0,145.41,14.323,242.56,-512.81,148.44,226.77,-418.6,225.97,-194.28,0,0
0,0,0,0,-548.99,302.22,138.07,-200.75,318.65,-464.97,-39.761,-9.0312,-104.13,0,0
2.1651,10.141,-3.2386,-354.7,-365.66,428.81,-62.303,92.04,-101.9,108.82,-169.21,-144.05,-196.79,-84.139,-106.91
0,0,0,0,-324.51,-627.76,550,-168.08,-197.6,-359.85,327.08,-98.309,-32.937,0,0
3.1683,7.4608,-9.9115,227.2,-226.01,64.058,28.974,-127.47,117.18,41.482,311.88,-356.97,-29.791,0,0
-5.2174,-19.331,-448.42,16.609,55.89,-198.71,-162.29,-70.276,-421.27,-2.1157,239.53,-226.44,-357.19,0,0
0,0,0,0,-345.01,116.08,488.47,224.33,841.27,-71.689,178.32,-116.37,-21.314,0,0
3.5377,7.9567,1.1292,-657.07,-42.805,261.93,-261.45,-54.605,71.827,574.26,-159.11,48.856,125.18,-229.5,-0.60705
9.5263,1.1274,165.53,-59.951,-49.913,41.562,-493.92,251.54,313.22,-406.57,252.04,65.736,-355.23,0,0
2.5981,3.201,-9.1226,-587.18,112.71,-517.37,-271.49,-132.74,-361.25,65.8,315.6,412.03,-138.25,0,0
0,0,0,0,-56.312,497.52,118.07,-368.02,-173.12,53.366,-371.75,435.05,-140.79,0,0
0,0,0,0,-982.66,487.94,478,-518.31,102.05,176.1,-403.28,-35.698,-22.807,0,0
-5.6292,-4.7925,0.70753,-247.55,172.83,199.55,-220.73,239.15,-717.34,187.99,-85.625,-551.05,-23.658,0,0
4.1292,-4.2664,-49.106,160.65,59.617,91.312,118.25,76.169,262.67,28.79,-309.47,-134.08,-31.095,0,0
-12.99,-7.3529,-15.879,-181.42,391.34,543.37,-284.4,-3.462,300.37,-277.5,-185.2,94.794,84.908,-70.434,-0.86603
-5.8301,8.9494,-58.647,54.208,-662.35,113.43,-322.29,50.907,90.975,307.16,11.345,-407.2,-150.07,0,0
0,0,0,0,268.46,193.13,300.54,-115.92,209.03,2.2736,-337.89,39.22,-111.31,0,0
2.1651,16.745,-435.59,68.819,-229.66,196.7,71.623,-124.23,166.5,207.18,92.724,113.81,-23.821,-26.423,-16.454
0,0,0,0,-405.82,-207.88,58.293,-147.57,-53.285,494.52,254.39,-161.31,-33.32,0,0
2.1651,10.141,-3.2386,-354.7,91.755,281.06,20.698,-431.27,165.64,188.52,-51.308,42.948,-94.153,0,0
0,0,0,0,-501.83,269.41,-165.2,-107.8,273.58,311.44,19.452,-219.55,-25.788,0,0
0,0,0,0,-370.86,89.459,22.817,-553.39,26.435,497.71,-134.55,-300.42,-23.676,0,0
-2.1651,-0.63397,0.40849,-243.93,-156.15,257.86,-150.55,47.208,-68.331,350.04,-138.9,107.33,-71.045,0,0
0,0,0,0,-84.628,354.54,85.357,132.42,62.89,351.33,-64.347,-156.75,-213.32,0,0
0,0,0,0,-388.32,-310.14,-20.266,-215.22,257.16,680.54,-289.69,9.8633,-25.091,0,0
0,0,0,0,76.872,-415.17,396.23,-537.08,157.44,438.83,-478.39,-43.545,-29.77,0,0
0,0,0,0,-332.14,492.48,298.04,-201.92,-71.74,-97.979,271.69,-391.4,-21.701,0,0
1.299,5.75,-333.65,69.708,180.53,169.11,387.4,-249.05,735.94,-236.21,89.56,137.49,235.31,-100.16,-1.5523
-18.187,-8.7793,-1.9934,-55.01,-22.77,-684.34,23.694,-151.51,-136.6,104.82,-614.58,11.822,-29.105,0,0
-2.1651,-0.63397,0.40849,-243.93,-241.85,230.6,111.13,-161.97,413.04,367.43,-43.165,321.85,-127.19,0,0
0,0,0,0,27.891,-123.99,410.42,248.15,-345.39,54.806,-241.38,-162.73,-21.14,0,0
0,0,0,0,305.96,268.1,311.18,-23.446,-347.39,52.221,-132.8,-519.67,-22.435,0,0
0,0,0,0,-665.23,412.71,34.464,-167.11,554.72,-25.64,313.5,-121.58,-27.137,0,0
0,0,0,0,228.97,-399.37,336.19,146.66,23.567,678.38,-71.64,-346.03,-30.189,0,0
6.0622,7.2255,-0.0065699,-217.87,166.93,-330.7,86.442,-151.51,350.59,401.4,-181.77,-175.01,-22.626,0,0
0,0,0,0,-421.69,285.71,32.818,-342.64,181.17,663.63,-508.33,4.2652,-21.266,0,0
0,0,0,0,-332.14,331.43,188.38,-194.58,253.87,289.65,-107.09,-259.18,-20.79,0,0
22.522,44.288,9.803,4.3412,43.53,-324.36,-52.28,15.796,-19.356,50.223,-110.27,-384.52,-21.688,0,0
5.1962,-3.9282,-9.4264,230.82,-194.55,716.06,317.13,-38.287,-3.2057,146.77,-27.153,114.75,-297,0,0
12.789,-2.2975,-246.65,99.14,306.11,159.28,215.39,-43.959,-96.154,295.14,113.76,-306.84,-26.154,0,0
-2.1651,-0.63397,0.40849,-243.93,-173.18,189.57,70.147,-399.05,159.24,344.42,-117.05,-62.264,-22.909,0,0
0,0,0,0,-325.15,642,194.85,-189.2,144.59,-289.89,68.951,-368.62,-23.393,0,0
0.86603,-6.4886,-256.43,-23.311,-36.388,-251.42,289.54,103.57,-44.401,452.9,-252.96,106.55,328.06,-87.776,-8.9617
3.8971,5.683,9.6405,-391.83,-108.14,564.23,8.7201,-710.19,55.342,-120.39,147.21,-41.987,-91.967,0,0
-8.8343,7.3857,324.52,-77.415,-150.21,347.22,-84.075,236.8,138.17,-154,173.08,394.03,-376.46,0,0
0,0,0,0,-429.32,-95.419,463.42,-0.016269,110.57,-310.31,-6.5057,-281.33,-16.408,0,0
10.899,31.293,3.4689,-9.1919,-349.55,161.23,-221.71,131.3,-367.91,-82.953,130.26,-132.04,-164.24,0,0
15.515,12.367,13.907,-200.07,149.71,103.46,184.67,-231.61,353.2,-361.61,11.164,305.09,-356,0,0
2.5981,3.201,-9.1226,-587.18,-73.818,62.807,-181.64,-481.82,399.36,-285.36,401.69,641.46,-207.66,0,0
-15.588,-0.20577,13.422,-141.24,48.457,92.631,510.32,-250.66,1.9056,-418.65,788.22,-57.259,-116.47,0,0
0,0,0,0,71.108,21.733,-22.83,-57.527,-338.27,587.68,298.59,-253.5,-27.973,0,0
13.783,12.001,-2.3558,-137.77,194.27,59.873,-57.38,62.992,-642.72,581.41,-905.83,6.1486,-26.186,0,0
0,0,0,0,-393.6,176.03,312.92,-161.02,299.43,769.2,-502.24,16.806,-19.009,0,0
-3.4584,-9.6471,-18.207,-112.47,-272.4,122.22,411.62,-368.85,433.71,159.68,-419.16,-283.85,-23.129,0,0
10.392,20.757,0.61427,57.883,73.475,153.53,-100.36,11.854,-40.301,342.11,-174.45,-414.71,-70.138,0,0
0,0,0,0,21.68,361.54,416.49,-42.345,-167.03,925.62,-632.24,-1.2324,-22.953,0,0
0,0,0,0,241.59,493.65,250.64,-264.02,156.57,105.03,-753.26,13.198,-28.781,0,0
0,0,0,0,-163.38,390.63,274.87,-162.08,138,-645.4,-16.731,-56.967,90.917,-150.77,-4.8367
-14.686,-13.946,-469.98,200.64,-124.05,140.6,-205.07,65.139,-198.62,137.85,266.05,-40.315,305.79,-129.08,7.7942
-5.1962,8.6962,3.5,-352.25,185.79,-535.57,166.04,-75.862,178.75,-416.48,162.82,-204.21,-27.341,0,0
19.559,-1.1498,-16.871,-219.85,-327.45,193.56,18.811,-52.84,-165.36,489.42,-63.59,-130.77,-26.82,0,0
9.4527,6.0502,4.6752,-52.168,-29.139,-613.96,92.163,-264.54,53.547,249.85,8.8782,-383.23,-25.617,0,0
0,0,0,0,-487.41,135.28,241.66,48.739,406.13,-349.2,-347.43,8.5795,-21.174,0,0
0,0,0,0,-422.82,-545.12,603.24,-184.25,25.747,132.13,189.54,-140.85,-23.429,0,0
0,0,0,0,-25.32,133.76,-43.801,335.01,51.084,206.04,-121.06,-26.854,36.074,-228.38,5.1962
0,0,0,0,-142.82,40.239,546.29,-73.375,-552.81,130.92,53.283,103.2,-85.488,0,0
9.5998,0.52845,-11.871,-55.184,183.34,-62.469,-26.498,349.27,-386.46,21.036,-148.9,64.002,97.429,-303.1,13.856
0,0,0,0,-220.31,-28.243,445.4,-385.96,113.05,213.51,-446.73,3.5266,-26.917,0,0
24.687,13.029,-244.5,194.9,3.9002,269.07,182.97,-51.768,-158.14,272.95,94.367,-417.08,-24.902,0,0
0,0,0,0,-312.04,371.53,299.74,-258.08,1010.9,-208.22,141.33,-84.264,-18.958,0,0
0,0,0,0,100.25,290.1,95.384,40.599,-190.83,-69.388,268.15,-781.25,-22.334,0,0
9.9593,11.243,-7.0556,-71.68,97.638,143.54,172.3,151.01,485.52,137.17,-173.37,-124.85,-28.073,0,0
-11.691,-7.8954,3.866,-167.45,-186.25,245.44,337.74,-86.745,-44.679,-210.56,-200.47,19.81,-208.1,-38.383,15.588
0,0,0,0,-657.35,199.37,-152.77,-86.91,258.59,333.81,-284.53,-52.442,-29.445,0,0
3.0311,6.5,3,-329.38,139.2,-91.946,417.56,272.72,239.38,-20.328,-130.84,311.46,-117.52,0,0
-22.084,-3.6077,2.5736,-180.38,66.41,-12.349,431.75,-476.9,393.97,290.34,-325.3,150.15,-90.891,0,0
-31.473,-1.5198,-8.4339,-1283,361.93,462.96,-415.68,123.16,101.77,-216.7,411.48,879.25,-316.08,0,0
-11.691,-7.8954,3.866,-167.45,144.15,74.865,217.52,29.934,286.79,424.58,-386.23,-15.79,-20.33,0,0
0.86603,-11.379,24.367,-151.31,65.588,158.58,365.74,-125.68,-226.75,371.43,261.38,-156.43,-174.69,0,0
-5.1962,8.6962,3.5,-352.25,254.27,46.464,634.89,-124.06,-238.14,166.67,-179.24,-86.57,-29.705,0,0
0,0,0,0,10.589,-627.25,543.35,-596.77,379.3,-950.63,26.553,-27.944,-17.843,0,0
0,0,0,0,78.589,374.88,-135.23,-9.4682,297.67,289.84,110.86,-286.62,-25.416,0,0
12.198,13.066,7.3367,-461.66,-165.46,292.08,-148.35,26.825,62.491,-138.03,17.677,-34.09,-47.393,-47.003,-1.7321
-7.7942,-5.9264,0.43301,-257.86,153.54,568.57,290.69,-162.47,-9.0785,-167.41,-360.95,-52.702,-68.898,0,0
0,0,0,0,-906.02,475.16,193.67,-467.76,286.94,461.05,-56.794,-140.88,157.77,-47.003,-1.7321
3.4641,1.7434,3.9641,-189.14,-59.12,319.93,82.243,25.601,-237.67,390.56,-350.91,-66.313,-166.69,0,0
0,0,0,0,-452.03,389.44,116.74,95.406,45.69,553.94,180.33,-397.74,-23.521,0,0
-5.1962,8.6962,3.5,-352.25,110.39,-261,249.54,533.2,-149.16,-101.69,264.15,-318.04,-11.309,0,0
22.089,4.3332,-26.532,50.759,14.931,-451.96,283.5,241.91,167.83,467.46,-1.0326,-302.63,-23.152,0,0
0,0,0,0,-731.1,364.54,245.8,-222.77,-183.3,274.5,-249.18,-103.29,-28.107,0,0
4.3301,-0.35465,-6.567,-314.74,94.015,-43.568,175.44,31.657,198.52,-294.96,-77.407,145.86,-434.76,0,0
0,0,0,0,-97.563,-426.59,378.2,-159.66,637.16,468.73,73.148,-79.461,-18.323,0,0
0,0,0,0,-738.05,557.94,414.29,361.51,-297.79,100.73,-555.06,397.25,-159.87,0,0
0,0,0,0,-413.26,-383.32,476.63,-209.05,246.61,92.899,51.971,-68.674,-24.464,0,0
-9.5263,-243.03,43.416,23.669,-60.094,-38.092,-474.36,-21.214,-25.677,128.17,85.544,114.5,-101.81,0,0
9.157,20.89,-224.95,125.76,-137,-232.59,443.34,-111.62,-275.55,218.27,21.948,150.26,-111.11,0,0
0,0,0,0,-315.46,432.91,117.55,393.84,218.05,-477.87,-8.0565,-150.52,-21.45,0,0
3.0311,6.5,3,-329.38,419.28,-0.75481,140.68,293,-634.99,133.22,-467.7,122.65,146.3,-70.434,-0.86603
0,0,0,0,-138.47,-114.98,472.57,-113.71,182.93,-24.967,-375.01,17.163,-23.788,0,0
0,0,0,0,220.66,74.982,130.91,303.97,538.38,-79.669,130.31,-220.43,-21.455,0,0
-3.9968e-015,1.2075,8.5066,194.09,-0.37884,-69.667,271.98,-360.64,270.47,368.4,-82.061,-75.721,-25.175,0,0
0,0,0,0,-147.89,192.88,586.93,-427.29,435.7,-378.12,41.729,-57.727,-25.52,0,0
6.9282,29.794,4.4737,204.93,-228.51,-108.47,388.1,46.055,-58.107,259.34,420.08,-438.89,-23.067,0,0
-0.88726,-505.66,3.5339,43.321,-69.539,116.41,234.78,37.264,-35.893,32.254,228.89,560.44,-255.34,0,0
-11.258,-1.6878,3.3415,-502.31,-307.36,291.23,-58.847,-258.95,181.85,294.43,-255.93,432.09,-161.25,0,0
3.0311,6.5,3,-329.38,130.18,509.71,-126.58,-118.99,-144.04,154.93,-329.54,159.13,-114.7,0,0
2.7141,18.447,-6.7171,-167.61,72.118,52.212,-48.523,-119.26,138.48,523.19,-89.965,302.84,-133.37,0,0
0,0,0,0,-406.96,214.89,338.9,160.22,631.08,54.389,-200.34,38.423,-42.296,0,0
1.299,-6.8546,-9.567,14.644,29.233,107.45,-260.81,317.77,475.99,378.44,-90.159,-87.008,-18.98,0,0
10.868,10.751,-8.4004,-319.1,63.929,-230.01,9.1751,-72.643,-102.89,-65.351,264.71,-126.96,-23.533,0,0
0,0,0,0,-177.42,546.28,77.591,259.5,-65.517,659.3,-327.16,-42.675,-24.192,0,0
-11.258,-1.6878,3.3415,-502.31,262.52,390.4,-331.59,-135.68,204.59,-145.29,-167.81,-17.115,-293.29,0,0
-4.9796,-25.535,-247.52,-66.627,511.72,-101.76,-310.69,97.687,-136.12,-378.24,32.568,165.48,-141.86,0,0
0,0,0,0,-45.497,449.9,191.94,4.0581,-140.72,-253.58,465.95,-173.67,-25.4,0,0
5.6292,-5.2207,-2.0849,220.93,286.63,293.71,-129.26,63.347,83.662,75.916,348.72,32.633,-421.44,0,0
0,0,0,0,4.6768,-247.89,476.62,-506.86,464.89,-16.1,-503.52,1.2123,-22.348,0,0
0,0,0,0,-383.22,-63.759,178.45,194.61,-175.55,377.05,-259.14,-44.083,-19.499,0,0
0,0,0,0,-573.5,277.97,-68.784,-117.71,124.33,552.47,-439.21,-6.7541,-24.63,0,0
0.23205,2.0033,-46.487,123.34,258.76,178,-3.1432,169.72,-143.85,133.55,-35.667,319.64,-445.55,0,0
0,0,0,0,-366.49,253.17,187.57,-737.71,241.32,-348.77,-102.57,4.1397,-18.367,0,0
0,0,0,0,-5.3844,-75.196,291.48,-172.96,235.83,123.5,-525.19,12.197,17.498,-262.13,5.1962
-20.019,-10.446,105.16,26.612,-47.65,-289.33,133.4,-369.98,0.69413,29.503,103.7,-30.457,-364.27,0,0
-8.09,3.9294,-9.8914,-247.97,-233.66,183.86,-324.6,-79.993,168.2,-146.62,-93.055,-50.812,-23.53,0,0
0,0,0,0,-235.63,-140.04,-63.245,475.43,26.624,-335.13,-78.564,22.498,-39.63,0,0
5.2174,14.228,0.5996,226.87,103.58,-258.98,244,283.13,-323.24,-6.2122,210.7,-10.545,-281.35,0,0
0,0,0,0,15.721,-1185.2,698.28,-140.79,353.98,-699.69,158.67,-59.674,-26.225,0,0
25.553,20.005,-14.19,-135.74,691.8,145.89,-173.63,-105.54,158.2,-82.924,130.31,27.642,-82.913,0,0
13.429,8.1274,-6.7264,-308,-331.9,194.69,-83.23,-37.905,387.12,696.59,-111.06,-108.94,-27.879,0,0
0,0,0,0,11.512,-113.98,160.01,-281.38,215.46,459.11,-208.35,-267.18,-21.662,0,0
2.5981,3.201,-9.1226,-587.18,149.71,-75.593,-262.45,133.39,-462.98,343.69,69.043,-191.99,-21.782,0,0
0,0,0,0,-344.83,79.989,6.4544,-255.89,224.12,150.74,-441.04,12.515,-16.981,0,0
0,0,0,0,-754.3,396.99,484.13,-4.7556,74.024,487.3,65.308,-158.16,-31.166,0,0
-3.4584,-9.6471,-18.207,-112.47,179.8,-23.094,744.78,296.55,-150.25,-36.939,-472.51,-75.309,-151.31,0,0
0,0,0,0,-203.24,482.04,-119.08,2.203,-291.76,16.121,359.97,-464.49,-26.539,0,0
14.289,-4.5263,-16.788,103.17,-5.6197,175.43,333.8,-148.43,389.71,490.15,-464.48,21.945,-22.315,0,0
-19.296,-26.359,-256.14,239.12,-80.84,636.44,323.88,-390.38,-21.337,444.83,141.67,-300.05,-173.54,0,0
0,0,0,0,-400.5,29.33,294.97,55.249,81.23,170.76,-454.52,-446.09,-23.544,0,0
2.5981,8.5736,15.415,-86.231,-184.07,581.99,437.19,-662.1,601.26,568.44,-184.84,-47.116,-28.013,0,0
0,0,0,0,25.241,462.47,223.95,-396.21,486.74,-152.93,-271.69,12.033,-20.582,0,0
0,0,0,0,-654.72,193.93,371.72,-684.89,-2.4279,316.61,218.72,-89.037,-23.379,0,0
-2.1651,-0.63397,0.40849,-243.93,-288.24,634.02,69.295,-83.145,24.335,-257.94,0.98643,-423.75,-17.428,0,0
-11.691,-7.8954,3.866,-167.45,141.35,-0.10737,-130.07,197.78,432.95,307.41,-235.91,-29.137,-28.796,0,0
0,0,0,0,24.617,275.81,-65.684,35.689,-180.07,675.16,-598.06,-0.7605,-26.129,0,0
0,0,0,0,-324.17,210.38,60.122,161.15,29.463,263.1,-327.45,-34.19,-22.353,0,0
-4.3301,-5.6896,-4.9869,-14.496,145.52,584.57,112.73,-95.017,-185.5,185.14,420.61,-678.16,-22.886,0,0
0,0,0,0,-214.01,213.18,273.02,-105.88,-69.887,790.68,-174.57,-117.54,-20.757,0,0
0,0,0,0,172.49,-76.962,100.75,-50.941,51.069,-139.31,-606.68,-17.144,-20.9,0,0
0,0,0,0,64.05,512.84,590.99,-281.21,443.65,-74.148,-184.22,-20.653,-23.872,0,0
0.43301,21.252,14.853,16.743,51.552,188,-445.48,391.85,-696.55,442.71,-733.13,-184.6,-23.6,0,0
-12.124,-3.6633,10.458,-646.47,519.26,49.362,-265.15,-316.29,-107.55,168.41,-138.57,-104.88,125.12,232.6,-410.87
6.4952,-4.4282,-19.397,114.82,121.6,-282.24,118.89,177.63,221.86,680.2,-588.79,14.308,-22.428,0,0
2.5981,3.201,-9.1226,-587.18,-606.34,387.9,-217.14,-189.82,-191.12,363.64,-155.3,-163.53,-21.388,0,0
0,0,0,0,153.11,-139.77,309.19,-142.99,55.969,233.26,-408.08,-174.1,-20.561,0,0
0,0,0,0,28.578,-112.3,112.26,232.18,101.27,-168.34,228.73,-273.21,-17.888,0,0
0,0,0,0,328.75,197.41,59.459,374.34,70.621,-85.909,-41.171,220.57,-338.25,0,0
-22.084,-3.6077,2.5736,-180.38,230.96,123.43,-83.114,60.88,206.78,-126.01,284.56,-419.03,-21.132,0,0
-7.7942,-5.9264,0.43301,-257.86,-430.29,166.71,321.04,-461.11,-11.863,205.91,-42.624,72.63,98.211,-76.725,-2.4183
0,0,0,0,-57.167,349.98,-370.88,103.51,347.02,-18.203,15.66,98.168,-129.35,0,0
-11.258,-1.6878,3.3415,-502.31,-18.316,-563.96,-222.22,153.07,520.61,-235.12,-62.537,-87.371,-66.384,0,0
14.363,14.609,-2.3104,-287.7,184.43,-301.86,185.75,89.683,726.58,98.578,91.206,-58.116,-230.43,0,0
0,0,0,0,-589.16,124.4,21.2,-23.98,113.58,518.39,-446.32,-87.704,-47.987,0,0
0,0,0,0,238.8,173.21,300.65,192.23,-223.07,-368.43,-49.895,-197.49,-17.868,0,0
0,0,0,0,-35.635,-220.59,251.9,8.5866,-565.73,98.284,301.5,144.73,-126.39,0,0
0,0,0,0,-680.43,186.11,297.12,-57.326,-182.83,-192.79,-74.157,16.199,-349.89,0,0
0,0,0,0,-387.02,358.49,139.76,144.49,337.02,-720.16,168.36,-366.45,-26.807,0,0
-7.7942,-5.9264,0.43301,-257.86,106.8,-4.2178,1.2612,284.7,359.46,319.27,-401.14,-11.078,-23.728,0,0
-4.3301,12.611,1.4869,-207.86,232.13,-182.4,174.74,-150.08,54.272,293.58,-150.08,-59.274,-171.46,0,0
2.1651,10.141,-3.2386,-354.7,421.01,379.58,-339.86,-43.973,593.01,-218.34,66.384,71.873,83.619,-49.344,4.2721
2.5981,3.201,-9.1226,-587.18,155.44,189.59,-305.35,205.29,586.61,-190.76,187.49,-114.8,-133.74,150.67,-229.86
8.2485,8.6295,-0.83341,390.37,-206.84,-121.67,108.36,-273.7,266.39,169.06,-6.9311,72.896,-189.16,0,0
-7.7942,-5.9264,0.43301,-257.86,411.15,197.7,87.638,217.05,-171.17,-315.7,-53.064,-121.31,173.77,-70.434,-0.86603
0,0,0,0,-665.46,401.35,177.47,-532.59,15.147,621.22,-295.46,96.294,129.81,-46.454,-2.6645e-015
-2.1651,-8.1405,-3.3905,236.92,-102.08,-127.04,309.34,-408.5,303.11,-585.26,-103.81,-59.923,25.939,-228.38,5.1962
5.1962,10.842,-88.566,110.92,-125.1,179.49,24.735,-126.88,216.91,-306.32,-113.96,235.27,-151.19,-26.665,6.3522
1.7321,-11.538,-5.75,93.704,61.389,46.123,122.7,-230.33,181.14,-288.27,-62.44,94.316,-227.17,0,0
-7.7942,-5.9264,0.43301,-257.86,-621.31,190.85,-72.919,-307.82,196.38,-189.95,-131.64,-7.5604,-11.647,246.68,-316.27
0,0,0,0,111.24,-333.72,304.01,-53.867,138.06,68.82,144.5,-185.47,-25.126,0,0
-12.99,-7.3529,-15.879,-181.42,154.29,22.733,183.7,1.0421,523.07,-90.445,-23.332,-1.9228,108.73,-52.81,-114.57
-11.691,-7.8954,3.866,-167.45,92.756,274.16,-91.444,315.23,-184.83,-432.18,165.51,-70.638,-19.883,0,0
-9.9593,-2.5293,10.732,-636.17,244.55,-70.916,-64.624,-217.89,303.74,54.056,-233.94,55.109,-170.21,271.78,-318.7
-7.7942,-5.9264,0.43301,-257.86,252.98,200.18,29.387,141.72,443.11,-106.73,-76.287,-47.789,94.921,-46.454,1.3323e-015
0,0,0,0,-923.52,249.38,194.12,324.04,500.79,-202.28,-255.22,10.661,-68.848,209.84,-335.67
0,0,0,0,-163.49,431.02,7.7866,-103.62,256.87,62.899,-91.285,77.868,-231.94,0,0
-4.3301,2.2631,10.025,-388.62,-259.67,179.55,28.858,28.214,102.13,144.72,-61.585,167.63,-117.48,0,0
0,0,0,0,549.02,-44.641,-254.87,-232.84,-119.8,8.4121,57.155,126.33,-315.21,0,0
-9.3522,-3.8974,-9.4943,-59.856,264.82,22.322,-18.066,-438.84,-108.53,-281.7,138.87,-84.506,59.246,-231.97,-4.4037
0,0,0,0,7.6612,-120.5,309.19,-112.35,532.22,-117.19,-349.04,23.757,-22.51,0,0
2.1651,10.141,-3.2386,-354.7,-296.03,428.03,-215.87,107.09,122.54,-156.08,-230.35,-3.0751,-70.812,0,0
0,0,0,0,-316.95,442.29,151.1,-353.42,-382.01,-154.83,59.164,100.39,-81.842,0,0
0,0,0,0,16.929,143.62,229.38,-474.91,-413.32,5.2126,-430.94,20.032,-18.579,0,0
0,0,0,0,-248.67,103.74,473.23,385.17,-294.63,-21.731,207.5,-281.37,-15.371,0,0
0,0,0,0,-695.14,363.01,40.688,-185.52,703.04,-165.26,72.613,30.948,-70.872,0,0
0,0,0,0,-588.23,419.34,-18.341,-237.55,80.393,-83.791,-152.68,231.78,-108.02,0,0
0,0,0,0,-317.83,510.81,117.81,327.82,-46.067,257.26,-104.74,274.63,-135.23,0,0
0,0,0,0,69.418,-528.85,154.92,-26.744,459.72,-89.346,275.83,-153.67,-22.399,0,0
0,0,0,0,-256.47,-678.43,217.25,143.58,-645.73,-0.11558,95.929,-215.6,-14.602,0,0
-2.1651,-0.63397,0.40849,-243.93,93.194,349.94,33.226,-455.8,50.086,102.71,126.18,154.3,-83.171,0,0
0,0,0,0,-738.4,50.328,239.32,24.191,-253.07,353.67,127.24,-138.85,-21.602,0,0
0,0,0,0,-402.45,-199.07,539.77,113.11,-61.379,-127.61,59.777,-196.87,-70.143,0,0
9.9593,11.243,-7.0556,-71.68,-168.59,437.32,-66.513,-95.753,420.92,-148.95,-300.04,-37.027,-25.807,0,0
0,0,0,0,-476.79,-111.27,223.16,-56.614,146.64,440.01,83.668,-147.73,-19.89,0,0
0,0,0,0,-658.45,301.07,39.161,-446.79,474.93,354.11,-330.79,1.3513,-23.527,0,0
0,0,0,0,-404,254.09,549.91,-481.37,397.16,108.03,-172.05,-8.7802,-19.012,0,0
0,0,0,0,-407.02,268.5,95.779,173.51,220.72,147.02,-145.49,-177.73,-22.413,0,0
3.0311,6.5,3,-329.38,-330.93,165.81,404.03,-24.163,-59.188,112.07,-242.04,-129.91,161.85,-49.344,4.2721
0,0,0,0,-322.28,406.95,331.34,-217.57,86.749,279.71,41.34,-130.81,-26.692,0,0
0,0,0,0,-390.33,82.863,143.18,42.319,281.09,-303.48,-8.5777,262.18,-114.13,0,0
4.4674,-8.7909,-17.733,88.95,-284.86,250.69,139.66,-41.685,334.25,6.1946,-333.21,-157.1,184.57,-76.725,-2.4183
1.9486,-29.079,-24.325,-73.374,90.205,370.26,398.5,-171.81,-102.2,356.6,2.507,-26.078,-69.503,0,0
0,0,0,0,183.55,30.779,100.57,-60.549,141.41,748.98,-237.64,-144.47,-22.871,0,0
-21.513,3.7661,-22.119,-634.1,428.41,151.66,-179.58,-98.363,79.622,456.07,779.93,-712.21,-23.822,0,0
0,0,0,0,-166.92,339.08,-25.281,-201.58,-56.074,403.92,835.97,-663.13,-25.066,0,0
0,0,0,0,-591.94,205.77,-353.69,-77.121,-255.57,439.5,364.93,-537.55,-21.625,0,0
-2.1651,-0.63397,0.40849,-243.93,506.12,234.59,-213.29,-57.347,216.55,-264.74,-47.12,-39.607,-115.11,0,0
0,0,0,0,-26.081,238.32,-164.2,-38.861,162.94,803,-309.31,-397.16,-23.502,0,0
-12.99,15.325,7.799,-264.02,298.91,295.83,-102.39,-222.02,-189.18,276.12,176.62,-983.08,-26.521,0,0
-11.691,-7.8954,3.866,-167.45,-297.78,150.67,90.323,-247.17,530.05,837.11,-235.66,-57.064,-22.112,0,0
0.82925,-4.2811,-171.81,-157.43,287.29,362.65,-43.276,-330.91,121.28,-77.237,-403.38,-344.92,-25.732,0,0
0,0,0,0,-320.32,219.42,255.99,-318.45,289.97,309.49,-204.14,-75.647,-35.177,0,0
0,0,0,0,174.42,131.75,287.77,-38.071,234.78,-34.475,396.25,101.26,-58.8,0,0
-6.9282,-9.7321,-5.8104,6.5305,127.6,-69.387,398.1,-363.76,414.83,705.54,-438.56,-84.774,-23.904,0,0
0,0,0,0,-338.43,326.8,79.145,17.032,77.653,-236.94,107.06,-33.66,-73.471,0,0
-18.187,-6.7728,1.5,-169.5,130.46,-212.43,212.61,-341.38,161.96,-48.71,-242.68,-257.77,-26.873,0,0
11.258,-8.5328,-14.567,-150.02,239.33,336.96,78.198,-19.362,111.93,247.79,-129.8,165.88,-217.45,0,0
6.9282,35.526,16.938,68.404,171.88,475.63,305.08,-355.22,201.99,248.06,-225,-5.4677,-166.04,0,0
0,0,0,0,-14.408,-53.77,112,90.237,-332.95,678.97,-96.8,-269.95,-23.472,0,0
-14.152,-1.631,6.8047,-568.12,89.818,-621.16,80.249,393.19,286.82,39.13,311.81,44.823,153.17,-76.725,-2.4183
0,0,0,0,-987.96,604.58,-69.58,-331.8,265.62,560.62,258.35,-137.85,-21.751,0,0
0,0,0,0,-835.41,453.76,524.09,-551.11,98.38,238.48,275.77,-159.75,-26.67,0,0
0,0,0,0,-356.79,-134.1,259.62,-190.85,353.14,-67.559,-106.6,-3.0218,-22.632,0,0
0,0,0,0,144.49,349.92,-44.261,-221.43,509.32,259.37,-3.064,-214.63,-22.52,0,0
0,0,0,0,-411.76,99.213,207.3,-682.02,838.35,-415.45,-76.933,6.4196,-25.859,0,0
0,0,0,0,51.422,149.83,300.49,10.196,-180.34,475.5,-100.13,-258.29,-20.244,0,0
0,0,0,0,27.365,-514.18,274.53,-172.3,90.963,514.61,-567.11,9.7255,-26.623,0,0
0,0,0,0,-4.3998,-507.72,359.52,-170.55,172.91,-205.04,510.71,-202.55,-20.036,0,0
0,0,0,0,146.09,94.822,416.84,249.88,108.18,-399.86,-118.97,-125.83,-164.84,0,0
0,0,0,0,91.462,434.28,254.37,45.346,-53.828,-24.054,8.0784,42.452,46.182,-152.85,-8.8818e-016
12.198,13.066,7.3367,-461.66,-37.974,423.53,214.07,191.02,-116.42,-9.408,-191.02,-156.39,35.072,155.75,-222.57
0,0,0,0,157.27,-4.7147,-26.635,71.695,18.621,334.29,435.64,-186.52,-370.53,0,0
0,0,0,0,-401.8,150.66,632.49,112.55,267.84,157.4,-94.401,-29.832,177.79,-68.55,-1.299
18.625,15.261,-4.1349,-393.45,57.107,421.88,-82.849,-251.85,309.8,-657.14,-59.199,51.772,-86.521,255.7,-323.03
-0.86603,-14.196,-336,128.57,28.441,70.375,466.43,18.907,498.68,-343.73,-37.353,155.14,327.01,-121.55,0.67075
2.0433,-8.4494,-159.2,197.28,-430.88,325.17,352.41,29.247,149.59,688.52,-287.03,119.67,-113.44,0,0
5.1962,7.701,5.1405,314.73,31.736,-125.81,235.13,-175.78,-13.813,36.056,-160.14,-83.434,-71.231,-251.72,-2.9886
12.198,18.341,-5.2925,-135.63,-21.496,278.95,60.646,-221.79,238.68,603.46,-436.93,146.9,-197.51,0,0
13.497,3.4549,-11.73,160.99,24.287,121.92,288.18,-87.897,86.478,-446.38,2.7132,5.5059,-0.32745,-237.31,1.8905
3.0311,6.5,3,-329.38,187.18,386.26,-180.89,-330.14,265.85,-310.01,-16.049,79.7,-68.682,0,0
-16.887,-10.962,73.863,-48.3,209.78,-172.51,129.14,76.826,-91.564,488.12,-33.279,-451.54,-29.977,0,0
0,0,0,0,4.2658,348,203.02,-454.15,165.09,335.74,-160.02,-169.87,-28.199,0,0
1.7321,-0.93301,-5.2566,127.99,-521.79,268.64,375.49,-386.99,-13.217,468.71,-141.57,-67.287,-30.723,0,0
3.0311,-86.968,108.59,-440.92,79.878,-42.149,107.2,-533.78,472.79,554.81,-285.97,-36.255,-24.283,0,0
2.1651,10.141,-3.2386,-354.7,302.23,727.93,-61.696,-183.05,-210.73,-269.35,-188.41,61.766,-91.725,0,0
-5.6292,8.6357,7.2123,382.69,75.107,93.77,295.24,-241.25,-189.85,703.81,369.11,-279.8,-27.179,0,0
0,0,0,0,-70.92,607.49,-155.29,-299.97,226.12,268.89,-247.39,-224.11,-20.949,0,0
6.1357,6.7491,-1.8954,-313.76,124.6,539.68,-124.47,-434.76,162.63,232.04,-12.307,-274.69,-19.46,0,0
0,0,0,0,-480.53,346.65,244.17,-347.44,113.86,149.9,-31.143,-461.2,-28.557,0,0
0,0,0,0,-770.54,187.45,87.699,20.391,189.27,190.07,-114.08,-66.131,-22.833,0,0
0,0,0,0,368.29,28.454,30.594,-44.846,-131.85,-99.712,698.69,-287.87,-23.158,0,0
4.9004,28.688,3.2405,186.21,450.85,-326.03,25.408,139.31,44.088,278.24,-186.03,117.88,-277.89,0,0
0,0,0,0,32.999,227.12,381.83,23.302,-201.79,197.71,-60.714,-616.07,-27.098,0,0
0,0,0,0,206.18,-522.36,183.4,-89.115,182.14,44.269,-27.595,-340.92,-20.93,0,0
0,0,0,0,353.55,501.39,193.57,-102.77,-139.99,366.74,-95.565,-412.63,-24.26,0,0
0,0,0,0,-398.08,682.19,263.28,-93.224,-123.83,350.95,-1038.8,-10.86,-27.982,0,0
18.192,11.962,-16.257,-651.25,285.94,-26.427,-68.398,256.76,7.3145,-13.809,-21.877,59.236,-124.74,0,0
2.5981,30.441,13.706,79.551,266.13,-6.1345,29.228,24.298,-239.6,-243.58,226.3,-171.5,112.54,-68.368,-2.4028
4.7631,13.482,2.9019,-73.546,-29.349,270.96,160.32,84.779,-596.21,495.74,-652.05,-36.503,-27.784,0,0
0,0,0,0,362.56,-376.03,-63.333,364.55,-49.075,468.86,-55.737,-426.08,-30.907,0,0
0,0,0,0,-238.07,301.19,52.729,-269.38,481.89,229.05,-463.96,4.8929,-25.52,0,0
4.3358,7.0736,-3.7933,-566.38,-406.11,259.3,-240.84,-294.84,319.96,247.55,-144.42,311.73,-139.54,0,0
3.8971,5.683,9.6405,-391.83,-249.13,253.71,156.46,-49.085,18.016,105.21,-15.158,163.24,-205.21,0,0
2.1708,3.7925,-7.7132,-505.43,187.29,204.65,-203.22,-232.13,16.956,-366.35,29.754,268.2,-650.3,0,0
16.887,41.038,-2.5819,133.25,383.38,151.66,-79.038,-28.415,168.31,-185.03,99.457,526.74,-412.88,0,0
-15.588,0.57532,13.366,-890.93,297.41,179.61,-152.51,90.691,-283.48,189.68,298.53,239.14,-160.76,0,0
0,0,0,0,-1040.1,462.55,-99.517,178.53,192.05,232.53,-386.54,-286.2,-21.836,0,0
16.887,16.42,-27.771,-842.76,234.94,181.3,-106.63,66.223,-34.125,-66.932,426.1,350.88,-235.03,0,0
0,0,0,0,170.76,376.03,-272.11,-76.113,126.52,95.436,-35.886,75.121,-230.7,0,0
-5.6292,-0.39535,-259.37,29.289,-37.955,-683.12,357.39,-392.75,269.92,70.699,-180.64,84.62,-29.014,-76.725,-2.4183
9.099,7.0915,-3.9518,-73.265,-98.253,267.55,-246.74,216.75,-283.18,-26.725,140.89,-338.8,-418.25,0,0
38.111,-8.3043,-36.269,-364.11,250.41,-10.292,-29.062,-155.15,-221.05,344.14,-4.4327,341.94,-224.21,0,0
21.656,20.444,-580.02,442.02,93.414,180.27,-14.157,-39.666,-127.81,-81.541,-254.11,576.58,296.95,-199.52,6.9282
17.321,-1.3074,-14.574,-367.89,285.82,-38.071,205.71,-206.98,-174.63,-55.215,316.54,-112.09,-257.38,0,0
0,0,0,0,-380.84,109.06,703.63,-35.908,142.64,140.94,7.5529,-61.551,-24.929,0,0
-5.6292,-4.7925,0.70753,-247.55,435.07,251.34,516.22,-320.81,44.011,-70.013,84.511,-131.42,-90.161,0,0
3.8971,5.683,9.6405,-391.83,155.78,233.18,244.54,-59.589,61.417,-272.43,123.23,87.944,-91.049,0,0
0,0,0,0,-597.72,273.06,371.69,-318.07,138.15,90.19,-8.6084,-183.56,-21.011,0,0
0,0,0,0,8.2399,180.16,395.13,-473.26,570.95,723.88,-431.99,-37.133,-26.957,0,0
0,0,0,0,-535.29,380.29,78.187,105.36,70.837,-1.6151,275.27,52.192,-114.59,0,0
-9.8857,0.61034,-0.80385,-239.33,-32.809,201.66,68.557,343.39,-114.29,-160.38,127.39,380.52,-153.87,0,0
-11.258,-1.6878,3.3415,-502.31,147.27,635.53,-53.847,90.387,370.84,-369.36,-50.839,198.53,-111.53,0,0
6.1357,6.7491,-1.8954,-313.76,-134.58,168.35,-42.216,-380.98,18.543,398.25,76.092,69.268,-65.645,0,0
-12.557,-8.7859,-12.482,-155.45,-191.02,181.92,263.33,-96.231,354.64,303.93,-164.41,-40.231,-69.097,0,0
3.0311,6.5,3,-329.38,-115.56,347.91,22.168,-622.86,316.95,206.29,-88.976,-291.87,-15.784,0,0
-5.6292,-4.7925,0.70753,-247.55,-131.74,290.49,251.6,-505.09,386.94,84.004,-124.38,31.166,-67.061,0,0
2.5981,8.5736,15.415,-86.231,400.99,227.9,-18.399,-328.5,458.16,461.08,-98.362,-305.4,-30.794,0,0
3.0311,6.5,3,-329.38,191.52,-28.599,16.822,-32.377,326.13,492.55,-441.76,184.88,-91.879,0,0
-3.4641,-6.049,-4.6095,-132.12,145.29,-153.63,-96.418,395.72,-120.2,-299.86,185.03,106.78,-110.06,0,0
-0.86603,12.946,9.5915,-284.58,108.81,24.846,34.443,77.015,305.22,-358.46,297.7,326.27,-159.38,0,0
0,0,0,0,-64.371,-452.17,229.39,270.75,-525.99,107.24,296.91,-220.2,-15.773,0,0
-15.204,-4.6854,-416.28,345.3,346.15,-51.345,-293.31,302.49,251.77,106.47,386.9,61.58,-80.618,0,0
0,0,0,0,-419.59,63.138,199.76,-397.69,272.3,-340.09,518.97,-130.11,-24.05,0,0
0,0,0,0,-475.35,-249.56,137.09,-375.52,555.93,504.67,-228.48,20.894,-26.671,0,0
-7.7942,-5.9264,0.43301,-257.86,533.12,109.1,9.1501,-195.75,179.5,193.43,196.23,-416.32,-33.349,0,0
7.3612,4.8708,-14.257,-74.474,74.234,448.18,148.31,-378.25,396.78,93.916,-368.77,137.82,-214.53,0,0
0,0,0,0,414.83,-237.1,-6.6199,282.45,-108.47,286.91,-556.8,-126.48,-20.409,0,0
0,0,0,0,137.27,-472.66,257.79,-254.13,51.363,364.61,28.534,-311.8,-22.973,0,0
24.254,1.6011,-24.483,-227.74,170.82,427.17,70.426,-121.19,30.339,77.122,-239.45,-118.96,-27.352,0,0
2.1651,10.141,-3.2386,-354.7,-326.38,581.2,167.99,274.14,377.98,-309.92,-591.16,533.64,-37.709,-47.003,-1.7321
3.8971,5.683,9.6405,-391.83,-58.453,-669.13,249.38,177.18,386.73,-323.2,496.92,-424.9,-20.808,0,0
0,0,0,0,-605.92,428.17,122.32,-206.58,145.2,415.57,349.89,-198.15,-30.675,0,0
0,0,0,0,-401.57,20.412,247.74,-132.53,297.49,292.94,212.85,-82.353,-27.995,0,0
3.8971,5.683,9.6405,-391.83,-273.32,221.19,339.95,-97.12,-264.47,-140.79,108.2,169.02,-118.08,0,0
-4.3301,2.2631,10.025,-388.62,-273.58,344.21,94.839,-82.6,-348.28,-7.245,-1.35,326.19,-135.07,0,0
0.43301,9.5131,7.6699,129.56,17.96,-300.55,-194.78,465.31,580.12,-282.77,114.31,103.03,-384.46,0,0
12.198,13.066,7.3367,-461.66,107.84,18.022,-78.861,95.415,-224.84,-104.91,74.654,392.24,-161.04,0,0
12.198,13.066,7.3367,-461.66,434.78,-15.421,-23.213,-122.93,105.56,176.61,172.93,-281.15,-40.753,0,0
-4.3301,2.2631,10.025,-388.62,218.53,214.77,-538.36,111.08,585.63,-66.783,14.149,234.45,-112.99,0,0
-9.8857,0.61034,-0.80385,-239.33,243.68,510.23,350.72,193.05,-363.86,31.35,27.774,403.92,-160.44,0,0
0,0,0,0,43.364,420.23,433.44,55.934,-590.65,244.88,314.46,-230.98,-19.629,0,0
12.198,13.066,7.3367,-461.66,188.54,468.47,-93.27,187.65,132.47,-201.06,-7.507,213.08,-138.82,0,0
0,0,0,0,393.48,288.21,-291.53,76.07,53.433,-58.941,56.033,-444.82,-22.021,0,0
0,0,0,0,-319.22,3.8508,263.37,145.86,291.13,-60.245,321.55,-141.2,-26.614,0,0
3.549,-7.3481,-335.3,-173.25,313.77,-58.24,-281.13,92.924,792.11,-146.42,134.29,105.43,186.99,-87.776,-8.9617
-4.3301,2.2631,10.025,-388.62,-189.52,209.48,299.27,65.519,411.11,0.68963,15.709,-497.07,-22.308,0,0
0,0,0,0,-538.51,318.6,22.257,-50.88,640.56,-84.311,393.54,-186.41,-26.905,0,0
16.143,-17.381,-174.9,214.7,110.27,173.46,-242.26,-63.969,-122.05,-5.8895,266.8,221.11,-345.26,0,0
0,0,0,0,8.1567,150.39,-364.63,281.66,8.1967,-619.36,-344.83,26.736,-19.715,0,0
3.0311,6.5,3,-329.38,223.27,-553.54,-115.11,251.98,54.496,-93.829,160.1,103.95,-88.858,0,0
-2.1651,-0.63397,0.40849,-243.93,-44.238,-246.24,-72.203,181.27,470.82,-54.961,120.24,-66.344,-299.65,0,0
22.522,27.085,6.8227,-277.62,-300.1,-73.862,76.203,139.13,492.18,239.85,277.71,-426.44,-29.686,0,0
0,0,0,0,-431.18,188.63,577.37,66.643,202.33,-377.03,838.98,-219.1,-22.571,0,0
-18.187,-21.232,-11.34,-35.508,-364.82,25.952,12.318,-39.616,58.522,-311.68,154.45,-261.57,-21.61,0,0
19.491,14.444,2.5057,-455.89,383.62,490.8,-114.84,-116.16,-133.12,68.777,-215.68,250.91,-136.33,0,0
0,0,0,0,182.95,-146.75,-209.38,280.66,-194.03,190.26,475.61,-155.75,-18.149,0,0
6.6749,24.658,3.8508,140.89,-11.785,78.049,237.5,-96.068,-242.2,245.45,205,56.391,-122.62,0,0
0,0,0,0,-234.29,-279.23,631.38,-214.58,-36.746,5.7052,59.918,-17.069,-72.356,0,0
-5.1962,9.4216,-4.3905,177.51,589.12,36.958,-11.71,-42.635,1.4091,91.743,-23.714,-144.42,-20.756,-190.31,3.6226
3.8971,5.683,9.6405,-391.83,-78.484,284.78,-197.1,431.73,266.72,-314.99,-74.469,-182.39,-87.179,61.331,-176.92
-12.99,7.4168,-339.04,195.07,-81.984,-242,368.02,-47.223,100.69,-518.49,-20.988,-1.5312,259.13,-94.414,0.62828
-6.4952,-1.2255,-1.3349,275.62,319.99,276.37,-103.55,11.676,-26.785,-195.6,72.044,171.44,-90.09,-149.48,-4.5834
-6.4952,-1.2255,-1.3349,275.62,264.74,-22.928,218.98,-220.95,-191.91,15.581,-144.93,90.044,84.545,-228.38,5.1962
-4.3301,-20.703,-94.491,42.429,244.68,-15.789,73.918,325.04,-2.3399,-106.65,236.86,-257.77,236.82,-70.434,-0.86603
10.899,10.584,-11.426,-657.01,702.03,227.47,-22.82,-126.53,258.94,-122.73,42.554,-15.587,-94.26,298.27,-429.22
0,0,0,0,-581.3,192.15,188.54,-350.17,151.25,282.04,-55.495,-66.88,-30.777,0,0
1.299,7.8905,-11.428,95.771,185.6,290.58,95.471,274.6,-43.964,131.3,152.95,-82.092,151.35,-182.51,3.4641
-11.258,-1.6878,3.3415,-502.31,-154.51,-60.114,221.58,705.73,-252.38,19.687,132.7,92.253,-27.394,267.66,-335.25
-4.8212,-9.2096,237.65,-19.133,-21.268,245.97,179.43,165.16,-46.956,-103.91,126.54,-102.01,-448.08,0,0
-11.258,-1.6878,3.3415,-502.31,213.66,-131.59,180.72,229.91,49.059,-210.19,50.731,-69.428,-79.184,216.72,-419.12
-11.691,-7.8954,3.866,-167.45,-174.42,31.816,110.01,13.688,312.51,-155,233.95,85.968,-88.696,0,0
0,0,0,0,69.038,137.22,66.8,73.634,288.71,361.99,-452.93,-16.49,-26.604,0,0
-7.7942,-5.9264,0.43301,-257.86,382.06,343.75,-83.359,-104.32,114.09,256.32,-889.36,4.0293,-25.215,0,0
0.21651,-3.6136,-12.619,-26.384,-78.173,71.299,41.841,-142.2,-475.64,162.3,-447.17,-354.78,-26.487,0,0
-36.236,-14.087,-1.3358,-345.79,100.32,-112.45,8.0234,154.13,233.26,334.44,-136.37,-84.406,-29.196,0,0
3.0311,6.5,3,-329.38,-25.967,113.23,311.47,-281.25,47.335,303.2,282.22,-193.76,-34.79,0,0
0,0,0,0,41.423,233.08,-24.787,305.85,240.47,407.01,54.569,-227.67,-23.012,0,0
-3.1103,19.736,2.8361,-36.676,0.13101,-187.26,242.38,-348.03,-87.736,162.31,-287.28,-488.56,-21.437,0,0
0.43301,2.049,8.9575,-266.2,-385.61,114.83,254.92,156.69,-11.774,426.91,431.59,-220.39,-22.731,0,0
0,0,0,0,-665.05,258.68,-209.62,-155.68,76.769,891.7,-275,-10.646,-22.368,0,0
0.90849,-0.49223,-1.3448,-247.42,161.91,285.69,64.098,-271.13,86.172,557.98,-559.13,35.069,-25.754,0,0
0,0,0,0,127.75,211.95,281.55,-82.323,337.75,-46.264,461.18,-141.95,-26.602,0,0
-15.018,-0.81402,0.16418,-505.67,-398.66,165.08,211.04,-176.69,-65.69,346.65,252.58,-168.12,-18.934,0,0
6.0622,7.2255,-0.0065699,-217.87,221.6,33.621,295.01,-299.29,544.71,631.42,-251.15,-0.43958,-26.879,0,0
0,0,0,0,-261.17,145.65,148.13,-234,301.09,-206.92,216.93,-259.4,-26.683,0,0
0,0,0,0,-821.65,252.08,502.26,-137.59,278.79,-293.1,-168.71,362.6,-131.31,0,0
-12.383,-7.2144,-1.7067,-405.41,206.14,205.03,221.04,-309.41,-20.443,235.92,2.5878,-129.03,26.91,193.06,-342.6
-22.084,-3.6077,2.5736,-180.38,322.18,256.71,291.4,38.116,-327.08,67.166,174.92,-111.6,-14.799,0,0
5.7027,1.0105,-9.5048,-72.621,215.1,14.303,253.14,179.28,-287.72,-80.829,-135.31,-73.408,516.68,-137.91,-4.1986
0,0,0,0,-101.14,-65.168,126.39,-4.3608,294.02,-277.49,121.66,87.028,-249.49,0,0
0,0,0,0,-142.56,45.971,-102.43,-141.05,379.39,177.24,-299.98,86.606,-357.14,0,0
0,0,0,0,-604.09,643.59,279.62,-556.74,523.71,-577.21,265.43,-93.255,-31.87,0,0
0,0,0,0,-144,281.69,15.333,-164.91,466.01,-345.98,-131.95,133.13,-254.25,0,0
0,0,0,0,-744.05,284.15,501.08,-375.56,125.2,244.54,-82.439,-152.6,-24.913,0,0
5.2174,14.228,0.5996,226.87,-339.76,171.57,-246.41,1.8541,233.1,225.78,-88.744,44.728,-288.11,0,0
0,0,0,0,-711.14,388.14,364.12,-295.45,228.09,641.86,-322.48,-22.525,-297.22,0,0
0,0,0,0,-216.98,170.47,53.507,-63.84,83.045,842.93,-561.72,6.5535,-21.576,0,0
0,0,0,0,220.97,405.12,-89.897,151.09,308.15,-252.97,-186.93,-313.34,-21.436,0,0
-8.0107,-257.91,233.2,120.6,-67.769,-276.2,377.43,-55.414,394.42,465.81,176.72,377.38,-191.74,0,0
-9.8857,0.61034,-0.80385,-239.33,87.609,612.7,470.9,-52.855,-64.32,-301.18,101.28,-223.61,-21.687,0,0
0,0,0,0,355.46,240.69,-143.96,78.88,-374.13,-221.25,125.31,61.875,-351.87,0,0
0,0,0,0,158.59,315.88,70.294,124.71,381.99,-449.2,5.6569,-38.4,-227.5,0,0
-11.691,-7.8954,3.866,-167.45,220.04,257.63,171.11,-40.926,-395.51,170.68,-83.158,158.66,-91.015,0,0
0,0,0,0,-650.75,74.918,389.74,35.246,201.23,358.75,-140.52,311.55,-114.14,0,0
-3.7386,18.187,6.9007,93.496,-923.33,674.59,-234.3,100.03,448.78,-186.25,131.82,-169.15,-21.012,0,0
0,0,0,0,-199.81,267.21,-238.1,101.85,-115.67,-232.49,164.16,-107.65,-128.91,0,0
0,0,0,0,-493.04,469.78,350.03,61.879,851.86,-246.29,233.54,-127.28,-15.212,0,0
0,0,0,0,-303.96,86.729,409.64,96.137,280.69,-178.96,201.86,59.83,-194.87,0,0
0,0,0,0,184.35,141.33,286.38,212.37,606.42,-141.27,148.12,-76.764,-206.82,0,0
0,0,0,0,-243.32,17.495,885.78,-178.99,-436.74,743.87,-629.73,-43.953,-21.044,0,0
19.491,14.444,2.5057,-455.89,-414.29,-138.54,54.883,-319.89,346.38,109.48,-67.206,-101.98,-25.803,0,0
0,0,0,0,-399.55,344.01,-36.089,-186.63,785.57,-120,-17.216,84.16,-253.7,0,0
0,0,0,0,-949.45,285.07,-25.613,89.588,133.66,-175.5,15.942,140.52,-120.2,0,0
0,0,0,0,-1101,442.14,267.72,-173.62,54.404,-4.5996,15.985,269.97,-114.95,0,0
6.9282,29.794,4.4737,204.93,221.61,-560.22,165.13,-188.42,177.4,-426.96,129.94,-369.2,-20.814,0,0
2.1651,8.299,-246.92,70.674,140.96,54.81,-169.31,678.66,719.13,-395.87,8.4995,203.89,-130.94,0,0
0,0,0,0,-487.94,522.55,-9.2903,82.408,120.39,248.09,70.494,-297.08,-17.927,0,0
13.924,4.3777,-6.2521,289.19,-298.98,237.09,-370.72,526.55,-439.75,111.91,-21.426,139.2,-436.66,0,0
-2.9462,-13.384,-520.67,274.96,-21.652,-203.77,336.78,-2.1549,395.35,-610.52,-33.117,96.634,-118.93,0,0
-7.773,6.3322,-396.59,299.82,-51.598,-277.5,256.1,633.47,-199.38,-70.208,72.011,175.88,114.97,-100.16,-1.5523
-13.771,-20.518,-602.59,-4.5456,8.3942,171.51,4.1455,-70.395,720.81,-120.68,-208.62,171.7,142.71,-100.16,-1.5523
0,0,0,0,-210.48,667.07,168.67,-98.905,325.68,54.831,153.16,-446.67,-22.965,0,0
4.7844,-11.49,-16.067,225.07,2.0184,-441.23,-255.66,134.03,144.6,-251.45,157.96,228.87,-362.06,0,0
-1.2778,-0.65641,240.22,493.59,-227.54,-25.666,164.14,-347.92,-76.681,-354.37,13.483,282.27,-464.69,0,0
0,0,0,0,170.32,229.12,-17.327,-310.46,234.33,160.36,-520.47,-19.037,-20.848,0,0
-5.1962,8.6962,3.5,-352.25,108.97,-215.27,2.6039,165.08,-155.12,151.78,69.694,-371.01,-21.62,0,0
0,0,0,0,118.07,-710.83,33.516,232.52,-136.93,499.53,-3.4997,-434.42,-26.309,0,0
0,0,0,0,-214.85,482.13,148.01,-163.17,247.24,323.01,-616.22,23.783,-25.702,0,0
-2.5981,4.616,-351.26,-103.98,-337.79,352.36,-30.53,22.299,209.06,0.46891,-260.05,225.96,-137.36,0,0
0,0,0,0,-424.54,418.84,-81.598,-378.56,152.4,258.03,-151,-259.44,-22.242,0,0
0,0,0,0,-100.35,107.87,70.529,-343.85,266.08,787.66,-297.63,9.5565,-16.014,0,0
0,0,0,0,-9.7949,161.03,-118.53,140.06,11.828,373.18,-137.98,-259.9,-19.902,0,0
0,0,0,0,-358.2,115.54,160.09,493.8,553.9,-321.12,195.4,-236.14,-21.255,0,0
-5.1962,8.6962,3.5,-352.25,-209.14,97.483,44.435,-171.16,-15.497,189.72,255.4,-350.41,-73.502,0,0
-1.7321,8.8792,8.0784,-114.37,-27.668,210.33,-91.262,-104.43,-14.608,40.159,-365.05,47.203,-311.73,0,0
6.1357,4.102,-6.2237,-8.8838,16.754,-267.78,173.23,180.43,-78.062,205.95,-68.639,270.02,-243.17,0,0
0,0,0,0,59.148,-40.209,354.69,-74.365,114.26,-42.982,-360.6,-301.81,-23.727,0,0
0,0,0,0,-38.126,535.96,128.57,-707.62,61.127,331.38,62.447,-274.11,-26.065,0,0
0,0,0,0,-527.42,222.52,312.83,283.8,241.87,-192.41,-48.218,-140.63,33.178,-154.85,0.92404
0,0,0,0,404.4,592.44,-176.44,69.932,273.5,-335.57,70.451,-4.3122,-292.37,0,0
-2.1651,-3.933,-6.8415,379.42,233.32,-30.502,-268.5,448.86,213.95,-458.13,311.79,-142.85,-60.5,-188.75,3.0311
3.8971,5.683,9.6405,-391.83,-487.56,-48.046,596.33,-18.385,22.588,13.849,-125.31,-28.637,130.41,162.87,-319.5
0,0,0,0,65.531,-14.665,270.89,-132.67,360.59,-58.121,4.9154,-111.89,-56.812,95.829,-120.38
0.64952,-12.828,-16.503,64.872,-68.528,262.85,304.11,-214.3,321.52,172.98,202.88,-358.5,-23.382,0,0
-10.947,-0.97997,-0.79608,155.14,-386.34,-99.667,-246.72,-95.507,201.94,-276.83,16.048,69.429,-172.12,0,0
5.6292,3.1095,-163.48,189.03,370.29,-410.73,269.78,194.25,178.5,-64.056,25.003,-27.278,325.08,-94.548,-4.5679
0,0,0,0,-16.533,-21.022,284.88,-40.117,-620.44,119.85,66.696,162.05,-183.62,0,0
5.6504,3.5069,-11.26,295.27,30.73,176.07,170.31,136.08,-97.712,-501.08,-35.719,123.33,-13.788,-154.85,0.92404
5.6292,9.701,-6.1226,-916.57,393.92,133.13,-146.58,57.666,-347.34,-322.98,298.12,-711.11,-44.79,0,0
-10.825,5.6357,9.9412,32.28,-232.14,236.27,141.17,-247.23,-226.82,-342.56,92.186,-40.295,-321.74,0,0
-10.392,-4.5359,-14.879,-518.51,201.75,104.88,293.27,-432.39,40.759,17.896,265.52,-312.11,-96.609,0,0
9.9805,2.0804,-487.31,587.93,82.098,-148.12,39.798,79.567,346.74,-198.48,402.95,-349.87,-72.576,0,0
0,0,0,0,22.488,271.03,-156.09,-69.547,234.18,309.64,-507.07,-201.44,-23.415,0,0
-10.392,-4.5359,-14.879,-518.51,112.69,217.13,-82.174,16.889,234.66,871.27,-379.26,-42.936,-18.647,0,0
-17.754,2.7404,9.1699,-39.939,-23.255,-376.6,4.2997,187.76,272.25,320.29,-393.36,-412.36,-20.215,0,0
-12.124,-3.6633,10.458,-646.47,228.59,240.68,-139.3,51.736,-193.5,162.65,295.03,-268.36,-69.569,0,0
-12.124,-3.6633,10.458,-646.47,175.74,310.34,-126.77,56.254,254.38,-89.115,606.87,21.672,-112.85,0,0
5.6504,3.5069,-11.26,295.27,289.17,151.46,-15.514,5.727,45.25,-218.45,149.8,-848.91,-17.266,0,0
-4.3301,22.758,-314.38,-284.36,148.51,161.02,124.74,-7.3455,-259.28,238.36,556.84,-168,-414.8,0,0
0,0,0,0,-551.31,496.73,-330.1,222.45,42.8,-195.47,-0.074909,-216.84,-17.799,0,0
0,0,0,0,-428.45,313.79,112.84,-645.87,648.55,33.881,-169.84,-220.82,-21.6,0,0
0,0,0,0,-213.59,-139.82,300.41,-541.56,147.45,387.54,1.4883,-161.49,-27.748,0,0
0,0,0,0,26.527,-129.69,167.47,-486.54,222.21,117.46,68.279,-187.42,-24.867,0,0
-5.1962,8.6962,3.5,-352.25,-105.15,690.03,-106.95,-375.74,304.63,86.829,-481.15,-163.87,-25.147,0,0
0,0,0,0,-504.78,404.83,274.4,-214.89,373.24,-364.45,-27.298,-191.19,-18.525,0,0
-23.916,-14.604,-160.61,-46.106,278.13,-534.27,-17.165,-96.399,-39.148,-122.33,27.185,39.042,-61.6,0,0
0,0,0,0,-485.21,238.91,-68.338,-437.17,323.52,360.17,-206.71,487.16,-261.76,0,0
0,0,0,0,139.24,192.98,808.52,-470.71,761.01,562.71,-270.7,-19.907,-28.633,0,0
0,0,0,0,310.62,2.539,2.7748,31.709,251.33,316.4,88.895,-314.1,-20.924,0,0
0.86603,2.683,-7.3792,101.62,-176.11,614.9,492.4,-217.93,-193.98,469.14,42.726,-105.49,-25.277,0,0
3.0311,6.5,3,-329.38,-376.47,563.4,-251.31,21.522,-27.34,-12.835,269.04,78.242,-94.75,0,0
-7.7942,-5.9264,0.43301,-257.86,-275.25,-15.558,-255.17,97.553,165.82,-146.93,-140.77,203.67,-110.82,0,0
0,0,0,0,-415.03,-222.63,470.17,-2.2651,-385.21,256.82,501.17,-146.02,-25.023,0,0
-10.392,-4.5359,-14.879,-518.51,245.72,-30.415,103.93,-24.153,21.2,23.005,-251.52,-122.38,-24.85,0,0
1.7321,9.4886,10.018,-606.49,207.13,142.29,-350.97,-37.685,172.95,-82.853,-75.129,353.35,-199.93,0,0
-4.3301,2.2631,10.025,-388.62,-150.25,49.866,262.42,-308.75,70.559,101.25,72.754,-145.23,-90.748,0,0
-19.053,-15.603,-338.37,-25.976,140.6,202.59,73.375,-149.12,42.044,250.9,15.723,-189.5,-73.974,-47.003,-1.7321
-17.321,-12.688,4.5736,-415,-150.23,204.19,113.93,-77.053,18.699,664.52,-24.267,117.22,-107.05,0,0
3.0311,6.5,3,-329.38,419.5,67.166,174.66,-144.29,-94.864,181.13,17.306,-322.25,-66.184,0,0
-5.6292,-4.7925,0.70753,-247.55,-391.1,182.19,337.39,-328.06,354.6,146.13,-906.9,-27.677,-21.589,0,0
4.3358,-10.879,-269,-45.338,-252.46,187.1,-68.427,33.199,231.7,-105.63,629.5,-360.02,-291.73,0,0
2.5981,8.8905,-6.1537,-207.8,346.39,24.479,355.02,-262.91,342.48,124.52,309.06,-168.05,-94.868,0,0
0,0,0,0,407.75,24.829,223.49,-162.83,94.322,402.54,-530.33,-286.83,-16.861,0,0
1.299,-0.68958,2.4396,-394.63,277.61,55.45,210.11,-132.87,71.739,209.85,-43.239,-188.67,-258.68,0,0
-19.053,-7.6143,3.7745,-760.17,319.9,315.93,-238.34,-69.079,306.57,96.479,396.35,-41.833,96.471,-69.373,-3.0736
-6.9282,7.2877,-157.44,-22.846,137.79,207.21,13.673,-211.08,20.363,198.06,-111.68,-209.95,-315.13,0,0
-32.339,-8.4038,8.3047,-737.62,520.35,100.94,60.885,-28.421,-103.42,248.67,-447.05,344.07,-154.51,0,0
2.1651,10.141,-3.2386,-354.7,298.6,-431.92,398.53,14.952,-22.76,508.38,-604.93,-8.1764,-23.977,0,0
13.064,28.048,-13.75,36.005,500.92,63.318,5.4147,71.489,81.457,-278.9,-38.969,76.953,-25.23,-325.32,-3.8971
12.198,13.066,7.3367,-461.66,246.78,244.99,94.615,16.618,-69.824,266.67,80.178,-86.088,-0.56546,-26.423,-16.454
-8.6603,5.3187,80.6,17.395,-389.52,149.85,105.44,47.858,220.45,-56.656,161.17,327.21,-326.6,0,0
2.1651,-7.6962,-333,-200.81,112.87,118.96,74.053,-117.41,78.572,102.21,-156.05,-158.64,314.38,-111.21,-8.0957
6.1357,19.372,-505.56,126.37,150.27,93.165,-211.27,165.39,134.72,134.97,-0.56443,297.51,-429.81,0,0
-4.2452,-11.75,-425.03,-246.86,209.13,129.86,306.04,-130.86,-124.36,231.14,-92.736,-15.758,317.08,-126.86,2.3448
-1.299,-14.471,-7.4689,321.54,-192.29,153.84,-65.816,91.282,-110.86,-11.56,-199.86,45.787,5.2792,-226.6,-10.213
-23.816,8.095,-425.01,-379.07,423.81,-76.343,-47.832,24.207,-9.9686,-29.145,-404.95,85.526,185.92,-126.86,2.3448
-6.9282,154.69,-32.463,-15.141,-58.878,66.683,128.5,-18.172,267.98,-541.62,-128.9,-263.5,-9.9689,0,0
-0.86603,-14.196,-336,128.57,-511.77,98.933,181.37,-6.5216,169.83,70.359,-234.46,141.01,356.3,-126.86,2.3448
-11.158,-12.172,-287.66,182.68,85.585,15.829,-55.321,-337.33,-193.36,279.82,182.38,-369.74,-295.34,0,0
-10.371,5.0397,-19.159,-317.26,440.6,-98.344,78.799,3.1986,111.51,252.37,149.36,-58.475,-53.975,-270.26,-7.3612
2.5981,3.201,-9.1226,-587.18,251.7,297.99,239.34,-24.807,295.22,42.944,52.136,281.85,-167.87,0,0
0,0,0,0,135.01,376.19,117.59,-13.79,219.25,-354.19,93.65,-89.091,-28.086,0,0
0,0,0,0,-730.81,368.2,405.63,-70.519,569.89,-224.77,8.4831,-78.748,-83.289,0,0
0,0,0,0,660.14,236.27,-16.238,14.4,35.729,22.008,-110.81,-428.32,-22.008,0,0
10.027,0.26827,-16.064,228.39,-426.6,236.27,480.98,3.8036,-143.51,-7.4999,65.403,93.769,-274.72,0,0
-22.084,-3.6077,2.5736,-180.38,89.371,164.89,334.46,-74.138,-164.04,-121.08,65.72,74.411,-2.7778,-26.423,-16.454
3.8971,5.683,9.6405,-391.83,930.61,-142.25,-37.295,65.085,140.97,-94.178,66.052,-8.7091,171.53,-125.37,6.4952
-3.4641,5.3481,-2.5311,-602.25,433.2,-116.01,-102.81,-270.65,-26.709,-412.08,197.62,-10.03,-91.432,0,0
-5.1962,-8.4641,-24.306,-287.69,330.31,32.941,-211.8,84.033,282.52,-441.92,77.34,-62.233,-421.56,0,0
-6.7117,-16.736,-10.459,238.87,-328.47,92.208,107.22,210.62,-49.535,209.33,-141.48,21.507,136.53,-400.31,-16.887
13.856,59.588,8.9474,409.86,288.33,361.98,-31.003,-97.101,297.55,-259.73,285.51,57.359,-18.272,-474.49,2.9518
0,0,0,0,-360.3,477.62,234.89,-414.03,122.38,596.88,-246.27,76.283,-220.1,0,0
-3.8971,14.428,-77.627,240.16,426.85,55.06,11.516,-122.6,-38.655,-249.02,257.43,-20.666,21.854,-68.55,-1.299
0,0,0,0,-383.3,104.46,50.727,-58.582,-495.47,73.471,129.87,-125.22,-321.88,0,0
0,0,0,0,-996.53,568.02,89.907,1.2324,78.664,998.01,-348.12,-32.546,-21.778,0,0
0,0,0,0,-55.805,507.56,76.356,270.58,175.3,320.05,-395.64,-237.95,-19.467,0,0
-9.9593,2.2207,-432.46,201.44,129.25,-72.212,0.31623,79.823,-118.67,3.1347,98.832,466.05,-250.61,0,0
-5.6292,-4.7925,0.70753,-247.55,-386.7,311.53,14.243,106.47,-26.974,42.682,-242.3,-387.01,-24.024,0,0
9.099,22.147,-18.625,-557.83,187.72,76.302,-21.052,-142.78,-69.991,-11.957,-212.81,118.11,316.3,-111.21,-8.0957
-7.7942,-9,-2.0359,384.2,-21.499,325.71,-95.351,-131.76,42.249,77.294,211.94,74.607,-321.19,0,0
-2.5924,1.9886,-5.6349,-233.57,-47.91,136.51,62.679,-440.8,286.35,344.67,-661.61,3.0508,-22.788,0,0
8.4437,-17.298,-178.69,185.54,66.007,209.18,102.52,69.563,-41.891,374.01,533.81,-642.99,-33.271,0,0
-16.887,2.2404,-416.57,90.518,86.982,107.72,-199.19,57.8,141.75,-421.13,-68.577,60.56,181.7,-94.548,-4.5679
0,0,0,0,-177.57,209.66,-206.62,-130.85,-270.92,-61.611,134.47,191.62,-276.36,0,0
5.7027,11.499,-1.2973,-151.25,-223.86,332.12,126.05,-151.72,-564.93,100.33,207.66,-52.229,75.187,-387.19,-5.9037
5.1962,7.701,5.1405,314.73,-25.487,131.82,61.096,272.15,-83.597,-145.31,-26.301,-10.624,89.287,-275.37,1.125
-9.5263,-0.52933,-5.3301,-133.92,-26.248,-211.66,4.4541,579.55,105.02,-131.6,-179.17,131.97,-271.87,0,0
3.8971,8.9821,-316.75,76.786,-285.24,253.17,483.35,-127.26,259.19,325.2,-98.07,41.101,-115.54,0,0
-1.3323e-015,9.5066,-2.8301,-598.63,251.25,83.577,-212.68,235.04,-134.98,70.999,-93.253,93.082,-111.73,0,0
-2.1651,-3.2811,-3.9199,60.944,396.79,-65.901,-326.72,-135.25,139.12,-140.8,-109.08,202.6,-399.56,0,0
-4.3301,-5.6896,-4.9869,-14.496,145.7,150.44,-102.06,58.787,-418.11,135.44,-205.99,128.14,111.5,-353.21,-1.1405
1.299,7.8905,-11.428,95.771,-10.85,-466.1,-40.854,0.4752,182.25,-202.6,-308.29,163.78,-374.47,0,0
3.8971,5.683,9.6405,-391.83,77.691,667.84,84.461,208.52,156.09,-198.39,415.27,-160.75,-49.886,0,0
5.1962,-3.9282,-9.4264,230.82,16.746,-79.839,283.05,13.311,-112.29,-70.64,68.787,-25.238,5.4933,-228.38,5.1962
1.8056,6.1576,-3.6388,205.79,-545.57,-66.444,229.69,-58.102,-178.84,25.333,-7.0244,-136.55,36.856,-194.93,-15.155
0,0,0,0,417.49,285.63,-171.83,-128.57,270.73,-428.43,71.758,5.6539,-39.322,14.41,-12.99
-17.299,-8.5763,-8.8334,147.99,-508.2,61.22,-19.213,-318.62,438.56,410.59,75.814,79.404,-46.786,-240.13,-5.8032
0,0,0,0,240.89,423.43,-10.372,227.82,-301.9,161.04,-3.3692,-139.22,108.02,120.3,-105.76
19.491,14.444,2.5057,-455.89,-199.76,435.53,-172.19,-62.796,-135.53,494.12,-293.39,42.192,129.47,-186.1,-6.1357
0,0,0,0,-136.5,298.9,359.46,-246.19,278.6,-221.36,-23.431,-176.53,-231.55,0,0
0,0,0,0,328.48,148.19,90.71,-148.12,-55.643,23.847,-42.747,-202.12,-31.911,21.765,-103.92
-7.7942,-9,-2.0359,384.2,92.049,35.622,-387.93,-138.58,-35.569,70.023,-53.769,3.5751,66.736,-216.49,1.4575
7.6513,9.7581,-7.8382,-72.409,236.64,76.997,59.823,-198.43,-6.8798,-109.85,369.68,-122.88,-162.23,-242.21,-7.7942
-2.1651,-0.63397,0.40849,-243.93,161.35,299.33,-220.45,-301.35,-16.016,45.248,356.52,-727.79,-21.206,0,0
-7.7942,-5.9264,0.43301,-257.86,134.29,377.44,-233.43,180.84,341.05,-124.61,144.69,62.214,29.092,253.83,-317.83
-11.258,-1.6878,3.3415,-502.31,-58.003,209.53,135.93,326.52,140.41,21.122,-17.997,-14.895,-91.773,348.08,-417.86
-2.9575,5.6953,1.0377,-572.14,-116.68,151.72,-20.661,-157.03,270.25,34.866,25.535,-19.405,65.771,319.11,-429.06
3.8971,5.683,9.6405,-391.83,-409.93,279.88,-102.88,219.6,-478.03,-24.549,-154.97,-52.159,-13.725,255.63,-322.16
0,0,0,0,-5.3951,184.83,40.952,440.4,-113.01,-125.01,51.701,-51.114,7.1274,147.44,-106.09
-6.0622,-8.683,8.9282,343.29,-647.11,282.77,152.14,-135.44,260.72,227.71,-697.79,29.39,-23.849,0,0
0,0,0,0,374.11,141.03,-275.42,242.5,-28.124,-264.05,-137.38,-98.941,-141.31,-55.677,14.289
0,0,0,0,-46.127,514.21,-77.436,66.306,-23.622,-99.355,80.246,-93.887,-206.44,0,0
0,0,0,0,9.3018,522.73,-409.6,211.14,397.33,-419.51,-36.002,-214.33,-109.5,-42.922,8.2272
-12.124,13.551,0.5359,-585.36,170.72,576.14,-217.54,-84.803,-410.43,247.2,304.89,420.04,-350.07,0,0
0,0,0,0,104.16,-515.53,338.98,291.41,57.901,-201.14,229.89,-338.94,-20.449,0,0
4.7631,13.342,-12.361,-941.88,394.72,596.25,-343.12,23.728,-105.9,223.73,63.444,-469.52,-65.585,0,0
-8.2272,-4.2434,-594.67,-19.588,243.53,-262.27,2.8,205.4,-225.97,29.057,278.72,176.09,118.29,-83.946,-3.0311
16.887,6.4558,-428.83,-32.34,15.761,140.05,190.1,-107.84,-191.83,337.39,688.52,-604.76,-17.992,0,0
-7.7942,-5.9264,0.43301,-257.86,-176.89,418.09,27.836,185.12,163.67,-359.88,147.13,249.27,-133.81,0,0
13.429,8.1274,-6.7264,-308,383.06,-72.555,271.6,-98.318,135.18,-179.61,322.45,-229.56,-4.8732,-46.454,-2.6645e-015
0,0,0,0,-268.47,303.93,190.19,-2.8213,-60.456,448.01,-254.17,-398.97,-20.615,0,0
-6.0622,-14.672,-409.95,198.74,75.994,281.3,-68.137,-279.52,0.34043,182.98,-435.32,-13.254,274.35,-126.86,2.3448
-3.8971,7.5311,-3.4575,281.48,-186.21,174.96,121.83,-526.57,135.5,349.27,-527.47,-363.69,-24.317,-196.88,-9.5263
0,0,0,0,332.33,218.74,109.31,129.72,195.31,-354.64,261.77,-100.53,-164.98,0,0
0,0,0,0,-1235.2,351.67,-26.613,-195.5,183.54,404.9,-288.34,202.65,-92.929,0,0
0,0,0,0,8.7291,62.989,550.6,-626.7,368.54,-213.48,-343.44,19.021,-25.634,0,0
0,0,0,0,16.547,-202.64,301.45,-353.55,258.6,475.34,-140.14,99.036,-190.3,0,0
0,0,0,0,-196.15,540.98,-34.021,-134.75,284.43,-341.45,-13.967,-334.28,-15.431,0,0
0,0,0,0,96.582,312.66,166.84,312.1,404.82,-49.372,517.94,-401.96,-59.786,0,0
0,0,0,0,-160.6,432.74,488.58,-71.868,42.709,-439.58,-9.3177,-51.325,-23.378,0,0
3.0311,6.5,3,-329.38,-187.6,359.24,109.21,-14.633,107.59,12.406,218.71,-325.58,-141.31,0,0
-36.236,-14.087,-1.3358,-345.79,-100.62,-602.28,648.02,-486.01,441.38,568.06,-481.98,-12.253,-17.248,0,0
0,0,0,0,-138.24,411.41,17.284,-203.72,394.63,-545.43,42.522,-354.32,-23.86,0,0
2.1651,10.141,-3.2386,-354.7,135.06,453.97,172.93,-30.885,-108.99,-363.5,-191.64,63.584,-64.492,0,0
0,0,0,0,-834.42,578.57,154.86,-138.2,404.81,227.5,-188.58,-78.521,-29.045,0,0
-11.258,-1.6878,3.3415,-502.31,-434.38,497.06,-340.93,-302.92,273.16,-272.17,-86.104,202.01,-93.955,0,0
0,0,0,0,-133.02,472.48,64.397,315.24,-368.64,-156.49,549.91,-384,-24.982,0,0
-10.392,-4.5359,-14.879,-518.51,341.87,233.45,174.34,-114.54,244.62,-19.193,-433.71,361.66,-139.3,0,0
0,0,0,0,204.19,19.137,-127.13,-435.01,134.37,635.03,-329.28,26.381,-292.45,0,0
6.0622,12.482,0.43782,-189.67,321.58,116.78,50.07,-42.183,251.08,98.062,-124.31,47.963,227.76,-266.79,3.8179
2.1651,10.141,-3.2386,-354.7,-452.48,459.96,373.3,-515.87,349.14,188.49,-31.917,155.11,-92.507,0,0
4.7631,3.7859,-5.384,163.9,164.52,202.9,208.5,-523.84,234.89,162.89,161.56,-174.2,-28.935,0,0
-9.5263,-0.52933,-5.3301,-133.92,111.07,-422.3,274.53,-257.79,475.99,367.08,-58.248,-102.26,-26.424,0,0
-9.5263,-0.52933,-5.3301,-133.92,139.15,215.98,392.47,-207.2,295.34,71.109,-655.66,272.71,-110.54,0,0
-5.1962,8.6962,3.5,-352.25,214.32,128.76,134.17,-55.437,-111.66,-393.91,-66.2,350.1,-138.52,0,0
0,0,0,0,156.68,-74.634,255.78,47.501,139.11,-71.189,-670.05,15.969,-23.335,0,0
3.0311,6.5,3,-329.38,131.54,-309.49,283.72,-316,410.93,236.47,-1142,1168.3,-270.56,0,0
-22.084,-3.6077,2.5736,-180.38,537.03,19.697,308.24,-83.043,47.968,635.6,-903.56,5.1748,-21.27,0,0
9.099,11.049,-253.99,41.55,-49.653,-474.66,382.3,-169.21,-52.903,388.81,196.7,-379.38,-24.4,0,0
0,0,0,0,-195.45,50.615,410.84,-57.393,297.78,667.76,-24.43,-123.3,-25.862,0,0
0,0,0,0,-502.2,-545.4,320.89,-129.64,-261.13,265.73,-108.43,96.71,218.32,-70.434,-0.86603
9.0933,5.3529,-7.9216,170.83,-2.495,-187.74,122.07,103.79,92.532,74.638,-1.7611,116.28,-84.463,0,0
12.198,13.066,7.3367,-461.66,-219.96,476.75,-28.507,-57.267,130.03,-491.91,97.678,604.21,-209.69,0,0
1.8056,6.1576,-3.6388,205.79,-227.78,231.95,-49.502,-137.74,-106.83,-111.71,-72.127,120.66,175.74,-235.7,-22.385
-11.691,-7.8954,3.866,-167.45,107.27,-582.2,192.01,203.86,-243.26,-23.563,-19.572,-214.92,-268.07,0,0
-18.187,-6.7728,1.5,-169.5,259.62,-755.13,442.17,339,-53.101,92.037,19.904,-321.3,-18.417,0,0
-1.7108,22.479,-169.85,118.67,30.614,-73.59,504.85,535.95,-250.04,-157.68,70.566,126.74,-443.03,0,0
3.8971,5.683,9.6405,-391.83,57.862,-536.83,223.9,486.91,-175.5,-61.864,9.5886,272.63,-103.11,0,0
0,0,0,0,131.7,79.613,121.99,-100.25,280,-189.01,-86.802,-264.49,-22.423,0,0
3.8971,5.683,9.6405,-391.83,164.37,252.3,214.61,196.38,-250.78,-0.89312,60.029,43.84,-80.927,0,0
19.559,-1.1498,-16.871,-219.85,35.206,-323.32,-123.76,373.49,-186.88,-64.926,-60.809,287.28,-229.02,0,0
0,0,0,0,-112.56,383.06,37.958,159.74,112.77,-148.71,-191.76,87.246,-292.85,0,0
12.631,6.2605,-8.7614,-279.25,157.36,197.87,-61.447,-29.62,748.32,-378.52,25.745,384.13,-162.78,0,0
-2.5981,-6.3726,-7.201,-2.7931,297.41,95.143,278.28,-89.355,-373.4,-51.42,173.9,-16.141,-311.87,0,0
0,0,0,0,-618.72,276.37,303.13,-46.05,195.65,-273.28,127.46,256.13,-112.07,0,0
11.765,25.03,-0.29247,-16.582,-150.56,352.32,152.87,120.13,318.72,-117.74,52.798,512.82,-185.88,0,0
1.3203,10.118,-9.2126,166.07,-444.98,0.76966,450.28,108.02,325.23,128.05,-70.473,190.74,-253.94,0,0
9.1668,10.066,-9.683,31.791,-295.91,27.189,-193.3,22.556,24.469,16.442,189.73,35.45,-217.46,0,0
40.139,34.723,-343.15,126.51,-248.26,306.69,166.43,105.9,497.91,-178.09,269.3,-144.29,161.02,-76.725,-2.4183
0,0,0,0,119.27,-94.785,-164.69,175.52,-76.966,84.137,258.37,-109.56,-21.956,0,0
13.064,14.176,0.12917,92.588,-230.12,-17.777,237.08,37.127,259.39,-113.46,68.281,232.85,-338.27,0,0
-18.546,-14.164,-149.51,-317.98,-126.48,24.508,256.07,-113.45,276.59,-317.38,26.815,-21.438,158.92,-68.368,-2.4028
11.332,13.883,0.69615,-399.21,46.696,216.25,237.81,-5.6208,215.78,-235.36,49.242,61.764,306.23,-111.21,-8.0957
7.0018,-7.0876,-9.7728,251.71,-283.17,-82.984,-257.37,-68.841,-24.591,-387.21,284.95,310.77,-104.48,-192.99,1.7321
3.0368,2.7925,-173.05,149.31,176.74,-199.73,-45.571,-31.696,-90.413,132.49,232.98,-738.53,-29.331,0,0
17.759,1.0652,-340.14,-264.87,291.26,-64.391,93.517,-159.33,46.92,7.8473,110.89,-130.02,-102.38,-55.902,-2.8514
2.3816,8.3995,-3.3514,23.889,49.948,469.73,-89.001,161.02,-95.33,44.473,107.62,-433.58,-34.396,0,0
20.357,15.554,-4.7018,98.354,176.16,277.38,307.49,-294.85,36.835,222.58,126.65,-470.63,-26.306,0,0
-2.049,30.974,-241.49,191.61,231.61,-107.5,99.213,243.93,-233.39,273.22,423.91,17.791,-90.692,0,0
-15.372,-26.638,-594.91,34.053,-43.483,-202.02,194.68,26.489,348.32,3.5269,-467.69,-53.189,-91.793,-46.454,-2.6645e-015
-2.1651,-9.3971,-335.27,-14.992,-365.65,281.68,-87.928,3.258,60.088,132.16,421.37,-344.36,153.17,-68.55,-1.299
0.43301,9.5131,7.6699,129.56,-320.51,277.36,79.79,25.79,228.34,28.334,234.62,-40.996,-310.7,0,0
9.0933,5.3529,-7.9216,170.83,55.074,463.11,2.3037,19.259,212.32,-55.455,-5.1185,-264.73,-20.263,0,0
-2.1651,-3.2811,-3.9199,60.944,-78.125,148.99,-122.04,195.08,67.353,66.988,383.79,-411.22,-19.937,0,0
-19.781,0.55857,6.1217,-360.08,135.72,-289.57,55.919,-197.79,322.38,302,49.213,-103.88,-24.056,0,0
20.357,2.6256,-15.829,147.37,-224.98,337.91,162.09,-14.091,-173.46,-190.07,507.39,-323.07,-22.979,0,0
18.192,32.672,-1.3621,-3.4267,231.05,144.43,-364.94,-130.82,183.83,256.7,355.64,-455.44,-21.852,0,0
-5.6292,-4.7925,0.70753,-247.55,228.61,-370.55,258.22,-48.402,-47.451,521.31,-184.91,-118.63,-20.174,0,0
3.0523,31.345,3.9393,125.09,-487.9,246.89,276.4,-291.89,-292.69,-233.22,65.85,115.8,-210.28,0,0
5.2174,14.228,0.5996,226.87,76.4,-169.89,-77.101,31.768,74.008,-168.72,227.55,-46.767,2.3693,-191.99,-14.03
10.899,9.785,-509.35,22.529,-358.45,248.02,7.4672,94.113,-157.19,92.197,6.8876,85.201,189.22,-94.548,-4.5679
0,0,0,0,-416.43,232,333.94,56.24,-121.07,542.72,126.97,-189.25,-22.96,0,0
0,0,0,0,-301.46,438.19,703.45,-387.03,419.15,-366.37,-120.01,-19.657,-22.612,0,0
3.0523,31.345,3.9393,125.09,-83.435,285.06,-142.52,122.84,112.39,-154.2,309.15,-31.626,64.412,-275.37,1.125
15.229,24.316,-3.1095,-262.11,69.106,290.72,125.71,-112.64,156.14,-187.11,171.88,-59.489,-38.789,-261.93,-8.5018
5.1962,-3.9282,-9.4264,230.82,-488.54,125.82,190.08,-210.8,-24.154,-47.169,-189.54,61.877,-308.11,0,0
1.3203,10.118,-9.2126,166.07,146.65,399.94,10.686,115.32,37.646,-109.07,70.778,-33.176,-38.204,-261.93,-8.5018
0,0,0,0,-56.853,283.67,341.36,-43.298,2.6042,659.65,-425.17,-264.82,-31.509,0,0
6.0622,13,6,-658.77,310.49,168.47,-257.88,-65.148,-90.623,395.39,376.17,-106.32,-74.746,0,0
-4.3301,2.2631,10.025,-388.62,45.491,415.47,-79.541,-136.74,-20.531,161.11,11.75,75.975,-91.492,0,0
0,0,0,0,-144.77,311.33,248.75,-178.27,-109.57,448.94,-836.53,7.9709,-23.82,0,0
4.7631,-6.1357,-8.6944,211.43,-422.41,537.81,-230.65,-292.8,-84.577,58.926,-1.5964,-288.51,-18.877,0,0
0,0,0,0,348.1,674.84,-266.16,-84.375,-84.832,481.81,196.51,-212.04,-26.719,0,0
-6.6613e-016,11.94,-11.886,2.0213,-421.4,455.48,34.456,16.712,-293.25,421.2,-413.54,-182.97,-28.797,0,0
0,0,0,0,172.14,267.77,-75.383,-12.916,-284.29,525.85,-258.55,-257.37,-36.76,0,0
0,0,0,0,-150.31,227.45,-249.25,-117.78,235.39,-539.55,34.062,-169.28,-14.175,0,0
0,0,0,0,-661.81,424.37,-68.058,-390.13,354.37,443.26,146.67,-114.12,-30.914,0,0
0,0,0,0,-499.82,347,208.29,-57.868,-286.75,327.46,491.13,-314.06,-24.239,0,0
-7.7942,-5.9264,0.43301,-257.86,311.46,-132.36,48.871,-65.73,-157.74,154.88,233.23,-29.383,-112.65,0,0
0,0,0,0,-327.53,199.43,337.38,-279.51,-18.657,108.18,-74.585,-42.471,-22.091,0,0
0,0,0,0,166.41,200.8,59.534,-211.13,-123.33,319.22,-25.207,-102.3,-19.98,0,0
2.1651,10.141,-3.2386,-354.7,26.939,529.45,-121.62,-160.59,118.8,78.906,14.393,61.353,-87.808,0,0
0,0,0,0,-991.9,311.93,410.21,-315.41,-51.644,233.67,215.79,-114.96,-28.068,0,0
0,0,0,0,110.76,-548.08,204.5,-175.22,-42.232,628.32,-155.36,-98.865,-24.69,0,0
0,0,0,0,-400.14,91.737,180.28,-250,-408.58,481.72,-129.52,-87.357,-23.357,0,0
0,0,0,0,-310.88,489.71,189.99,-501.96,14.033,-3.3223,195.68,-175.94,-24.962,0,0
-2.1651,-0.63397,0.40849,-243.93,306.41,-31.264,42.515,-53.183,142.31,130.96,9.0353,-75.727,-209.21,0,0
0,0,0,0,217.87,279.43,338.41,-603.56,428.75,-365.32,26.042,-123.65,-208.87,0,0
0,0,0,0,165.01,-352.46,163.77,-232.32,146.88,548.38,-380.85,12.368,-204.93,0,0
0,0,0,0,8.8704,193.11,401.02,-291.59,122.51,657.54,-123.97,-244.92,-31.439,0,0
0,0,0,0,-364.91,5.792,4.5633,-662.88,413.62,-329.06,66.64,-41.644,-278.29,0,0
0,0,0,0,293.21,224.91,62.019,68.5,-285.55,-542.37,60.095,102.53,-248.03,0,0
6.4952,18.306,24.007,-404.02,139.81,117.9,39.837,328.09,-78.019,-15.029,-307.45,-82.958,43.24,-26.423,-16.454
0,0,0,0,-193.38,182.57,245.84,-49.365,74.47,-113.12,-212.48,81.685,51.149,-158.79,7.7942
10.899,31.293,3.4689,-9.1919,211.26,-530.86,197.8,422.75,28.8,286.67,-238.31,89.449,-346.81,0,0
0,0,0,0,-773.25,530.71,193.54,-41.373,489.64,-182.19,87.165,-56.9,-18.361,0,0
-6.4952,-1.2255,-1.3349,275.62,88.833,-604.53,153.13,169.55,-367.68,-174.25,-215.66,-15.842,-11.906,-272.83,3.4641
6.9282,29.794,4.4737,204.93,192.42,-419.08,28.903,143.15,-714.73,85.748,-441.34,119.92,-43.344,-201.46,14.289
0,0,0,0,-509.86,410.97,-71.793,-167.24,-132.14,161.6,-115.04,109.84,-68.665,0,0
-4.3301,2.2631,10.025,-388.62,24.184,-49.048,87.718,386.42,463.71,-282.44,382.22,40.241,-75.123,-31.981,10.825
-11.258,-1.6878,3.3415,-502.31,-159.96,263.03,-82.06,361.68,-63.704,376.94,-86.592,25.984,155.97,-68.55,-1.299
16.174,29.36,-670.86,319.42,224.95,-26.302,-171.93,39.531,125.67,147.19,17.595,22.231,135.4,-83.946,-3.0311
-6.4952,-0.76138,-252.54,-199.73,-270.2,203.39,207.19,-15.965,604.4,-186.7,-27.67,32.72,250.16,-126.86,2.3448
-6.9282,28.553,-57.164,-271.03,177.16,439.85,-100.62,318.52,120.01,-87.276,20.059,242.2,-342.56,0,0
-3.3307e-015,13.129,-339.48,150.44,121.64,-70.556,240.38,-17.77,273.07,-271.16,-29.988,-81.508,187.21,-76.725,-2.4183
0,0,0,0,160.13,272.28,125.9,-276.45,271.4,-345.86,-46.5,-418.39,-20.743,0,0
-5.6292,-2.0915,-333.82,45.367,23.96,-183.98,-188.7,239.24,140.81,-327.01,206.04,-125.11,-18.38,0,0
-3.0311,0.86603,2.866,-95.439,251.4,-0.17644,111.73,-272.46,269.86,30.324,-21.568,122.66,-325.72,0,0
-1.6585,12.251,-430.43,-173.26,425.33,299.01,212.55,155.43,209.52,-494.58,106.46,72.747,66.064,-70.434,-0.86603
-18.187,2.0753,12.214,-572.21,244.18,95.927,73.25,-401.54,493.78,298.91,-218.19,170.27,-93.437,0,0
-8.2216,-2.8038,-4.9273,-481.12,-13.738,-94.246,-142.55,213.89,343.25,283.75,62.677,-18.466,-273.31,0,0
-2.1438,19.723,80.389,342.79,-77.154,-72.938,-217.75,92.738,-574.59,-27.003,-78.697,116.94,-208.18,0,0
-25.527,-15.009,-13.039,271.23,21.108,365.26,383.24,-86.602,11.75,281.81,-17.532,-19.442,-229.88,0,0
5.7027,1.0105,-9.5048,-72.621,136.55,-75.679,61.608,288.83,-717.79,41.464,79.764,97.064,308.56,-94.548,-4.5679
3.549,-5.8236,-425.46,10.994,30.896,-313.47,226.72,670.53,-185.07,7.5514,72.25,310.17,17.537,-47.382,2.5981
-12.905,-0.4492,-598.41,211.51,8.0012,-249.81,-84.517,235.79,108.15,-75.401,-60.244,-58.607,194.62,-100.16,-1.5523
3.8971,5.683,9.6405,-391.83,16.119,32.236,-453.6,286.55,134.39,-9.6645,-75.601,-18.964,-88.277,0,0
-0.86603,-14.196,-336,128.57,-51.214,475.8,215.91,96.832,126.97,258.59,-384.44,442.22,-143.68,0,0
-7.3612,16.258,-317.38,45.019,38.638,-143.96,229.42,364.38,-222.31,-83.05,-268.37,65.695,175.78,-76.725,-2.4183
4.7631,20.665,-11.446,105.83,-118.37,-105.51,110.19,456.33,-174.43,43.036,105.59,58.943,-162.13,-188.75,3.0311
-9.4527,1.8358,-5.6208,-103.95,38.438,-70.476,126.36,390.71,224.74,-217.54,81.405,261.85,-236.55,0,0
0.43301,9.5131,7.6699,129.56,231.33,-92.062,1.7618,96.575,113.79,-37.07,-16.111,-65.087,-19.33,-188.75,3.0311
0,0,0,0,-21.729,83.268,228.15,-221.6,-0.021556,228.48,-242.83,-187.23,-42.594,0,0
0,0,0,0,168.26,-156.8,-137.33,177.63,599.43,-59.902,112.51,-322.44,-17.53,0,0
0,0,0,0,-425.77,-256.13,524.58,-165.1,158.84,-343.4,-63.842,-187.25,-17.841,0,0
0,0,0,0,13.052,-46.237,704.08,-396.73,289.3,-63.709,-352.02,-0.31699,-24.209,0,0
0,0,0,0,-244.75,650.88,477.5,-253.03,481.77,209.3,-311.32,4.2614,-21.632,0,0
0,0,0,0,-260.76,342.5,-46.906,-420.47,265.81,-194.35,213.41,-78.859,-24.67,0,0
0,0,0,0,-237.71,161.21,826.8,43.277,-55.785,-359.15,123.4,69.574,-63.879,0,0
0,0,0,0,-335.02,-384.84,74.528,-181.1,789.03,-21.906,102.49,-7.4228,-21.251,0,0
0,0,0,0,10.078,198.06,756.04,-187.94,244.33,-383.46,48.675,-132.15,-23.602,0,0
0,0,0,0,45.572,159.33,296.89,-383.05,258.37,490.28,87.473,-84.586,-23.223,0,0
0,0,0,0,-311.35,173.52,140.13,165.38,136.6,-7.1185,-165.47,-33.065,-47.912,0,0
0,0,0,0,-325.31,154.65,-27.3,145.04,-47.945,579.21,-362.6,-91.398,-25.042,0,0
0,0,0,0,84.363,152.77,86.245,-183.38,41.836,6.0299,-140.54,-194.72,-19.726,0,0
3.0523,31.345,3.9393,125.09,-98.608,-245.48,220.09,253.95,-467.34,-71.857,-276.14,288.98,84.303,-237.31,1.8905
10.899,31.293,3.4689,-9.1919,-15.571,325.8,679.26,262.16,-80.789,24.793,-183.94,81.457,91.745,-261.93,-8.5018
0,0,0,0,-8.8534,831.72,-311.12,146.29,274.63,-265.89,-148.53,-231.72,-21.023,0,0
-7.3612,3.4216,-338.27,69.331,168.35,-51.526,-62.351,-124.88,91.317,395.71,-59.592,295.64,362.83,-121.55,0.67075
-11.792,0.88934,-430.13,-250.78,315.28,155.61,-45.286,-234.56,92.152,250.74,124.13,-57.111,-94.63,0,0
0,0,0,0,-418.96,140.86,-37.707,-436.02,311.23,-161.07,-39.72,-131.04,-24.98,0,0
0,0,0,0,-25.418,570.91,175.16,256.47,307.24,-429.86,61.438,52.696,-223.65,0,0
0,0,0,0,40.832,201.72,94.242,289.04,-133.75,322.58,-374.02,2.436,-31.032,0,0
0.88726,19.332,-5.3286,74.816,206.09,-317.24,49.495,-67.233,465.55,-408.4,132.74,77.306,-189.09,0,0
0,0,0,0,33.531,235.96,86.122,-147.43,179.9,246.35,-324.5,19.975,-131.94,0,0
0,0,0,0,-914.35,143.86,191.98,-151.79,-11.753,436.81,-267.7,-11.591,-26.653,0,0
19.961,-8.5852,-508.03,9.2805,-48.027,-54.699,-115.72,-9.9689,161.7,77.415,301.93,-83.569,554.02,-155.43,-6.4952
