0,0,-1.6623,7.927,12.276,10.148,13.387,2.8492,-0.76344,0,0,-2.1292,10.779,13.882,-30.979,-29.382,3.0957,-0.82949,-2.1216,-2.2724,-11.155,-42.05,80.454,382.02,377.76,-5.4997,1.4736,11.43,15.708,-8.6678,807.05,1059.7,274.64,956.76,81.119,-21.736,15.187,-50.551,547.42,680.27,935.91,177.95,1051.2,123.82,-33.177,13.101,-69.361,796.32,248.52,477.23,1014.9,687.12,17.179,-4.6031,31.173,-51.195,535.96,63.328,8.7773,125.23,57.01,3.7093,-0.99391,5.2597,-0.83915,44.785,3.6052,5.0949,3.7848,3.954,0.35169,-0.094236,-1.4093,0.22485,-12,-0.966,-1.3652,-1.0141,-1.0595,-0.094236,0.02525
0,0,-1.0353,9.3809,24.619,12.629,20.115,3.738,-1.0016,0,0,-0.30176,1.9054,-57.035,-7.3288,-49.775,3.4807,-0.93264,-4.6029,-4.8829,-11.389,69.067,724.26,167.5,529.89,15.045,-4.0312,26.953,29.456,-57.939,863.06,794.44,13.94,930.73,119.65,-32.06,21.481,-46.587,505,544.05,676.28,63.244,999.43,106.33,-28.491,7.9737,-75.504,755.69,166.16,394.7,907.97,415.01,4.9994,-1.3396,22.424,-48.466,610.17,47.285,25.935,8.9155,10.89,2.7055,-0.72493,4.5662,5.8153,33.416,4.1716,2.4142,4.5714,2.858,0.81611,-0.21867,-1.2235,-1.5582,-8.9539,-1.1178,-0.64688,-1.2249,-0.76581,-0.21867,0.058594
0,0,-1.0964,6.1597,27.462,7.517,20.334,1.3464,-0.36076,0,0,-2.0207,17.453,-34.435,-33.443,5.7775,-6.2925,1.6861,-1.5999,-2.0377,-6.4427,-52.755,411.04,334.98,90.941,51.941,-13.918,8.9534,18.362,-54.111,734.64,1054.7,644.03,643.13,130.39,-34.938,16.398,-36.893,351.88,733.98,344.7,523.5,798.95,38.475,-10.309,16.502,-65.243,578.49,44.794,126.58,1124.5,402.84,1.0023,-0.26856,18.953,8.0301,132.81,13.771,20.143,327.04,57.076,5.3868,-1.4434,2.3236,2.315,5.7325,8.4159,4.0003,3.758,4.2115,2.1219,-0.56855,-0.62261,-0.62031,-1.536,-2.255,-1.0719,-1.007,-1.1285,-0.56855,0.15234
18.727,21.4,14.246,8.9713,6.4,15.716,9.3111,2.1643,-0.57992,19.319,20.892,14.799,7.5786,15.263,23.669,-43.924,-7.1607,1.9187,8.7396,15.105,-14.807,145.15,-0.062204,-66.167,498.2,80.864,-21.667,27.729,-6.5911,277.15,661.64,830.63,164.54,723.19,124.47,-33.352,13.852,-59.768,510.31,242.44,535.95,227.63,813.64,16.811,-4.5046,11.077,-62.536,539.07,297.28,230.69,1099.7,440.97,3.9331,-1.0539,12.198,-67.418,764.75,338.95,53.168,808.46,148.98,4.749,-1.2725,3.4752,-4.861,63.907,38.98,4.5292,6.0604,8.9444,2.6386,-0.70701,-0.93118,1.3025,-17.124,-10.445,-1.2136,-1.6239,-2.3966,-0.70701,0.18944
0,0,-0.23288,7.1263,10.621,8.0608,8.451,3.4193,-0.91621,0,0,-0.51127,7.0911,17.338,-49.038,-17.109,2.978,-0.79796,-0.74538,-0.3654,-9.9535,-80.7,-95.023,466.05,208,4.4891,-1.2029,6.9153,12.519,14.699,747.78,383.19,732.42,523.34,4.3,-1.1522,15.188,-34.666,383.62,481.07,528.13,714.38,479.82,4.8209,-1.2918,15.285,-64.258,589.17,195.8,7.9988,895.29,664.65,2.0385,-0.54622,15.051,-51.713,491.66,31.566,5.3603,50.421,185.12,3.7744,-1.0113,3.3591,4.5225,8.1201,3.0012,3.4313,3.2263,8.8225,0,0,-0.90008,-1.2118,-2.1758,-0.80416,-0.91941,-0.86447,-2.364,0,0
0,0,-1.5254,23.359,15.777,10.398,6.929,1.8613,-0.49873,0,0,-2.6762,26.429,-61.935,-18.326,7.0877,0.2844,-0.076205,-0.44443,-1.6461,-0.099935,-58.842,668.14,255.18,14.141,24.946,-6.6843,6.448,11.617,-42.248,771.51,770.74,603.02,17.334,176.41,-47.269,13.131,29.687,-59.169,890.97,289.92,510.27,266.03,91.981,-24.646,12.057,-22.9,335.33,430.04,14.388,747.15,819.21,41.358,-11.082,16.341,-70.227,694.73,78.597,-13.958,204.87,151.85,6.6082,-1.7707,3.1621,-4.1225,71.577,3.6838,1.5684,4.6735,2.6748,0.65965,-0.17675,-0.84728,1.1046,-19.179,-0.98706,-0.42025,-1.2523,-0.71671,-0.17675,0.047361
0,0,-1.1653,9.2924,10.755,9.8311,10.962,3.338,-0.89442,0,0,-1.1707,16.169,-46.081,-29.742,-31.508,2.3691,-0.63479,-2.4872,2.3812,-48.241,-8.5776,448.38,325.44,272.08,19.096,-5.1168,17.52,-13.184,197.23,834.03,874.77,315.15,704.26,120.43,-32.27,15.339,-63.531,534.36,203.63,540.73,376.33,945.34,109.11,-29.237,10.987,-74.06,718.87,109.12,59.592,775.09,421.1,2.2555,-0.60435,12.022,-53.235,564.8,15.498,12.35,22.028,15.534,4.3182,-1.1571,2.0469,2.0125,36.578,3.1644,3.4156,2.7945,3.9472,0.81611,-0.21867,-0.54846,-0.53925,-9.8011,-0.8479,-0.91522,-0.74878,-1.0577,-0.21867,0.058594
0,0,-0.38584,3.9164,10.944,29.84,24.104,6.716,-1.7995,0,0,-0.71352,6.2286,17.17,-44.785,-41.016,-1.4591,0.39096,-1.5261,-1.2405,2.2773,-40.188,12.941,546.29,480.25,88.935,-23.83,7.9833,10.98,-45.407,402.9,783.42,862.74,886.77,242.31,-64.927,9.132,-24.201,317.94,549.61,-46.664,645.68,687.59,15.995,-4.2859,8.2526,-64.41,470.58,535.45,56.37,17.911,63.669,-20.646,5.532,13.83,-75.509,692.65,135.1,5.5951,68.879,261.19,228.2,-61.146,3.2915,-5.6153,55.971,17.023,3.802,-9.8151,158.64,87.397,-23.418,-0.88195,1.5046,-14.997,-4.5613,-1.0187,2.6299,-42.507,-23.418,6.2748
28.532,27.158,9.6834,15.112,11.7,5.1577,0,0,0,30.945,27.689,15.714,-56.026,-70.658,-4.0021,0,0,0,15.19,20.323,-22.68,568.74,718.39,88.66,-40.682,-9.3628,2.5087,8.654,-53.568,412.35,963.99,1041.1,59.181,332.61,80.925,-21.684,17.122,-55.297,514.42,276.97,746.94,69.257,880.29,108.17,-28.985,12.305,-65.936,769.38,258.06,689.15,856.86,681.52,5.5536,-1.4881,25.629,-47.872,586.31,112.56,587.23,803.77,79.936,3.5016,-0.93825,4.3741,4.5082,7.6412,2.0427,25.515,41.135,6.9347,0.82287,-0.22049,-1.172,-1.208,-2.0475,-0.54734,-6.8367,-11.022,-1.8581,-0.22049,0.05908
7.6633,12.218,10.802,6.8491,17.413,4.3924,0,0,0,10.488,15.887,4.9785,-73.708,4.9757,4.4827,0,0,0,19.54,10.887,72.175,657.97,70.211,-12.157,-27.76,-0.17752,0.047566,8.3102,-67.634,654.03,1125.5,458.01,138.09,226.5,2.536,-0.67952,13.441,-66.916,736.67,581.08,1013.7,200.09,712.01,0.43629,-0.1169,15.564,-74.991,739.47,65.463,695.67,886.92,1009.4,70.924,-19.004,19.916,-48.459,582.43,5.7816,147.92,817.96,752.05,4.1636,-1.1156,3.3997,3.0361,34.909,7.0169,-6.2803,64.99,41.855,1.6962,-0.45451,-0.91096,-0.81351,-9.3539,-1.8802,1.6828,-17.414,-11.215,-0.45451,0.12178
28.532,27.158,9.9321,11.836,24.497,13.998,15.063,6.3844,-1.7107,30.945,27.689,15.397,-63.144,-0.90664,15.393,19.699,5.9441,-1.5927,15.427,15.595,-3.8632,655.33,210.28,8.6285,-21.306,-3.303,0.88504,7.7123,-2.7981,189.67,813.35,866.6,-50.536,556.08,54.558,-14.619,10.676,-38.912,395.41,451.76,263.2,715.79,951.16,125.03,-33.502,8.2583,-69.792,677.65,305.15,-53.908,559.75,733.19,21.332,-5.7158,18.754,-68.01,742.6,106.77,-1.6494,12.661,17.606,5.9832,-1.6032,3.9613,-4.1711,71.892,1.0881,-0.32986,1.1813,6.0717,1.1425,-0.30614,-1.0614,1.1177,-19.263,-0.29157,0.088386,-0.31652,-1.6269,-0.30614,0.082031
19.494,18.844,13.809,12.492,13.088,16.289,9.3111,2.1643,-0.57992,22.621,26.83,-20.777,-76.539,-29.373,22.718,-43.924,-7.1607,1.9187,16.99,-31.789,292.67,739.9,406.46,-44.163,496.64,81.017,-21.708,9.3928,-70.95,689.68,1098.4,596.97,-92.028,733.06,123.4,-33.065,11.605,3.5744,22.847,806.14,316.12,26.082,689.06,19.101,-5.118,1.547,1.8662,-80.4,759.75,781.25,729.11,377.53,7.6756,-2.0567,0,0,-12.886,132.02,587.6,542.74,51.128,4.136,-1.1082,0,0,-0.11586,0.89423,5.9604,3.1564,4.2929,1.2251,-0.32826,0,0,0.031045,-0.23961,-1.5971,-0.84575,-1.1503,-0.32826,0.087956
0,0,-2.1607,13.67,16.093,2.7703,0,0,0,0,0,-2.2541,18.77,-39.418,-5.1836,0,0,0,-1.1579,4.0976,-33.742,-101.09,348.03,66.121,-58.004,-9.2086,2.4674,6.5382,-23.162,188.15,744.67,958.92,11.031,450.52,61.147,-16.384,13.073,-65.538,646.1,723.33,1005.6,-6.0121,853.2,71.337,-19.115,12.97,-72.043,710.54,44.782,403.7,871.2,476.49,3.9808,-1.0666,11.412,-12.074,266.34,9.8811,24.952,15.796,16.701,3.6861,-0.9877,3.4394,4.3039,3.0805,2.8417,2.4204,3.8173,4.2117,0,0,-0.92157,-1.1532,-0.82543,-0.76142,-0.64855,-1.0228,-1.1285,0,0
0,0,-0.2919,6.8618,25.664,12.038,18.627,3.4674,-0.92909,0,0,-0.11921,7.0672,4.2833,-32.621,17.714,3.7611,-1.0078,-1.5186,-1.5426,3.8167,-47.395,218.82,428.2,-41.419,-6.5175,1.7464,10.185,13.458,-51.696,433.56,1069.2,349.22,504.39,83.412,-22.35,16.347,7.7357,132.41,986.77,1101.5,263.73,717.63,119.18,-31.935,5.3601,-76.804,762.77,380.81,702.78,568.51,826.86,117.88,-31.585,-0.098908,-88.894,836.36,337.19,196.97,1021,1132.2,129.41,-34.674,-0.029157,-26.205,246.93,105.93,-21.026,219.34,334.24,37.581,-10.07,0.0078125,7.0215,-66.164,-28.384,5.6338,-58.773,-89.559,-10.07,2.6982
9.826,9.2904,10.996,3.5011,0,0,0,0,0,8.6722,14.5,-11.686,3.6338,0,0,0,0,0,11.935,-32.853,227.35,-80.967,-22.514,2.4465,-64.443,-0.85286,0.22852,7.9765,-44.651,344.01,639.86,153.34,-28.498,504.69,13.693,-3.669,19.993,-56.034,575.67,857.27,1010.7,29.104,752.1,130.68,-35.016,20.701,-52.432,512.49,394.09,943.3,35.461,841.96,40.228,-10.779,12.105,-66.995,518.7,196.81,652.88,905.91,402.27,5.8252,-1.5609,3.8634,-4.7319,55.973,20.136,15.144,122.64,19.694,1.3193,-0.35351,-1.0352,1.2679,-14.998,-5.3953,-4.058,-32.862,-5.2769,-0.35351,0.094722
15.099,15.903,12.52,17.373,8.5008,3.4089,0,0,0,13.595,12.28,18.806,-50.17,-77.008,-20.947,0,0,0,9.104,16.489,-22.661,373.22,713.32,147.85,-83.492,-9.0525,2.4256,13.551,-48.727,369.9,992.48,1014.8,492.1,675.09,52.42,-14.046,18.128,-43.946,355.02,1012.8,1031.8,711.71,1100,126.68,-33.944,8.9857,-67.581,558.81,948.72,662,1055.4,598.24,40.757,-10.921,15.966,-52.354,590.28,748.9,14.19,110.69,18.657,3.6937,-0.98972,3.1823,2.6675,28.447,42.052,4.4135,4.3656,4.7584,0.54016,-0.14474,-0.85268,-0.71476,-7.6224,-11.268,-1.1826,-1.1698,-1.275,-0.14474,0.038782
14.133,12.718,7.5373,18.724,18.365,8.9951,10.592,1.0803,-0.28947,13.438,16.989,-21.63,-56.799,-68.207,-10.402,-18.199,-7.1492,1.9156,15.146,-15.846,169.11,535.95,757.53,165.67,146.95,50.9,-13.639,13.159,-68.481,564.5,342.3,878.53,21.387,613.21,123.79,-33.17,10.027,-78.97,734.51,93.985,341.59,723.38,555.6,18.302,-4.904,11.254,-61.602,615.21,23.062,4.3555,3.0655,6.0704,0.75389,-0.202,11.293,-60.155,493.02,4.5272,0,0,0,0,0,1.244,-6.6465,40.016,1.8498,0,0,0,0,0,-0.33334,1.7809,-10.722,-0.49566,0,0,0,0,0
5.7967,3.8736,15.593,13.261,18.5,15.105,10.682,3.8777,-1.039,8.8975,12.428,-21.916,-34.616,19.017,14.125,5.9107,4.3043,-1.1533,14.317,-38.423,342.04,454.13,50.247,-21.711,48.139,13.629,-3.6519,7.5674,-68.545,429.32,1052.9,997.19,146.91,645.86,127.9,-34.271,4.0002,-73.627,506.7,408.39,1024.3,193.12,873.38,71.979,-19.287,12.788,-63.209,573.5,292.1,831.42,699.72,519.09,2.9311,-0.7854,15.657,-58.506,587.9,115.91,529.85,951.81,183.87,5.9197,-1.5862,2.3825,3.2263,5.9991,5.8319,3.7689,4.087,3.3352,1.3563,-0.36341,-0.63838,-0.86449,-1.6074,-1.5627,-1.0099,-1.0951,-0.89367,-0.36341,0.097376
18.415,12.826,8.2393,23.216,2.0788,16.516,17.275,3.5217,-0.94363,14.807,11.724,9.3634,21.088,4.0149,19.176,-52.642,-5.1008,1.3668,10.149,12.615,-9.6615,52.248,101.85,-13.954,642.13,84.211,-22.564,22.549,12.758,105.79,883.25,792.56,114.59,1026.6,123.63,-33.125,13.478,-59.611,436.72,839.71,479.27,894.46,692.54,20.349,-5.4526,20.919,-52.437,492.17,623.57,83.987,341.68,64.615,1.8847,-0.50501,14.844,-65.093,729.3,373.41,16.161,5.0127,0,0,0,6.3694,-2.4793,62.206,41.032,4.5184,1.7769,0,0,0,-1.7067,0.66433,-16.668,-10.995,-1.2107,-0.47613,0,0,0
13.079,15.225,11.415,9.2057,17.754,10.033,18.81,2.3283,-0.62388,11.162,13.591,7.1142,-68.704,-61.865,-34.111,6.668,-5.3604,1.4363,13.686,18.142,37.253,686.7,652.86,282.78,114.93,81.607,-21.867,11.774,-52.984,393.77,963.95,783.02,871.02,197.24,118.45,-31.738,16.642,-54.539,532.93,450.99,479.88,124.07,494.89,127.78,-34.239,17.56,-70.14,787.76,169.92,530.26,204.36,774.51,44.414,-11.901,20.38,5.9442,107.92,3.6689,168.63,1001.2,265.89,8.602,-2.3049,1.8775,1.1521,4.357,4.9391,-1.7947,96,3.9507,1.5117,-0.40505,-0.50306,-0.3087,-1.1675,-1.3234,0.48088,-25.723,-1.0586,-0.40505,0.10853
11.714,9.6291,12.695,18.334,13.856,11.694,19.452,4.5873,-1.2292,9.4008,15.545,-14.318,-57.171,-69.204,-12.862,-1.2267,5.5863,-1.4968,21.864,-13.147,224.53,428.08,684.62,244.59,180.99,1.7569,-0.47075,12.888,-33.39,438.43,972.41,987.93,197.1,917.99,107.85,-28.899,8.0601,8.6838,116.08,583.14,902.62,3.7213,925.99,109.74,-29.404,12.312,24.316,51.658,427.28,593.05,707.32,674.83,4.8539,-1.3006,12.287,15.486,35.956,270.29,87.407,356.77,108.19,3.4362,-0.92073,4.5271,4.6438,6.5725,10.397,6.1251,3.1652,6.6077,1.6098,-0.43135,-1.213,-1.2443,-1.7611,-2.7859,-1.6412,-0.84812,-1.7705,-0.43135,0.11558
13.079,15.225,9.9967,20.353,14.402,7.8536,7.9176,2.7148,-0.72744,11.162,13.591,6.4495,-59.212,-64.059,-17.421,7.1019,2.9049,-0.77837,14.805,18.957,30.13,733.97,549.57,184.07,-0.58039,-6.8921,1.8467,11.163,-53.599,442.66,468.84,692.58,588.83,133.72,81.036,-21.714,16.117,-65.827,685.77,36.656,510.41,310.79,569.83,125.35,-33.588,19.731,-56.596,598.51,-65.088,531.7,452.24,793.23,19.412,-5.2014,13.118,1.6716,278.49,11.485,46.122,725.66,176.23,3.0557,-0.81876,3.7866,4.8326,2.352,2.909,3.5263,5.0099,3.2303,0.76846,-0.20591,-1.0146,-1.2949,-0.63021,-0.77947,-0.94486,-1.3424,-0.86556,-0.20591,0.055173
18.415,12.826,9.8792,16.088,11.885,13.159,19.656,3.491,-0.93541,14.807,11.724,10.652,14.578,11.837,19.67,-29.423,-5.3549,1.4348,11.395,14.155,-17.545,123.68,16.548,-42.217,404.47,83.387,-22.344,16.259,7.2162,121.57,708.13,458.41,-80.553,691.1,122.68,-32.871,20.989,-57.702,689.79,249.09,596.57,-14.13,713.89,17.597,-4.7152,17.629,-56.077,772.06,234.06,493.28,772.29,484.25,2.9656,-0.79463,21.305,-68.97,700.78,118.78,59.771,316.32,37.698,5.2476,-1.4061,4.5405,-2.572,41.766,3.367,4.3382,3.2222,4.6157,1.5952,-0.42744,-1.2166,0.68917,-11.191,-0.90219,-1.1624,-0.86339,-1.2368,-0.42744,0.11453
0,0,0,0,-0.42546,5.3637,7.6235,4.5538,-1.2202,0,0,0,0,-0.51922,12.182,-34.602,4.5212,-1.2114,-1.1535,-1.4181,-6.7039,-76.904,-87.159,-69.372,337.34,15.332,-4.1081,7.1946,6.5647,38.462,464.78,626.5,189.18,713.5,129.64,-34.736,16.392,-50.073,431.37,525.32,633.92,724.83,843.74,69.056,-18.503,13.245,-62.624,690.68,331.33,15.219,129.18,71.205,1.1241,-0.30119,11.817,-76.026,734.77,149.39,0,0,0,0,0,2.0198,-6.7416,64.092,13.815,0,0,0,0,0,-0.54121,1.8064,-17.173,-3.7018,0,0,0,0,0
5.7967,3.8736,14.532,11.618,9.6802,9.2309,19.356,1.86,-0.49837,8.8975,12.428,-17.313,-67.833,-76.053,-13.737,2.8331,2.4962,-0.66885,13.088,-38.929,270.42,747.4,754.75,228.48,154.37,-0.51454,0.13787,12.892,-65.376,670.68,541.85,979.63,56.041,707.61,115.02,-30.821,10.325,-73.218,735.83,374.61,681.69,-91.391,834.87,69.934,-18.739,3.0603,-86.043,767.63,134.92,743.56,749.48,462.49,4.3179,-1.157,21.551,-44.158,427.8,50.91,18.889,16.616,16.701,3.6861,-0.9877,5.8278,7.3196,7.2109,1.3528,4.6766,3.4297,4.2117,0,0,-1.5615,-1.9613,-1.9322,-0.36247,-1.2531,-0.91898,-1.1285,0,0
13.335,15.116,13.992,9.6222,12.035,14.031,13.313,0.9132,-0.24469,12.484,19.989,-17.327,-71.5,-66.822,-2.1192,-40.094,-7.1335,1.9114,15.645,-12.293,183.55,664.37,515.72,119.45,340.41,80.841,-21.661,8.8095,-67.359,501.06,575.89,591.32,47.391,834.37,122.84,-32.916,4.8214,-72.586,492.93,335.57,493.18,680.4,743.98,18.47,-4.949,10.88,-65.849,622.08,340.88,76.961,593.73,155.67,2.9536,-0.79142,13.931,-71.425,784.29,250.8,13.201,18.983,13.494,2.718,-0.72828,3.4367,-5.7083,89.374,16.592,3.4544,2.9447,4.6134,0.97933,-0.26241,-0.92086,1.5295,-23.948,-4.4459,-0.92561,-0.78904,-1.2361,-0.26241,0.070312
0,0,-0.78162,5.6359,10.532,14.967,12.217,2.2209,-0.59508,0,0,-1.2313,6.3723,15.859,-50.365,14.147,2.4095,-0.64561,-0.93644,-1.1363,-4.0109,21.008,-8.711,581.86,28.205,4.7156,-1.2635,4.751,0.36406,59.59,31.101,-55.012,649.06,292.66,-5.2233,1.3996,10.546,-73.693,644.28,861.36,84.115,164.92,794.84,60.803,-16.292,10.472,-77.741,659.55,729.68,-124.72,372.69,107.73,15.894,-4.2587,7.8103,-62.251,443.33,426.96,494.61,476.23,22.656,5.4693,-1.4655,2.5285,1.9662,4.2417,-0.74815,115.92,41.15,4.15,2.5027,-0.6706,-0.6775,-0.52684,-1.1366,0.20047,-31.061,-11.026,-1.112,-0.6706,0.17969
18.415,12.826,10.798,17.148,6.9307,6.1687,9.1304,1.2886,-0.34528,14.807,11.724,10.488,21.266,12.845,16.126,-29.135,-7.6946,2.0618,10.149,12.615,4.5599,-50.832,-33.183,-41.149,310.07,81.843,-21.93,22.549,12.758,138.45,736.36,869.16,116.31,578.82,129.62,-34.732,15.108,-59.099,520.34,415.76,958.12,161.29,827.32,38.434,-10.298,17.489,-53.16,498.78,315.09,198.43,827.35,215.78,5.2624,-1.4101,19.554,-68.05,710.96,142.83,23.148,16.439,21.086,2.7086,-0.72578,6.0925,-2.6376,68.397,6.2414,4.5077,3.4005,3.0778,0.47118,-0.12625,-1.6325,0.70675,-18.327,-1.6724,-1.2078,-0.91116,-0.82468,-0.12625,0.033829
0,0,-0.22141,5.1193,7.7141,11.275,23.378,3.1882,-0.85427,0,0,-0.87276,9.5773,15.562,-44.427,-46.213,3.5509,-0.95146,-4.6029,-4.8829,0.48675,-58.259,0.17687,461.73,557.45,14.939,-4.0029,26.953,29.456,-46.749,597.1,965.86,344.28,1046,121.76,-32.625,20.699,-47.744,456.6,870.66,1030.1,163.12,1047.5,122.62,-32.855,15.54,-69.285,826.77,344.36,934.7,819.15,929.77,16.464,-4.4116,25.3,-25.515,392.29,9.1605,348.7,765.69,227.12,4.2932,-1.1504,8.8294,7.8567,3.8844,4.2576,6.5768,5.7316,5.82,0.91711,-0.24574,-2.3658,-2.1052,-1.0408,-1.1408,-1.7622,-1.5358,-1.5595,-0.24574,0.065845
21.621,18.011,27.359,13.55,7.9418,14.328,20.529,5.5231,-1.4799,17.506,17.302,19.329,-9.0991,1.0832,23.639,-34.614,-4.4813,1.2008,10.425,-0.75587,140.16,193.54,129.39,-32.769,459.15,85.248,-22.842,18.925,-28.729,396.77,901.73,957.03,43.611,588.44,119.06,-31.903,19.898,9.9118,203.26,515.48,810,36.158,731.09,120.95,-32.407,5.8269,-2.311,215.27,543.24,925.71,146.4,777.64,118.72,-31.811,21.471,-11.779,327.48,464.96,848.04,937.01,944.3,106.83,-28.624,1.5682,2.383,5.5197,-1.9403,94.353,40.37,3.4102,1.0881,-0.29157,-0.42019,-0.63851,-1.479,0.51991,-25.282,-10.817,-0.91376,-0.29157,0.078125
16.38,16.922,14.095,2.8589,-1.1391,8.526,16.194,1.0127,-0.27134,14.226,23.191,-39.594,-79.679,-90.342,-16.038,21.421,1.1349,-0.30411,11.005,-47.813,522.6,781.13,795.55,222.25,-17.557,-2.5643,0.68709,11.473,-4.1386,119.03,275.45,762.33,467.56,618.34,82.565,-22.123,20.778,-39.009,481.53,-19.998,524.74,229.57,707.54,118.17,-31.663,3.4302,-6.8896,121.21,-68.406,547.4,329.32,940.42,124.74,-33.424,0,0,-2.3599,-27.05,296.86,1048.9,688.33,14.927,-3.9996,0,0,-0.33321,2.7849,0.63163,114.03,44.103,0.32644,-0.08747,0,0,0.089283,-0.74621,-0.16925,-30.554,-11.817,-0.08747,0.023437
0,0,-1.872,16.194,10.514,15.285,20.186,2.6878,-0.72019,0,0,-1.9916,15.796,18.523,-47.055,-15.263,3.7379,-1.0016,-1.2963,5.3606,-63.115,-45.868,-50.227,499.73,331.94,4.2825,-1.1475,8.5949,-46.073,502.57,558.92,434.32,609.45,370.88,8.7053,-2.3326,16.391,-56.526,613.15,11.404,493.23,478.25,445.76,4.4692,-1.1975,15.774,-61.803,603.89,-10.522,172.36,291.19,18.254,0.32644,-0.08747,12.153,-11.882,380.03,14.181,14.607,7.562,0,0,0,4.3541,4.5915,34.152,2.5407,3.5671,1.469,0,0,0,-1.1667,-1.2303,-9.1511,-0.68077,-0.95581,-0.39361,0,0,0
0,0,0,0,-1.1346,7.1726,14.554,1.2932,-0.34651,0,0,0,0,0.12761,1.0212,-36.307,2.2721,-0.60882,-1.2655,-0.66827,-2.1991,-2.1556,-8.7733,65.186,432.83,3.7247,-0.99804,6.9364,4.7281,9.2031,-59.712,-60.943,-37.298,327.43,106.74,-28.602,18.311,18.776,55.983,407.36,563.01,-1.3094,144.86,117.98,-31.613,11.064,-57.57,451.87,472.08,504.95,-115.85,487.31,123.53,-33.099,23.429,-56.52,630.61,153.5,412.98,353.19,477.59,18.693,-5.0089,5.9274,-1.536,72.515,-5.6325,83.507,124.83,18.335,1.4146,-0.37904,-1.5883,0.41156,-19.43,1.5092,-22.376,-33.448,-4.9128,-0.37904,0.10156
8.1039,8.739,15.803,16.387,16.403,3.2821,0,0,0,8.6103,16.016,-37.782,-65.059,3.4283,2.6477,0,0,0,21.173,-17.615,331.17,736.94,189.52,23.702,-36.863,-10.08,2.7009,5.9909,-66.81,518.76,560.26,832.3,85.709,188.37,56.209,-15.061,19.092,-57.156,533.63,159.42,753.72,21.283,554.73,17.361,-4.6519,16.016,-68.652,716.03,35.878,670.19,509.71,763.09,1.5055,-0.40339,6.2541,-68.624,567.02,-8.3049,184.02,581.34,150.22,2.1404,-0.57351,4.3705,-2.2109,41.509,6.8284,2.9843,3.1878,6.4211,1.0881,-0.29157,-1.1711,0.59241,-11.122,-1.8297,-0.79964,-0.85418,-1.7205,-0.29157,0.078125
23.039,21.792,7.8215,13.268,15.12,9.8554,16.087,7.4325,-1.9915,27.851,31.271,-20.533,-68.715,-72.181,-13.361,6.0489,-2.3973,0.64237,18.294,-9.7368,232.37,666.19,621.1,196.81,75.671,52.029,-13.941,8.9207,-70.752,566.19,97.327,518.48,465.4,185.86,119.74,-32.084,10.02,-58.932,348.45,-57.964,503.02,51.902,587.55,128.54,-34.442,24.588,-38.942,297.11,-32.993,345.96,216.73,793.41,40.064,-10.735,20.723,19.549,19.138,18.539,4.062,249.69,231.71,2.8974,-0.77635,0.77237,1.0266,9.9898,5.1339,6.8033,6.3202,5.0125,0.6344,-0.16999,-0.20696,-0.27508,-2.6768,-1.3756,-1.8229,-1.6935,-1.3431,-0.16999,0.045548
7.4386,7.3437,19.036,23.711,25.357,11.964,10.756,2.3809,-0.63797,9.1299,14.984,-13.224,-63.47,-17.156,-49.28,-3.3735,-5.4215,1.4527,12.789,-34.554,252.67,608.87,269.35,585.48,180.91,40.553,-10.866,12.81,-63.5,596.5,122.41,245.62,573.36,241.81,5.2429,-1.4048,10.28,-15.209,387.34,-52.783,515.72,328.5,25.05,7.9645,-2.1341,22.984,23.473,67.022,2.3644,166.99,221.86,1.9587,0.78695,-0.21086,12.868,-37.706,243.35,7.5927,14.693,6.4742,0,0,0,3.8517,-4.5775,40.096,2.0876,4.2052,2.1354,0,0,0,-1.0321,1.2265,-10.744,-0.55936,-1.1268,-0.57218,0,0,0
5.7967,3.8736,15.644,10.014,18.776,9.609,10.682,3.8777,-1.039,8.8975,12.428,-16.286,-74.046,-7.3907,9.4735,5.9107,4.3043,-1.1533,14.528,-37.395,299.56,604.29,169.22,-3.3816,67.808,13.615,-3.6482,7.3839,-73.209,661.82,308.62,703.41,66.017,396.12,120.18,-32.201,9.0948,-69.659,661.48,8.9495,735.13,-29.703,502.27,129.03,-34.574,18.482,-61.432,625.68,37.166,544.18,-74.132,770.44,71.064,-19.041,11.708,1.0825,205.9,-20.338,611.91,695.53,283.22,3.9209,-1.0506,0.877,1.1655,3.689,-5.9738,64.682,69.005,6.2696,0.71406,-0.19133,-0.23499,-0.31229,-0.98847,1.6007,-17.331,-18.49,-1.6799,-0.19133,0.051267
13.76,15.056,15.035,8.1499,11.863,9.7391,28.145,3.4034,-0.91193,13.673,16.001,19.135,11.121,7.0141,-56.113,25.405,2.9395,-0.78764,12.955,16.846,-29.245,0.040301,145.84,452.72,16.022,4.1682,-1.1169,23.751,-54.99,632.68,426.26,370.45,480.01,17.315,-0.27348,0.073278,17.098,-21.374,247.06,33.613,50.479,437.92,123.67,113.41,-30.389,21.072,-29.63,497.74,15.416,18.218,592.74,535.05,70.556,-18.905,18.162,-66.836,607.89,106.8,-7.438,250.18,201.35,7.3848,-1.9787,3.4969,-4.9631,42.15,3.8132,3.182,6.3052,5.3928,0.96084,-0.25746,-0.93699,1.3298,-11.294,-1.0217,-0.85262,-1.6895,-1.445,-0.25746,0.068985
9.138,9.4247,13.961,5.8439,8.87,7.8438,10.619,2.2916,-0.61403,6.1869,13.781,-41.316,-78.297,-31.643,16.482,-36.706,3.304,-0.8853,6.7831,-24.353,281.21,525.28,314.51,-40.383,402.49,1.9698,-0.52781,24.865,-19.004,385.71,152.33,810.33,38.276,618.64,25.941,-6.9508,13.919,-65.357,603.61,-63.14,782.02,35.918,653.5,68.421,-18.333,12.762,-16.195,380.25,-81.468,788.23,70.473,707.8,5.9406,-1.5918,18.374,16.979,53.323,-28.967,302.53,756.08,671.16,3.2228,-0.86354,4.6037,5.0237,7.1994,2.4142,-3.344,90.432,41.023,1.1308,-0.303,-1.2336,-1.3461,-1.9291,-0.64688,0.89601,-24.231,-10.992,-0.303,0.08119
5.2184,8.1907,8.1237,12.678,7.3057,12.124,14.305,3.7938,-1.0166,5.6424,6.8362,13.047,5.5571,0.61699,13.761,1.4378,-3.8029,1.019,10.064,14.541,21.913,118.39,115.54,-5.0573,126.86,82.761,-22.176,12.448,-55.712,408.44,926.63,1044,179.31,647.13,128.86,-34.529,4.8353,-72.82,498,273.24,862.17,83.858,786.28,40.187,-10.768,11.736,-65.25,657.39,257.33,716.77,502.31,655.86,2.4407,-0.65399,13.279,-55.203,599.08,206.99,213.53,904.25,176.93,3.7996,-1.0181,2.3671,3.6138,6.5025,4.6378,6.812,2.4913,5.8973,0.74321,-0.19914,-0.63425,-0.96832,-1.7423,-1.2427,-1.8253,-0.66754,-1.5802,-0.19914,0.05336
11.731,15.534,9.0138,6.6016,14.481,15.733,16.043,2.3947,-0.64165,11.906,21.994,-37.216,-67.494,-69.635,-10.864,11.504,-13.146,3.5225,9.8314,-20.537,269.43,615.66,655.22,174.64,48.184,156.67,-41.979,15.785,-59.068,509.76,336.08,566.98,294.97,96.822,89.247,-23.914,16.241,-57.251,521.76,334.54,47.239,798.95,508.53,41.736,-11.183,12.642,-66.445,477.62,143.63,-4.2047,88.9,19.319,1.0337,-0.27699,9.9551,-75.402,497.86,126.48,0,0,0,0,0,2.328,-6.5728,60.711,14.363,0,0,0,0,0,-0.62378,1.7612,-16.268,-3.8487,0,0,0,0,0
0,0,-0.93792,11.372,16.815,14.869,10.007,7.2976,-1.9554,0,0,4.0782,-36.015,-67.364,-13.556,12.459,7.5921,-2.0343,-1.2153,-0.76195,-63.915,349.49,742.45,201.38,-21.285,-6.0286,1.6154,7.222,-0.78975,89.654,781.27,1004,-47.677,488.62,71.463,-19.149,13.433,-63.002,620.8,461.76,840.63,667.3,474.91,4.6801,-1.254,9.7907,-66.179,770.18,326.28,55.524,128.4,43.946,0.96084,-0.25746,10.748,-71.853,749.49,238.11,0,0,0,0,0,1.1238,-7.6145,59.163,14.628,0,0,0,0,0,-0.30112,2.0403,-15.853,-3.9195,0,0,0,0,0
13.335,15.116,13.044,15.095,14.365,11.057,20.984,6.409,-1.7173,12.484,19.989,-19.635,-59.253,-71.122,-35.712,17.826,5.1781,-1.3875,15.454,-12.7,180.51,520.59,624.58,333.01,91.971,17.232,-4.6172,11.222,-63.919,607.96,457.47,615.51,501.54,734.85,118.97,-31.878,11.681,-65.308,711.45,286.13,236.92,400.51,708.63,119.3,-31.966,16.217,-71.307,663.08,127.48,-0.64759,759.27,995.02,106.26,-28.473,9.9805,1.6398,85.198,11.172,-16.265,248.29,235.3,7.17,-1.9212,6.2874,5.6271,5.6958,2.3723,2.1621,3.0995,6.293,1.5952,-0.42744,-1.6847,-1.5078,-1.5262,-0.63565,-0.57934,-0.83051,-1.6862,-0.42744,0.11453
0,0,-2.9919,16.305,20.385,19.817,14.29,3.1126,-0.83401,0,0,-2.3826,19.136,-44.64,-2.212,-4.4469,4.1037,-1.0996,-1.3903,3.3941,-36.833,-81.601,562.39,163.95,114.64,-0.091285,0.02446,9.8779,-21.543,241.53,617.9,717.97,108.81,181.77,113.7,-30.467,16.227,-61.858,729.71,856.43,181.23,566.75,706.09,70.823,-18.977,17.026,-58.078,573.87,367.57,-6.0965,61.855,42.719,2.1578,-0.57818,15.749,-67.448,632.52,190.26,0,0,0,0,0,3.8481,-5.6859,86.775,13.924,0,0,0,0,0,-1.0311,1.5235,-23.251,-3.731,0,0,0,0,0
0,0,-2.5923,17.826,11.161,7.4756,14.722,1.4195,-0.38036,0,0,-2.2392,17.743,17.014,-68.352,-9.1348,1.0545,-0.28256,-1.1375,5.0861,-55.255,-75.296,-63.137,536.38,188.38,6.2742,-1.6812,8.8104,-42.698,406.21,734.89,748.03,1032.8,283.25,-0.46596,0.12485,14.384,-68.017,736.26,330.5,807.58,988.18,669.19,41.529,-11.128,12.227,-71.46,717.6,88.929,259.26,221.16,6.5851,0.16322,-0.043735,23.683,-55.332,615.62,6.4869,0,0,0,0,0,3.9097,-3.3444,70.195,0.96084,0,0,0,0,0,-1.0476,0.89612,-18.809,-0.25746,0,0,0,0,0
0,0,0,0,-0.2925,2.195,25.768,5.3047,-1.4214,0,0,0,0,6.0535,-52.753,-46.94,6.0768,-1.6283,-0.91686,-1.1958,-0.84264,-1.84,-56.874,478.22,544.23,0.7477,-0.20034,7.264,8.9532,3.888,-76.397,-84.024,271.62,748.86,107.17,-28.716,13.511,18.044,32.893,665.53,868,2.8894,718.33,128.08,-34.319,16.419,-48.273,455.01,643.34,642.63,-40.207,877.88,40.993,-10.984,10.984,-65.907,585.95,249.7,846.07,853.09,419.6,4.3508,-1.1658,4.5563,-3.2213,39.886,-6.3509,83.34,112,3.4373,1.5778,-0.42277,-1.2209,0.86313,-10.687,1.7017,-22.331,-30.011,-0.92101,-0.42277,0.11328
13.335,15.116,14.005,8.5144,20.227,17.91,16.222,2.1643,-0.57992,12.484,19.989,-17.625,-72.081,-47.531,25.461,-33.739,-4.8441,1.298,15.645,-12.293,176.98,710.56,447.7,-18.5,303.08,50.944,-13.65,8.8095,-67.359,475.03,742.36,970.19,71.058,841.66,129.91,-34.81,4.0334,-73.085,507.02,297.36,967.38,281.9,997.65,41.341,-11.077,11.025,-68.666,639.72,169.5,394.81,918.85,356.02,6.8867,-1.8453,15.074,-61.672,432.09,50.972,24.857,13.881,21.522,4.3497,-1.1655,5.5834,-3.6058,72.872,4.3174,2.3023,4.7422,3.8434,1.8858,-0.50529,-1.4961,0.96617,-19.526,-1.1568,-0.61689,-1.2707,-1.0298,-0.50529,0.13539
0,0,0,0,-1.2656,8.4761,13.581,3.9264,-1.0521,0,0,0,0,-1.9904,13.879,-56.853,-5.8618,1.5707,-2.0158,-2.1635,5.7998,-35.236,-74.142,-23.692,556.49,80.402,-21.544,11.11,16.958,-55.077,260.51,615.05,109.82,919.09,127.46,-34.152,11.061,-20.326,273.41,646.82,324.67,205.82,708.54,72.266,-19.364,13.668,-63.731,460,179.02,17.893,257.88,104.73,1.1308,-0.303,16.046,-45.359,473.89,5.1788,0,0,0,0,0,6.3642,4.8908,36.954,1.6322,0,0,0,0,0,-1.7053,-1.3105,-9.9017,-0.43735,0,0,0,0,0
8.0554,8.2561,23.477,6.1634,17.494,10.799,16.426,4.9717,-1.3322,7.3569,13.99,-3.6942,-83.597,-25.245,-54.102,-65.832,-4.6444,1.2445,15.852,-14.881,184.25,640.25,265.38,567.39,535.52,70.199,-18.81,13.994,-56.996,357.05,153.48,256.51,648.15,263.08,5.2083,-1.3956,13.551,-58.915,528.56,-62.904,628.54,679.26,14.391,3.2413,-0.86849,11.092,-59.205,417.73,-2.8891,101.28,136.13,3.4011,1.1308,-0.303,25.409,-37.946,299.64,5.082,0,0,0,0,0,5.046,5.3301,3.6684,0.60915,0,0,0,0,0,-1.3521,-1.4282,-0.98295,-0.16322,0,0,0,0,0
14.133,12.718,8.2356,15.242,18.92,7.1732,7.6235,4.5538,-1.2202,13.438,16.989,-20.037,-65.302,-50.426,14.751,-34.602,4.5212,-1.2114,14.8,-17.405,190.12,480.47,437.41,-1.8581,338.05,15.347,-4.1123,19.149,-52.614,524.52,404.29,783.44,23.501,712.85,118.5,-31.753,8.3287,-70.625,526.91,163.86,792.16,-102.38,909.41,124.13,-33.26,6.1391,-77.762,640.8,260.65,676.98,665.46,689.82,17.575,-4.7091,9.3073,-50.125,331.83,-9.0257,308.54,401.47,56.045,4.5,-1.2058,1.5604,2.0089,3.6158,1.9839,4.9483,3.4838,5.8697,1.979,-0.53026,-0.4181,-0.5383,-0.96886,-0.53159,-1.3259,-0.93348,-1.5728,-0.53026,0.14208
0,0,-0.92069,6.9357,23.663,12.045,19.452,4.5873,-1.2292,0,0,-0.12963,-3.9929,-62.884,-11.856,-1.2267,5.5863,-1.4968,-1.477,-2.6239,-18.021,76.852,735.32,176.99,180.82,2.0324,-0.54458,7.1731,16.755,-61.95,686.03,1052.3,263.01,914.9,105.61,-28.298,14.604,-35.574,330.67,814.58,737.31,31.721,954.24,131.29,-35.179,22.282,-61.936,657.17,249.44,735.88,717.25,948.55,44.087,-11.813,15.433,-29.175,278.39,25.717,247.69,977.22,233.01,4.8966,-1.312,2.2824,2.7829,3.8418,4.7329,9.1134,57.521,4.9596,1.4068,-0.37694,-0.61158,-0.74566,-1.0294,-1.2682,-2.4419,-15.413,-1.3289,-0.37694,0.101
0,0,0,0,-0.61944,10.281,13.172,2.5498,-0.68322,0,0,0,0,-0.88,12.142,1.1565,-6.1876,1.658,-2.8876,-3.3562,3.298,5.9998,-40.129,-82.667,110.28,82.13,-22.007,16.409,21.071,-25.492,61.872,285.56,618.08,207.62,120.49,-32.284,17.422,-55.29,443.37,573.97,419.63,480.94,283.8,120.48,-32.284,7.1568,-62.856,503.91,23.332,47.589,442.67,629.22,106.27,-28.474,9.9139,-73.873,653.45,83.725,12.642,238.58,265.39,4.5353,-1.2152,6.3406,0.027609,41.613,3.4151,5.0672,1.5252,4.3109,3.3925,-0.90901,-1.699,-0.0073979,-11.15,-0.91507,-1.3577,-0.40868,-1.1551,-0.90901,0.24357
8.7257,7.2176,10.205,14.9,10.471,12.915,19.01,4.6037,-1.2336,7.568,7.535,4.3336,5.7256,11.981,18.644,-21.176,6.3201,-1.6935,10.563,-3.5614,129.79,208.8,65.859,-21.214,316.41,-2.0918,0.56049,11.442,-40.821,409.18,574.47,855.27,-2.2702,719.36,105.92,-28.38,6.3232,-72.223,610.07,-75.46,723.53,34.028,721.33,119.72,-32.078,19.129,-25.007,452,-79.375,652.28,49.377,911.02,107.03,-28.68,19.732,10.409,291.61,-10.571,199.7,928.7,563.5,4.5239,-1.2122,2.3301,1.2758,84.664,4.1609,-3.2832,57.355,20.265,1.7186,-0.46051,-0.62434,-0.34185,-22.686,-1.1149,0.87972,-15.368,-5.4301,-0.46051,0.12339
17.218,15.898,8.2188,10.276,18.685,14.728,19.703,6.7107,-1.7981,13.912,18.925,-37.011,-67.797,-61.878,15.288,-17.166,-2.1506,0.57626,12.531,-17.701,270.81,468.97,468.49,10.301,297.95,62.966,-16.872,16.376,-58.097,509.02,377.36,786.27,26.305,472.42,69.493,-18.621,13.86,-66.154,481.2,134,180.77,833.72,374.95,3.9561,-1.06,26.12,-58.31,479.94,128.76,-7.5448,89.23,18.508,0.14864,-0.039829,14.526,-59.191,361.77,17.966,0,0,0,0,0,3.3719,-3.2303,41.117,0.84136,0,0,0,0,0,-0.9035,0.86556,-11.017,-0.22544,0,0,0,0,0
0,0,-1.9407,9.0163,18.434,17.219,19.645,6.372,-1.7074,0,0,-0.67417,1.8595,-63.089,9.5212,19.161,6.5712,-1.7608,-1.0822,4.789,-76.347,60.773,649.42,98.887,14.856,1.5634,-0.41892,7.2675,-32.746,378.43,653.51,994.53,90.503,159.29,105.07,-28.153,15.665,-21.306,418.57,245.12,630.95,-85.807,660.38,125.52,-33.633,20.936,-22.041,458.78,35.675,765.01,141.7,678.31,16.919,-4.5334,17.379,13.216,242.13,-24.963,364.51,714.93,232.04,9.0242,-2.418,5.3037,4.9382,4.5673,5.3332,9.6191,28.894,8.2745,2.2734,-0.60915,-1.4211,-1.3232,-1.2238,-1.429,-2.5774,-7.7422,-2.2172,-0.60915,0.16322
0,0,0,0,-1.312,13.385,18.416,4.5845,-1.2284,0,0,0,0,-1.3474,14.229,-4.9162,4.8611,-1.3025,-3.4793,-2.1462,-5.7292,-16.021,-13.636,-4.4705,237.99,3.9907,-1.0693,16.668,-0.42492,105.99,159.69,147.4,17.385,494.07,14.624,-3.9184,17.024,-18.224,412.03,51.636,614.92,268.82,476.64,118.97,-31.877,13.061,-61.25,613.22,61.382,250.37,272.82,487.3,108.32,-29.023,13.896,13.364,10.074,20.964,-19.119,719.2,692.7,5.4784,-1.4679,2.1986,3.4466,2.8615,3.777,-5.3281,92.516,71.715,1.3058,-0.34988,-0.58911,-0.92352,-0.76673,-1.012,1.4277,-24.79,-19.216,-0.34988,0.09375
10.465,8.7834,13.498,7.8189,15.013,10.049,11.07,1.034,-0.27706,7.7088,6.9896,17.469,10.958,-60.958,3.6865,6.2969,-8.0698,2.1623,9.1452,12.722,-0.73558,98.064,600.85,78.409,102.72,91.947,-24.637,8.8404,-59.027,404.4,316.49,517.58,-95.087,525.94,39.775,-10.658,10.836,-34.745,241.68,41.889,531.58,502.53,370.34,4.1734,-1.1183,6.9393,-61.326,345.68,-12.175,210.59,94.693,6.8586,0.81611,-0.21867,23.941,-42.532,423.02,2.1841,0,0,0,0,0,4.5298,3.1592,10.425,1.1056,0,0,0,0,0,-1.2138,-0.84651,-2.7933,-0.29624,0,0,0,0,0
8.1501,10.362,8.8136,6.0554,26.641,4.3842,0,0,0,9.3838,18.275,-44.478,-76.713,-20.418,3.4838,0,0,0,9.8285,-28.986,389.95,547.6,320.67,9.9713,-36.78,-8.9127,2.3881,10.807,8.855,45.383,927.31,711.1,-40.579,340.25,52.74,-14.132,14.183,-20.625,382.33,973.92,291.43,-84.223,667.04,108.15,-28.978,10.372,7.483,212.46,885.87,577.77,53.573,774.02,3.4313,-0.91943,10.811,11.349,28.793,151.21,950.73,932.44,282.29,6.0183,-1.6126,1.3206,1.6049,6.4023,-6.1046,91.058,70.744,4.2367,1.262,-0.33816,-0.35386,-0.43002,-1.7155,1.6357,-24.399,-18.956,-1.1352,-0.33816,0.09061
11.778,11.795,13.269,11.811,19.024,15.458,26.88,2.0248,-0.54254,12.453,18.678,-17.467,-70.265,-73.159,-30.411,15.246,-6.6598,1.7845,21.345,-14.894,223.65,602.66,697.64,459.48,72.9,54.288,-14.547,19.713,-54.944,619.96,434.99,150.18,670.19,191.92,118.44,-31.737,15.39,-68.842,632.81,133.59,34.766,388.63,464.44,120.72,-32.347,14.941,-53.346,366.7,40.297,50.275,388.66,576.17,127.42,-34.143,18.54,5.4154,171.49,17.007,-29.065,633.63,909.7,68.725,-18.415,4.9563,5.0963,5.873,3.2768,-0.96999,60.414,70.639,1.0046,-0.26918,-1.328,-1.3656,-1.5737,-0.87802,0.25991,-16.188,-18.928,-0.26918,0.072125
15.032,11.957,14.415,15.449,22.755,17.763,14.874,1.8066,-0.48407,19.676,15.664,15.042,-54.467,-56.706,13.237,-41.695,-4.7009,1.2596,28.717,24.49,44.53,409.99,471.12,53.333,463.76,52.98,-14.196,6.1543,-69.722,508.21,600.34,980.35,30.483,747.27,126.17,-33.808,5.5481,-72.134,511.42,573.78,784.42,467,667.76,18.121,-4.8556,5.4527,-69.133,487.97,564.33,26.472,28.476,8.323,2.0675,-0.55398,19.645,-63.633,774.77,344.61,9.6036,2.6258,0,0,0,3.3285,-4.5583,93.034,39.025,2.4483,0.89186,0,0,0,-0.89186,1.2214,-24.928,-10.457,-0.65602,-0.23897,0,0,0
0,0,0,0,-0.045838,2.7,9.1304,1.2886,-0.34528,0,0,0,0,-0.12943,10.677,-29.135,-7.6946,2.0618,-2.3122,-1.3391,-6.9583,-7.4178,-3.5598,-49.028,328.81,81.831,-21.927,13.626,-2.0741,130.92,163.39,46.77,-80.374,501.16,119.18,-31.933,9.6274,-13.2,180.71,760.71,999.6,-10.494,758.65,129.74,-34.764,12.478,11.456,-50.412,525.8,689.3,21.782,750.12,40.208,-10.774,14.984,15.851,44.683,157.77,897.57,889.3,271.22,6.0413,-1.6188,4.4957,4.7029,5.3824,-5.9664,84.267,107.16,5.4254,1.0697,-0.28661,-1.2046,-1.2601,-1.4422,1.5987,-22.579,-28.714,-1.4537,-0.28661,0.076798
8.31,8.6695,15.139,15.509,29.525,21.498,15.071,3.2303,-0.86556,10.664,9.8783,15.246,-50.041,-36.301,28.088,-40.662,-5.9771,1.6016,7.9913,17.64,-10.261,396.47,405.16,-41.331,498.9,92.143,-24.69,15.405,-35.275,325.29,995.47,1063.1,131.39,959.19,70.076,-18.777,15.849,-60.493,700.28,377.07,851.24,931.48,462.37,1.8829,-0.50452,14.387,-68.635,736.78,213.01,185.84,698.17,78.029,4.1349,-1.1079,15.866,-48.872,557.36,8.1677,10.184,14.383,23.94,4.2779,-1.1462,4.809,4.4884,35.388,1.9225,2.2621,1.9252,6.7894,2.0732,-0.55551,-1.2886,-1.2027,-9.4821,-0.51512,-0.60614,-0.51587,-1.8192,-0.55551,0.14885
0,0,0,0,-1.1308,9.3668,19.01,4.6037,-1.2336,0,0,0,0,-1.0318,14.907,-21.176,6.3201,-1.6935,-1.0294,-0.74166,-0.021192,-1.4138,-3.4562,-16.734,316.83,-1.823,0.48846,6.2983,12.011,-48.079,-77.735,-51.144,-93.609,719.53,105.81,-28.353,7.8238,-46.174,490.89,713.38,646.3,408.01,730.84,121.18,-32.471,17.596,-58.955,595.04,383.4,411.48,476.29,783.38,108.36,-29.036,29.124,-40.162,451.23,235.86,76.084,863.62,551.27,4.927,-1.3202,4.8616,5.1261,5.3385,4.1835,-4.8937,59.556,18.223,2.1219,-0.56855,-1.3026,-1.3735,-1.4304,-1.121,1.3113,-15.958,-4.8828,-0.56855,0.15234
7.2562,10.441,17.713,14.065,16.525,12.463,13.172,2.5498,-0.68322,7.8137,15.58,-15.185,-78.946,-27.211,15.271,1.1565,-6.1876,1.658,10.298,-38.458,300.22,738.12,315.67,12.07,97.434,81.847,-21.931,11.556,-67.893,482.74,218.56,744.13,-30.022,270.55,122.23,-32.752,16.814,-59.731,394.33,55.675,340.22,-92.273,598.35,124.34,-33.317,5.7971,-70.941,525.26,-68.743,495.26,235.28,652.05,16.238,-4.3509,14.3,-29.939,471.17,-5.2988,169.59,702.38,182.47,8.3662,-2.2417,2,1.8454,32.83,5.6689,2.4051,3.6247,5.6221,1.9071,-0.51101,-0.5359,-0.49447,-8.7967,-1.519,-0.64444,-0.97123,-1.5064,-0.51101,0.13692
0,0,0,0,-1.4188,7.5105,16.896,4.1631,-1.1155,0,0,0,0,-1.6489,16.223,-21.611,-6.2241,1.6677,-1.326,-2.0531,0.26003,-7.1868,-9.0795,-42.614,324.11,82.498,-22.105,6.7302,8.2213,7.5581,154.2,166.39,-29.521,699.02,119.25,-31.954,11.268,-51.929,454.42,681.27,783.68,362.33,732.21,115.72,-31.008,15.777,-57.656,503.97,369.7,391.1,277.68,704.12,122.36,-32.786,14.844,-65.093,730.56,345.1,-4.8367,561.48,957.47,108.31,-29.02,6.3694,-2.4793,62.66,39.758,4.4102,0.49575,94.124,1.2368,-0.3314,-1.7067,0.66433,-16.79,-10.653,-1.1817,-0.13284,-25.22,-0.3314,0.088797
28.532,27.158,11.582,2.5678,36.997,22.939,16.293,2.8732,-0.76987,30.945,27.689,11.391,-9.7492,-10.478,3.182,-51.005,-4.5708,1.2248,15.134,21.256,21.197,187.45,339.59,122.94,432.67,53.152,-14.242,6.7273,-59.761,406.79,859.51,696.85,114.57,501.31,126.32,-33.847,4.4462,-72.732,516.37,265.77,504.72,144.21,725.25,39.568,-10.602,7.8056,-68.428,472.64,230.08,62.84,452.71,220.88,2.4824,-0.66516,11.215,-78.519,674.09,122.7,-1.4061,11.421,13.494,2.718,-0.72828,2.2031,-8.9582,87.849,14.443,-0.11272,1.4758,4.6134,0.97933,-0.26241,-0.59033,2.4003,-23.539,-3.87,0.030203,-0.39543,-1.2361,-0.26241,0.070312
1.3762,3.0794,19.896,16.465,13.93,12.816,19.645,6.372,-1.7074,1.1417,3.0606,15.117,-72.785,-56.943,15.825,19.161,6.5712,-1.7608,8.6069,14.665,32.524,703.93,656.83,16.301,16.219,1.5086,-0.40424,8.0303,-45,313.21,147.01,469.02,4.1755,125.42,107.55,-28.819,18.847,-55.251,355.31,-21.419,365.94,-35.845,261.05,108.26,-29.009,24.441,-16.329,225.3,-70.873,459.76,-7.9076,528.77,7.3707,-1.975,15.829,8.0935,242.48,7.8546,120.97,688.74,267.78,4.6701,-1.2514,2.7349,2.0476,3.8054,3.4475,4.2036,33.324,7.958,1.0007,-0.26813,-0.7328,-0.54865,-1.0196,-0.92374,-1.1263,-8.9292,-2.1323,-0.26813,0.071845
0,0,0,0,-0.65743,10.393,14.874,1.8066,-0.48407,0,0,0,0,-0.3956,15.757,-41.695,-4.7009,1.2596,-0.60276,5.7419,-54.251,-81.071,-18.324,-36.008,463.47,54.297,-14.549,5.4383,-22.424,228.03,509.21,197.5,-77.955,735.14,119.35,-31.979,13.628,-29.472,363.87,271.56,759.99,190.41,740.61,119.76,-32.09,15.303,-67.856,670.78,14.2,492.48,339.98,726.23,107.18,-28.72,20.171,-48.102,570.36,20.61,-15.857,788.4,756.52,4.7836,-1.2818,5.8897,4.7324,85.842,2.3843,-3.1159,61.792,75.923,0.91034,-0.24393,-1.5781,-1.268,-23.001,-0.63887,0.83489,-16.557,-20.344,-0.24393,0.06536
0,0,-1.6925,12.545,6.1425,22.357,12.652,3.9846,-1.0677,0,0,-2.8994,20.549,8.4348,26.684,-11.906,2.5443,-0.68174,-2.2051,-1.9982,-7.9434,-5.001,2.8733,-15.355,177.45,17.659,-4.7318,10.913,11.224,-3.5313,493.66,161.57,-0.0032936,242.47,126.31,-33.846,18.501,15.761,142.36,362.61,611.41,-2.4907,442.32,73.072,-19.58,6.0356,-61.505,351,36.731,140.87,418.12,496.36,3.9358,-1.0546,7.4897,-18.242,315.67,13.11,23.665,14.199,21.899,3.2339,-0.86653,0.9397,1.4887,6.1016,5.6429,4.6904,4.6727,5.5662,1.0366,-0.27775,-0.25179,-0.3989,-1.6349,-1.512,-1.2568,-1.2521,-1.4915,-0.27775,0.074424
19.614,17.372,12.438,10.613,13.863,13.585,19.703,6.7107,-1.7981,17.813,15.929,15.192,-57.448,-70.814,13.908,-17.166,-2.1506,0.57626,12.525,17.692,-41.515,542.64,665.03,38.554,288.97,54.204,-14.524,13.142,6.4112,160.03,590.52,613.5,-23.415,484.08,129.02,-34.57,17.051,-53.511,515.1,314.83,191.29,552.78,809.43,41.772,-11.193,20.915,-61.95,514.22,158.18,-2.2658,92.622,71.433,1.3193,-0.35351,18.043,-62.221,621.59,39.36,0,0,0,0,0,3.2286,-5.3379,42.178,0.66356,0,0,0,0,0,-0.86509,1.4303,-11.302,-0.1778,0,0,0,0,0
0,0,0,0,-1.7882,13.307,9.3111,2.1643,-0.57992,0,0,0,0,-1.558,19.548,-43.924,-7.1607,1.9187,-2.7168,-3.214,0.75772,-6.5663,-7.8823,-50.556,498.26,81.776,-21.912,14.775,17.894,1.9922,169.43,141.47,-28.958,737.23,121.74,-32.619,14.422,-50.053,409.66,665.61,943.55,264.9,697.11,107.26,-28.74,29.223,-69.118,705.11,51.022,755.06,143.91,824.88,3.6901,-0.98875,13.321,-31.953,320.06,-7.7432,559.44,965.99,383.17,5.3277,-1.4276,4.1008,4.027,8.1363,5.5268,16.657,106.58,4.6563,2.0675,-0.55398,-1.0988,-1.079,-2.1801,-1.4809,-4.4633,-28.558,-1.2477,-0.55398,0.14844
0,0,-0.30893,2.4156,10.812,4.1932,0,0,0,0,0,-1.0889,9.9075,14.933,4.7054,0,0,0,-0.14739,-0.52152,-9.9431,-11.037,109.47,16.52,-11.323,-8.8324,2.3666,5.3124,12.416,-12.073,507.54,371.6,110.22,43.024,50.658,-13.574,12.725,-42.176,402.42,277.3,158.73,224.62,439.82,106.87,-28.637,8.1467,-64.817,377.53,45.946,-9.307,258.16,280.5,4.868,-1.3044,17.838,6.7913,290.7,5.6466,-1.1256,10.476,12.595,4.5468,-1.2183,7.9191,8.3973,35.044,1.2251,-0.78828,4.3641,5.114,1.469,-0.39361,-2.1219,-2.2501,-9.39,-0.32826,0.21122,-1.1694,-1.3703,-0.39361,0.10547
0,0,0,0,-0.98387,5.9437,24.831,10.152,-2.7201,0,0,0,0,-1.0067,12.29,-32.246,0.85662,-0.22953,-0.60589,-0.69653,3.0597,-46.199,0.095424,-47.129,516.75,83.795,-22.453,9.0089,9.4142,-20.065,287.9,1.0513,-61.352,974.31,123.44,-33.077,10.261,17.562,23.76,980.31,868.94,409.15,781.6,19.275,-5.1646,6.1668,-58.316,445.98,571.94,368.2,876.2,193.63,2.3051,-0.61765,19.645,-63.633,774.43,344.34,16.557,24.833,23.141,4.7776,-1.2802,3.3285,-4.5583,93.084,38.579,3.7679,3.1809,5.9869,1.5078,-0.40401,-0.89186,1.2214,-24.942,-10.337,-1.0096,-0.85233,-1.6042,-0.40401,0.10825
0,0,0,0,-0.16574,5.9841,15.668,1.2873,-0.34493,0,0,0,0,-0.1006,7.0992,-6.0442,2.8115,-0.75335,-0.12214,-0.90772,1.4597,-70.841,-77.503,-45.917,231.31,-1.9377,0.51921,3.1614,9.6862,12.195,449.14,371.71,176.1,470.17,107.62,-28.836,5.237,-6.1789,222.81,602.34,64.816,478.87,613.73,106.98,-28.665,19.176,-52.127,503.8,341.13,-29.378,341.84,449.45,3.3581,-0.8998,17.768,-65.508,591.29,189.1,-1.3769,10.796,20.395,3.747,-1.004,2.5311,-5.9636,55.974,14.885,-0.3088,3.0289,2.8487,1.1308,-0.303,-0.67821,1.5979,-14.998,-3.9885,0.082742,-0.81158,-0.76331,-0.303,0.08119
9.309,7.7912,6.7675,8.101,10.247,5.8932,24.817,1.7972,-0.48157,9.5464,7.7721,12.455,-42.969,-67,-19.035,23.662,1.5925,-0.42671,6.5783,10.155,-31.594,321.34,562.77,211.42,24.051,17.707,-4.7447,20.661,13.276,124.92,935.58,785.88,340.72,465.42,119.25,-31.953,14.531,-58.125,489.88,488.03,5.2023,659.44,799.88,108.3,-29.018,19.644,-56.911,622.38,301.32,-19.556,290.91,520.23,1.8605,-0.49852,23.263,-70.983,724.14,126.3,-1.1788,9.5742,18.293,3.1546,-0.84526,1.2589,-8.0238,56.932,15.016,-0.048127,1.0044,3.1233,0.89576,-0.24002,-0.33732,2.15,-15.255,-4.0236,0.012896,-0.26912,-0.83689,-0.24002,0.064313
11.143,9.586,19.338,14.582,20.65,10.499,10.376,6.4338,-1.7239,10.794,15.787,-15.125,-1.1999,-3.354,13.309,-46.823,5.7767,-1.5479,8.1318,-23.483,197.94,219.65,217.56,-6.4387,401.45,15.145,-4.0581,10.485,-62.107,511.4,534.69,693.34,-83.819,729.5,117.65,-31.525,26.275,-43.807,564.42,202.54,362.8,-88.454,730.39,127.93,-34.28,5.3511,3.6247,77.784,208.29,363.09,-105.17,797.49,68.862,-18.452,0,0,-0.82806,1.2714,459.79,857.85,480.95,5.839,-1.5646,0,0,-0.94864,8.2039,4.2482,96.798,6.803,0.18847,-0.050501,0,0,0.25419,-2.1982,-1.1383,-25.937,-1.8229,-0.050501,0.013532
18.727,21.4,13.407,16.603,16.307,20.96,13.215,2.3564,-0.63139,19.319,20.892,20.005,-36.669,-10.405,-26.587,11.838,3.1254,-0.83745,11.762,12.575,-36.388,440.44,284.49,311.08,20.87,3.8234,-1.0245,11.743,-1.2805,153.68,958.87,729.44,763.55,-8.1383,-1.3017,0.34879,13.438,-67.511,514.78,150.21,15.237,335.28,261.35,93.188,-24.97,19.28,-24.037,454.64,25.094,44.588,424.68,599.79,5.2699,-1.4121,17.379,13.216,243.01,9.7606,-39.188,427.49,140.2,8.0785,-2.1646,5.3037,4.9382,4.8854,2.5899,1.9955,3.9692,7.6159,1.1852,-0.31758,-1.4211,-1.3232,-1.309,-0.69397,-0.53471,-1.0635,-2.0407,-0.31758,0.085096
18.415,12.826,10.66,10.232,12.167,12.379,15.071,3.2303,-0.86556,14.807,11.724,9.9649,19.342,21.754,19.704,-40.662,-5.9771,1.6016,8.5667,17.323,-20.792,-28.425,-37.505,-50.223,500.26,83.407,-22.349,27.19,-6.5462,227.38,803.09,863.94,30.113,918.94,128.05,-34.31,11.713,-61.737,486.21,507.55,745.87,165.56,912.59,39.335,-10.54,25.841,-50.9,642.01,404.06,584.42,726.8,505.43,4.8592,-1.302,15.124,-54.666,612.57,230.61,411.15,1035.1,150.24,5.1434,-1.3782,1.8554,2.4353,6.8824,3.1969,18.377,108.08,6.854,1.602,-0.42926,-0.49714,-0.65253,-1.8441,-0.85661,-4.924,-28.961,-1.8365,-0.42926,0.11502
4.0056,4.611,26.632,9.5668,15.602,20.149,19.649,8.2295,-2.2051,3.9113,11.096,-28.922,-61.625,-53.242,11.187,8.0032,1.1363,-0.30446,13.18,-40.171,402.68,389.07,394.63,62.605,84.012,54.638,-14.64,14.738,-62.195,473.07,64.108,584.32,-32.337,187.04,122.44,-32.808,9.2385,-56.192,330.51,-52.663,475.51,214.51,555.7,18.073,-4.8426,10.813,-54.939,331.77,9.6833,21.721,99.228,43.07,0.85593,-0.22935,25.409,-37.946,299.64,5.082,0,0,0,0,0,5.046,5.3301,3.6684,0.60915,0,0,0,0,0,-1.3521,-1.4282,-0.98295,-0.16322,0,0,0,0,0
18.727,21.4,14.246,8.9713,6.7694,9.9195,16.896,4.1631,-1.1155,19.319,20.892,14.799,7.5786,15.172,20.344,-21.611,-6.2241,1.6677,10.322,10.396,7.1663,126.14,-11.285,-59.183,322.37,83.225,-22.3,23.089,12.713,175.98,748.73,900,158.57,721.7,107.17,-28.717,15.157,-57.909,516.65,250.01,642.69,279.48,746.21,4.8899,-1.3102,18.632,-55.658,518.45,204.62,314.39,1027.6,501.12,3.1376,-0.84072,11.612,-81.433,764.99,137.62,30.774,783.2,72.276,3.7473,-1.0041,1.381,-9.0006,92.162,16.765,7.8716,2.4016,6.6507,2.0732,-0.55551,-0.37005,2.4117,-24.695,-4.4921,-2.1092,-0.6435,-1.7821,-0.55551,0.14885
0,0,-1.2415,6.8699,9.292,11.629,12.219,4.7084,-1.2616,0,0,-1.1027,1.5882,-59.053,13.405,14.174,5.3582,-1.4357,-2.264,-3.5078,-13.881,67.635,534.79,27.838,71.45,1.1536,-0.3091,12.946,24.913,-63.726,750.53,966.27,-15.444,809.57,106.21,-28.46,11.399,-39.873,362.97,1074.9,615.9,-101.54,719.44,119.67,-32.065,10.343,-67.976,774.25,577.21,571.97,266.45,1039.8,123.68,-33.139,13.979,-56.514,640.08,381.21,30.078,515.49,349.59,17.561,-4.7055,4.9127,4.7612,28.792,45.077,3.3092,3.2456,8.3643,1.8498,-0.49566,-1.3163,-1.2758,-7.7147,-12.078,-0.8867,-0.86965,-2.2412,-0.49566,0.13281
27.167,25.192,10.251,12.212,22.356,22.988,17.465,1.9865,-0.53228,25.37,24.206,18.864,-52.045,-58.622,-46.662,16.519,3.9799,-1.0664,13.236,24.935,-52.807,498.92,616.02,520.3,-34.472,-3.4274,0.91836,9.8574,-40.834,327.11,959.15,723.83,523.42,481.4,111.08,-29.764,16.944,-61.92,492.12,137.57,157.69,805.37,709.79,19.28,-5.1662,3.8566,-61.183,570.28,10.479,6.9791,313.13,66.088,1.6962,-0.45451,12.984,11.528,165.53,6.1055,0,0,0,0,0,3.1855,3.3084,2.7229,1.6322,0,0,0,0,0,-0.85356,-0.88649,-0.72961,-0.43735,0,0,0,0,0
0,0,0,0,-1.1308,9.3668,19.01,4.6037,-1.2336,0,0,0,0,-1.0318,14.907,-21.176,6.3201,-1.6935,-1.272,-1.4959,-0.81387,-74.874,-90.117,-60.596,315.94,-2.1163,0.56707,14.83,13.154,27.023,675.28,738.9,229.2,708.13,106.02,-28.408,13.045,-63.05,527.19,546.05,955.78,84.85,810.58,121.15,-32.461,13.171,-70.067,805.32,308.61,903.77,381.28,1018,107.82,-28.89,19.124,-51.148,602.78,171.79,562.73,1027.8,313.35,2.4925,-0.66787,3.8384,3.2357,5.2991,3.4936,6.2135,57.537,7.0104,1.262,-0.33816,-1.0285,-0.867,-1.4199,-0.9361,-1.6649,-15.417,-1.8784,-0.33816,0.09061
0,0,-0.40765,4.4858,21.683,9.5816,7.1221,3.3443,-0.8961,0,0,-1.6364,11.099,-53.708,-17.348,14.244,4.6539,-1.247,-1.0143,-1.1798,-3.9881,9.8269,624.92,228.79,-26.409,-4.0884,1.0955,7.6379,10.737,-38.507,207.78,1095.2,268.95,786.21,84.237,-22.571,12.106,2.8092,115.31,810.21,922.69,5.8771,894.06,127.9,-34.27,19.942,-52.151,515.35,366.15,630.1,668.14,1030.9,69.841,-18.714,16.869,-68.601,603.07,138.85,113.46,618.4,322.54,6.3529,-1.7022,1.8472,-5.3915,43.799,2.3796,3.8379,4.1812,6.8371,1.298,-0.34779,-0.49495,1.4447,-11.736,-0.63762,-1.0284,-1.1204,-1.832,-0.34779,0.093189
17.582,20.133,7.9604,7.2943,9.3304,10.839,10.682,3.8777,-1.039,16.902,22.802,-9.5616,-28.416,-57.652,7.9224,5.9107,4.3043,-1.1533,6.398,-23.058,168.66,334.29,463.5,19.882,49.09,12.628,-3.3836,7.9556,-74.521,723.42,374.57,956.01,-64.457,595.25,124.59,-33.384,18.588,-70.832,738.79,71.96,678.13,551.06,683.3,22.109,-5.9242,6.9145,-66.687,610.06,18.196,16.84,123.39,19.907,2.3939,-0.64145,12.991,-54.756,373.85,6.7881,0,0,0,0,0,4.4837,-3.134,40.387,0.32644,0,0,0,0,0,-1.2014,0.83975,-10.822,-0.08747,0,0,0,0,0
0,0,0,0,-1.3539,7.8979,8.4383,2.0055,-0.53738,0,0,0,0,-1.7805,12.578,-58.778,-6.3582,1.7037,-0.41185,5.8448,-35.548,-81.731,-87.959,-64.988,552.56,83.668,-22.419,3.4692,-49.234,303.89,651.95,739.68,184.77,929.86,129.11,-34.595,5.021,-72.165,495.41,348.95,783.5,504.09,925.97,39.242,-10.515,5.3292,-70.501,614.55,248.31,481.98,1107.9,499.46,3.6158,-0.96884,14.362,-66.961,804.65,334.16,95.197,868.38,152.89,7.0229,-1.8818,5.6709,-3.9034,91.965,40.773,2.914,8.0001,5.2374,0.81611,-0.21867,-1.5195,1.0459,-24.642,-10.925,-0.7808,-2.1436,-1.4034,-0.21867,0.058594
0,0,-1.2114,11.708,16.545,18.114,9.3111,2.1643,-0.57992,0,0,-1.9357,20.927,-19.297,0.73649,-43.924,-7.1607,1.9187,-0.61272,0.48094,-16.394,-72.455,285.46,87.339,498.95,81.94,-21.956,3.2189,-6.1699,64.575,591.87,826.45,245.86,730.31,117.17,-31.397,22.369,-54.931,543.3,366.75,395.13,239.37,781.74,126.17,-33.806,8.8123,-66.877,769.51,347.19,46.94,858.89,756.85,19.167,-5.1358,19.061,-63.138,760.6,227.8,0.58169,105.34,59.52,5.0642,-1.357,2.0078,-5.1596,71.492,2.176,1.9058,4.1896,4.4348,1.262,-0.33816,-0.538,1.3825,-19.156,-0.58306,-0.51065,-1.1226,-1.1883,-0.33816,0.09061
18.415,12.826,10.882,8.9442,21.351,14.21,21.694,5.3373,-1.4301,14.807,11.724,10.885,11.47,-49.244,-33.757,22.421,6.2257,-1.6682,10.897,13.083,9.615,39.89,526.82,382.33,-26.483,10.971,-2.9398,14.904,15.18,-15.92,845.91,569.66,872.57,595.12,30.818,-8.2576,13.096,18.85,55.152,725.54,-5.611,503.77,178.22,6.8061,-1.8237,14.77,-57.86,480.53,277.74,4.5952,5.4823,7.537,2.0664,-0.5537,13.435,-31.661,451.16,17.88,0,0,0,0,0,2.8518,2.478,36.535,1.6866,0,0,0,0,0,-0.76415,-0.66398,-9.7895,-0.45193,0,0,0,0,0
11.778,11.795,12.004,19.675,10.65,8.6135,11.629,4.0334,-1.0807,12.453,18.678,-19.35,-52.315,-37.244,-12.724,-12.509,3.6346,-0.97389,22.174,-13.457,217.04,609.86,528.4,249.29,171.29,16.113,-4.3175,13.32,-66.802,590.96,123.72,625.24,-95.203,491.26,107.84,-28.897,10.144,-78.421,737.86,75.117,723.66,348.23,512.89,8.3838,-2.2464,7.912,-67.38,610.96,10.283,50.563,122.67,18.939,1.7147,-0.45946,12.991,-54.756,373.85,6.7881,0,0,0,0,0,4.4837,-3.134,40.387,0.32644,0,0,0,0,0,-1.2014,0.83975,-10.822,-0.08747,0,0,0,0,0
26.631,31.408,21.427,11.984,20.084,7.4115,29.254,4.2619,-1.142,23.834,32.124,-31.754,-0.82654,5.9054,-0.65533,-32.839,2.2071,-0.59139,6.6131,-25.925,328.94,186.33,187.66,80.262,460.42,19.431,-5.2066,9.8531,-66.462,615.52,769.13,1057.6,66.869,609.9,118.05,-31.63,13.984,-63.004,553.84,295.43,754.13,-107.28,579.97,128.83,-34.52,19.123,-9.1998,301.76,271.93,544.74,507.37,867.46,43.888,-11.76,17.137,7.7774,192.09,250.5,5.0978,522.89,275.82,3.2915,-0.88195,0.96712,-0.10619,20.936,17.991,4.0613,4.8678,3.593,0.65965,-0.17675,-0.25914,0.028455,-5.6099,-4.8205,-1.0882,-1.3043,-0.96273,-0.17675,0.047361
18.415,12.826,11.186,8.187,15.019,10.477,19.452,4.5873,-1.2292,14.807,11.724,11.907,2.6191,-52.351,10.067,-1.2267,5.5863,-1.4968,12.115,13.746,-0.90312,120.64,561.88,31.737,195.29,1.8236,-0.48864,9.182,19.349,-34.642,874.97,894.13,-38.433,837.93,107.63,-28.839,6.426,-41.702,334.47,991.31,539.75,-138.59,726.19,128.35,-34.393,9.0777,-65.083,701.56,537.85,509.05,469.43,978.45,75.359,-20.192,13.979,-56.514,641.01,372.08,25.391,324.72,191.15,6.747,-1.8078,4.9127,4.7612,29.987,39.389,6.797,5.8488,7.2405,0.97933,-0.26241,-1.3163,-1.2758,-8.035,-10.554,-1.8212,-1.5672,-1.9401,-0.26241,0.070312
0,0,-0.63666,6.2415,19.437,5.5722,0,0,0,0,0,0.05951,-0.96888,-67.598,-19.764,0,0,0,-1.0328,-0.627,-35.17,84.608,654.76,235.38,-1.6156,-0.17445,0.046745,8.576,0.31849,128.79,511.9,549.24,207.97,-22.496,-6.9358,1.8584,15.324,-63.081,497.48,123.43,631.68,-81.234,289.92,69.988,-18.753,9.4975,-59.396,321.92,-40.835,652.8,619.97,510.67,3.4742,-0.93092,20.502,-53.427,528.38,17.213,9.1897,120.74,33.046,2.6456,-0.7089,3.3208,-3.4431,71.687,5.2658,8.6082,5.8347,8.5906,1.0113,-0.27099,-0.88982,0.92257,-19.208,-1.411,-2.3066,-1.5634,-2.3018,-0.27099,0.072611
18.415,12.826,10.312,13.388,13.426,4.6073,16.252,5.6578,-1.516,14.807,11.724,11.103,10.016,13.682,4.3437,-19.445,5.8892,-1.578,11.792,14.679,-10.655,82.391,34.907,61.305,288.91,-5.5704,1.4926,15.039,6.0105,103.66,1063.8,555.03,-78.155,688.43,81.621,-21.87,13.18,-57.078,450.96,857.36,566.33,-85.257,720.8,118.86,-31.85,8.4098,-73.174,759.86,389.14,710.88,-72.424,871.32,127.95,-34.284,7.9976,-64.371,526.57,32.934,368.44,937.47,775.15,40.826,-10.939,3.1043,3.067,3.235,3.9844,-5.5966,87.658,19.128,1.2873,-0.34493,-0.83181,-0.8218,-0.86681,-1.0676,1.4996,-23.488,-5.1253,-0.34493,0.092423
0,0,0,0,-0.42546,5.3637,7.6235,4.5538,-1.2202,0,0,0,0,-0.51922,12.182,-34.602,4.5212,-1.2114,-0.8644,5.5657,-57.107,-83.604,-74.29,-22.501,339.46,15.43,-4.1345,7.7508,-45.74,476.11,693.02,626.38,-110.95,746.63,128.97,-34.557,12.961,-61.842,545.25,353.6,788.3,307.54,784.35,40.552,-10.866,16.08,-54.81,517.32,324.33,138.74,589.86,182.56,2.6272,-0.70395,12.105,-66.995,516.45,250.12,13.201,18.983,13.494,2.718,-0.72828,3.8634,-4.7319,56.475,18.364,3.4544,2.9447,4.6134,0.97933,-0.26241,-1.0352,1.2679,-15.132,-4.9207,-0.92561,-0.78904,-1.2361,-0.26241,0.070312
11.778,11.795,13.395,7.126,10.8,12.144,12.219,4.7084,-1.2616,12.453,18.678,-17.93,-77.524,-30.773,14.051,14.174,5.3582,-1.4357,22.347,-13.855,225.91,751.81,333.31,3.7341,55.773,1.722,-0.46141,5.3604,-65.989,481.25,989.37,559.14,-49.795,879.66,113.55,-30.426,20.547,-64.796,555.96,335.11,816.25,50.692,933.9,72.12,-19.325,20.817,-61.282,482.66,126.52,941.71,1049.3,423.9,4.8009,-1.2864,20.85,-60.111,621.5,36.49,180.82,298.65,16.352,4.5236,-1.2121,4.5355,-3.562,69.882,3.6548,4.5418,5.1992,4.0618,0.6344,-0.16999,-1.2153,0.95443,-18.725,-0.97931,-1.217,-1.3931,-1.0883,-0.16999,0.045548
0,0,0,0,-0.70863,7.3608,15.071,3.2303,-0.86556,0,0,0,0,-0.63309,15.36,-40.662,-5.9771,1.6016,-0.85481,-0.80608,0.79525,4.2879,-67.761,-49.925,509.69,92.135,-24.687,8.5477,14.579,-37.731,54.058,525.33,-34.877,845.92,69.282,-18.564,13.493,-33.494,364.32,595.18,560.19,-93.798,812.55,7.5152,-2.0137,12.952,-68.39,593.53,79.8,496.35,430.17,445.29,4.5412,-1.2168,20.623,-51.884,490.69,22.473,14.39,20.972,20.536,5.6659,-1.5182,3.3854,-3.9124,41.945,3.3901,3.1188,4.9536,3.4966,0.37694,-0.101,-0.90713,1.0483,-11.239,-0.90838,-0.83569,-1.3273,-0.93692,-0.101,0.027063
18.415,12.826,9.6022,18.112,12.758,13.453,15.547,0.33997,-0.091096,14.807,11.724,9.4345,24.723,16.214,23.191,-6.8903,-0.226,0.060555,9.0849,11.855,13.354,28.62,73.074,15.641,233.82,14.143,-3.7895,26.096,24.935,-24.422,372.39,922.65,783.65,704.1,119.61,-32.05,13.942,19.275,-47.176,759.33,311.99,804.01,843.73,130.59,-34.991,15.023,-47.93,470.27,460.55,-19.762,152.67,491.56,41.005,-10.987,19.993,-58.063,631.87,67.015,-1.4724,10.603,11.349,6.0121,-1.6109,1.9829,-6.6057,69.993,2.0732,-0.47166,3.6453,5.0062,1.979,-0.53026,-0.53131,1.77,-18.754,-0.55551,0.12638,-0.97675,-1.3414,-0.53026,0.14208
0,0,0,0,-3.4596,17.551,13.174,3.9186,-1.05,0,0,0,0,-2.8067,11.753,-24.932,4.1856,-1.1215,-2.2121,3.7241,-37.829,-84.86,-80.108,-1.0319,312.46,4.4294,-1.1869,9.8479,-26.08,239.13,425.01,487.79,114.84,804.06,16.404,-4.3955,9.3989,6.2036,93.816,397.12,823.48,236.05,744.62,117.96,-31.606,15.367,-49.712,461.23,406.72,489.68,530.05,890,117.1,-31.377,16.368,-66.792,756.71,362.22,29.565,844.88,1048.7,121.9,-32.663,4.6902,-21.052,245.89,104.3,-2.1519,52.21,122.58,14.251,-3.8185,-1.2567,5.6409,-65.887,-27.947,0.5766,-13.99,-32.845,-3.8185,1.0232
0,0,0,0,-1.1713,8.9227,21.267,4.5576,-1.2212,0,0,0,0,-1.753,17.13,-14.136,-4.1476,1.1114,-1.2475,-1.7344,-0.65103,6.7548,-40.788,-55.543,237.13,83.24,-22.304,8.4051,11.082,11.493,-82.227,246.22,36.461,708.26,119.44,-32.003,21.944,13.8,21.668,518.97,893.87,-81.97,739.98,119.57,-32.038,12.144,-61.844,542.11,459.95,536.34,46.864,767.94,106.11,-28.431,24.999,-40.673,489.55,351.79,26.094,321.51,381.06,4.705,-1.2607,12.849,11.542,28.208,42.661,5.8107,5.1439,4.8219,0.75389,-0.202,-3.4428,-3.0928,-7.5582,-11.431,-1.557,-1.3783,-1.292,-0.202,0.054127
7.6633,12.218,9.39,15.149,13.188,0.78228,0,0,0,10.488,15.887,3.9338,-61.424,19.171,1.7719,0,0,0,19.504,11.327,95.653,657.15,10.57,3.8678,-1.6473,-0.17647,0.047286,7.7182,-70.101,621.24,337.33,379.64,21.132,2.503,-8.367,2.2419,11.361,-65.448,394.93,-27.324,444.09,119.37,99.631,91.492,-24.515,9.4619,-17.247,347.66,5.0737,190.38,196.35,470.31,42.944,-11.507,13.681,13.226,247.52,18.767,15.608,600.25,230.07,5.252,-1.4073,5.145,6.1116,2.7435,2.3371,6.1772,4.2107,3.732,0.84812,-0.22725,-1.3786,-1.6376,-0.73512,-0.62623,-1.6552,-1.1283,-0.99998,-0.22725,0.060892
19.272,15.657,6.1442,21.416,14.093,11.834,8.2451,5.6993,-1.5271,14.48,13.168,0.64884,-39.894,-30.06,-9.9497,8.8491,4.6332,-1.2415,15.908,13.5,27.581,567.71,432.32,122.58,2.629,-5.9891,1.6048,22.216,32.978,-8.5222,630.79,16.761,635.88,130.24,92.195,-24.704,19.125,-18.799,336.45,286.76,-66.736,492.56,636.83,71.132,-19.06,12.575,-60.082,377.32,42.702,-18.792,222.78,455.3,3.6976,-0.99077,17.838,6.7913,290.7,5.6466,-1.1788,9.5742,18.293,3.1546,-0.84526,7.9191,8.3973,35.044,1.2251,-0.048127,1.0044,3.1233,0.89576,-0.24002,-2.1219,-2.2501,-9.39,-0.32826,0.012896,-0.26912,-0.83689,-0.24002,0.064313
0,0,-1.2091,5.4226,17.977,21.011,13.217,2.525,-0.67658,0,0,-1.7536,9.8751,15.43,5.1439,-41.036,-4.3715,1.1713,-1.6168,-0.75072,-15.857,-73.985,99.868,122.98,504.18,92.954,-24.907,11.896,1.4422,108.62,736.63,364.83,767.24,911.82,70.488,-18.887,16.237,-58.155,542.87,384.34,-16.763,458.81,503.96,3.6346,-0.97389,8.5332,-75.427,738.96,177.32,4.1062,3.8921,2.799,1.1308,-0.303,18.52,-49.119,371.38,4.5702,0,0,0,0,0,3.1209,-3.9452,37.865,1.8022,0,0,0,0,0,-0.83625,1.0571,-10.146,-0.4829,0,0,0,0,0
0,0,-0.84415,5.9031,18.075,7.2063,13.749,2.0336,-0.54489,0,0,-1.6612,11.562,-58.843,-2.6843,-2.0371,-20.575,5.5129,-0.3713,-0.67167,-7.7655,28.393,459.39,56.449,143.23,153.6,-41.158,3.6203,6.7058,-74.991,693.56,320.38,339.29,676.23,72.109,-19.322,15.943,25.413,93.009,430.3,-10.46,676.04,300.6,3.6958,-0.99028,24.112,-38.437,373.14,176.61,4.1534,2.7518,6.0449,1.2688,-0.33997,19.715,-22.033,380.5,2.9903,0,0,0,0,0,6.2316,6.3265,34.861,1.9974,0,0,0,0,0,-1.6697,-1.6952,-9.3411,-0.53521,0,0,0,0,0
18.415,12.826,10.724,11.634,17.841,14.323,27.042,7.9118,-2.12,14.807,11.724,10.142,19.414,14.693,17.211,-47.496,-0.097946,0.026245,10.149,12.615,0.69343,-2.7919,61.594,-36.657,595.5,53.437,-14.318,22.549,12.758,115.76,869.98,945.91,149.63,1012.1,122.21,-32.747,13.478,-59.611,444.25,875.68,936.03,187.96,943.77,22.53,-6.037,20.919,-52.437,463.26,715.32,760.87,826.11,528.85,4.135,-1.108,14.844,-65.093,726.94,423.42,438.52,1093.1,239.14,4.8167,-1.2906,6.3694,-2.4793,62.358,40.624,20.963,107.03,1.9722,0.44593,-0.11949,-1.7067,0.66433,-16.709,-10.885,-5.6171,-28.679,-0.52845,-0.11949,0.032016
0,0,-1.2435,6.7862,10.283,10.708,10.649,9.1456,-2.4506,0,0,-0.33572,-6.5326,5.0582,-63.198,-15.183,7.7719,-2.0825,-1.817,-3.3548,-18.472,124.98,100.13,607.88,215.83,6.3176,-1.6928,8.0416,17.794,-69.567,861.75,553.51,578.93,351.96,6.5635,-1.7587,13.114,14.038,52.732,890.41,537.25,988.96,660.92,9.4032,-2.5196,8.8284,-43.133,386.82,429.88,-1.3658,92.229,255.05,58.832,-15.764,6.7819,-59.069,462.18,40.495,-1.7298,14.503,20.896,5.5781,-1.4947,1.0655,0.94096,35.094,1.0803,-0.38685,2.626,6.0212,1.9587,-0.52482,-0.28549,-0.25213,-9.4035,-0.28947,0.10366,-0.70365,-1.6134,-0.52482,0.14062
