6.9282,-60.402,-10.05,138.69,-12.815,177.65,-53.406,46.38,-31.255,-81.788,26.311,-62.251,32.724,0,0
-48.064,0.29775,-104.3,171.99,-70.384,161.31,63.845,-152.63,-90.629,17.115,-58.41,170.86,-17.996,0,0
-10.825,7.3187,-200.03,136.14,84.258,220.39,-13.842,-39.624,-27.975,12.222,-64.72,-22.224,-1.2327,0,0
-40.931,28.382,75.525,-237.98,51.941,133.9,-127.42,-105.68,-15.176,68.68,93.904,-177.49,11.38,0,0
5.1962,-19.283,-16.719,121.51,-210.09,112.61,5.9858,1.2308,-133.17,49.305,101.34,28.836,12.423,0,0
14.722,-27.736,79.177,13.805,241.22,-61.304,234.6,-69.106,-243.85,421.39,70.004,-29.454,2.3472,0,0
4.3301,14.58,-58.352,-94.254,76.892,77.746,-200.11,-15.078,-103.44,-77.235,-30.529,141.29,-18.402,0,0
-14.722,29.082,-31.09,-85.057,49.763,29.348,161.94,-105.45,-199.81,-132.44,-6.41,-154.69,17.413,0,0
-12.358,22.329,127.39,146.35,-9.1514,19.648,3.7703,-58.392,217.67,-173.01,144.05,-19.516,6.5293,0,0
-16.28,3.244,-224.48,-144.85,-15.785,-1.5591,172.85,-0.10656,174.33,1.2847,52.354,35.125,0.87324,0,0
-14.956,32.373,252.63,277.1,-114.7,206.74,-99.981,35.854,-62.521,86.231,27.444,-27.912,-3.1647,0,0
-28.669,-58.197,37.022,-94.352,-1.1865,147.85,-136.07,18.588,-40.432,-9.9772,37.258,-12.863,2.5801,0,0
-14.722,-2.3463,-77.888,-127.15,121.02,18.227,-14.32,-9.0937,24.702,-20.217,132.75,-37.258,3.5556,0,0
20.785,3.2417,47.518,-152.32,-107.93,-58.153,57.279,-180.92,200.15,-46.074,49.163,-6.9151,-65.639,0,0
3.0099,-13.627,-80.526,-1.3675,397.93,-123.16,4.6665,25.35,48.335,124.79,-30.778,134.03,-18.48,0,0
-13.472,-1.5123,109.13,-51.715,-211.37,6.0622,-79.469,-9.111,231.53,-169.8,25.912,32.931,-9.4106,0,0
19.745,5.7736,267.41,-8.4292,-118.35,125.24,-6.5755,118.2,-54.318,-0.41811,56.226,-102.5,24.068,0,0
-18.092,8.1423,-1.6585,100.32,41.705,97.923,0.82004,-112.24,3.5097,80.33,301.4,-52.951,-7.2593,0,0
-25.326,-17.085,-36.474,125.77,-61.537,-99.666,-106.35,-300.35,4.1971,-6.4567,9.4988,-151.38,28.24,0,0
-17.531,30.512,26.623,44.964,37.095,-74.76,103.23,128.12,-89.7,451.02,-16.09,-135.71,27.464,0,0
-16.982,3.3131,-20.594,-305.85,58.26,51.653,72.103,-139.98,7.385,-94.163,-10.281,-31.073,-6.4704,0,0
-4.1079,27.376,20.192,116.53,-1.5618,-114.86,-124.74,6.1701,-121.02,16.985,148.99,-76.567,3.558,0,0
-3.2419,3.5753,-87.712,86.016,204.33,-87.222,112.05,-111.43,21.183,247.67,-64.413,-206.89,16.295,0,0
-16.021,-22.342,150.86,30.055,-266.07,167.63,226.49,140.3,3.5283,-85.654,8.3997,-75.514,0.67732,0,0
-2.5033,0.49343,-95.018,-206.41,31.681,-93.401,32.792,-229.77,-26.464,-36.195,-128.14,74.156,2.6077,0,0
16.36,-9.6647,143.54,-268.32,136.53,49.804,-144.45,-115.7,-34.712,41.513,-77.441,141.86,-20.624,0,0
-13.423,-8.6764,-67.683,48.745,89.854,-222.69,-30.72,-15.371,-104.39,42.861,-406.47,-213.95,28.434,0,0
-13.634,-17.761,23.304,-46.486,-187.42,8.342,-29.706,46.174,262.82,-173.89,21.033,-52.948,7.7159,0,0
-20.785,-14.565,-1.6226,155.95,52.559,118.74,-144.47,118.06,-160.47,227.96,-126.13,-69.594,6.7344,0,0
-27.628,-20.677,135.91,-1.7504,-143.46,225.58,103.34,-36.203,15.481,24.483,-186.15,-78.465,-7.9031,0,0
8.2697,18.806,0.34007,38.018,196.38,-101.51,-91.928,-135.4,-198.12,255.54,-80.1,-165.37,30.679,0,0
33.775,13.077,255.23,-14.292,-111.26,7.3104,-19.131,91.372,-87.192,45.297,68.569,84.516,-23.834,0,0
-3.4641,12.178,21.41,-212.01,-38.038,26.558,0.47155,245.88,-50.078,68.731,196.32,165.47,-19.723,0,0
9.88,11.763,-113.16,73.937,116.32,49.338,-67.507,32.955,-2.4931,16.133,23.862,-127.21,25.6,0,0
18.941,56.523,185.02,-39.933,188.16,-65.73,-102.86,50.31,-140.47,14.663,87.547,-52.375,-8.2686,0,0
-34.763,5.1931,-308.62,-158.1,279.12,37.187,55.368,-43.705,-127.23,-23.018,-56.182,-89.21,23.941,0,0
-8.5655,22.289,-34.487,-21.248,126.13,17.651,87.072,-4.7756,243.8,72.978,-76.653,-13.024,-6.2348,0,0
18.018,17.229,-195.05,84.208,-69.601,72.109,-43.406,165.46,14.964,-277.43,60.956,-166.53,23.071,0,0
19.977,-10.447,-104.08,-38.606,156.07,32.021,-54.329,28.096,165.96,115.35,178.33,-14.594,1.0583,0,0
6.532,11.621,44.739,48.794,-30.657,-262.2,26.075,-151.45,-13.533,19.646,185,-21.604,12.119,0,0
0.90849,34.415,69.065,5.8051,-17.095,-52.812,-18.058,74.641,26.628,-4.4127,-5.578,15.138,4.6678,0,0
-5.5511e-016,6.9396,141.66,78.404,278.25,-108.73,-201.45,-214.2,25.872,-25.896,-91.16,-50.125,-2.1352,0,0
33.247,-7.3364,-283.31,151.59,-100.6,49.665,128.51,-20.535,8.829,-146.93,-23.786,-7.5448,-6.9199,0,0
-22.084,14.631,235,-178.73,222.09,-177.77,255.87,-95.637,-63.566,5.4833,-7.4556,99.777,-20.795,0,0
-9.0933,43.956,107.2,62.55,-228.54,154.43,-22.256,-198.89,17.954,-58.263,-11.441,-0.6968,2.3995,0,0
-16.021,-18.567,-8.4199,-98.682,90.803,-97.167,-110.13,-15.675,-194.4,98.824,49.533,-195.23,16.459,0,0
1.6373,2.2652,-4.5239,73.955,-42.174,-15.113,-89.848,-380.08,-98.13,-52.56,-47.256,100.22,-0.37227,0,0
17.321,-5.0933,141.05,-38.926,-153.54,82.749,58.285,-3.1747,108.02,-121.12,-115.93,163.71,-16.98,0,0
34.345,4.7474,155.93,-268.47,200.71,-12.576,-191.86,-27.714,-91.3,-30.256,3.6085,58.258,-0.70753,0,0
-17.928,-0.61338,253.5,84.668,47.978,-51.954,-32.544,128.78,62.086,-149.53,-25.24,56.804,-1.1053,0,0
-6.4952,-20.897,56.843,-289.93,103.01,79.046,-40.905,98.929,-494.66,378.45,-177.54,41.559,0.094233,0,0
12.124,-17.673,44.634,8.8989,110.16,-269.33,231.08,4.1519,-33.071,14.667,87.526,-224.81,24.842,0,0
21.397,-26.091,105.67,70.01,6.0171,-73.342,22.66,16.029,-53.513,124.27,192.85,-12.686,-66.587,0,0
-2.1014,-22.296,-218.35,-73.885,50.269,-264.64,182.56,146.37,-15.663,98.735,-25.369,-88.928,24.792,0,0
-40.27,6.0657,49.34,-182.69,69.446,-117.16,103.88,138.66,-189.85,277.4,-200.16,-152.76,29.285,0,0
15.588,-8.3008,35.565,-70.291,116.7,263.77,66.301,-86.776,111.31,-52.701,-228.29,129.02,-17.287,0,0
21.26,50.763,220.87,60.376,-80.723,-58.979,-211.93,-53.177,-5.4728,-82.33,101.98,-2.0864,0.52267,0,0
27.46,-30.687,-106.75,-51.39,112.28,-140.16,-119.93,-110.97,-195.98,-91.943,92.254,231.37,-22.667,0,0
32.719,24.955,236.48,-181.86,-243.56,25.57,93.607,54.24,-138.2,40.817,194.86,10.081,-5.2973,0,0
4.9315,-28.372,-37.219,-34.292,71.02,191.9,34.101,-198.99,26.435,-135.13,34.993,10.41,-0.044229,0,0
-5.1962,0.47067,10.609,-2.799,-43.553,317.69,153.95,177.41,-203.35,151.49,-13.129,-30.745,-3.4136,0,0
-48.93,27.74,128.85,176.5,31.816,149.42,-169.41,-14.809,-193.44,-33.769,0.38999,120.58,-21.364,0,0
13.856,-2.7763,124.79,-87.939,-2.6506,11.495,126.48,112.41,-169.58,-232.88,108.36,58.233,-3.3714,0,0
-0.82925,-0.061298,-81.07,-108.88,-47.152,-40.193,-26.644,124.21,-78.623,100.47,50.802,36.955,-25.785,0,0
21.218,-12.137,18.887,-33.344,15.898,42.982,219.57,-63.706,-157.35,175.52,-17.813,-286.83,34.806,0,0
-34.442,16.105,56.127,230.24,114.02,63.071,11.983,-183.93,73.022,11.293,51.445,108.52,-23.164,0,0
-14.369,7.2571,-156.32,-132.14,-30.756,-6.0281,167.26,-185.99,24.556,12.848,45.362,154.7,-25.951,0,0
3.8971,-11.605,-60.465,26.081,-99.535,-29.959,17.165,44.678,-14.222,243.81,-229.86,85.604,-43.995,0,0
-12.557,44.597,98.599,-88.618,172.16,-158.64,-76.629,38.989,-159.12,-112.97,103.04,-59.515,0.79367,0,0
-9.9381,-41.588,-3.5745,3.3087,15.787,-21.743,26.489,114.25,5.3403,61.094,-88.289,-154.03,22.3,0,0
-17.321,-15.261,60.75,-19.257,-4.555,56.013,-47.616,120.99,82.29,230.75,-138.55,60.192,7.6588,0,0
-2.5981,-10.922,-5.1208,-33.476,-43.707,179.04,-104.42,-84.752,-90.822,-174.55,32.461,61.32,-25.38,0,0
-3.0311,-8.5736,59.292,-67.639,22.355,-22.997,-244.78,43.534,-37.631,-106.01,29.476,3.6286,1.8038,0,0
-6.9282,-19.288,61.276,-73.562,-126.97,109.37,-122.85,-218.31,105.23,47.618,-7.1152,-59.055,-1.9635,0,0
-24.999,-2.0117,-58.758,127.12,112.82,165.52,19.027,20.398,115.94,112.3,-51.744,-18.308,-2.5717,0,0
-0.052323,-11.574,121.19,43.909,-54.725,46.806,-12.396,24.306,126.47,163.74,194.81,-120.34,19.645,0,0
-8.0221,-18.145,-140.04,-225.78,-52.065,-348.62,268.83,-95.113,-374.66,57.481,99.811,-68.135,-7.6438,0,0
3.2533,15.41,71.269,120.57,113.72,-81.532,-22.569,76.14,120.51,-19.215,249.4,43.247,2.1321,0,0
10.551,-7.3493,-130.91,-169.59,34.705,-101.16,-99.397,-144.26,-27.255,-30.256,3.6085,58.258,-0.70753,0,0
-2.3929,31.506,33.662,-252.07,-10.328,-247.27,109.85,-115.52,-38.793,17.266,-85.377,191.35,-24.99,0,0
-8.6603,-6.6095,19.307,-110.09,-65.509,-3.3905,-79.913,117.56,89.679,148.97,224.21,-26.938,4.6566,0,0
7.9061,-15.921,-16.732,-197.18,-17.64,-1.192,-98.141,-86.246,1.0014,57.527,106.74,-31.099,2.0915,0,0
13.856,-2.7763,124.79,-87.939,-171.52,32.325,237.32,-0.14469,155.04,-112.56,-22.497,32.928,-0.046311,0,0
2.5981,13.855,28.035,187.15,-92.685,-46.867,16.72,-242.43,65.411,-405.92,111.57,-168.65,23.767,0,0
2.9249,-8.4572,19.321,103.56,-64.142,99.869,168.31,166.2,-36.8,73.473,-45.228,-96.417,25.103,0,0
-16.887,-7.2237,170.78,122.46,-91.006,49.92,87.001,139.39,-41.044,-55.692,267.44,44.465,1.7506,0,0
3.8971,-8.0377,142.16,103.52,120.32,1.702,-114.98,32.25,-179.61,24.091,-65.861,-39.969,4.5021,0,0
19.275,-5.9348,20.485,-95.978,199.4,419.95,-4.8646,177.68,-128.8,23.075,-102.99,87.679,-25.829,0,0
15.832,23.975,328.56,-121.04,-66.73,-45.189,-159.2,94.085,-18.419,73.473,-45.228,-96.417,25.103,0,0
-31.035,-4.8185,17.917,-147.86,108.23,-15.752,-180.56,222.05,-304.92,186.62,-85.884,68.53,-22.528,0,0
-22.294,-30.384,39.492,-154.67,-87.581,149.56,23.075,108.69,491.33,211.44,123.41,-5.1711,3.1632,0,0
20.352,-7.5328,-27.075,-300.54,121.94,-180.09,181.1,-90.019,145.63,-19.017,91.178,-9.5325,-1.3377,0,0
-13.634,10.459,25.463,-28.131,146.71,-76.167,31.332,-100.27,247.58,269.92,-183.34,130.26,-30.04,0,0
-16.021,-22.342,150.86,30.055,9.6848,13.848,-331.3,46.832,93.46,3.413,-68.702,42.05,-1.9796,0,0
-1.0556,0.38365,14.777,-37.159,35.639,-227.57,-111.78,-12.356,-140.8,33.022,-4.5171,31.963,-7.8391,0,0
7.7942,28.167,66.07,81.468,167.28,-192.78,32.545,-178.94,382.48,-11.821,136.76,-117.37,18.645,0,0
-10.603,50.201,-72.827,27.586,-175.75,-65.029,377.08,164.9,-114.59,-170.01,-6.2247,-7.2183,-3.5416,0,0
4.3301,10.701,153.28,-68.743,78.088,113.22,120.43,146.24,82.266,-3.2208,50.931,6.7996,7.134,0,0
-1.7321,31.85,131.51,-68.56,94.516,211.84,-143.22,-135.61,-23.098,15.371,194.58,-20.357,-1.0557,0,0
-9.3522,-0.80024,-125.89,-167.69,20.451,103.64,17.914,144.44,30.035,5.0589,104.8,-51.092,3.2694,0,0
15.378,37.855,-51.418,38.513,-145.21,182.51,-52.794,-158.44,186.43,-126.43,17.261,68.23,-29.996,0,0
11.691,31.392,167.67,142.73,414.04,51.909,257.04,66.179,51.02,10.456,-20.803,-59.008,16.666,0,0
-2.5981,-24.008,142.03,-161.62,166.54,-80.325,-245.94,-16.695,31.807,-63.369,-23.215,92.64,-19.926,0,0
-7.139,-26.031,-134.46,242.1,128.89,-66.393,28.695,92.616,-82.096,-2.7894,18.597,-172.67,27.601,0,0
3.0311,8.0245,143.05,-181.64,182.2,-137.04,324.39,-274.69,55.789,62.845,-160.47,184.84,-19.711,0,0
