1,3,26,30,32
3,4,27,31,33
1,2,1,2
3,2,7,8,9,11
4,2,16,17,18,19
1,3,26,30,32
3,4,27,31,33
1,4,17,18,20,21,23
4,5,18,20,22,23,24
1,2,1,2
3,2,7,8,9,11
4,2,16,17,18,19
1,2,1,2
2,3,7,8,9,11
4,3,16,17,18,19
5,2,2,3,18,19
1,3,26,30,32
3,4,27,31,33
1,4,17,18,20,21,23
4,5,18,20,22,23,24
1,4,8,9,11,12,24
3,5,8,9,11,12,24
2,4,11,18,22,24
1,2,1,2
3,2,7,8,9,11
4,2,16,17,18,19
1,2,1,2
2,3,7,8,9,11
4,3,16,17,18,19
5,2,2,3,18,19
4,3,8,9,10,12
4,3,17,18,19,20
1,2,2,3,19,20
3,2,8,9,10,12
4,3,17,18,19,20
1,3,26,30,32
3,4,27,31,33
1,4,17,18,20,21,23
4,5,18,20,22,23,24
1,4,8,9,11,12,24
3,5,8,9,11,12,24
2,4,11,18,22,24
1,3,3,4,5,22
3,4,8,9,11,12
1,2,1,2
3,2,7,8,9,11
4,2,16,17,18,19
1,2,1,2
2,3,7,8,9,11
4,3,16,17,18,19
5,2,2,3,18,19
4,3,8,9,10,12
4,3,17,18,19,20
1,2,2,3,19,20
3,2,8,9,10,12
4,3,17,18,19,20
1,3,2,3,19,20
2,3,2,3,19,20
3,2,8,9,10,12
4,2,17,18,19,20
1,2,1,2
2,2,7,8,9,11
3,2,16,17,18,19
4,2,2,3,18,19
1,2,8,9,10,12
