1,3,26,30,32
3,4,27,31,33
1,0,1,2
3,0,7,8,9,11
4,0,16,17,18,19
1,3,26,30,32
3,4,27,31,33
1,4,17,18,20,21,23
4,5,18,20,22,23,24
1,0,1,2
3,0,7,8,9,11
4,0,16,17,18,19
1,0,1,2
0,3,7,8,9,11
4,3,16,17,18,19
5,0,2,3,18,19
1,3,26,30,32
3,4,27,31,33
1,4,17,18,20,21,23
4,5,18,20,22,23,24
1,4,8,9,11,12,24
3,5,8,9,11,12,24
0,4,11,18,22,24
1,0,1,2
3,0,7,8,9,11
4,0,16,17,18,19
1,0,1,2
0,3,7,8,9,11
4,3,16,17,18,19
5,0,2,3,18,19
4,3,8,9,10,12
4,3,17,18,19,20
1,0,2,3,19,20
3,0,8,9,10,12
4,3,17,18,19,20
