18.187,-47.652,12.383,126.93,-127.06,-44.583,69.887,-73.501,117.31,-42.957,-132.83,25.979,2.5179,0,0
-1.7321,-1.384,-4.2321,-30.021,72.006,96.133,22.177,-176.7,-68.101,-72.069,-178.87,-60.47,-3.3861,0,0
0,0,0,0,-172.67,-161.78,-186.24,-118.73,-222.51,291.24,267.97,22.39,3.6385,0,0
2.1962,1.6788,-0.96442,-0.65401,-86.167,27.751,48.154,84.988,-32.272,225.61,-104.63,11.862,69.287,-9.2295,-4.7631
0,0,0,0,-96.499,-93.923,-121.1,192.1,200.79,219.92,-116.81,74.25,3.6439,0,0
0,0,0,0,30.653,46.763,-125.75,58.147,109.89,-187.52,3.5563,5.2494,1.3864,0,0
0,0,0,0,-158.73,40.448,-77.42,106.69,-222,-83.466,99.266,11.183,0.28613,0,0
-9.9593,20.789,-19.954,-14.52,142.39,53.679,88.978,-16.256,100.37,-48.885,67.866,-111.61,24.577,0,0
21.651,-3.4168,11.593,165.93,-268.62,-38.082,-155.93,-241.54,-355.74,-66.945,18.259,-137.91,33.774,-0.64711,0.79247
0,0,0,0,50.53,-4.9723,96.179,288.55,-98.307,18.483,-84.845,20.962,-2.9644,0,0
0,0,0,0,4.52,-270.88,48.64,25.273,-241.06,82.633,103.58,-16.734,6.4833,0,0
-6.0622,-2.4199,2.7925,71.192,194.2,178.09,133.39,17.18,62.391,-64.02,128.7,-147.65,25.718,0,0
0,0,0,0,112.06,135.08,-183.7,243.01,-112.85,187.55,122.05,122.45,-29.095,0,0
0,0,0,0,-124.55,63.43,96.625,25.903,239.92,-145.26,-121.43,36.113,2.1902,0,0
-6.0622,-2.4199,2.7925,71.192,-104.03,-6.7284,-45.319,-123.2,23.325,-160.68,-118.09,-74.464,3.0425,3.9968e-015,6.6613e-016
0,0,0,0,-39.58,-217.64,-36.784,24.823,103.75,-14.129,-5.1123,-8.4199,3.5514,0,0
0,0,0,0,5.7153,-174.25,-185.11,-104.14,-4.538,-96.69,43.791,53.945,-11.613,0,0
-3.0311,19.338,-4.5836,-112.63,279.48,84.161,74.948,102.63,-100.42,256.81,-63.547,-77.782,33.473,-31.602,36.373
0,0,0,0,94.731,-108.21,247.29,44.591,289.26,68.39,-5.8622,-117.12,16.409,0,0
-1.1038,13.367,8.8565,-52.199,-9.8866,80.323,21.125,-177.74,-52.623,149.74,-261.81,27.691,-5.1992,5.9952e-015,-2.3315e-015
0,0,0,0,143.1,-34.343,-87.554,-118.79,-54.461,-120.96,-49.42,17.83,-0.091506,0,0
1.299,18.861,11.212,-101.97,188.48,-13.738,160.94,179.54,41.062,-256.84,-1.8194,-58.074,-161.47,7.1814,-25.115
0,0,0,0,-108.82,94.699,66.381,41.461,-97.508,-115.61,-6.3822,74.928,1.9133,0,0
0,0,0,0,72.047,-172.53,-168.11,-301.89,-199.89,96.015,-155.55,51.27,0.36931,0,0
-12.124,-34.093,-7.4361,92.372,178.62,-93.362,-29.845,-59.562,57.272,357.55,81.361,-291.86,-20.363,0,0
0,0,0,0,-18.445,66.416,66.659,346.3,-214.36,112.01,49.277,4.4997,11.485,0,0
0,0,0,0,-75.302,-151.36,73.715,-59.266,153.82,60.704,46.501,27.343,-5.0789,0,0
0,0,0,0,-81.344,-30.263,-141.5,-93.323,51.072,37.632,-95.859,-19.088,-0.1992,0,0
14.469,-10.274,-63.223,-21.31,112.01,-227.7,43.036,-26.364,-154.71,103.51,-2.409,35.297,-8.5442,0,0
-21.218,24.486,-10.734,-54.422,-27.839,224.39,-175.64,40.829,93.397,36.971,39.257,-264.78,-46.015,0.22548,16.887
0,0,0,0,101.57,-63.499,167.51,-62.561,113.33,98.452,-1.0425,-39.176,-10.123,0,0
11.691,-38.071,-99.455,111.96,86.709,301.85,-96.452,-152.95,36.377,-203.07,-57.383,180.74,-28.388,0,0
0,0,0,0,73.227,-109.58,225.88,324.3,-196.14,-0.020527,-64.116,10.704,-1.8244,0,0
0,0,0,0,9.7742,-105.86,86.361,65.961,144.47,-23.356,-31.441,19.208,3.9211,0,0
0,0,0,0,-37.526,141.1,66.855,160.53,-99.658,-18.883,75.928,-9.8322,2.076,0,0
0,0,0,0,109.25,-111.4,61.271,-21.954,-194.23,-191.82,-143.2,-55.946,-2.0623,0,0
11.691,-16.374,11.069,36.134,-20.63,223.01,-214.5,-157.84,-42.688,-106.86,4.7676,186.73,-25.522,0,0
0.9028,-7.5993,-2.3493,23.372,110.68,-120.19,-107.71,-164.35,-133.08,31.743,8.6112,-159.97,17.244,0,0
0,0,0,0,35.77,-162.32,9.7701,250.28,-362.14,-29.776,87.434,-4.259,4.6139,0,0
-19.76,-5.7931,49.558,-59.916,-60.165,217.21,-47.438,-3.0544,-82.854,33.95,115.66,262.33,114.7,-27.929,-1.7321
0,0,0,0,25.26,34.424,13.26,21.233,13.373,-10.824,172.01,-177.13,19.957,0,0
0,0,0,0,33.986,63.643,221.18,112.19,86.77,139.33,-158.69,2.8485,-4.2841,0,0
0,0,0,0,36.553,286.18,-174.84,-221.94,194.5,-104.19,101.17,-73.199,5.4075,0,0
-13.856,8.1848,-26.575,1.5245,-143.99,82.567,284.67,-176.8,-5.9322,-218.97,-253.85,52.097,1.6764,0,0
0,0,0,0,21.402,-107.84,-174.29,-52.872,-224.03,144.36,56.649,-6.3555,-5.48,0,0
-0.86603,-5.2321,20.685,3.4869,-125.81,151.27,0.52284,34.468,201.88,-59.899,-78.568,-110.53,19.736,0,0
0,0,0,0,-3.8502,121.05,-49.227,11.874,-290.81,66.507,-48.366,-49.655,0.32019,0,0
7.7942,32.605,20.623,-149.53,370.75,-10.97,-164.99,119.02,199.88,196.08,-84.378,-165.63,-18.779,0,0
0,0,0,0,-117.77,297.17,140.89,-8.6917,280.63,-234.22,-29.606,3.1582,-1.6675,0,0
0,0,0,0,-149.9,-47.402,138.54,16.308,-114.72,22.766,6.4502,-13.921,4.2006,0,0
0,0,0,0,-153.85,-0.85843,-253.63,-248.11,-135.64,-155.92,130.49,-275.55,-16.932,0,0
1.6098e-015,-2.498e-016,4.4409e-016,1.5543e-014,-125.35,82.709,-121.36,111.81,-233.35,155.17,-376.75,115.82,38.476,0,0
0,0,0,0,-253.9,-12.357,51.1,93.561,-60.99,-99.258,-28.597,50.712,1.0311,0,0
0,0,0,0,94.944,78.97,58.734,139.59,-157.58,88.181,27.208,1.177,3.5906,0,0
-0.9028,-8.0625,-4.4853,105.24,-274.37,204.54,-143.94,77.31,48.983,-13.742,-158.1,-71.605,111.81,-23.976,-6.0622
0,0,0,0,-9.9865,-83.191,112.59,-308.62,-28.202,-255.56,75.388,-16.815,-2.0718,0,0
0,0,0,0,213.98,-201.81,161.9,-46.924,122.09,184.67,-136.56,154.58,-30.033,0,0
-8.2272,7.6471,64.857,11.043,41.327,-180.95,44.534,-374.29,9.3944,230.07,22.461,241.94,26.16,2.3481e-014,-1.4433e-015
0,0,0,0,40.168,205.15,-40.557,-74.951,-246.08,65.042,-89.15,-1.1208,-7.3529,0,0
-33.342,5.3091,17.056,-54.071,-331.46,201.06,-165.32,233.07,-56.012,69.328,-6.701,-73.616,138.94,-28.159,12.557
0,0,0,0,18.943,82.571,-100.53,99.443,141.6,-8.4751,78.357,-73.956,4.1806,0,0
5.6292,-4.3857,-14.067,-3.5114,-52.341,53.051,21.354,-119.31,98.418,-18.928,-85.085,-142.15,16.507,0,0
0,0,0,0,162.13,-81.688,97.987,114.3,86.108,129.41,-103.86,70.098,-2.134,0,0
6.6613e-016,9.992e-016,2.4425e-015,2.6423e-014,-206.3,-77.157,163.38,262.98,-201.22,-5.0169,1.1272,-159.26,22.85,0,0
0,0,0,0,2.1483,109.72,172.99,-49.275,-125.95,-225.13,-158.24,35.752,0.63101,0,0
0.43301,6.8056,11.275,-67.68,-74.182,-122.23,-93.596,-149.77,140.98,-118.56,-50.859,153.08,197.24,-23.746,-20.352
10.831,-19.897,30.856,37.213,-52.081,111.22,43.604,-17.619,-3.1818,91.711,-65.687,-25.654,6.5018,0,0
0,0,0,0,82.595,272.93,-49.718,-34.186,157.38,-4.9667,9.4869,-3.8286,4.0679,0,0
0,0,0,0,-53.108,-148.86,-17.819,163.5,-99.799,-110.89,256.97,11.954,-9.0963,0,0
0,0,0,0,-130.09,-27.172,54.192,83.786,-18.107,20.508,11.572,146.95,-21.736,0,0
0,0,0,0,-76.993,11.868,-139.16,-95.976,-23.052,296.19,-49.039,28.693,4.8319,0,0
0,0,0,0,56.985,-72.197,-67.564,-284.4,61.623,-120.95,47.708,17.751,2.4839,0,0
0,0,0,0,84.387,112.66,-109.39,65.021,303.94,63.064,-146.32,77.944,3.8663,0,0
0,0,0,0,-83.234,128.99,212.46,-320.85,76.189,-67.647,10.409,12.01,10.024,0,0
0,0,0,0,-8.6704,-227.46,-196.82,12.897,-33.522,142.64,25.887,-32.339,10.103,0,0
-15.588,13.204,19.683,46.289,-170.34,-0.96492,-48.815,-104.14,160.53,209.15,133.38,63.761,173.33,-27.978,-5.1962
0,0,0,0,-29.135,35.87,-23.909,-69.007,5.5299,-27.361,138.51,26.784,0.50721,0,0
0,0,0,0,22.294,108.82,-95.467,-224.79,305.14,-127.25,21.707,-9.8176,2.6663,0,0
0,0,0,0,34.323,-254.36,-91.778,58.365,124.24,180.02,-72.669,-131.72,25.256,0,0
0,0,0,0,26.684,-228.22,-243.36,129.61,-162.94,60.454,35.979,-11.57,1.1205,0,0
0,0,0,0,31.31,201.15,-45.823,456.2,-94.159,-110.34,-114.51,-0.51692,-3.3532,0,0
0,0,0,0,-186.44,-262.18,-158.58,144.64,30.618,-47.097,226.69,-141.47,30.051,0,0
0,0,0,0,98.412,60.299,36.864,139.81,81.562,-103.89,-129.24,26.57,5.1651,0,0
0,0,0,0,77.752,-172.16,13.256,33.534,-52.685,-31.718,-72.366,0.39759,-4.4917,0,0
0,0,0,0,161.29,-265.81,-52.696,78.909,1.1185,-56.339,-199.32,10.219,4.683,0,0
2.5981,6.616,-16.453,26.535,-146.19,-23.77,-137.65,119.15,304.85,215.95,-234.12,-55.882,-47.007,13.12,-10.087
0,0,0,0,-126.26,-19.715,125.64,266.88,-75.434,192.08,20.902,48.728,-13.314,0,0
0,0,0,0,-279.58,-233.45,-56.117,-253.29,-107.63,-125.22,208.81,-118.43,62.921,0,0
0,0,0,0,-15.005,127.21,-185.99,-51.308,107.37,121.63,-189.36,15.272,-1.0748,0,0
8.6603,11.06,34.515,-17.162,85.918,201.1,15.575,-63.541,-5.443,121.79,-26.141,124.81,-24.281,0,0
0,0,0,0,20.213,-99.704,146.96,140.53,120.06,-275.33,-52.55,-18.112,3.8756,0,0
8.6603,-4.5377,27.392,3.317,-1.909,-83.915,185.28,-17.135,-115.76,216.72,20.522,1.9151,0.61186,0,0
0,0,0,0,5.1205,-53.191,58.978,268.94,-5.4,-42.171,51.582,-40.913,4.7057,0,0
8.2272,-22.173,15.722,-15.502,102.88,302.56,184.36,89.33,237.07,-211.45,54.701,-103.61,22.048,0,0
-7.7942,-32.605,-20.623,149.53,220.45,172.54,-95.192,-45.737,190.85,-94.883,-42.723,52.753,42.309,0,0
2.4028,9.6115,6.9127,73.307,-16.042,28.099,-20.1,-12.432,115.09,170.46,93.823,-142.34,-143.96,18.442,0.43301
2.5981,6.616,-16.453,26.535,25.319,148.62,19.135,-238.79,-170.01,249.27,123.92,-123.31,-151.16,25.997,9.5263
0,0,0,0,-31.203,58.545,-81.412,-10.794,-109.01,-109.51,-80.795,12.099,-2.4076,0,0
0,0,0,0,-21.831,-175.13,-219.47,-237.37,135.14,-95.21,42.841,-35.446,1.3735,0,0
0,0,0,0,-80.254,-1.2875,113.66,-125.46,240.73,221.95,-18.895,15.316,-8.8603,0,0
0,0,0,0,214.08,38.291,123.82,142.93,-3.8622,-15.657,282.67,-245.11,27.271,0,0
0,0,0,0,-285,258.98,138.41,-207.25,80.616,221.46,-134.12,-36.883,-2.1974,0,0
20.214,25.752,-45.014,-54.281,56.493,240.89,28.293,-17.41,78.297,-99.868,-101.95,220.92,34.029,-14.683,15.762
0,0,0,0,10.977,-118.41,-161.16,-303.01,53.709,81.029,43.659,-14.904,-4.4558,0,0
0,0,0,0,-68.906,-95.978,76.953,57.349,77.409,-201.33,-66.85,-16.082,-3.2808,0,0
-15.372,-1.6821,-2.5506,-289.53,218.33,29.446,89.468,-32.827,17.71,-90.208,126.69,-193.79,-27.249,-0.38221,-3.4641
0,0,0,0,216.73,1.5569,5.0218,57.73,79.836,137.64,-42.938,-18.249,0.6077,0,0
0,0,0,0,-48.248,33.549,-11.409,-125.28,281.49,108.69,-54.458,31.243,5.3969,0,0
0,0,0,0,-141.69,-81.661,-198.94,-177.09,-163.11,51.547,-5.9106,27.471,3.0709,0,0
0,0,0,0,-1.2778,12.864,80.225,19.992,177.69,-149.01,-225.14,-24.562,2.3412,0,0
-20.489,2.4569,12.935,-84.495,-14.428,149,-291.32,41.615,2.9157,-1.5404e-015,6.2172e-015,3.5527e-015,-156.8,27.195,-7.7942
0,0,0,0,15.877,196.21,208.53,134.05,-356.99,-81.501,-139.9,14.102,-5.9779,0,0
0,0,0,0,-23.436,50.88,18.906,-23.284,-133.81,-160.26,-124.55,23.899,2.422,0,0
-11.258,30.321,-27.943,31.425,-2.6187,347.5,64.333,69.576,-28.981,-151.32,51.376,-70.391,15.794,-12.635,9.5164
0,0,0,0,-149.82,8.9484,159.09,187.5,-154.85,-50.485,84.748,-30.743,148.6,62.116,-16.507
0,0,0,0,-38.064,75.889,-86.878,78.72,214.93,-157.93,-68.303,18.479,-4.6292,0,0
20.352,-28.28,66.617,97.65,-103.48,18.185,-131.26,-23.724,29.145,152.57,69.015,-75.193,99.533,-15.596,11.185
1.9984e-015,8.3267e-017,-1.1102e-015,6.1062e-015,-98.884,61.828,127.19,-318.46,-7.1762,58.345,-13.692,6.902,3.4917,3.9968e-015,6.6613e-016
0,0,0,0,-44.483,-28.323,128.37,57.89,66.579,-213.91,2.6119,10.632,-37.9,0,0
11.691,-16.374,11.069,36.134,-116.64,-55.768,57.131,-50.139,-43.567,-134.66,-71.348,-7.4811,2.7841,0,0
-2.1651,-8.1896,-15.507,37.659,-159.8,-120.8,159.15,101.76,214.4,-88.032,19.24,208.14,56.388,-28.159,12.557
0,0,0,0,-184.51,178.49,-10.321,220.32,23.612,-30.459,117.93,-207.52,-16.118,0,0
7.7575,10.705,9.1749,37.809,-21.06,-87.133,-27.126,-217.43,10.955,-5.3284,224.81,-161.02,36.663,11.909,19.919
9.9593,-45.443,-67.44,-217.82,278.73,-89.089,-157.6,248.48,111.68,-47.305,-58.156,137.02,-168.5,30.406,7.7942
-1.5099,0.66506,0.021234,-2.0413,1.4453,9.6991,-122.52,89.025,-54.812,163.64,-68.697,105.99,36.872,0,0
0,0,0,0,-41.798,106.38,172.02,-27.288,-146.16,18.869,-169.98,-4.2048,4.753,0,0
0,0,0,0,6.7733,-232.63,60.698,29.334,54.093,-255.2,-0.54026,20.61,1.2001,0,0
0,0,0,0,-96.373,-156.53,37.161,276.14,-4.5563,-46.534,-18.13,-27.63,2.9013,0,0
0,0,0,0,63.768,87.507,186.66,240.18,-4.8841,54.694,-242.44,33.689,1.3442,0,0
0,0,0,0,-99.211,-109.3,120.75,88.004,63.799,60.889,-209.16,-1.1431,2.5687,0,0
0,0,0,0,-79.23,-42.866,-232.39,124.14,46.531,-72.212,-16.443,-26.084,-9.0835,0,0
16.851,-19.957,24.393,-47.668,-316.15,-115.71,88.13,-89.58,66.455,-78.96,48.624,-65.728,5.8484,0,0
0,0,0,0,112.38,-205.09,33.926,187.94,-21.729,-23.377,53.833,-46.543,-2.721,0,0
1.7321,1.384,4.2321,30.021,46.033,223.14,24.731,-57.144,-192.46,-49.983,71.363,42.085,-3.1343,0,0
0,0,0,0,256.29,28.477,62.538,-79.194,222.45,-250.03,8.769,-74.851,65.137,-41.814,-11.1
0,0,0,0,-161.77,222.28,-154.23,-14.297,63.475,-25.971,152.68,246.86,17.527,0,0
0,0,0,0,-97.258,237.42,-136.37,152.17,265.34,1.2481,195.72,3.792,1.8511,0,0
0,0,0,0,150.4,10.101,-29.299,41.988,44.227,201.22,-18.945,45.59,7.9588,0,0
0,0,0,0,-13.954,-26.816,-190.94,187.41,97.48,254.71,34.48,15.097,-11.338,0,0
0,0,0,0,94.102,141.06,256.9,158.62,254.53,-60.45,22.292,3.872,7.3182,0,0
0,0,0,0,80.312,107.99,101.48,-117.46,238.71,-100.18,-115.75,-146.36,11.568,0,0
0,0,0,0,6.2811,98.605,-248.48,41.741,-87.879,-256.58,-13.811,-11.627,3.7075,0,0
0,0,0,0,-1.0849,-7.4372,-310.72,101.13,-101.14,201.2,-70.713,4.107,-8.0245,0,0
24.254,-9.209,-25.783,174.74,120.83,49.225,77.046,-128.31,-24.9,63.824,94.051,5.5056,95.557,-14.466,-20.785
-9.0933,-4.7255,-8.7075,-133.72,-126.38,-129.02,-99.522,107.44,99.932,-102.52,-154.78,-121.14,-95.073,23.976,6.0622
5.1962,-3.6471,-0.81699,-4.8415,62.196,-86.63,-129.76,104.33,4.3175,-108.56,-244.32,104.64,-59.775,0,0
3.8971,-10.678,23.954,-68.024,-172.98,-78.502,32.778,386.49,287.9,137.06,-135.04,40.706,-6.7488,0,0
0,0,0,0,-9.7129,56.786,-9.4661,242.14,-158.55,5.8104,24.733,-39.245,3.1722,0,0
8.6603,-4.5377,27.392,3.317,-201.55,129.51,170.48,60.076,115.45,44.834,-36.576,-59.163,-3.1771,0,0
0,0,0,0,-58.806,378.71,146.87,91.619,116.49,90.562,-12.63,-43.731,6.1029,0,0
0,0,0,0,84.418,144.34,73.742,94.111,-101.98,270.35,-6.7266,-69.467,22.964,0,0
0,0,0,0,-68.317,-126.42,-148.81,426.38,246.1,-140.34,-77.676,-30.049,1.1157,0,0
0,0,0,0,-46.794,32.341,-41.642,16.681,-183.07,-79.581,-4.136,-60.319,-4.3808,0,0
0,0,0,0,7.6953,-35.26,134.96,-39.496,-78.397,69.264,-134.42,26.748,4.6421,0,0
0,0,0,0,42.03,82.754,192.86,-62.685,-13.974,63.502,67.916,25.003,0.058013,0,0
0,0,0,0,106.83,197.63,-83.465,219.3,317.55,216,120.34,-33.925,4.5413,0,0
0,0,0,0,12.753,132.79,138.36,-66.863,-63.79,40.213,-27.094,9.8968,2.2647,0,0
-2.1651,9.6046,46.785,-243.75,-11.228,-145.42,-12.794,17.065,-106.82,80.092,-201.63,71.122,176.52,-37.064,2.1651
17.284,4.7258,-79.892,-134.23,-195.74,26.055,82.857,130.85,-7.7448,-200.05,73.066,-73.737,45.113,0.23029,-14.289
0,0,0,0,-110.15,-133.03,82.529,-4.0097,-165.43,-68.09,6.5824,-120.89,2.2356,0,0
0,0,0,0,-137.44,147.93,279.97,159.31,132.8,-68.321,-87.561,-146.43,-41.219,0,0
12.896,19.625,35.351,18.918,-69.649,-15.109,115.36,51.615,136.03,-48.974,-144.19,-25.503,78.019,-15.146,-1.7321
-8.2272,7.0197,11.232,-7.4593,-118.29,16.6,-131.29,143.26,-55.448,8.6542,-36.934,12.247,-3.6462,0,0
0,0,0,0,117.75,-67.962,-103.91,52.295,-80.802,94.932,107.21,96.153,-6.1752,0,0
-7.7942,-3.8038,-1.4396,41.17,-133.35,-118.41,22.901,-19.873,-111.31,103.14,61.011,-237.14,30.195,0,0
0,0,0,0,-23.1,111.22,72.332,103.88,-307.9,-80.783,-29.483,-242.01,-14.267,0,0
-2.5981,-6.616,16.453,-26.535,29.148,-151.85,-112.62,-116.04,-100.07,-39.292,-168.53,163.39,-16.956,0,0
0,0,0,0,-17.939,-59.463,56.021,-68.374,-196.81,-33.83,67.865,-132.07,187.2,-54.191,26.023
-8.6603,17.606,-21.352,69.033,-125.73,186.95,191.51,16.14,3.6447,186.61,17.891,111.32,69.064,39.855,-6.0622
0,0,0,0,0.28109,90.948,162.73,-198.22,-143.42,217.18,78.964,-17.069,-4.2434,0,0
0,0,0,0,60.822,132.6,-258.23,52.55,-219.01,-180.84,-158.54,-0.57789,-1.4181,0,0
0,0,0,0,-1.6986,-249.43,-328.47,166.74,42.193,270.49,388.19,102.02,-24.349,0,0
-6.4952,12.727,-11.886,-40.976,29.726,-75.236,238.79,200.74,-85.423,105.16,107.5,-80.633,24.333,0,0
10.825,-21.606,31.754,39.621,-50.659,-15.056,79.1,-72.504,-42.546,362.79,102.63,139.3,41.669,3.2196e-015,0
0,0,0,0,68.774,193.37,-148.59,57.275,319.49,-236.56,237.4,-2.2188,1.6393,0,0
0,0,0,0,-17.458,116.66,-90.701,23.423,-54.022,-100.66,-15.081,-28.317,-1.1926,0,0
-8.6603,3.0066,68.662,-77.34,95.665,333.5,-252.84,343.9,-51.765,-36.628,16.25,16.422,-106.78,28.384,4.3301
-41.364,21.411,96.885,48.28,17.537,-299.24,77.055,-160.8,10.638,-5.7482,76.176,145.8,-25.352,5.9952e-015,-2.3315e-015
4.7631,4.1095,-29.015,95.411,-87.12,42.479,-129.7,-159.97,-24.106,-44.274,-116.83,50.719,-2.7814,0,0
-8.6022,28.212,-4.5173,-50.798,79.194,22.753,61.733,17.175,-184.52,-19.652,7.8148,-1.8345,152.46,-28.154,-18.62
-21.218,19.229,-4.7386,-113,103.62,90.231,86.338,-76.191,-50.937,68.276,-82.15,15.31,-13.973,0,0
0,0,0,0,122.04,15.498,-135,113.87,-293.06,233.06,22.509,-44.806,-7.0647,0,0
1.7321,1.384,4.2321,30.021,55.984,-213.61,75.337,-124.79,-26.157,-93.676,153.79,20.09,5.0442,0,0
0,0,0,0,75.861,203.03,-69.202,123.93,195.13,-52.513,26.582,-29.059,3.2338,0,0
-16.454,33.517,-31.84,-55.496,-19.883,-47.591,-58.816,-189.44,-196.14,-57.72,-34.794,145.31,-26.205,0,0
0,0,0,0,-75.926,89.036,-9.9989,48.037,74.228,71.726,-9.6502,-46.658,-7.6585,0,0
0,0,0,0,20.252,22.644,231.09,-22.343,-150.05,219.29,-271.25,37.842,-5.6151,0,0
0,0,0,0,18.352,0.043113,23.11,-207.04,67.207,9.0556,-11.566,-6.0502,1.1986,0,0
1.9984e-015,8.3267e-017,-1.1102e-015,6.1062e-015,59.195,13.292,-217.03,-242.11,184.22,131.31,-109.51,53.476,-3.7885,0,0
-11.633,14.791,0.6609,-9.6522,78.544,-351.08,-115.24,11.631,-129.03,131.05,-10.142,-11.714,7.4282,0,0
0,0,0,0,-221.45,141.87,-48.279,-6.6642,-102.83,-82.393,4.8643,23.33,64.431,0,0
0,0,0,0,0.41506,-228.56,-71.679,27.528,-21.347,-80.779,75.794,6.6519,-1.9821,0,0
0,0,0,0,25.137,-39.478,-120.25,-240.81,18.429,-7.0032,8.1599,27.09,5.1188,0,0
0,0,0,0,-17.938,41.947,310.91,-9.6492,-88.105,153.43,-99.786,14.613,4.5986,0,0
0,0,0,0,-16.386,-93.209,-96.117,-208.94,-321.61,71.041,-28.715,75.734,-1.7255,0,0
0,0,0,0,3.645,64.184,196.88,141.24,0.56413,-29.549,61.995,5.8717,-7.6899,0,0
3.4429,21.945,8.1749,-22.673,77.725,-102.99,140.02,43.265,-171.42,-77.333,81.703,50.973,-7.4689,2.3481e-014,-1.4433e-015
6.2844,-28.314,4.4691,50.137,290.46,142.65,-139.98,194.21,124.24,273.19,-55.468,146.74,-27.853,0,0
0,0,0,0,61.399,8.2528,118.15,7.1783,63.923,92.874,139.17,-25.863,5.9019,0,0
0,0,0,0,-221.94,-55.647,113.25,221.42,-221.84,-187.09,114.1,125.4,45.671,0,0
-3.8971,-7.2811,-11.359,1.9641,157.12,-137.85,-91.088,-125.87,320.06,92.471,-194.79,104.13,-14.071,0,0
-5.6292,4.3857,14.067,3.5114,-174.5,46.805,96.275,28.856,-14.254,-11.138,234.62,-122.34,-35.702,0,0
0,0,0,0,-4.0727,-282.54,147.84,85.029,-175.76,-49.091,162.34,-33.443,6.7455,0,0
-1.9429,-6.1405,-11.253,65.639,-35.154,92.492,-218.03,53.448,-19.944,-38.158,-154.72,57.888,-8.0591,-151.74,118.21
0,0,0,0,-88.957,-363.53,100.92,-297.12,186.16,-2.2723,-99.6,7.9438,-5.2302,0,0
0,0,0,0,-236.18,-187.67,-122.42,127.93,40.597,-233.15,-104.44,-36.097,5.1633,0,0
0,0,0,0,-78.979,-57.917,-19.708,-48.2,22.537,-3.4833,-76.522,-11.318,-5.0933,0,0
-0.43301,-1.6405,-16.422,23.51,-38.133,165.29,-11.045,194.63,-162.1,64.405,49.963,-123.47,32.822,0,0
0,0,0,0,87.517,216.32,-1.2219,-29.057,143.5,-23.055,-47.101,-4.4641,-3.7614,0,0
0,0,0,0,78.025,223.2,-57.015,82.97,60.714,126.92,-24.546,38.687,2.8936,0,0
-6.3056,36.532,-3.3155,-229.15,-92.307,-136.31,49.703,-154.33,84.883,-163.47,144.23,166.59,-140.17,-47.824,15.155
0.43301,1.6405,16.422,-23.51,-140.4,-75.048,-221.62,144.86,-91.217,-280.49,129.34,58.284,-3.9527,0,0
0,0,0,0,18.427,-161.6,325.26,-21.31,-39.96,-91.396,-77.005,35.671,-8.5353,0,0
0,0,0,0,-34.678,-18.948,55.587,33.189,215.82,1.6755,8.3006,18.002,6.6433,0,0
12.99,-19.557,9.6716,119.69,-165.31,93.056,-89.146,134.03,212.7,71.844,-71.451,-91.935,-37.503,0,0
0,0,0,0,91.814,245.98,-121.97,122.92,-54.708,-86.888,7.9891,2.0819,-9.3415,0,0
0.9028,-5.4375,-15.203,97.116,-134.76,82.809,-159.38,-82.638,51.556,81.417,27.185,197.75,21.905,0,0
-6.273,1.5066,-5.2222,-72.068,300.18,-54.542,36.443,137.61,145.39,120.98,-95.787,59.788,139.68,-13.821,-5.6292
0,0,0,0,-28.044,4.4628,156.84,34.181,-63.004,88.813,30.058,3.2898,-5.5437,0,0
0,0,0,0,-32.113,276.64,50.3,195.63,-209.71,-48.416,30.695,9.8923,-3.192,0,0
19.919,-16.588,1.4952,-233.25,-105.59,109.09,252.28,-357.29,-36.212,93.218,47.018,-7.2119,-3.8765,0,0
16.571,3.8639,-0.2383,6.2512,132.2,-149.59,29.43,-28.58,76.818,203.69,-46.171,-85.689,12.834,2.2518,-10.825
2.2204e-016,1.1102e-016,0,1.4211e-014,-135.88,-12.053,-44.936,65.447,-120.96,-248.68,61.241,7.7518,-1.4821,0,0
0,0,0,0,13.415,-200.17,-67.015,150.5,202.04,150.36,173.09,-32.509,-5.3978,0,0
0,0,0,0,11.163,154.23,261.63,314.57,133.37,-183.73,14.492,-6.2643,7.4363,0,0
0,0,0,0,54.638,-275.93,125.35,404.81,9.8516,-146,-113.46,-98.671,30.922,0,0
0,0,0,0,-64.328,-247.93,-36.647,-82.409,-214.03,-99.304,22.726,157.29,-143.11,25.444,9.9381
37.239,12.387,78.033,251.63,-287.48,-1.5643,-57.905,-18.748,-4.5623,-122.04,108.48,112.44,12.401,0.22548,16.887
-1.9429,-6.1405,-11.253,65.639,275.59,-135.62,-68.599,14.183,317.16,337.92,64.152,36.769,-1.5293,0,0
-6.4952,12.727,-11.886,-40.976,-63.302,-49.353,-21.475,77.494,61.288,130.84,227.07,-40.311,-4.0873,0,0
0,0,0,0,20.503,-66.7,-150.73,-217.95,-67.432,71.065,-26.144,-14.118,0.64832,0,0
0,0,0,0,-79.084,-41.86,207.64,12.406,162.47,89.502,7.546,18.186,-8.8607,0,0
-8.6603,19.825,14.165,-237.95,-111.52,89.638,92.19,28.306,156.02,-21.287,141.27,169.15,-163.81,52.11,-25.548
0,0,0,0,-78.888,110.19,10.133,-147.65,170.1,-55.576,-46.815,-51.553,5.134,0,0
0,0,0,0,-105.59,-9.3423,-278.77,-196.26,-222.12,206.01,134.39,-42.474,-2.6726,0,0
19.486,-5.8139,19.082,72.125,125.78,-18.567,18.049,221.36,-228.53,-112.75,59.813,20.946,4.6792,0,0
0,0,0,0,-83.017,165.01,101.96,4.9784,135.63,-56.446,-47.08,53.839,-3.3965,0,0
0,0,0,0,48.257,-44.797,-364.93,-76.724,-161.76,107.23,144.48,41.323,0.11603,0,0
0,0,0,0,119.6,139.54,-404.45,132.04,271.53,-257.65,32.944,4.5067,-5.4244,0,0
0,0,0,0,17.622,18.276,-21.106,76.958,-260.96,71.993,-79.766,53.133,-3.5998,0,0
0,0,0,0,-255.29,51.982,165.05,-115.89,-130.19,111.34,-10.067,-15.73,-5.207,0,0
8.2272,-7.0197,-11.232,7.4593,-68.569,19.137,-166.3,156.08,-89.844,87.632,-48.071,11.554,5.6367,0,0
0,0,0,0,-123.05,-232.17,36.345,-188.57,-86.038,-3.0185,-145.36,21.105,4.4506,0,0
0,0,0,0,49.048,29.17,-249.84,128.39,-5.298,47.581,146.61,16.148,-5.3798,0,0
0,0,0,0,19.812,83.27,-64.388,190.39,330.06,118.67,-2.3364,-15.88,-6.2961,0,0
-9.5263,-24.525,-22.935,152.84,125.5,-33.656,-92.57,57.981,-140.35,-173.9,-104.57,-107.02,-34.514,0,0
0,0,0,0,44.756,-153.19,-208.5,63.706,153.97,-92.388,-6.2811,-17.59,11.124,0,0
0,0,0,0,25.064,-43.318,-29.923,39.875,3.28,51.711,-283.85,9.8876,-8.2942,0,0
4.7631,23.105,-2.1112,-109.74,45.33,-37.072,-33.406,-82.986,-323.1,99.409,150.69,-71.48,-0.25032,0,0
0,0,0,0,35.204,-54.278,200.62,-20.274,179.15,100.65,8.6539,1.2093,-2.7296,0,0
0,0,0,0,50.765,91.281,-156.67,266.15,23.092,32.579,18.837,15.948,6.5051,0,0
0,0,0,0,-10.491,81.954,-137.18,325.09,104.31,-138.82,-56.768,14.778,7.1702,0,0
0,0,0,0,-59.678,-46.152,181.95,-153.32,-223.73,-62.4,-86.203,82.104,-6.8026,0,0
-19.696,15.943,6.1224,129.85,44.844,158.06,54.985,-120.04,-46.562,-251.59,121.41,52.106,-118.91,31.129,-9.4895
-7.3612,-22.129,-5.0228,115.53,25.87,252.03,-96.441,162.34,166.36,-340.91,128.54,48.378,-65.063,-27.648,-12.124
0,0,0,0,-115.93,-25.023,-112.01,-189.95,-21.362,-81.625,186.87,-5.2082,0.35289,0,0
0,0,0,0,-65.419,65.21,-107.56,77.457,83.295,-157.14,105.45,-38.434,3.8795,0,0
23.816,1.4426,94.091,181.79,210.89,94.751,-51.048,-66.837,-151.92,70.509,-21.144,-43.297,232.5,-54.411,25.548
28.579,3.9115,-11,-3.1046,-119.44,140.6,-150.28,181.71,50.542,18.582,-106.79,169.76,84.644,-63.231,42.002
-6.4952,34.771,0.72372,-226.5,232.53,125.21,115.64,38.387,-195.54,-301.82,-87.257,-70.173,62.501,0,0
16.454,-33.517,31.84,55.496,219.83,-55.426,5.755,-113.87,-296.9,214.35,37.348,17.883,-10.193,0,0
0,0,0,0,-136.6,131.55,-52.942,-217,-69.071,116.26,240.28,-16.135,11.177,0,0
0,0,0,0,42.905,7.0372,-123.81,-50.084,78.595,299.7,50.699,-4.6662,-2.7793,0,0
0,0,0,0,-4.9285,5.4127,-98.764,-227.03,-14.079,-262.87,-46.76,-11.951,-6.1244,0,0
0,0,0,0,-224.85,-72.581,232.1,-27.559,-414.79,140.51,-166.27,30.097,0.10737,0,0
0,0,0,0,123.69,191.51,46.846,150.63,-548.19,56.483,241.1,-28.225,-0.85825,0,0
4.7631,23.105,-2.1112,-109.74,86.298,31.868,202.75,-67.122,-52.118,-38.581,7.1099,-46.675,100.3,8.6247,30.311
0,0,0,0,101.55,6.7018,-44.354,52.008,-114.8,58.246,-141.61,37.6,0.54968,0,0
7.7942,-1.8546,-11.806,-70.804,-100.99,-5.5777,-160.75,-24.249,-94.944,-45.523,-117.34,-110.01,-45.862,1.1546e-014,3.5527e-015
6.4952,-17.678,-113.7,-258.27,134.07,38.129,-229.89,83.114,-310.3,-137.67,-186.86,-117.2,24.857,3.2196e-015,0
0,0,0,0,-66.596,-110.86,-146.04,38.046,-50.469,120.82,5.5605,28.6,2.9708,0,0
5.6292,-13.227,-14.616,94.128,-9.39,-111.08,-176.92,-298.47,136.91,-236.46,-106.89,16.448,2.4503,0,0
-14.067,-1.5521,-15.208,59.951,265.5,-4.9676,-199.77,34.074,47.79,-131.3,24.243,-199.32,-24.298,0,0
15.061,-4.8163,4.6534,-82.213,52.779,-101.95,147.05,-56.283,-53.496,140.69,189.56,-132.82,96.166,-15.146,-1.7321
0,0,0,0,-238.25,-86.344,-96.086,469.45,-99.211,-137.08,84.415,110.56,-22.166,0,0
0,0,0,0,-69.328,-104.39,57.152,144.09,84.947,17.402,113.25,15.297,-5.0245,0,0
0,0,0,0,-5.9085,-22.256,-103.5,210.97,-102.98,4.7515,-15.977,-18.134,-0.13638,0,0
0,0,0,0,-44.195,56.435,161.31,-15.521,-220.05,-219.39,100.73,-30.733,5.2434,0,0
0,0,0,0,-9.4677,-134.69,222.17,-123.12,298.47,3.5059,1.615,7.822,5.0114,0,0
6.4952,-12.727,11.886,40.976,-48.935,41.639,132.78,223.48,-167.21,49.238,-289.62,-38.457,-4.7997,0,0
-27.713,-17.791,25.747,30.402,-104.94,-150.28,-123.47,-159,127.64,140.9,-72.665,-0.2874,15.112,-2.0215,-3.4641
0,0,0,0,-40.702,-93.358,-63.617,-72.123,-282.2,138.45,-219.99,16.229,-2.326,0,0
0,0,0,0,-1.933,-15.212,7.7841,-134.76,137.55,-95.22,-15.756,-0.068748,-4.6405,0,0
6.4952,1.4199,5.0556,-67.723,-96.272,-37.462,54.78,1.4429,-150.11,52.91,145.06,-94.009,69.261,0,0
5.5511e-016,-5.5511e-017,9.992e-016,1.1269e-014,35.588,230.42,-221.11,-120.41,119.5,257.22,56.757,59.156,5.2931,0,0
-1.2623,-15.789,-17.856,61.031,-136.6,-50.885,-71.379,273.44,1.4343,146.3,168.77,-137.24,19.452,0,0
0,0,0,0,-108.03,50.222,161.57,118.66,-267.77,28.345,120.89,25.453,-0.53053,0,0
0,0,0,0,-97.977,-52.327,160.09,269.58,136.3,-5.5811,-139.24,-8.9087,1.1848,0,0
7.3612,-6.4659,3.546,-132.13,41.026,138.93,-85.959,140.6,-126.38,185.49,-26.53,-79.874,54.307,0,0
-3.8971,14.861,66.532,-6.2684,-196.24,36.984,-40.884,175.04,-210.86,401.64,-163.14,-48.718,209.45,-52.11,25.548
-9.0933,18.258,-24.814,-89.412,-184.32,103.19,-77.87,64.721,150.79,211.77,-65.056,-134.12,-150.06,67.687,-35.94
9.0933,36.147,17.714,-151.44,253.27,49.514,255.89,84.529,66.949,-498.1,116.25,-13.073,-7.2679,0,0
-19.729,-7.2135,95.745,-81.093,-127.86,104.47,18.284,-95.402,-102.71,187.76,-40.988,-50.974,-144.71,30.406,7.7942
-14.829,-9.5368,40.626,-74.077,-168.06,-87.578,35.901,-34.072,46.522,86.967,71.458,-53.552,132.01,-30.179,-7.3612
-20.785,4.5753,-90.529,-193.75,131.53,51.054,-303.01,227.1,-135.06,-201.83,144.06,-7.9035,-1.6806,0,0
8.2272,-11.343,16.118,70.997,50.998,-6.1499,-385.45,-224.5,-2.1788,-139.95,-33.592,53.113,-2.4025,0,0
-8.2272,22.173,-15.722,15.502,-277.58,34.337,155.52,-131.17,-9.5917,124.52,-87.128,42.81,-31.43,0.22548,16.887
0,0,0,0,-26.426,-85.309,-47.595,-119.65,209.27,-10.388,-69.399,-2.6664,11.624,0,0
11.258,16.658,0.96234,-15.471,-26.092,184.03,-50.17,162.98,262.25,-213.87,-76.288,-48.323,4.8262,0,0
0,0,0,0,-29.222,-121.81,236.34,14.978,-15.583,-87.697,64.707,22.151,1.3391,0,0
-16.454,33.517,-31.84,-55.496,17.572,-185.04,-237.82,210.79,-139.27,17.883,250.95,6.4553,-3.4345,0,0
0,0,0,0,3.6295,-47.669,1.8642,68.492,-184.87,206.67,52.717,-15.02,5.5712,0,0
0,0,0,0,-54.357,142.92,192.36,-84.53,-43.717,51.515,-133.48,65.86,-62.681,0,0
-28.357,-4.7106,78.641,207.87,-155.15,49.884,54.933,-127.56,103.74,-17.796,-167.33,-55.008,-41.657,-0.23029,14.289
1.0882,-8.2745,-17.981,5.7841,-261.58,-265.95,57.254,-228.3,-85.571,-34.918,-155.59,-94.428,15.651,0,0
-2.5981,-6.616,16.453,-26.535,97.845,-203.71,-90.134,-227.92,-38.883,391.87,-74.91,-230.81,22.229,0,0
0,0,0,0,-66.413,-9.0893,6.0184,-168.86,157.79,265.93,-223.88,-26.32,-1.2704,0,0
0,0,0,0,-226.37,-291.13,115.74,307.09,294.95,-364.03,-125.99,14.262,6.0574,0,0
0,0,0,0,-12.1,-9.9501,97.109,-12.188,-196.04,-122.6,-224.22,-9.3967,-3.1528,0,0
0,0,0,0,-130.16,79.665,-24.118,-44.809,-120.18,-97.086,-155.9,2.8198,-6.2985,0,0
-3.0311,-13.422,5.1782,41.146,39.512,45.208,-141.32,233.09,-241.69,-210.8,-275.33,27.136,6.323,0,0
0,0,0,0,151.41,95.219,92.726,-400.97,-144.48,12.67,-149.51,25.163,-10.42,0,0
0.43301,16.868,-23.102,-76.466,199.32,10.29,-227.21,-115.91,46.458,-34.038,55.805,41.299,5.2289,5.9952e-015,-2.3315e-015
0,0,0,0,-4.2276,158.17,-197.36,-184.56,56.798,-34.779,-34.006,22.445,0.22941,0,0
0,0,0,0,-23.361,19.695,90.999,-92.42,198.27,72.798,-73.065,-40.704,7.0562,0,0
0,0,0,0,-18.051,8.0287,-52.643,182.44,112.21,248.57,46.929,-1.9131,4.4468,0,0
-3.8971,-20.007,-14.982,129.19,172.31,-207.49,-141.71,108.97,88.681,-161.16,-110.46,-115.9,23.916,0,0
-6.9282,-28.234,-18.369,17.609,-10.498,-250.14,-9.7259,-33.173,-41.902,63.986,-11.075,-235.87,-12.626,0,0
0,0,0,0,25.661,-105.32,-56.851,192.65,-123.45,-159.09,-116.99,-49.137,1.9264,0,0
11.258,12.292,-27.571,77.36,27.786,-9.3816,-21.937,168.25,48.712,-143.18,15.955,-39.025,-4.096,0,0
6.6613e-016,9.992e-016,2.4425e-015,2.6423e-014,-89.167,-211.03,-45.136,136.97,-115.58,1.9606,-91.747,96.122,-13.174,0,0
0,0,0,0,-55.002,-289.46,-15.029,-310.82,-179.5,-217.95,-54.38,-43.2,10.071,0,0
-13.423,14.99,-15.301,-66.156,-195.99,217.33,-14.618,-143.7,-163.77,123.17,-29.613,-36.954,7.3529,0,0
25.453,5.7196,-4.5297,53.814,-32.617,155.79,249.78,1.0619,-112.35,102.04,190.41,-22.897,104.27,0.23029,-14.289
5.6292,-4.3857,-14.067,-3.5114,128.68,-112.7,22.902,284.1,-231.42,9.4169,-249.37,-29.137,4.2296,0,0
0,0,0,0,-1.6519,179.9,-125,33.592,153.34,-30.787,119.71,147.96,-14.715,0,0
0,0,0,0,-1.2611,-109.77,-162.72,-196.26,-8.1988,-255.68,-239.97,13.157,-2.8923,0,0
0,0,0,0,63.593,76.971,81.668,103.36,123.91,114.43,24.275,-6.457,-0.29487,0,0
6.0622,2.4199,-2.7925,-71.192,-206.21,-38.707,190.07,100.77,101.52,49.764,26.524,-75.89,81.957,-28.401,-1.6797
-8.2272,11.343,-16.118,-70.997,115.06,-121.66,122.49,-229.35,73.984,-25.094,55.442,-2.052,-0.64207,0,0
0,0,0,0,-63.116,107.43,30.532,-271.76,96.241,65.645,154.41,68.283,0.20577,0,0
0,0,0,0,6.0332,253.72,2.5246,117.09,-46.471,43.909,-41.592,-32.509,-1.5614,0,0
-13.423,14.99,-15.301,-66.156,147.88,19.266,-14.996,21.729,121.93,-194.29,66.864,10.505,-0.57596,0,0
0,0,0,0,84.785,40.333,-178.81,128.73,196.45,-93.926,163.23,-26.29,7.5216,0,0
14.289,-13.776,-10.08,-214.05,36.593,191.31,-206.52,90.216,219.62,54.744,-181.46,50.449,40.589,4.183,-18.62
0,0,0,0,-16.696,-24.971,-32.205,94.528,29.57,130.76,-45.453,-30.94,-6.9085,0,0
0,0,0,0,-12.525,-127.88,252.97,-235.27,-72.674,-33.3,-19.819,209.18,-22.841,0,0
0,0,0,0,81.875,152.71,39.778,17.621,167.07,122.35,-13.499,16.7,-9.8807,0,0
0,0,0,0,-5.1884,-248.46,188.84,178.82,-111.75,-57.94,15.401,-69.629,-1.9869,0,0
0,0,0,0,-104.53,133.72,95.799,226.18,-124.11,-215.46,-124.73,32.476,5.6032,0,0
-37.434,-0.51892,111.41,154.76,157.75,69.47,-38.512,89.305,-226.85,-58.391,-34.504,77.559,4.0036,5.9952e-015,-2.3315e-015
0,0,0,0,-10.347,-0.79367,-278.87,-220.85,-49.122,-122.98,-9.8221,13.097,-6.308,0,0
0,0,0,0,79.075,57.118,-85.229,-61.591,-102.94,-32.022,-24.152,8.6516,5.674,0,0
11.691,-16.374,11.069,36.134,-80.174,30.333,145.47,-118.49,141.48,-8.9537,61.219,3.4886,-2.5981,3.9968e-015,6.6613e-016
-7.7942,-3.8038,-1.4396,41.17,78.956,-72.861,161.93,-222.57,203.5,-203.23,64.974,30.205,-2.2828,0,0
-11.691,-5.5849,14.227,217.75,-84.968,-8.314,258.39,259.06,-256.91,-3.4144,160.4,-13.517,1.1642,0,0
-5.1381,13.309,-30.678,-71.316,-81.857,39.597,93.148,-133.39,93.49,145.22,-66.979,-155.06,-15.217,0,0
0,0,0,0,-96.39,0.60127,-192.3,-89,-42.282,-311.41,158.56,-30.937,4.134,0,0
9.9593,-20.789,19.954,14.52,-245.72,362.78,-244.82,71.479,102.77,-257.04,90.287,65.767,206.02,-52.11,25.548
34.863,-40.518,-127.11,-76.64,152.69,32.032,90.322,-54.827,101.56,75.592,-13.707,189.55,9.0279,2.2518,-10.825
0,0,0,0,-15.83,138.5,-22.479,-134.94,352.6,99.523,-23.209,-32.015,6.6633,0,0
7.7942,-28.979,4.4479,52.179,-89.786,118.36,-204.31,142.82,102.79,189.55,130.72,22.607,3.2788,0,0
0,0,0,0,-47.145,26.944,-89.303,96.796,96.767,127.33,-182.06,10.569,0.94167,0,0
0,0,0,0,1.8795,-35.694,-167.79,-187.12,-246.38,-397.29,-135.76,189.71,-16.61,0,0
0,0,0,0,-101.79,220.55,-133.79,-29.555,137.73,56.852,-64.634,-31.914,3.3764,0,0
7.7575,3.9489,2.6014,-39.352,-188.19,-51.181,-28.85,-55.691,-319.32,20.204,-3.9393,-22.814,29.559,0,0
-7.7942,28.979,-4.4479,-52.179,-117.65,-207.06,-95.487,-90.715,36.818,-55.19,56.072,-7.5915,-0.71891,0,0
2.2204e-016,0,1.2212e-015,2.8422e-014,3.8203,67.677,15.056,6.4748,-2.8403,118.05,7.0709,122.1,-116.92,97.83,-85.304
0,0,0,0,-78.171,-179.65,61.039,-66.833,-18.29,60.334,286.12,151.1,-19.205,0,0
0,0,0,0,64.999,-66.528,-185.86,416.75,54.031,175.25,-58.814,-2.2405,0.065785,0,0
-10.17,9.1357,-41.324,50.945,-221.73,183.25,153.29,-46.192,-166.6,2.2954,123.84,40.575,-118.78,27.929,1.7321
0,0,0,0,-4.2766,-183.78,221.39,-168.6,81.343,-193.94,32.864,20.717,-0.29215,0,0
3.0311,-8.1471,12.221,-15.923,-104.69,-6.4021,-113.48,10.59,41.272,32.103,-77.615,-45.862,5.6474,0,0
16.454,-33.517,31.84,55.496,209.21,-253.89,-133.12,35.157,-264.3,-155.61,375.97,-44.214,4.8406,0,0
0,0,0,0,-34.642,-194.58,-36.005,104.41,52.027,3.0341,-29.247,0.28942,2.4264,0,0
0,0,0,0,-87.204,-188.62,-65.288,64.644,152.39,254.47,155.77,-46.691,0.18389,0,0
-14.289,-17.158,5.3678,17.58,-107.67,356.98,242.4,310.09,303.71,-192.67,-21.541,-81.352,-44.17,0,0
0,0,0,0,-39.368,-10.808,79.124,5.5614,-159.84,59.504,-30.239,-13.893,-7.7548,0,0
0,0,0,0,-91.678,-271.61,-26.905,-85.814,64.948,244.32,165.08,7.938,9.6849,0,0
-0.43301,5.7811,-4.4707,38.31,93.034,-131.59,18.235,43.918,-13.052,176.03,-85.383,95.983,-32.142,8.4785,-35.576
-1.9429,-6.1405,-11.253,65.639,113.51,181.4,-180.39,-77.066,-99.939,324.27,-163.31,-7.193,-4.1651,0,0
0.86603,5.2321,-20.685,-3.4869,225.11,31.217,-12.037,95.436,54.181,-28.43,63.377,-42.651,-74.757,48.024,-22.95
0,0,0,0,-53.603,-134.26,114.29,274.12,-219.97,35.751,140.73,-39.541,-3.5616,0,0
-9.9593,20.789,-19.954,-14.52,49.358,-167.17,-51.205,95.79,-13.708,69.018,-120.95,-23.911,-0.3625,0,0
-11.258,8.0377,-5.8529,8.567,-157.58,-181.57,-224.12,9.305,-79.331,-239.85,-134.85,23.777,-0.042468,0,0
0,0,0,0,-5.8747,-39.469,14.556,99.258,-299.27,-141.37,-221.97,-13.753,-13.802,0,0
1.9984e-015,8.3267e-017,-1.1102e-015,6.1062e-015,54.94,-50.777,-41.843,-106.99,95.178,-81.707,15.855,-128.2,22.801,0,0
0,0,0,0,9.5389,-24.992,-97.391,-85.938,-34.108,202.78,-15.679,33.009,3.7862,0,0
0,0,0,0,-91.587,-39.823,-36.494,217.92,231.33,39.302,188.6,30.47,-11.004,0,0
8.2272,-11.343,16.118,70.997,190.86,-0.44302,-37.386,140.33,259.51,1.0444,-78.521,-76.95,-5.1664,0,0
0,0,0,0,101.57,62.415,-31.444,-143.2,222.41,-22.658,0.65905,42.137,-6.3062,0,0
-0.64383,4.7321,-34.945,-46.141,-126.08,88.925,-421.7,-235.12,-143.75,171.4,-134.48,-19.092,-1.4288,0,0
4.7631,21.605,17.324,-225.23,-121.63,-265.45,133.31,24.639,32.269,-175.85,18.817,172,24.508,0,0
0,0,0,0,52.527,-17.149,-136.75,-130.23,-116.17,-36.892,180.31,95.704,-20.837,0,0
0,0,0,0,-14.761,67.881,123.47,-126.79,41.309,270.63,-86.876,8.6383,8.9441,0,0
0,0,0,0,-19.841,121.28,-67.287,4.2691,186.38,-261.07,-56.752,47.761,7.9857,0,0
-8.6022,28.212,-4.5173,-50.798,-106.64,85.88,-53.64,-129.23,-110.5,-75.115,91.363,169.82,-15.948,0,0
-7.7942,-3.8038,-1.4396,41.17,-5.5292,-216.61,26.133,111.49,-89.47,-95.25,-33.935,-35.689,3.3038,0,0
0,0,0,0,-0.28349,-42.066,-56.798,-69.8,98.461,52.977,49.947,20.453,2.4737,0,0
2.1283,-43.414,-3.1272,183.85,-44.493,23.495,21.852,-105.06,50.403,-165.72,39.419,-7.8139,-13.224,0,0
-18.187,-8.6208,-12.451,154.57,-48.398,5.0574,-277.35,167.73,85.74,167.69,-112.5,21.877,112.14,-54.191,26.023
0,0,0,0,-16.513,55.912,171.19,169.81,6.2184,180.8,152.96,22.004,-2.4369,0,0
0,0,0,0,124.69,13.274,28.235,-104.24,151.77,169.71,-198.05,16.424,7.683,0,0
-2.1651,-5.0245,-4.25,19.868,-167.33,-338.65,-77.812,-96.971,-103.78,-258.5,-77.634,221.05,-27.381,0,0
0,0,0,0,-94.522,-231.09,190.31,4.9417,-58.539,258.78,-225.02,125.6,41.189,0,0
0,0,0,0,3.9196,80.754,-398.25,-129.56,151.77,-143.78,-127.06,-10.247,-1.404,0,0
0,0,0,0,-6.404,142.75,-36.421,-15.394,-128.04,-36.056,88.609,-44.311,5.2494,0,0
0,0,0,0,-43.384,-46.938,-224.43,89.787,-15.203,-6.2757,166.25,19.981,-2.3619,0,0
9.0933,-2.0556,-18.691,-10.73,99.003,-137.79,229.21,93.766,97.714,-45.45,-216.65,-256.48,9.7382,-0.22548,-16.887
0,0,0,0,11.144,-150.8,-33.746,-364.92,-284.81,-264.93,177.81,-23.906,-3.4629,0,0
0,0,0,0,44.436,-37.874,118.49,64.369,299.79,-184.59,170.42,-123.38,62.363,0,0
4.3301,31.513,-18.68,-5.6322,103.84,-147.52,125.56,-36.667,-129.69,69.427,-110.15,77.7,2.6771,-4.4409e-016,5.5511e-017
0,0,0,0,-17.427,220.36,169.48,-62.127,30.579,-37.624,-9.3894,-12.003,5.549,0,0
0,0,0,0,-2.4824,-29.759,-156.52,-178.87,277.79,-8.3009,175.28,-8.4878,-4.5801,0,0
8.6603,5.2925,0.91987,214.47,-104.78,87.912,4.4865,-58.351,-57.078,322.42,260.79,45.583,7.7249,0,0
0,0,0,0,4.6136,-162.94,-126.27,322.52,46.389,154.58,-32.666,61.201,0.57068,0,0
-6.4952,12.727,-11.886,-40.976,106.58,-21.845,-86.733,-154.19,-137.75,-127.74,-114.41,90.937,-152.6,25.997,9.5263
-8.6603,-14.788,-2.1256,91.229,-83.272,-258.25,228.8,-377.77,-317.04,-165.68,-10.262,-42.493,-5.9584,0,0
0,0,0,0,60.017,79.263,-283.9,63.379,124.5,228.28,-39.474,13.727,10.462,0,0
-3.8971,-26.989,-106.15,112.82,-137.32,56.287,512.82,359.6,-174.46,-79.745,340.26,29.843,3.4505,0,0
-23.816,-4.0946,-99.36,-109.98,-201.19,-96.596,64.889,191.54,84.844,146.81,-71.841,-66.528,3.4458,0,0
0,0,0,0,-73.169,-7.7606,-2.6041,179.31,-134.88,6.3957,-185.03,-28.087,9.5763,0,0
-2.1651,31.35,-11.941,21.471,-221.45,-98.689,-171.52,-142.79,-99.453,198.74,229.51,10.898,1.5398,0,0
4.7631,-18.172,-1.6896,381.86,-26.09,-119.54,-5.113,320.82,108.09,-107.83,-48,32.54,1.4617,0,0
1.9984e-015,8.3267e-017,-1.1102e-015,6.1062e-015,-16.61,38.201,-142.8,-171.25,-103.04,-300.72,-79.306,149.88,-28.338,0,0
9.9593,41.721,23.397,-248.63,-4.7107,-32.198,119.12,123.29,159.19,70.638,-214.3,-53.65,7.8816,0,0
-8.6603,2.4462,1.0915,11.147,114.87,21.5,297.65,-72.961,-24.923,161.24,232.86,237.36,28.038,0,0
-3.0311,8.1471,-12.221,15.923,-81.069,-80.999,111.81,62.504,293.11,-130.53,-48.704,115.6,-0.20865,0,0
3.9919,20.224,14.242,-130.51,132.96,96.551,21.284,-44.429,-300.11,-27.638,143.1,-120.52,-32.246,0,0
16.454,-33.517,31.84,55.496,-74.836,16.202,78.63,-4.2634,-196.22,116.92,-197.37,155.74,-25.735,0,0
-9.0933,-14.75,0.62917,106.94,29.131,5.7075,-4.3394,-120.75,42.709,305.91,-348.22,-78.999,237.93,-7.1814,25.115
-5.6292,17.959,-32.571,-44.463,116.89,141.74,-155.08,-80.612,81.156,293.29,-187.04,33.738,18.044,2.0215,3.4641
-4.7207,-18.357,-11.883,-90.932,171.44,195.95,55.019,23.197,18.419,190.25,-103.25,58.601,-4.7886,15.035,-10.825
-8.2272,22.173,-15.722,15.502,-125.9,-57.261,-8.8358,-146,-111.39,-139.66,1.6283,-166.41,103.13,-28.159,12.557
1.6098e-015,-2.498e-016,4.4409e-016,1.5543e-014,213.13,105.1,51.86,43.512,-173.08,-268.92,-27.13,-34.081,-4.2321,0,0
0,0,0,0,-4.0311,53.757,-46.185,-243.27,-99.835,302.54,-9.0597,235.09,-16.532,0,0
-16.454,33.517,-31.84,-55.496,-208.35,-159.09,-96.812,-11.403,-206.04,-24.821,60.346,9.0377,-2.0442,2.2518,-10.825
-29.878,-31.237,-28.158,268.34,-112.83,-42.438,156.97,-21.571,-184.32,35.228,-256.59,125.66,-36.066,10.703,-6.9282
0,0,0,0,-22.918,18.097,-108.73,179.91,89.88,-79.994,-60.018,-199.75,26.883,0,0
-7.7942,28.979,-4.4479,-52.179,-45.296,118.65,-309.4,23.361,169.97,-27.436,152.58,38.501,-3.7617,0,0
-16.454,33.517,-31.84,-55.496,66.603,214.68,57.716,-213.33,-34.972,-21.603,-156.77,189.29,-184.63,25.997,9.5263
1.9984e-015,8.3267e-017,-1.1102e-015,6.1062e-015,49.486,132.26,70.652,-22.235,-155.01,160.85,-120.8,19.513,41.944,-4.183,18.62
9.5263,6.1095,79.455,-35.68,132.48,288.38,196.03,176.76,-207.94,-9.8492,29.708,270.71,-15.721,-4.183,18.62
0,0,0,0,105.24,-118.25,161.75,-158.14,84.465,225.85,2.4439,17.349,-1.2873,0,0
0,0,0,0,79.348,99.942,-176.21,-170.78,146.6,-92.802,-59.98,9.8385,-3.1292,0,0
0,0,0,0,-153.17,-53.058,-72.894,-167.67,-136.65,70.121,74.094,1.1135,-3.9413,0,0
0,0,0,0,94.018,207.29,-175.83,-184.58,70.069,68.923,-32.657,0.52716,7.4486,0,0
0,0,0,0,-28.153,-88.924,-28.198,-7.4818,-17.959,-64.047,173.28,-45.692,-1.1747,0,0
0,0,0,0,-75.348,-73.713,-65.858,-67.455,196.79,-171.41,190.88,20.64,0.18518,0,0
8.2272,-22.173,15.722,-15.502,51.131,39.461,-54.984,332.74,-20.72,-366.91,-368.64,17.487,-1.7877,0,0
0,0,0,0,90.379,44.951,49.883,-113.29,88.364,112.17,235.92,-137.74,29.024,0,0
0,0,0,0,-12.803,88.841,-72.739,-255.48,-81.534,178.55,128.12,-35.168,-3.2731,0,0
0,0,0,0,-143.87,-15.559,76.816,8.8738,357.68,257.32,-218.43,12.189,8.6932,0,0
4.7631,4.1095,-29.015,95.411,27.481,68.621,67.939,-87.692,136.86,57.463,-167.62,9.9383,2.8391,0,0
2.0703,4.6986,3.9931,-22.804,253.66,-234.79,-28.466,-168.6,123.58,-66.583,-103.9,0.55561,3.817,3.7526e-014,1.7764e-015
0,0,0,0,72.613,-212.53,209.8,-16.822,-118.03,35.757,-23.396,-29.168,-8.8033,0,0
0,0,0,0,-221.7,-29.497,100.92,226.41,-9.6977,-189.47,146.11,26.051,-1.1388,0,0
0,0,0,0,-31.389,-38.826,-43.745,-97.599,65.816,46.878,176.97,-19.832,1.6887,0,0
0,0,0,0,-26.2,26.92,153.93,88.58,-126.48,-151.71,55.217,17.019,3.7165,0,0
0,0,0,0,-7.1896,50.502,-153.11,146.58,-267.8,-193.53,-240.29,-235.32,-17.41,0,0
17.754,12.248,-35.159,-44.915,11.181,-212.36,-61.339,-35.725,85.845,295.43,-52.246,101.29,-26.205,2.2518,-10.825
-17.754,-3.7596,13.286,-95.035,-14.012,218.62,-287.62,-132.25,-53.055,-203.72,-153.28,-152.07,22.466,0,0
10.825,-15.557,-0.73029,11.033,-23.788,119.46,310.29,-59.24,297.27,141.07,14.064,134.79,-19.223,0,0
8.0164,15.792,-0.42973,-63.303,-179.03,149.86,222.45,-99.322,203.8,-133.33,109.74,-97.602,61.58,0,0
8.6603,11.06,34.515,-17.162,107.91,-121.28,-82.5,128.54,-221.59,109.02,-94.03,-247.02,-21.293,0,0
-8.6603,2.4462,1.0915,11.147,-80.22,-202.07,-171.86,109.12,78.417,-87.92,-41.636,39.69,-18.902,13.729,-11.691
-6.4952,12.727,-11.886,-40.976,80.082,150.35,46.643,-72.202,-159.14,92.905,-8.5907,157.95,-18.457,0,0
-36.806,-11.26,68.627,25.831,157,125.22,-275.76,76.745,135.59,-146.28,101.1,60.684,-66.41,0,0
-22.517,25.95,32.549,-218.31,232.03,38.96,113.39,-91.72,369.53,199.73,-251.91,72.512,41.317,0,0
-7.7942,-32.605,-20.623,149.53,-212.31,-143.03,-30.204,-129.3,228.39,-69.717,154.39,-180.74,17.264,0,0
11.258,-27.698,-3.1208,-216.5,-434.25,54.633,118.75,-380.31,192.42,46.885,22.69,49.879,-50.906,2.0215,3.4641
0,0,0,0,-16.71,-105.33,-115.45,187.95,-6.9523,146.38,206.54,-97.626,23.105,0,0
8.2272,-22.173,15.722,-15.502,-79.772,81.011,210.75,43.541,117.43,-50.8,104.34,28.161,-9.0575,0,0
9.9593,21.933,10.824,-128.94,188.89,-55.487,-54.944,9.6351,-118.41,-52.064,-129.38,33.238,26.215,-0.38221,-3.4641
-8.2272,11.343,-16.118,-70.997,230.67,-53.707,-135.12,169.98,-132.82,-83.656,23.747,4.2841,-8.6095,0,0
0,0,0,0,14.285,19.518,74.418,13.864,-85.442,-164.33,-98.116,-9.4947,-8.4295,0,0
0,0,0,0,-141.39,196.46,-21.859,-84.76,-200.35,43.98,-20.69,1.3924,-2.3081,0,0
0,0,0,0,4.9841,-95.507,-48.004,-91.066,66.541,-45.168,152.93,-36.214,0.0050453,0,0
0,0,0,0,-87.694,77.547,255.34,-27.292,63.869,62.37,-91.891,-52.947,2.3792,0,0
17.284,10.235,1.6014,-2.9743,-138.43,62.422,304.28,221.97,68.876,-192.14,8.1897,117.08,33.878,0,0
0,0,0,0,3.962,47.134,-78.837,276.45,-133.68,48.359,112.53,176.97,-16.395,0,0
0,0,0,0,76.361,-124.92,-32.002,-60.414,74.475,-220,81.099,-106.74,25.479,0,0
0,0,0,0,110.3,-63.891,40.796,184.1,-30.751,-182.07,25.978,20.577,-1.5986,0,0
0,0,0,0,86.918,8.1232,210.58,-126.8,102.62,187.47,49.946,-124.21,26.555,0,0
4.7631,4.1095,-29.015,95.411,78.024,26.235,192.81,24.508,-44.111,92.045,-8.6538,-17.388,-4.4952,0,0
0,0,0,0,-113.62,90.088,67.091,-222.62,36.686,146.63,110.69,-58.775,-7.6059,0,0
3.0311,13.422,-5.1782,-41.146,-9.4774,-75.956,180.87,-153.32,135.21,-78.158,90.507,-90.937,-18.563,28.159,-12.557
0,0,0,0,-70.712,-231.48,90.468,237.8,-95.596,150.94,-208.39,76.494,44.597,0,0
0,0,0,0,1.1785,12.285,-87.795,64.342,122.44,96.865,55.086,-3.761,3.5745,0,0
0,0,0,0,-82.448,-70.68,164.93,-110.35,-90.214,187.01,-19.881,5.8792,0.1274,0,0
0,0,0,0,-17.962,-69.229,9.2787,-153.28,-112.13,-94.922,-61.138,49.178,-3.9689,0,0
-3.0311,8.1471,-12.221,15.923,-73.028,217.14,46.417,-135.65,-107.62,-94.863,51.251,-95.229,-0.10113,0,0
6.0622,-9.1357,-87.68,85.799,-176.87,-95.511,-190.07,99.403,73.816,252.81,98.516,211.25,-25.061,0,0
0,0,0,0,126.83,-51.453,-32.488,142.54,96.984,123.36,-186.59,-16.099,-0.16298,0,0
-0.86603,17.861,51.01,-239.94,-115.71,-55.989,202.04,-21.485,-5.8456,126.79,-109.58,258.08,19.448,0,0
-8.2272,-18.94,-10.384,252.64,73.829,-177.08,35.455,150.87,124.95,-62.137,-69.954,5.9282,59.536,3.9968e-015,6.6613e-016
16.454,-33.517,31.84,55.496,-176.33,219.33,-257.5,-272.11,155,-53.789,64.171,147.69,-23.505,0,0
-13.856,8.1848,-26.575,1.5245,-49.944,-81.578,-175.72,-102.48,90.557,-210.64,-29.204,30.807,-1.4103,0,0
0,0,0,0,-144.76,102.19,83.353,-146.8,46.968,21.8,124.39,49.143,0.62861,0,0
-20.995,11.204,73.108,244.04,-77.846,207.29,207.44,60.492,-91.66,326.72,-26.435,41.049,-28.683,0.22548,16.887
-32.043,14.992,-40.693,-110.92,62.014,142.7,152.08,-76.123,70.034,-23.662,206.31,21.373,-69.897,23.976,6.0622
0,0,0,0,29.091,-194.52,-28.467,-400.84,-51.503,-29.197,69.674,2.5158,-1.0614,0,0
0,0,0,0,81.642,292.66,-193.12,-139.81,116.48,91.917,-39.126,-1.957,-7.2123,0,0
3.0311,13.422,-5.1782,-41.146,45.934,145.26,-64.083,62.731,-166.92,104.44,-173.62,36.744,0.45577,0,0
-13.423,14.99,-15.301,-66.156,19.849,8.8141,-135.53,-153.84,-109.87,60.094,-97.932,138.14,-32.474,0,0
-28.146,10.504,90.997,36.38,-164.52,-189.27,180.1,-372.59,-177.02,4.2697,33.048,181.82,-29.714,-0.23029,14.289
0,0,0,0,96.611,-94.561,78.397,-218.58,-23.478,153.21,-29.621,37.727,-1.0687,0,0
0,0,0,0,-10.622,39.929,-38.464,-73.678,27.666,-63.066,109.29,-256.05,-14.162,0,0
-4.3301,-49.905,26.713,60.409,195.54,-76.288,-242.18,-120.05,12.655,135.45,-78.133,-185.18,24.075,0,0
0,0,0,0,-104.61,-187.05,-111.34,20.233,-5.7467,-210.9,39.289,-32.289,3.6309,0,0
0,0,0,0,106.95,-178.06,200.82,126.2,88.026,171.25,99.925,38.084,6.4264,0,0
0,0,0,0,90.05,-67.521,95.966,144.41,-102.98,261.53,-203.76,7.304,1.0732,0,0
0,0,0,0,22.24,-67.948,-29.491,-209.13,100.99,22.691,-151.69,-1.6981,-3.8846,0,0
-5.6292,-17.471,-9.0538,40.951,5.1894,28.544,-51.516,-336.41,-129.57,-216.83,0.13105,-257.68,-25.336,0,0
0,0,0,0,0.06819,236.08,27.062,0.72539,203.13,152.9,-53.72,39.994,6.6059,0,0
0,0,0,0,-14.134,-127.69,-149.9,97.643,-67.669,-108.1,146.5,-38.533,3.7018,0,0
0,0,0,0,13.34,57.619,85.309,-139.81,-75.065,220.66,174.04,7.8244,-5.5687,0,0
0.43301,6.8056,11.275,-67.68,-171.97,43.874,-160.46,114.39,28.365,-65.622,98.152,-108.93,21.285,0,0
0,0,0,0,89.736,159.24,-138.49,-102.98,41.31,-81.947,6.9501,-84.337,-5.1077,0,0
0,0,0,0,-32.708,181.41,-3.5261,87.359,23.111,118.86,89.636,8.5973,40.112,0,0
0,0,0,0,10.123,-54.961,-32.844,25.484,-44.414,54.656,276.69,45.201,9.1125,0,0
0,0,0,0,-78.145,-18.8,-18.756,-144.31,-108.99,80.285,-185.71,72.405,0.36635,0,0
0,0,0,0,-90.923,112.48,79.768,85.733,-63.219,-8.201,4.0779,-200.18,17.36,0,0
0,0,0,0,98.347,-16.112,68.734,-74.545,-66.053,103.52,-44.189,2.2583,8.1944,0,0
0,0,0,0,-34.064,6.2066,-110.46,-199.7,-66.157,-31.479,-42.708,51.023,4.6173,0,0
0,0,0,0,29.24,63.673,-52.591,-7.6744,6.2545,-271.68,-170.51,17.602,4.9575,0,0
0,0,0,0,-15.811,144.32,-76.831,-2.2575,80.443,-30.559,-59.619,-8.1471,6.799,0,0
0,0,0,0,129.32,211.23,137.72,-37.192,112.69,72.476,-1.2715,37.572,9.9164,0,0
0,0,0,0,-8.4764,-16.211,100.85,229.45,-155.59,-152.14,-28.133,37.108,2.7027,0,0
0,0,0,0,6.6226,-37.029,21.368,-93.588,-266.37,-68.015,25.191,-24.889,5.3187,0,0
0,0,0,0,16.645,85.631,-64.114,32.931,-30.774,7.1506,-45.133,-212.45,25.7,0,0
-0.5278,17.888,25.363,-55.02,-10.125,2.4825,68.714,-179.33,-14.268,0.94134,-104.52,87.752,198,-23.746,-20.352
2.1651,10.982,98.81,159.16,142.54,-131,64.707,-266.66,110.93,-116.43,215.69,-6.222,-158.95,30.406,7.7942
6.4952,-12.727,11.886,40.976,109.85,-19.755,-54.492,-7.1393,-68.529,59.574,30.472,-137.2,20.279,0,0
-5.1962,-18.616,-25.508,138.88,-51.826,-69.873,-60.284,200.96,-34.019,150.75,-110.04,-75.744,62.929,0,0
0,0,0,0,-151.2,-7.1912,-68.297,173.89,312.19,-26.133,88.863,-97.275,-42.702,0,0
7.7942,32.605,20.623,-149.53,83.548,-105.21,162.6,-110.04,189.42,-101.17,143.81,-163.84,174.97,-23.746,-20.352
16.021,37.172,-77.64,-50.254,-92.682,114.23,50.058,-52.865,-226.58,-94.893,-144.47,-313.31,-56.335,2.0215,3.4641
11.691,-16.374,11.069,36.134,-62.327,-144.46,-13.59,67.566,194.68,-215.59,101.28,126.3,-22.457,0,0
0.43301,6.8056,11.275,-67.68,-24.855,-29.915,-51.033,-13.831,-179.65,68.681,19.078,-10.435,38.6,4.183,-18.62
-6.4952,-12.877,-8.0311,123.65,39.873,-128.31,283.07,221.85,-99.712,60.232,54.056,-85.618,-148.7,27.195,-7.7942
1.6098e-015,-2.498e-016,4.4409e-016,1.5543e-014,-145.97,-140.76,42.732,5.3484,-54.616,-0.38559,-49.256,11.553,15.238,0,0
3.2688,-13.652,-23.687,104.18,89.29,-99.484,-21.476,-65.165,29.503,13.084,77.217,0.18662,-173.22,23.976,6.0622
0,0,0,0,7.1459,-141.34,192.05,262.4,16.842,-47.475,83.454,-28.617,2.162,0,0
7.7942,-28.979,4.4479,52.179,-94.518,-3.3181,203.49,-27.704,213.92,247.86,-4.2453,-2.364,8.4546,0,0
-8.6603,17.606,-21.352,69.033,54.819,-152.58,-28.467,-54.496,-100.21,99.437,-47.422,207.83,15.572,0,0
0,0,0,0,168.84,178.64,276.24,-0.18297,-155.72,-106.93,-105.89,-29.588,-1.0825,0,0
-8.6603,4.5377,-27.392,-3.317,116.74,-229.73,-105.21,382.29,-187.85,-195.66,-179.01,3.1735,8.7901,0,0
-9.9593,20.789,-19.954,-14.52,-155.53,328.91,-1.6108,69.031,-122.56,-233.21,183.72,202.98,93.752,-28.159,12.557
0,0,0,0,-82.639,-202.33,-114.43,-167.69,31.32,99.77,-39.901,42.5,1.2141,0,0
0,0,0,0,68.435,111.74,-144.12,9.2343,36.364,-46.409,-189.07,14.899,-0.52836,0,0
0,0,0,0,36.293,-30.711,81.398,33.029,143.96,-155.33,260.97,22.59,3.7692,0,0
0,0,0,0,-170.34,-23.688,141.14,-169.15,-111,-23.705,-16.766,15.052,-0.11899,0,0
7.7942,-28.979,4.4479,52.179,-44.287,47.631,287.82,79.305,-162.74,-122.3,-79.447,93.712,-15.004,0,0
-2.2018,-10.33,3.5458,59.056,134.51,222.52,107.26,-112.92,-39.73,131.61,110.57,-168.06,170.73,-24.852,1.7321
-13.423,14.99,-15.301,-66.156,-74.68,169.07,98.134,-228.74,23.264,199.89,-7.446,-7.4268,-10.603,0,0
0,0,0,0,38.334,-11.573,-186.02,-227.27,-236.41,27.712,84.364,-12.564,-1.9127,0,0
0,0,0,0,-30.554,-61.782,203.86,158.96,129.71,372.27,132.23,-15.901,-2.9351,0,0
2.1651,45.832,35.239,-243.66,-67.847,15.271,123.95,101.4,-93.471,41.402,137.52,188.21,18.119,0,0
-6.4952,12.727,-11.886,-40.976,-152.98,79.951,-3.2933,6.234,26.639,285.88,209.49,14.116,-3.0604,0,0
6.6613e-016,9.992e-016,2.4425e-015,2.6423e-014,99.432,109.08,62.628,106.13,-68.156,-99.977,199.98,66.462,-3.7793,2.2518,-10.825
8.6603,18.768,13.66,-67.43,127.6,-292.45,180.5,193.6,9.2016,0.76696,-73.965,156.91,-25.133,0,0
0,0,0,0,3.616,-85.318,-136.43,81.374,267.21,32.869,-134.78,14.06,0.5,0,0
13.856,-8.1848,26.575,-1.5245,-31.389,187.62,1.0052,278.6,40.158,-66.61,-16.027,135.89,-20.205,0,0
0,0,0,0,-123.55,172.72,195.06,118.52,-59.818,-10.589,-107.64,-163.48,28.129,0,0
5.1962,-3.6471,-0.81699,-4.8415,210.42,-30.788,142.1,61.105,10.899,-245.24,-85.325,-23.227,-1.1573,0,0
3.0311,13.422,-5.1782,-41.146,48.346,-114.61,51.311,25.044,-3.5187,-20.597,-53.021,149.54,82.56,-2.0215,-3.4641
5.6292,28.806,33.948,-173.83,-129.61,19.407,-166.03,-82.407,195.99,-58.916,-191.76,180.47,-32.553,0,0
12.124,-19.441,1.2321,-17.201,-248.25,105.04,212.45,13.498,28.15,40.575,-191.93,-8.675,-0.40368,0,0
1.6098e-015,-2.498e-016,4.4409e-016,1.5543e-014,-2.0335,7.2823,-246.07,229.72,-11.593,144.03,238.56,20.83,-6.5425,0,0
16.454,-33.517,31.84,55.496,135.86,276.21,91.186,2.9124,103.17,207.28,-277.39,144.04,-14.877,0,0
-5.6292,17.959,-32.571,-44.463,-91.8,-68.594,-96.35,-363.64,30.859,-231.75,179.52,217.26,57.049,4.183,-18.62
7.7942,-23.899,-24.415,114.72,75.05,-48.775,102.87,-179.58,-116.51,-141.65,-80.307,66.045,247.71,-16.227,32.043
-7.7942,-9.5131,-0.49167,-61.788,-111.5,-41.982,-121.68,-218.67,51.805,56.76,-21.099,33.155,-20.938,0,0
0.86603,-13.837,-6.9623,82.102,185.47,-109.6,249.19,29.995,265.66,128.9,70.485,-85.634,-0.65609,0,0
4.7631,4.1095,-29.015,95.411,171.91,51.7,17.926,-79.736,147.45,-247.23,-64.89,-32.821,3.9638,0,0
13.423,12.194,-9.8481,75.082,25.295,-371.55,16.242,-176.34,-140.02,-113.45,-87.026,-93.961,23.518,0,0
0,0,0,0,-12.395,229,-89.988,-153.1,95.626,116.08,-26.628,-10.779,6.0939,0,0
0,0,0,0,75.9,26.091,-55.46,-407.98,-70.191,30.017,39.701,-13.585,-2.5592,0,0
16.454,-17.26,-122.56,-49.72,-85.303,-49.485,266.7,-325.35,234.37,-181.18,92.055,49.72,-62.08,0,0
0,0,0,0,72.663,171.22,-23.643,-96.064,-58.3,-220.37,0.8221,75.421,3.9166,0,0
13.856,-8.1848,26.575,-1.5245,179.2,-83.39,45.001,97.382,-108.23,179.16,-25.079,70.999,3.6869,2.0215,3.4641
0,0,0,0,30.079,-153.87,-349.02,131.85,241.13,-86.672,-231.01,78.089,-9.0297,0,0
0,0,0,0,-24.427,26.272,213.87,311.02,-239.98,-188.09,27.282,34.42,2.4357,0,0
2.1283,8.3346,16.668,-35.841,-25.845,-115.88,-133.62,-117.05,-85.9,-13.651,-152.18,-54.447,1.2141,0,0
0,0,0,0,16.701,-158.57,-78.66,144.7,53.974,30.96,-24.989,-2.6633,2.299,0,0
0,0,0,0,-32.555,245.28,-10.706,-93.025,-35.69,-121.87,10.221,-1.7667,-5.4109,0,0
-0.43301,-6.8056,-11.275,67.68,397.61,183.81,-84.95,94.802,83.168,118.17,161.72,-5.5806,1.2548,0,0
0,0,0,0,3.7856,-51.05,-316.18,40.565,60.983,-49.041,13.465,-116.9,29.165,0,0
0,0,0,0,-65.632,75.969,34.653,37.39,23.957,-9.6454,-26.843,-12.979,6.1095,0,0
5.6292,-17.959,32.571,44.463,27.144,90.447,17.732,-141.28,-217.93,-131.56,-101.25,17.025,5.1083,0,0
0,0,0,0,12.286,44.046,161.54,46.665,-87.139,52.146,170.61,-12.42,-0.14383,0,0
19.486,-23.394,-9.7793,-165.57,164.78,117.22,70.176,27.746,161.95,473.96,177.03,-129.52,26.124,0,0
-32.476,7.8827,-60.084,-116.95,101.48,202.66,362.23,-216.41,-248.58,139,82.067,90.359,-5.0924,-0.45216,0.27452
-61.055,0.69662,11.029,-60.192,166.29,186.07,499.56,-30.06,-121.27,628.54,-457.88,105.66,0.14744,-0.45216,0.27452
-0.43301,-17.379,-4.0538,84.011,71.07,-54.764,373.12,325.36,308.16,-218.88,-295.41,166.92,-25.286,0,0
0.43301,12.19,-36.919,74.923,21.766,-44.718,228.36,303.22,156.35,-237.39,285.73,180.88,-21.084,0,0
22.084,-31.737,-1.5079,-222.13,135.38,-333.5,-363.87,337.12,-113.31,-0.03618,-132.53,-53.219,176.92,-25.997,-9.5263
5.1962,30.35,-0.69791,-102.88,-62.577,-318.36,271.65,-283.37,-27.807,332.9,136.89,37.423,0.085259,0,0
-0.43301,-1.6405,-16.422,23.51,2.6962,-70.445,263.03,237.72,268.32,125.35,121.32,182.22,-8.3096,0,0
0,0,0,0,10.251,-149.84,-26.362,-99.325,-67.771,-29.668,353.67,27.059,-4.331,0,0
14.722,-1.1292,-1.0867,-58.018,-30.558,-18.551,24.555,235.29,-241.73,192.14,-314.43,45.714,-18.654,0,0
0,0,0,0,-185.33,-100.6,76.51,-314.31,-156.58,-46.453,52.246,-53.808,-3.547,0,0
-8.5966,-4.1495,11.704,-128.1,154.74,-14.355,-125.81,225.3,6.0072,-83.398,135.81,141.62,-23.419,0,0
2.1651,23.788,22.629,-58.138,-117.88,96.628,96.241,-230.98,215.83,105.18,126.67,69.431,0.8867,0,0
0.43301,1.6405,16.422,-23.51,-36.055,119.75,-11.852,-183.77,-185.18,-177.7,343.77,68.169,7.7904,0,0
9.0933,-11.667,4.0197,29.687,72.456,-153.24,-187.07,-88.724,0.7222,-131.85,313.4,147.37,-19.629,0,0
6.4952,-17.191,88.251,-208.56,-63.261,-117.58,10.83,-87.546,-52.427,-17.718,-15.775,-34.883,-4.1914,0,0
21.218,-22.242,-95.79,-46.88,-97.358,152.33,132.9,115.72,132.87,6.5367,257.81,-132.44,31.566,0,0
0,0,0,0,-13.386,-44.929,-22.007,123.33,11.787,-87.1,45.315,36.123,5.4264,0,0
46.555,-25.282,-114.04,137.85,236.41,1.9689,53.759,6.5764,-121.22,-9.3221,270.75,-144.85,132.03,-54.411,25.548
0,0,0,0,53.147,-280,-27.301,-57.289,-120.23,160.69,43.998,25.336,-3.9365,0,0
0,0,0,0,-3.6002,191.19,52.998,115.23,-93.735,-27.296,-71.837,-37.492,6.3218,0,0
-4.7631,-4.1095,29.015,-95.411,74.144,184.67,25.528,1.0353,87.873,-170.57,271.11,31.548,-1.6716,0,0
0,0,0,0,-79.112,-82.977,-65.224,127,216.41,-47.284,-12.069,7.8546,-2.8415,0,0
0,0,0,0,-33.711,42.867,-55.775,176.48,209.97,44.175,-8.9479,7.1603,-2.5556,0,0
0,0,0,0,-6.4073,-29.186,20.087,90.449,-180.7,-35.561,47.078,-179.97,18.405,0,0
0,0,0,0,85.863,-175.64,-43.777,247.62,34.81,-326.75,-6.9802,-6.9689,2.8056,0,0
0,0,0,0,-40.931,-81.822,-56.012,-204.31,183.14,-22.713,-96.151,-28.28,1.4378,0,0
0,0,0,0,-103.73,-6.5295,-182.39,-170.33,-205.47,160.37,-34.841,-10.042,-3.4133,0,0
0,0,0,0,2.4486,-65.95,124.57,21.846,103.51,-58.107,-32.157,-17.214,12.877,0,0
-12.124,4.5885,-3.9545,-5.6878,148.43,-103.22,-8.7233,-8.8259,16.475,-25.303,-99.904,84.928,87.585,-19.478,2.1651
0,0,0,0,-163.28,-57.932,311.03,175.91,-202.28,157.13,-158.21,1.7098,4.5377,0,0
0.43301,6.8056,11.275,-67.68,196.66,36.108,-166.73,163.07,-13.029,-162.71,15.332,139.5,-23.388,0,0
12.99,-17.149,10.252,54.728,22.89,-208.33,107.46,92.554,-19.98,59.38,138.99,51.786,-8.0637,0,0
-6.4952,12.727,-11.886,-40.976,-2.7101,157.63,-47.771,109.85,-185.65,85.261,60.554,126.59,-29.04,0,0
4.7631,4.1095,-29.015,95.411,231.34,-80.196,-125.78,-35.524,11.983,-146.59,166.22,-56.075,1.9904,0,0
0,0,0,0,236.38,-24.873,11.837,-72.956,156.32,-110.49,49.825,8.4974,-10.576,0,0
4.7631,-14.111,-12.141,102.79,-146.72,149.65,56.679,-139.13,-204.56,157.82,-128.64,137.71,-20.336,0,0
0,0,0,0,-5.0903,-132.31,-8.0309,-176.04,-132.63,-124.2,194.56,9.3196,-0.7649,0,0
-4.7631,-4.1095,29.015,-95.411,-274.77,-78.615,37.539,194.34,-187.6,122.38,259.1,27.193,-5.384,0,0
-8.2272,22.173,-15.722,15.502,-148.93,-170.66,141.94,-5.9122,41.918,31.506,7.1821,-171.61,20.787,0,0
0,0,0,0,91.086,213.1,-120.07,344.1,69.291,-0.42721,-207.14,9.6708,0.31699,0,0
0,0,0,0,165.7,99.826,198.51,-272.68,484.45,90.714,25.804,35.411,-1.6157,0,0
0,0,0,0,-80.62,25.625,-48.447,-225.31,-51.854,-34.982,-159.71,-146.16,-36.805,0,0
6.0622,2.4199,-2.7925,-71.192,-125.53,100.81,17.652,23.365,101.29,-135.01,262.93,-156.54,27.925,0,0
13.423,6.0538,62.752,137.77,126.45,39.059,-152.71,45.272,29.552,-13.635,-122.45,177.57,-24.947,0,0
-8.6603,4.5377,-27.392,-3.317,257.8,87.651,-147.15,127.3,-342.41,73.99,37.383,40.992,12.363,0,0
-26.187,26.129,137.75,-35.939,30.077,41.958,215.2,68.262,-350.42,-206.45,-277.82,19.62,0.21627,0,0
1.7321,9.1095,-26.984,98.246,205.03,-233.83,10.328,105.08,-15.354,-81.892,67.862,14.319,0.45337,0,0
-0.86603,-5.2321,20.685,3.4869,-68.634,-99.457,121.74,-111.48,-25.383,-147.09,-116.7,-44.031,8.7781,0,0
0,0,0,0,-16.07,102.42,-286.59,-33.815,139.4,168.41,19.663,27.005,-2.4862,0,0
16.454,-33.517,31.84,55.496,-31.049,-23.643,144.39,129.76,176.06,25.106,-96.436,14.179,0.26018,0,0
0,0,0,0,-121.48,-84.219,132.84,-134.91,-183.27,-111.92,-11.484,-45.21,-9.3362,0,0
-2.1651,31.35,-11.941,21.471,-172.64,46.979,353.99,-115.51,-170.32,25.182,-118,83.023,40.559,0,0
0,4.4409e-016,1.9984e-015,1.5543e-014,40.6,-155.45,-81.726,166.66,-164.19,154.86,-21.895,4.6651,-3.0245,0,0
7.7942,-15.91,10.489,124.53,5.4398,-45.269,91.515,241.44,274.26,96.731,94.1,-25.27,10.371,0,0
0,0,0,0,90.176,48.28,89.525,210.46,144.08,-239.12,24.613,2.0724,1.942,0,0
0,0,0,0,-24.896,-84.516,-82.144,186.16,51.852,5.5877,157.1,-35.504,-8.9815,0,0
3.8971,25.337,-25.102,58.298,37.695,-261.28,271.85,86.736,-84.711,256.33,-50.433,-82.533,3.851,0,0
-3.4641,17.783,-4.7404,250.62,-85.871,-23.054,251.88,293.68,17.892,-65.014,50.294,140.22,-26.015,0,0
-2.049,-1.337,2.0625,-41.912,93.051,168.25,-401.43,12.453,85.08,-48.482,-167.5,62.368,1.1236,0,0
-1.7321,-1.384,-4.2321,-30.021,-38.993,112.44,-21.492,-184.91,118.25,-283.72,200.49,7.5322,-6.0167,0,0
-17.754,-10.322,-27.886,103.91,61.039,-251.94,-158.02,-280.52,103.83,158.09,33.921,-21.368,-58.266,0,0
0,0,0,0,42.887,-207.9,54.773,200.29,54.428,-15.327,78.285,-187.12,24.482,0,0
-3.8971,10.678,-23.954,68.024,-244.89,168.2,-80.677,47.705,-165.95,-106.14,-63.203,93.179,-15.664,0,0
0,0,0,0,-20.651,95.577,-286.24,-135.28,104.16,11.211,7.7975,16.656,-2.3938,0,0
0.43301,15.946,53.141,-18.324,-4.5385,-182.94,169.62,-4.68,-78.723,-60.301,42.563,-156.3,22.339,0,0
2.2204e-016,0,1.2212e-015,2.8422e-014,-69.745,25.044,-299.04,-179.1,-266.61,-335.85,210.5,-30.863,7.1112,0,0
-2.5981,-6.616,16.453,-26.535,-22.79,-352.51,-136.86,157.29,194.5,-356.52,5.8097,11.844,-1.1002,0,0
0,0,0,0,-26.149,-61.204,26.406,86.035,192.9,51.875,-24.251,-6.3391,-7.3063,0,0
-13.423,14.99,-15.301,-66.156,-80.979,-172.58,-24.33,58.112,-2.3506,-205.97,-94.14,51.079,-3.8732,0,0
0,0,0,0,110.21,67.288,25.302,-23.209,-7.9803,162.23,-269.91,-5.6632,9.4917,0,0
-5.1962,3.6471,0.81699,4.8415,-30.659,124.33,-118.52,28.045,-161.53,-91.252,-90.403,-66.678,-6.2776,0,0
-13.423,14.99,-15.301,-66.156,50.249,-135.67,59.772,81.332,-50.95,-167.06,-54.15,85.339,-14.624,0,0
0,0,0,0,113.31,149.68,84.086,-28.304,-81.682,227.82,28.033,20.301,4.8152,0,0
7.7942,-28.979,4.4479,52.179,-24.21,156.75,168.65,182.55,-184.03,226.63,40.397,4.3021,-6.7859,0,0
-23.383,-1.021,8.5228,-76.618,-116.92,152.46,-96.181,-174.3,36.811,78.244,281.74,75.928,-3.662,0,0
0,0,0,0,-92.575,-34.728,-80.488,5.8957,65.524,-2.0105,-40.364,23.465,-0.29872,0,0
0,0,0,0,140.12,-77.004,-63.833,-236.83,-9.8901,143.15,5.0301,0.21956,-3.4019,0,0
4.7631,4.1095,-29.015,95.411,-92.46,102.57,160.32,122.81,297.6,-88.519,103.28,-45.413,3.5095,0,0
8.2272,-22.173,15.722,-15.502,-148.6,-39.885,226.13,176.83,25.336,199.01,-56.815,-64.49,-0.1262,0,0
-11.691,16.374,-11.069,-36.134,-21.517,59.65,112.91,-121.06,-181.19,168.54,227.05,143.28,-21.742,0,0
8.2272,-22.173,15.722,-15.502,45.776,61.981,51.297,-77.496,182.63,-129.67,243.6,59.015,5.1484,0,0
0,0,0,0,267.17,126.79,23.677,182.94,-163.81,179.84,-251.33,-14.32,4.0126,0,0
-5.1962,3.6471,0.81699,4.8415,-116.33,53.089,-219.06,-30.115,258.21,58.571,217.04,-274.73,-19.596,2.2518,-10.825
0,0,0,0,68.599,64.225,211.2,130.33,-75.04,4.6813,81.401,-26.591,1.235,0,0
0.86603,26.971,24.026,-141.69,24.674,-215.17,156.44,-189.96,-109.96,-179.45,10.028,187.49,-54.924,13.729,-11.691
-8.6603,4.5377,-27.392,-3.317,2.9966,-134.25,163.26,212.14,124.32,43.708,-133.93,-128.84,-42.173,0,0
0,0,0,0,111.76,-182.83,39.63,-87.338,-91.547,141.53,85.776,97.065,-20.314,0,0
8.2272,-22.173,15.722,-15.502,276.97,-231.3,202.67,108.23,-109.94,-70.46,-129.02,-70.686,-3.6412,0,0
0,0,0,0,3.8212,-141.65,-11.583,472.28,-94.155,318.26,-94.582,-105.69,22.503,0,0
-0.43301,-6.8056,-11.275,67.68,-254.63,253.38,-142.83,-113.74,-45.838,286.48,53.553,-17.65,3.5045,0,0
0,0,0,0,-29.227,-55.96,-248.9,-305.34,192.62,7.4669,-191.8,129.18,-23.147,3.9968e-015,6.6613e-016
0,0,0,0,168.66,-50.387,-111.69,-86.709,300.51,247.69,-83.677,-75.069,22.598,0,0
16.454,-33.517,31.84,55.496,-203.84,-215.39,168.16,-30.009,131.04,-117.7,49.304,187.89,-20.793,0,0
-8.2272,11.343,-16.118,-70.997,-23.446,-149.69,-33.114,15.996,4.1673,208.39,-173.21,-42.781,3.3227,0,0
9.0933,12.098,12.194,146.79,-18.009,-10.862,-43.051,147.38,88.83,-97.935,-142.22,17.971,5.9211,0,0
-8.6603,4.5377,-27.392,-3.317,-107.84,199.84,360.96,325.27,25.433,-342.45,150.59,152.39,-23.253,0,0
6.4952,6.433,-3.8403,-2.5622,-178.61,-30.863,-298.23,-82.923,-52.787,-162.13,-39.006,10.245,-1.0439,0,0
-1.299,-14.654,19.874,74.93,86.796,-147.4,54.687,198.46,259.03,61.31,147.43,-67.69,-195.52,48.423,-27.28
0,0,0,0,-208.09,36.123,-85.471,133.02,-107.82,-214.1,19.756,18.132,-10.335,0,0
-8.2272,7.0197,11.232,-7.4593,17.057,-69.57,17.019,41.366,7.4573,187.25,134.26,-51.069,5.1779,0,0
-11.691,16.374,-11.069,-36.134,112.41,35.81,36.788,104.63,-97.011,-87.475,-59.148,-171.1,9.6612,3.9968e-015,6.6613e-016
0,0,0,0,80.832,199.72,-259.13,8.8571,-15.237,52.303,158.79,-58.142,25.138,0,0
-0.43301,-1.6405,-16.422,23.51,51.194,-15.472,-9.2736,251.29,-217.61,-74.94,16.87,17.889,13.429,0,0
0,0,0,0,69.907,0.62702,-98.483,-208.63,195.58,-22.645,-144.51,40.85,-9.3636,0,0
-3.0311,-13.422,5.1782,41.146,4.3381,-82.601,348.46,-103.21,-4.4398,192.17,95.557,-215.32,24.013,0,0
-16.454,33.517,-31.84,-55.496,37.849,-91.468,-406.07,-96.985,223.87,-242.94,-5.814,-89.106,-134.73,27.011,8.5966
0,0,0,0,-0.97997,47.91,-148.77,-147.09,-121,261.35,-52.047,11.53,-0.86122,0,0
0,0,0,0,9.3256,52.569,-44.989,-13.444,-161.58,168.31,13.052,-16.843,2.8546,0,0
-0.21082,-41.113,-20.832,-155.47,-91.056,-13.896,-138.68,77.844,-165.61,-167.19,354.58,-198.26,-93.51,38.535,-22.084
0,0,0,0,27.718,257.28,-5.2968,-83.083,-62.614,55.231,-78.846,88.998,32.511,-2.2518,10.825
0,0,0,0,-14.292,-20.894,17.343,258.2,-60.915,40.972,35.664,-10.435,-1.3598,0,0
0,0,0,0,97.713,60.114,-129.58,-274.36,-87.56,61.481,147.71,-5.2785,-1.7877,0,0
0,0,0,0,-116.78,169.47,-227.99,-5.9048,-88.143,96.118,108.6,-130.6,33.427,0,0
8.8825,-28.015,-14.899,-105.23,-116.02,271.66,86.063,256.87,45.699,-279.65,274.06,-10.851,-153.64,30.406,7.7942
-12.103,-29.895,-26.923,172.35,41.392,-155.51,-197.33,-122.02,19.724,324.43,-59.644,-174.26,-70.662,-48.731,-2.1651
4.8056,-20.973,6.7084,145.33,-73.056,-37.612,-162.95,-166.63,-267.07,99.267,163.27,73.74,291.63,-16.227,32.043
3.0311,13.422,-5.1782,-41.146,191.91,-46.492,-322.57,-32.924,-167.41,100.05,156.93,248.98,-60.458,28.159,-12.557
-7.7942,28.979,-4.4479,-52.179,-51.959,69.097,105.9,141.08,83.776,-116.05,-149.34,-36.048,-8.4114,28.159,-12.557
-5.1962,3.6471,0.81699,4.8415,-120.32,-46.769,173.79,-8.2187,-65.28,-29.858,80.438,214.24,-24.711,0,0
-4.8056,-2.2099,66.916,-97.519,-105.83,155.38,3.5717,-98.955,-147.21,75.564,-144.13,21.088,2.0984,0,0
-1.299,-30.66,11.118,231.47,275.56,62,-73.135,-134.58,112.67,-135.27,85.607,43.865,7.7566,0,0
-16.454,33.517,-31.84,-55.496,-62.276,-69.244,121.69,-156.8,28.027,133.6,-197.01,-27.554,-2.2369,0,0
-11.258,-1.5604,15.216,-98.478,-31.956,18.532,-18.524,-225.04,368.48,-179.04,278.39,-119.83,-151.85,37.205,-19.486
0,0,0,0,-99.272,46.04,25.777,100.18,-244.05,77.517,-158.57,32.077,7.972,0,0
2.1651,23.788,22.629,-58.138,7.137,-128.94,-123.54,-50.806,391.12,24.411,174.4,-91.4,-42.911,3.9968e-015,6.6613e-016
-8.6603,2.4462,1.0915,11.147,-147.43,17.636,87.973,29.293,138.1,-6.0381,39.479,-59.181,-3.134,1.2879e-014,-6.6613e-016
10.825,-7.9952,-10.848,3.8301,-3.4865,3.3448,-131.92,-43.25,-108.99,-36.934,167.34,2.4953,159.4,-27.195,7.7942
2.5981,1.799,-5.9527,221.8,-173.13,89.42,-138.16,56.317,-20.754,37.352,-16.282,0.86882,40.052,3.9968e-015,6.6613e-016
6.4952,-12.727,11.886,40.976,139.41,43.556,64.646,182.76,152.21,-23.53,106.35,-0.41858,-1.8923,0,0
8.6603,13.676,6.5981,-132.76,-22.754,-46.56,48.573,-78.596,26.898,-50.615,-71.491,-21.568,45.788,26.32,13.423
16.887,-16.649,8.7386,-20.971,-49.55,-160.1,-253.51,-207.18,37.004,-60.559,178.61,162.57,51.551,17.671,23.383
14.722,14.701,-3.2027,0.5,-20.779,-107.29,42.351,-135.83,187,-246.88,223.44,-110.92,28.386,-2.2518,10.825
0.43301,21.819,6.1699,95.169,-75.486,107.99,-143.74,232.31,213.1,-55.826,157.63,-196.26,25.284,-2.2518,10.825
7.7942,-28.979,4.4479,52.179,50.358,-42.908,65.274,62.826,86.788,-96.132,-156.75,39.598,0.52725,0,0
-12.557,12.912,-58.017,11.795,150.37,108.08,46.937,-161.08,265.87,-42.311,-130.36,-116.34,29.361,2.2518,-10.825
-0.43301,-27.959,48.304,-104.52,194.36,-154.2,-63.061,33.769,-149.38,-5.8892,-46.51,141.94,10.694,10.923,-6.9282
-29.445,31.012,-14.387,27.899,132.5,-192.37,-98.876,-18.558,51.734,14.63,-23.147,123.39,-97.884,28.159,-12.557
0.86603,26.971,24.026,-141.69,121.46,151.25,-103.2,-217.61,-215.86,320.31,-115.28,-23.009,-1.5835,0,0
12.124,-21.363,-75.563,-185.44,-205.53,-23.923,213.45,137.36,-82.735,10.626,-80.798,-9.1823,-37.678,0,0
0,0,0,0,52.081,115.85,-175.69,-24.393,6.5918,-156.38,-52.503,21.226,6.9642,0,0
-9.5263,-9.8708,-215.79,-142.14,-54.841,-122.8,-89.847,-61.794,-167.26,108.44,131.04,170.38,-23.418,0,0
8.2272,54.912,2.8673,-264.84,34.72,130.9,108.21,138.84,-87.243,-81.209,178.22,-170.24,88.885,-23.644,11.722
0,0,0,0,120.05,74.944,-120.79,29.036,67.981,-143.75,261.76,32.755,-1.5233,0,0
2.1651,8.1896,15.507,-37.659,-126.98,223.04,-136.85,158.31,-163.9,86.678,171.63,-41.465,12.404,0,0
11.691,-16.374,11.069,36.134,78.508,134.23,-409.95,28.439,97.64,14.687,115.95,-47.742,66.616,-28.159,12.557
0,0,0,0,-24.028,-112.34,26.541,-246.59,202.97,-50.37,-120.34,64.067,1.4776,0,0
-5.1962,3.6471,0.81699,4.8415,-280.51,185.43,213.44,194.83,162.18,1.5469,-10.235,-120.4,23.336,0,0
-3.0311,19.338,-4.5836,-112.63,94.02,-128.92,-285.24,264.21,-164.06,76.478,-56.259,208.98,-58.141,-1.7197,-28.146
7.7942,-15.91,10.489,124.53,106.65,37.339,5.485,209.35,-127.95,-85.053,137.42,-262.28,-15.738,0,0
16.454,-33.517,31.84,55.496,103.42,-7.8956,-20.888,74.873,-25.726,-119.23,66.896,-73.379,16.549,0,0
0,0,0,0,-4.2733,-91.144,-130.83,255.99,-34.856,28.265,-59.96,17.755,4.2494,0,0
4.8947,-7.0912,-4.2868,-25.959,137.29,57.649,205.91,54.463,-3.7652,-2.4067,24.025,-7.3122,0.77452,0,0
0,4.4409e-016,1.9984e-015,1.5543e-014,54.027,-0.30552,-20.892,135.47,53.206,133.7,28.392,5.2754,-0.064905,0,0
0,0,0,0,6.0315,-9.9102,61.055,115.61,-172.16,-94.468,-111.41,30.305,3.8484,0,0
8.2272,-7.0197,-11.232,7.4593,111.71,-15.922,-89,-47.039,-222.22,-67.219,48.839,9.2374,12.158,0,0
0.43301,6.8056,11.275,-67.68,-57.741,31.139,196.1,37.698,-325.57,183.02,-17.334,-41.929,1.7853,0,0
0,0,0,0,-23.639,11.898,-210.67,141.65,-2.7042,-40.087,32.951,9.5514,-8.645,0,0
0,0,0,0,78.047,21.43,181.06,88.728,6.8329,96.914,284.38,13.77,-0.12051,0,0
0,0,0,0,-1.1139,173.46,-23.995,98.714,185.61,-102.22,-12.701,-22.405,0.64767,0,0
6.0622,2.4199,-2.7925,-71.192,-45.164,162.1,-37.237,64.54,-83.651,69.57,42.132,38.39,-0.70809,0,0
36.806,-15.53,-14.225,57.895,-119.9,67.348,-31.764,159.93,-130.45,290.07,-194.62,-41.22,-49.516,10.409,20.763
13.856,-8.1848,26.575,-1.5245,15.86,-68.359,115.63,89.251,-253.76,238.57,-93.697,-96.2,-2.9732,0,0
-2.5981,-22.404,-8.3038,103.88,117.96,-283.33,-128.23,323.27,312.96,-197.98,29.919,45.298,-24.181,0,0
9.0933,36.147,17.714,-151.44,81.283,-153.82,-18.696,-101.99,-128.25,-91.118,-23.176,-116.89,35.333,0,0
-23.816,42.902,90.007,204.13,51.741,-129.6,16.71,102.74,-99.262,-324.59,-54.229,151.93,82.65,-54.191,26.023
-9.9593,20.789,-19.954,-14.52,233.46,-72.764,95.926,257.4,-58.645,-39.61,-166.94,-140.34,16.57,0,0
-16.887,2.1309,2.6388,-203.63,18.936,-32.776,-337.71,-104.33,120.23,-193.07,-206.46,-179.59,105.45,-28.159,12.557
-6.4952,7.6537,8.933,3.0604,-272.86,-137.65,-16.885,175.82,-207.62,-362.34,87.374,158.16,-32.621,0,0
16.454,-33.517,31.84,55.496,1.0159,-105.56,-147.73,-131.1,164.22,-210.73,25.243,-20.195,-0.35825,0,0
-22.517,27.097,5.3135,133.75,-138.39,-305.89,-191.19,109.01,-223.52,-127.64,-120.5,-25.898,172.3,-28.384,-4.3301
31.177,-15.108,-100.82,41.461,130.47,-149.42,-299.95,426.67,-49.7,-201.61,37.333,-241.71,16.382,3.9968e-015,6.6613e-016
9.0933,0.33975,-50.923,-19.931,-38.264,3.7099,-311.59,-73.352,112.39,-40.758,317.4,-155.81,-73.481,28.159,-12.557
-8.2272,11.343,-16.118,-70.997,-92.726,34.513,-280.37,-95.932,170.89,4.4846,149.92,-17.279,2.4444,0,0
-15.588,-28.493,-8.7811,154.5,49.315,-280.81,-399.51,102.64,-115.82,163.48,-121.41,-64.562,-31.957,0,0
0.86603,42.131,1.5832,-83.805,-94.238,149.56,372.35,-36.362,-122.28,135.09,211.92,-159.08,3.7349,0,0
-13.856,8.1848,-26.575,1.5245,-249.37,33.912,37.248,189.51,-148.29,-436.48,-141.52,-41.318,32.522,0,0
-14.289,-3.1143,-242.22,-49.7,-31.019,-168.25,12.364,-125.08,-217.22,-53.935,-77.143,75.989,6.8054,0,0
-11.258,-12.292,27.571,-77.36,19.41,87.501,-59.274,71.693,-76.19,219.64,-206.43,-34.413,-3.0368,0,0
-3.8971,17.544,16.147,-72.158,14.965,-214.53,-59.582,-103.22,-87.157,-70.016,-165.97,219.9,-75.334,28.232,-15.552
-2.1651,34.649,-58.05,76.782,58.312,-112.53,-119.29,-150.69,-158.07,60.375,208.87,38.264,-3.7578,0,0
6.4952,-15.734,-13.877,-140.89,131.42,74.63,7.7826,-208.15,108.83,-67.699,-74.407,-53.932,2.0449,4.183,-18.62
-9.0933,-15.013,-8.4982,90.194,148.41,37.193,118.12,-107.91,-99.838,81.653,160.13,158.33,-161.09,54.411,-25.548
-3.0311,31.252,35.039,-162.69,94.416,69.114,-147.04,22.333,-17.11,-19.151,159.45,23.488,41.164,0,0
-12.32,19.12,0.51554,-145.54,111.51,-133.91,42.12,-280.55,-51.918,154.51,-97.341,306.32,-131.87,13.821,5.6292
-17.321,9.6489,-89.95,-157.54,167.43,-258.42,-177.53,7.2347,391.04,101.58,-65.124,-19.641,71.01,-28.159,12.557
14.289,1.0407,-85.437,85.477,-24.594,70.553,-108.05,195.46,90.003,90.782,86.702,-108.21,-47.936,5.9952e-015,-2.3315e-015
-16.887,15.289,50.574,23.71,51.621,-149.18,142.95,123.59,-106.41,9.504,-53.719,-96.158,-68.71,-4.183,18.62
7.7942,-28.979,4.4479,52.179,198.89,-190.68,-204.37,-171.35,64.332,48.558,11.996,-61.722,-6.9881,0,0
-7.7942,-9.5131,-0.49167,-61.788,-110.11,85.421,110.12,-259.8,355.98,123.4,-252.38,218.08,-27.805,0,0
0.86603,15.531,18.404,-61.955,-171.53,165.16,66.991,-154.4,107.5,143.75,21.539,-232.42,-15.893,0,0
-4.7631,3.933,-6.4019,63.203,-21.567,72.073,-177.48,-209.11,91.208,-6.6493,105.51,-109.56,16.2,0,0
0,0,0,0,-162.2,14.432,-147.44,-209.23,-39.905,110.57,151.05,-54.577,-4.8212,0,0
3.8971,-5.4772,-2.2973,84.156,52.656,-32.704,-180.95,-82.295,-46.513,-162.46,121.63,33.062,-6.169,0,0
-2.1651,34.649,-58.05,76.782,108.11,60.973,-327.41,64.075,-49.783,62.482,-58.295,-83.159,-34.485,0,0
0,0,0,0,165.86,-251.86,-5.4885,74.642,-193.05,-74.743,27.471,87.823,33.161,0,0
0,0,0,0,-65.368,54.052,-106.64,341.36,-84.465,-43.998,-361.61,-28.161,-4.4492,0,0
9.9593,-20.789,19.954,14.52,94.404,-21.606,99.225,76.365,-237.64,81.995,71.214,-38.451,-47.11,2.0215,3.4641
-7.3612,-15.025,23.504,-33.507,230.72,-144.18,-107.76,80.902,114.78,105.9,40.521,-92.479,-37.123,0,0
-5.1962,-18.616,-25.508,138.88,-30.887,-146.58,-124.74,-15.282,162.92,-163.76,-271.92,74.931,-62.402,-8.6247,-30.311
-24.682,22.01,-16.783,-57.123,-38.741,-191.76,148.6,-127.29,6.7451,-114.55,113.48,225.25,137.39,-27.929,-1.7321
-10.825,-23.859,27.613,8.6926,90.351,55.502,108.82,2.8141,53.451,-1.2811,-55.552,143.2,-23.785,0,0
0,0,0,0,-29.807,26.502,-280.72,-222.69,-35.158,165.21,101.33,-20.649,-2.4755,0,0
-1.7321,-1.384,-4.2321,-30.021,43.387,-97.603,97.608,24.036,-0.34271,30.075,241.82,136.03,-27.904,0,0
0,0,0,0,62.452,274.77,-120.97,-23.425,104.1,36.832,-50.341,272.89,16.174,0,0
0,0,0,0,10.968,-167.27,67.954,24.345,-106.57,-315.8,110.76,-33.04,-1.0784,0,0
-13.423,14.99,-15.301,-66.156,-45.791,-177.36,6.3754,130.08,-36.572,62.458,81.27,-45.513,0.66987,0,0
0,0,0,0,16.703,45.242,-212.31,-335.95,85.873,183.87,2.0505,15.719,4.896,0,0
0,0,0,0,-34.129,-97.221,141.13,87.735,56.879,-182.11,19.956,0.81675,-2.4073,0,0
0,0,0,0,-17.388,13.086,-72.59,-18.761,-64.706,184.7,15.534,-138,16.046,0,0
-3.4641,38.053,15.217,-258.13,199.09,-98.546,197.12,-50.692,-27.74,134,17.916,45.927,5.3984,-31.602,36.373
-8.6603,17.606,-21.352,69.033,23.458,101.62,55.416,-62.087,5.0219,-118.61,-277.31,56.571,9.2417,0,0
-6.4952,12.727,-11.886,-40.976,144.11,95.619,71.44,18.112,-152.02,-203.04,16.112,-60.188,-86.41,23.976,6.0622
3.4641,49.374,32.33,-245.57,-78.712,-115.02,35.208,-13.064,-85.384,114.51,23.883,67.673,-61.58,0,0
0,0,0,0,59.859,-297.87,125.21,-85.926,-166.73,-154.08,-272.69,-190.56,-21.466,0,0
5.1962,-3.6471,-0.81699,-4.8415,-68.356,-95.101,107.89,167.89,83.082,209.18,304.38,-18.367,208.55,-23.746,-20.352
-8.6603,4.5377,-27.392,-3.317,107.2,134.53,-48.192,98.111,71.789,-343.24,-83.659,22.033,-1.3595,0,0
0,0,0,0,9.5981,45.95,-124.81,257.72,-112.68,128.02,-129.93,-139.07,-36.97,0,0
-11.258,-12.292,27.571,-77.36,-144.78,-168.67,96.948,294.87,207.7,54.636,-93.802,-50.703,66.826,0,0
8.2272,-22.173,15.722,-15.502,98.787,117.65,-39.816,49.058,94.005,-27.037,-42.832,198.17,-20.254,0,0
-15.409,23.713,5.026,91.151,217.32,-171.56,-16.229,70.853,-145.55,23.972,-152.74,-143.63,24.609,1.4211e-014,-4.4409e-016
0,0,0,0,-78.846,-1.2298,112.37,-152.59,-37.253,-52.065,86.837,50.435,-3.1686,0,0
0,0,0,0,208.39,314.53,-59.26,-48.488,-43.353,-235.22,-142.66,-86.307,24.36,0,0
-21.218,2.2272,-8.9869,15.897,-208.21,1.3991,-105.08,178.69,-15.506,-63.029,-117.17,68.271,1.7793,0,0
-5.1962,3.6471,0.81699,4.8415,-22.122,151.23,110.48,28.754,153.23,-117.87,89.43,10.01,4.2237,0,0
12.99,-17.149,10.252,54.728,66.156,-190.23,-115.28,114.76,143.18,6.5842,-165.16,-152.99,23.959,0,0
-5.1962,3.6471,0.81699,4.8415,-48.423,-104.65,2.7138,-10.762,71.309,127.8,36.375,143.85,-16.758,0,0
9.9593,-20.789,19.954,14.52,48.449,-288.65,304.41,111.01,196.97,-20.316,23.587,-23.211,4.7518,0,0
-19.053,-7.3774,-55.771,259.65,-0.17713,-3.924,16.824,-372.66,33.196,-65.856,-124.91,-226.56,28.739,0,0
-7.7942,-3.8038,-1.4396,41.17,58.146,-42.476,44.511,-6.4908,53.984,2.1313,-40.733,185.17,-19.649,0,0
-0.86603,-5.2321,20.685,3.4869,59.548,128.99,-109.34,-95.537,-282.5,144.89,-2.5646,120.71,-18.913,0,0
1.6098e-015,-2.498e-016,4.4409e-016,1.5543e-014,-86.383,195.06,-125.87,206.53,-142.58,-143.46,-244.88,-17.704,3.7413,0,0
0,0,0,0,-36.603,89.179,-130.03,88.352,123.55,-83.006,-127.14,-89.521,10.019,12.743,-4.7631
-24.682,-19.882,-2.6896,25.352,-2.0113,54.8,-137.4,137.15,-96.196,94.628,54.989,17.609,-15.533,0,0
1.7321,1.384,4.2321,30.021,98.507,-30.909,-116.75,142.52,-112.32,-145.66,-186.12,55.948,8.3236,0,0
16.454,-33.517,31.84,55.496,139.64,-45.883,-334.93,-297.84,4.4248,-315.09,134.19,3.4017,-16.685,0,0
-15.588,-28.493,-8.7811,154.5,129.06,263.92,-8.0693,-209.43,178.14,74.73,-193.74,231.08,-24.144,0,0
8.2272,-22.173,15.722,-15.502,21.62,-0.87796,144.71,-139.87,-196.03,127.25,93.253,9.7043,5.8347,0,0
-0.30144,-3.4441,-3.4698,-21.118,108.19,-103.73,223.57,-88.589,65.84,10.557,-236.04,-16.761,0.85858,0,0
-22.517,25.95,32.549,-218.31,58.484,73.034,79.015,-77.543,-213.23,51.939,-16.934,129.42,-11.585,0,0
-0.43301,-6.8056,-11.275,67.68,-110.56,150.56,66.797,55.621,462.46,193.28,38.715,-183.86,-34.306,0,0
0,0,0,0,122.16,-187.16,31.183,-148.39,115.89,61.77,-77.34,19.581,4.9603,0,0
0,0,0,0,-261.46,-59.436,120.65,153,398.14,92.274,147.95,20.857,-4.2731,0,0
0,0,0,0,-132.92,124.66,-156.26,219.25,-41.812,32.66,-8.9728,-44.214,-6.9273,0,0
-17.754,-3.7596,13.286,-95.035,-144.28,-175.7,-38.636,109.29,261.31,16.893,-236.23,-125.43,36.056,0,0
3.0311,31.995,28.276,-161.56,6.1821,-98.007,109.02,-102.59,16.74,-159.43,163.16,11.199,3.4112,0,0
2.7756e-016,8.8818e-016,1.3323e-015,2.8144e-014,171.17,-96.849,62.242,-302.98,-16.662,-71.796,10.575,35.717,2.8018,0,0
-13.856,8.1848,-26.575,1.5245,-160.11,49.293,-175.9,25.878,252.53,99.537,-0.52083,-53.964,2.5179,0,0
-5.6292,1.6095,19.028,-49.85,143.11,-136.74,-141.62,-185.94,43.201,114.73,23.678,271.73,19.013,0,0
8.2272,-22.173,15.722,-15.502,38.312,153.84,-18.656,-83.091,54.707,-113.28,-74.646,-158.19,21.7,0,0
5.6292,-4.3857,-14.067,-3.5114,-4.9821,-97.18,-9.6321,-19.86,-417.4,204.02,213.49,-46.169,4.0009,0,0
-9.9593,20.789,-19.954,-14.52,-250.3,-104.49,41.389,172.58,-112.1,176.43,-27.362,71.485,34.839,2.2518,-10.825
0,0,0,0,142.23,30.028,104.24,32.924,-23.048,-52.382,69.437,224.34,24.617,0,0
-2.5981,-6.616,16.453,-26.535,-128.13,130.08,-107.72,145.67,-21.37,-224.05,-89.816,81.628,11.018,0,0
-1.299,-6.8236,-0.14535,-12.343,123.94,191.59,-219.97,55.738,-20.007,236.3,-70.78,-39.802,-4.1071,0,0
0,0,0,0,12.571,-97.546,46.403,114.73,-12.985,175.86,-99.387,257.76,21.549,0,0
1.6098e-015,-2.498e-016,4.4409e-016,1.5543e-014,161.21,80.64,17.181,-74.431,-160.79,287.55,-81.61,-3.9889,7.0066,0,0
17.321,8.6143,33.423,-28.309,8.3603,-99.168,31.686,135.68,-89.774,302.13,-5.0978,-80.842,-154.13,23.976,6.0622
6.4952,-12.727,11.886,40.976,-21.023,-109.89,45.446,-92.746,192.73,-79.707,125.8,166.84,-16.739,0,0
3.8971,0.89535,7.8367,-52.725,55.677,127.58,84.335,34.695,209.41,-87.649,-30.094,-7.0598,-1.6609,5.9952e-015,-2.3315e-015
3.4641,-15.654,107.85,75.182,-222.16,-217.9,178.18,-21.75,-7.7599,-14.701,-60.837,-32.617,-4.4506,2.2518,-10.825
-6.4952,-13.743,-9.4103,47.562,-82.667,186.49,-158.77,17.372,122.68,-250.12,-174.14,162.85,3.238,-4.183,18.62
0,0,0,0,-284.67,13.394,-133.47,35.396,202.48,-15.502,-134.98,36.752,-0.50985,0,0
0.86603,4.116,-25.716,-76.895,-50.583,134.15,201.62,-321.17,77.845,147.26,-35.686,-34.131,-25.041,-10.923,6.9282
6.4952,-34.771,-0.72372,226.5,74.146,-99.46,20.625,-21.53,-201.84,-48.282,297.32,146.72,-14.795,0,0
-36.373,-10.57,93.231,53.71,-157.94,22.006,-105.54,-83.006,252.41,260.42,95.748,34.833,-57.165,0,0
-22.517,25.95,32.549,-218.31,-100.52,369.66,177.7,51.676,133.98,-194.07,-132.25,19.083,7.2255,0,0
-5.1962,3.6471,0.81699,4.8415,122.43,-182.49,10.274,-28.56,-61.375,64.564,69.03,-219.61,20.759,0,0
-13.856,8.1848,-26.575,1.5245,-108.64,60.44,-7.6133,-283.34,-150.63,39.167,-75.346,-152.84,14.601,0,0
13.856,-8.1848,26.575,-1.5245,189.13,7.9808,141.67,-437.48,28.785,-77.244,-121.83,-32.815,-196.78,25.997,9.5263
-1.7321,-23.739,-24.051,165.38,-313.93,-132.8,277.04,-119.5,23.29,-219.64,192.21,-124.7,-76.829,-4.183,18.62
4.3301,10.982,-35.644,114.96,194.27,-18.264,120.19,110.67,71.647,-1.3622,90.439,-139.08,-137.83,-8.6247,-30.311
0,0,0,0,-112.65,-49.491,-44.688,-214.95,2.0603,-2.3463,175.04,-60.369,1.2224,0,0
0,0,0,0,-3.3436,-7.5405,-298.43,-225.76,-96.475,1.3275,-247.19,5.5952,2.8164,0,0
4.7631,40.216,-32.603,6.1708,-23.738,-108.69,110.32,37.323,154.04,216.79,-174.88,-89.955,14.326,0,0
0,0,0,0,100.29,-2.4728,-150.54,195.21,-181.65,172.3,124.5,-15.548,-1.7198,0,0
-1.299,26.27,34.441,-135.82,235.96,-165.79,-107.78,19.662,-47.559,24.733,234.7,166.47,-26.619,0,0
0,0,0,0,176.85,-42.445,164.2,133.03,-181.83,-45.131,0.65456,-44.779,67.442,0,0
5.6292,-17.959,32.571,44.463,-54.383,248.59,-112.57,-218.99,203.99,-115.34,39.655,-127.42,25.41,0,0
0,0,0,0,-107.89,-118.87,183.89,181.8,69.657,-48.783,129.03,48.979,-4.6014,0,0
0,0,0,0,65.472,32.026,-56.078,-351.23,114.39,138.07,235.24,-10.468,2.6175,0,0
-2.5535e-015,1.3323e-015,-1.3323e-015,4.6185e-014,22.091,40.587,157.98,-205.09,-17.822,72.725,-0.41113,239.03,80.636,-28.159,12.557
0,0,0,0,-120.62,75.936,-92.83,11.03,-376.58,-225.88,-190.79,29.025,6.4313,0,0
-13.423,14.99,-15.301,-66.156,44.06,-26.472,240.89,-8.3262,-125.03,-365.26,-38.056,85.777,-8.0544,0,0
-10.825,14.198,108.83,182.44,-398.88,83.023,203.83,50.697,-180.9,-244,12.093,-131.33,-108.68,28.878,1.3358
0,0,0,0,-45.293,-44.856,-150.99,31.093,-8.6978,-55.608,211.61,15.256,1.9976,0,0
-2.5981,1.3301,-2.1962,2.1585,-186.5,64.819,-342.35,118.88,-274.42,266.88,-95.935,38.083,7.7617,0,0
6.4952,30.111,-30.657,80.099,38.152,249.49,165.45,137.99,-94.633,33.042,-88.689,-138.27,25.384,0,0
6.6613e-016,-22.044,-12.609,185.52,-80.367,2.5273,-82.36,7.3022,16.293,-68.516,-77.421,17.788,3.0347,0,0
15.588,0.46715,3.5442,57.264,51.059,-42.846,-73.147,9.3289,-100,-49.041,112.44,-282.51,-14.762,0,0
-3.0311,-13.422,5.1782,41.146,-133.73,-282.85,-7.5402,166.08,-583.9,-88.396,157.13,-166.69,25.929,0,0
19.053,-11.698,20.301,-179.71,-201.61,96.692,255.68,-63.799,210.43,-44.136,130.01,39.541,0.76258,0,0
0,0,0,0,-47.689,-125.71,-166.85,205.51,-13.157,149.91,211.55,8.228,-2.9232,0,0
0,0,0,0,172.47,165.32,54.019,223.01,-76.951,-42.614,94.921,77.576,-3.7404,0,0
-3.6749,-7.5245,-15.485,35.618,-47.453,205.46,-278.91,-52.529,195.88,-69.579,-12.123,-12.495,-82.845,28.159,-12.557
16.486,4.4223,18.413,-114.5,-29.996,56.056,-156.22,220.55,36.135,181,41.956,47.513,20.041,23.391,-22.517
0,0,0,0,-86.93,-42.55,180.21,37.277,30.288,-184.68,80.004,171.8,-16.289,0,0
0,0,0,0,-40.737,-8.8087,270.99,53.935,137.31,-3.3485,265.94,23.227,-2.4396,0,0
0,0,0,0,81.004,133.38,-32.956,128.47,-27.414,-144.93,110.09,-20.842,-0.097196,0,0
0,0,0,0,10.857,169.26,-239.13,214.25,-464.69,280.14,147.6,-29.832,5.4309,0,0
0,0,0,0,89.414,-86.449,198.85,-286.52,-61.377,-100.92,58.129,-152.22,23.267,0,0
-11.691,16.374,-11.069,-36.134,-286.55,366.23,-236.48,-225.79,394.86,-53.058,-105.37,-185.38,30.591,0,0
0,0,0,0,-57.505,151.39,103.01,265.98,142.16,122.22,219.5,56.747,12.366,0,0
0,0,0,0,85.503,-215.51,-152.48,-9.3928,37.419,-44.476,-69.44,-3.0832,4,0,0
-6.9282,-12.408,-11.239,22.93,178.73,75.274,282.85,-35.894,-87.984,200.69,-136.95,58.605,46.28,0,0
-5.6292,4.3857,14.067,3.5114,64.395,173.79,27.09,24.005,47.205,52.818,-10.312,83.792,114.77,-28.159,12.557
0,0,0,0,-86.158,-90.597,-107.65,60.804,-145.11,-9.5207,98.781,-23.031,3.3684,0,0
-5.6292,17.959,-32.571,-44.463,27.972,131.56,-71.663,24.145,-17.789,54.868,1.7947,18.777,-0.9133,0,0
32.476,-4.0167,-21.725,89.366,-175.1,75.374,-63.747,5.8862,-238.45,38.768,17.77,52.193,11.302,0,0
0,0,0,0,19.97,-109.23,95.801,142.1,-124.66,157.2,24.49,-200.9,22.5,0,0
0,0,0,0,81.65,301.87,-167.22,312.47,-217.45,131,-103.91,23.413,0.52725,0,0
0,0,0,0,231.05,218.28,60.384,-65.716,-242.69,270.31,-52.055,-1.193,2.0715,0,0
-2.1651,-8.1896,-15.507,37.659,148.57,-41.414,-3.4487,104.93,186.21,-249.55,84.81,45.013,3.7591,0,0
0,0,0,0,18.644,244.81,-81.985,-1.5491,-37.435,-15.011,55.416,19.068,3.7631,0,0
0,0,0,0,-161.44,40.392,343.24,-240,-79.545,67.685,-127.73,-52.53,10.859,0,0
1.299,25.587,9.701,-187.43,11.276,-151.51,142.37,103.98,-313.11,-54.668,215.46,-0.53156,1.1436,0,0
4.5523,-23.819,-124.95,-192.64,235,36.652,205.92,27.504,-175.69,46.897,-172.97,5.6607,123.77,-27.929,-1.7321
9.4201,-21.975,-8.951,-175.18,-135.08,-41.819,240.96,-134.97,40.218,-0.54247,16.531,-72.816,67.937,-28.384,-4.3301
0,0,0,0,-75.731,20.347,53.395,-128.52,-197.86,114.61,53.202,-10.865,0.84063,0,0
15.494,-0.85224,-57.771,-99.593,-63.735,330.5,-114.58,67.963,-8.5045,-76.975,-95.323,160.16,-68.842,-0.23029,14.289
0,0,0,0,-118.08,-142.45,151.53,137.99,-192.24,113.78,-15.902,80.808,-19.685,0,0
0,0,0,0,27.581,-33.874,-90.336,-336.42,-116.06,-112.74,-274.98,-31.548,0.61122,0,0
0,0,0,0,-2.6528,-154.48,16.42,-35.358,45.82,-24.325,134.71,-18.032,-5.1507,0,0
-7.3612,-40.832,3.3205,156.97,95.61,69.735,-24.565,-181.76,-31.463,-89.248,-54.502,-27.163,-32.369,0,0
0,0,0,0,-109.76,-93.3,-83.736,-108.42,-374.02,90.115,-185.98,-26.997,1.9453,0,0
-14.289,8.9234,-13.325,0.19439,66.548,-231.28,-304.78,59.811,-44.433,13.067,161.47,-15.416,-1.0179,0,0
11.496,-6.5185,-10.98,-5.9357,-135.67,-77.539,-145.83,35.058,17.547,5.6854,100.41,35.036,4.2623,0,0
-14.289,8.9234,-13.325,0.19439,-98.544,-126.61,-354.96,78.156,135.7,-171.31,31.118,154.23,-17.882,0,0
-11.258,-12.292,27.571,-77.36,44.655,-304.83,-5.192,-521.44,-380.21,13.367,-309.04,247.51,-15.659,0,0
3.8971,-12.044,36.626,92.582,78.331,192.22,189.53,54.867,-260.67,-54.871,229.25,0.12526,4.2784,0,0
11.691,15.964,221.32,140.18,-210.75,-137.86,-64.699,-56.844,107.39,-12.337,48.297,-158.01,21.149,0,0
-2.1651,-7.9886,-92.303,131.02,-80.729,-132.57,-27.465,499.65,80.232,199.87,-112.59,14.517,9.8586,0,0
2.6368e-016,6.6613e-016,1.4988e-015,1.6209e-014,-156.91,-114.58,-48.118,0.4565,0.23701,8.8759,68.12,38.013,-2.1016,0,0
-2.1651,-6.5736,0.3726,-26.387,-38.757,-157.26,-274.13,-38.174,406.39,33.778,-11.361,-183.42,5.5642,0,0
-5.1962,-10.665,2.2207,-26.729,-198.04,64.897,-123.46,-159.85,243.54,-168.6,18.166,20.233,-1.736,0,0
-2.1651,34.649,-58.05,76.782,214.42,41.295,289.5,212.22,-97.354,-138.42,-202.49,26.339,-1.4632,0,0
-10.825,15.332,24.013,155.12,-14.84,68.206,-44.091,123.43,368.21,-22.047,83.237,-23.829,2.0521,0,0
8.2272,-22.173,15.722,-15.502,-118.86,-51.864,187.96,-66.684,-50.047,-120.65,-123.15,59.707,-4.1022,0,0
27.713,-7.528,-75.875,176.04,117.59,-40.451,126.32,276.44,-1.4218,0.16762,246.71,-49.688,-10.071,0,0
-0.86603,55.108,-28.768,-156.36,-87.468,146.02,-299.63,56.851,84.251,-195.47,14.91,-156.23,-18.633,-4.4409e-016,5.5511e-017
0,0,0,0,133.22,27.213,-293.12,-13.611,42.442,23.238,-66.32,153.25,-17.295,0,0
-55.426,3.1769,50.996,101.91,-119.67,-308.32,-25.075,44.463,293.02,-113.35,-119.27,-72.59,63.273,-0.45216,0.27452
7.7942,14.33,30.75,-29.265,-4.6226,55.385,-67.947,74.283,-294.72,4.0419,80.518,198.53,-36.726,13.12,-10.087
-9.5263,-12.525,41.762,-128.23,73.203,-112.32,-172.25,-17.213,193,68.213,-179.25,-93.663,62.491,0,0
-1.7321,39.437,0.67292,-138.74,-93.315,-160.03,-403.95,-93.33,-180.61,-120.48,11.493,-198.64,-14.014,0,0
-5.6292,1.5442,63.904,212.14,-105.3,-141.18,96.297,-343.41,316.13,-175.25,-57.968,80.236,-1.5033,2.0215,3.4641
-20.352,140.66,-30.656,12.665,-159.65,279.4,-326.12,15.773,123.08,231.87,-234.98,70.5,7.0111,0,0
-3.4429,20.235,6.6845,-110.78,-121.78,97.121,-318.19,-134.12,168.95,64.616,-97.143,-121.05,28.089,0,0
0.86603,-13.837,-6.9623,82.102,83.131,131.43,82.621,-143.28,-173.89,71.536,-28.152,3.0136,-62.833,11.364,-2.4877
-8.2272,7.0197,11.232,-7.4593,-95.87,-229.05,76.655,-213.15,-87.978,116.98,95.774,161.82,-131.19,57.356,-28.484
-0.43301,21.448,-16.304,-12.394,-139.56,-304.71,-206.11,-147.43,51.274,198.82,-99.129,-20.609,56.328,0,0
5.5511e-016,-5.5511e-017,9.992e-016,1.1269e-014,2.1761,-54.576,-21.174,300.22,20.318,-414.28,12.658,10.136,-10.864,0,0
0,0,0,0,-194.58,-97.882,102.92,392.47,322.06,359.14,10.033,97.319,3.4038,0,0
2.5981,10.232,-36.608,-17.655,28.115,13.126,-92.678,497.73,390.05,48.174,135.21,-17.185,-7.6528,0,0
0.43301,12.19,-36.919,74.923,-109.8,103,-262.78,-156.75,-4.6398,-78.898,97.187,86.453,-27.205,0,0
0,0,0,0,9.6492,-139.8,196.4,-91.316,-406.3,-123.48,-88.056,15.684,-6.0841,0,0
-9.5263,-14.975,35.004,-93.173,-63.626,159.68,23.034,-333.96,-26.481,122.97,85.474,-6.764,0.85825,0,0
0,0,0,0,34.429,-57.633,-84.459,77.53,-88.051,-222.87,-34.052,14.245,13.398,0,0
5.5511e-016,-5.5511e-017,9.992e-016,1.1269e-014,-17.293,88.947,-198.52,-482.44,-147.98,116.32,-3.423,72.013,-0.76434,0,0
-1.7321,-1.384,-4.2321,-30.021,-126.22,-115.49,-181.71,117.2,205.44,314.62,159.68,-29.94,-7.7381,0,0
6.0622,18.696,20.018,-133.57,52.901,-12.616,-74.435,-387.56,125.81,196.49,188.29,-194.37,27.514,0,0
0,0,0,0,-42.137,-177.14,-47.714,-48.535,-372.46,-141.57,97.304,0.52141,-2.3388,0,0
0,0,0,0,-11.551,-33.794,67.744,107.22,-186.35,173.52,173.94,-44.744,-2.6567,0,0
2.5981,-15.422,-84.816,-150.77,-118.07,16.877,-84.498,14.478,-241.11,116.71,-19.702,-130.69,24.945,0,0
-1.7321,8.8905,30.387,-51.814,-72.195,141.15,-4.0836,-97.181,110.9,20.772,168.66,13.227,-8.203,0,0
-12.557,6.5149,74.295,114.19,36.035,-225.43,255.29,307.35,5.6564,251.73,-76.325,-76.474,49.933,-10.923,6.9282
3.0311,-8.1471,12.221,-15.923,-150.7,-111.11,-17.056,-184.69,70.598,-0.5149,56.253,-23.683,10.185,0,0
-5.6292,13.227,14.616,-94.128,98.06,-92.889,129.55,253.93,64.554,-12.631,17.461,-183.89,33.389,0,0
0,0,0,0,-44.938,146.26,176.88,-243.85,-126.5,156.24,48.612,141.79,-16.691,0,0
17.321,-15.997,4.8792,59.064,56.765,-400.9,-308.07,345.7,-65.89,-30.506,229.68,-37.605,-10.573,0,0
5.6292,-4.3857,-14.067,-3.5114,-105.67,-35.531,-96.965,-110.24,-125.14,46.387,64.039,-57.257,24.538,0,0
5.1962,20.147,52.085,158.15,-186.56,-61.331,-169.42,159.14,144.14,182.99,103.31,-144.74,67.807,-28.159,12.557
0,0,0,0,11.958,-125.49,-268.44,324.32,22.514,135.26,244.74,-35.833,2.9886,0,0
-7.7942,28.979,-4.4479,-52.179,-116.93,279.89,62.916,197.44,45.452,-65.952,41.841,-59.362,-37.413,-4.4409e-016,5.5511e-017
0,0,0,0,-0.86603,-242.23,72.715,-101.89,23.048,74.043,-38.165,34.355,3.4651,0,0
0,0,0,0,-13.304,-173.96,200.05,277.9,163.09,116.83,-93.331,-48.756,-2.9031,0,0
