17.5,-11.395,12.081,74.305,43.97,88.629,31.211,219.9,55.363,43.649,-50.259,-91.029,-9.3971,0,0
3,4.1651,-2.134,-9.9724,61.28,-137.15,285.59,231.25,-130.83,153.65,-60.85,286.44,12.637,0,0
0,0,0,0,-46.267,-122.84,-83.112,67.929,75.972,351.36,111.85,-60.358,-13.579,0,0
-1.2679,-2.7655,-1.8828,-1.0233,-23.892,173.77,-162.05,-243.37,-14.135,-202.12,49.819,130.53,287.36,57.471,-0.25
0,0,0,0,-25.857,118.84,83.863,219.38,-27.892,188.22,-138.72,-53.798,-13.599,0,0
0,0,0,0,8.2135,19.189,193.04,200.89,120.3,43.334,-84.547,8.1316,-5.174,0,0
0,0,0,0,-42.532,-81.034,1.3701,218.83,30.576,-407.41,-71.022,-173.08,-1.0679,0,0
-2.25,12.152,-1.6077,-13.969,102,127.59,245.25,-360.14,-90.698,-138.22,-184.65,-65.935,-91.723,0,0
27.5,7.3857,-0.25962,5.468,18.752,92.044,-25.861,233.47,214.69,24.344,-207.98,-28.155,-132.11,-1.9151,-0.45753
0,0,0,0,13.54,-150.13,-217.58,-348.78,83.752,136.75,-195.74,-98.472,11.063,0,0
0,0,0,0,1.2111,-64.332,75.764,-128.74,-114.5,87.247,-132.9,5.2957,-24.196,0,0
3.5,8.2272,-12.056,15.442,-82.83,155.42,359.38,348.76,-163.87,-8.1733,-206.61,-53.854,-95.981,0,0
0,0,0,0,30.026,79.066,40.402,-33.955,-56.643,-51.559,127.09,131.39,108.59,0,0
0,0,0,0,-33.372,-38.096,3.1272,-140.2,39.225,-105.12,-104.77,-62.268,-8.174,0,0
3.5,8.2272,-12.056,15.442,-162.74,-107.79,358.98,-478.22,-318.29,-300.3,-363.59,275.73,-11.355,-4.885e-015,7.7716e-016
0,0,0,0,-10.606,-22.174,30.406,-17.901,19.076,253.26,-19.839,6.0933,-13.254,0,0
0,0,0,0,1.5314,-41.195,259.62,119.25,-252.8,-291.64,-304.76,-4.8731,43.34,0,0
11.75,19.62,-39.437,-12.721,215.84,-178.3,23.998,-175.38,-177.37,-45.347,-87.943,-257.95,-117.26,-20.807,39
0,0,0,0,25.383,-192.61,8.1844,-39.503,137.98,-211.9,25.936,-203.21,-61.241,0,0
9.5392,14.1,-27.035,-9.6744,146.38,-16.506,-143.37,-44.763,-93.295,-207.56,-244.89,-176.55,19.404,-1.843e-014,-3.3307e-016
0,0,0,0,38.343,46.379,35.82,-283.6,-85.631,85.556,133.88,-34.321,0.34151,0,0
-6.75,-2.8481,-3.4527,-12.93,217.02,-69.231,23.451,162.8,-51.276,-472.31,-49.183,-37.507,-267.87,79.428,-16.5
0,0,0,0,-29.158,198.1,126.51,-141.47,18.498,117.61,-223.55,-225.29,-7.1405,0,0
0,0,0,0,19.305,195.83,-108.14,-36.069,-231.81,73.979,230.59,-230.21,-1.3783,0,0
-2,-0.38397,10.386,9.3849,-156.02,61.581,173.98,239.25,27.186,109.44,62.581,159.92,75.996,0,0
0,0,0,0,-4.9423,4.9181,10.476,-74.666,136.64,-83.783,-122.74,47.49,-42.862,0,0
0,0,0,0,-20.177,95.432,-228.61,-446.21,-44.28,61.052,-108.11,-19.899,18.955,0,0
0,0,0,0,-21.796,146.74,-74.952,-119.95,-241.25,6.2893,229.78,17.353,0.74343,0,0
12.061,-3.5221,-9.0469,64.051,31.339,-200.28,59.298,248.19,209.95,176.3,115.98,-25.554,31.887,0,0
-2.75,22.626,29.131,-9.5106,143.92,79.223,-159.63,-331.39,160.55,125.01,-174.49,-38.929,48.553,-51.116,32.25
0,0,0,0,27.215,131.79,12.539,-335.61,-27.406,-122.06,243.09,216.7,37.778,0,0
47.25,26.682,-36.048,186.78,121.84,-72.75,-82.986,134.9,159.6,-209.06,-376.2,-96.997,105.95,0,0
0,0,0,0,19.621,-171.26,-9.7954,124.86,123.94,-97.002,-37.187,15.888,6.8089,0,0
0,0,0,0,2.619,-48.83,-63.984,238.53,151.73,-326.79,-59.886,1.7799,-14.634,0,0
0,0,0,0,-10.055,26.927,134.37,128.2,84.769,-274.83,-230.03,18.998,-7.7476,0,0
0,0,0,0,29.274,-182.74,-86.481,-14.019,-258.73,26.36,-127.17,53.482,7.6965,0,0
14.25,-0.50481,-0.64887,30.342,-158.33,231.21,-125.31,36.792,-143.14,124.91,169.39,-140.79,95.249,0,0
8.5637,5.7269,-27.656,1.2051,-3.5665,-166.54,-163.66,-140.32,-99.848,-88.001,24.771,-61.955,-64.357,0,0
0,0,0,0,9.5846,144.53,188.09,338.71,92.396,-217.98,-217.95,44.661,-17.219,0,0
13.775,29.745,-6.5966,-22.697,128.4,214.16,-45.972,-278.4,-290.19,-96.311,37.384,577.34,55.109,97.695,-15
0,0,0,0,6.7685,-23.741,50.114,3.3878,-19.981,11.028,18.725,41.222,-74.479,0,0
0,0,0,0,9.1064,-25.684,68.974,-34.869,243.36,144.52,39.992,-107.49,15.989,0,0
0,0,0,0,9.7944,-52.026,-87.48,-140.94,-107.13,33.909,183.05,111.11,-20.181,0,0
-12,2.4803,3.9054,-16.866,22.241,-85.792,-64.074,-107.5,272.54,195.68,-181.19,-159.74,-6.2566,0,0
0,0,0,0,5.7348,-14.455,109.51,-111.57,69.687,-292.9,-120.08,20.613,20.452,0,0
-4.5,-5.134,0.88221,13.013,-29.684,-82.341,112.78,11.625,280.09,-66.646,-279.81,-161.91,-73.656,0,0
0,0,0,0,-1.0316,67.08,133.18,284.96,180.5,79.326,218.11,-10.672,-1.195,0,0
-20.5,-18.675,26.533,-48.57,20.712,-227.46,79.679,322.5,201.2,-19.869,-365.57,-108.41,70.084,0,0
0,0,0,0,-31.557,-36.38,-26.239,-164.22,-161.49,-152.18,14.502,-21.849,6.2231,0,0
0,0,0,0,-40.167,-137.37,227.58,364.08,216.88,-270.83,-243.9,14.445,-15.677,0,0
0,0,0,0,-41.224,-78.526,-34.834,37.82,-368.16,-384.14,-297.07,182.09,63.19,0,0
-9.992e-016,-5.5511e-016,4.4409e-016,-6.6613e-016,-33.587,-92.525,231.53,435.04,-137.46,102.59,263.02,-118.17,-143.59,0,0
0,0,0,0,-68.033,70.339,2.5748,-153.82,28.064,-294.15,-106.25,-221.39,-3.8481,0,0
0,0,0,0,25.44,-136.33,-23.972,307.5,-166.43,-113.34,-149.98,2.1205,-13.4,0,0
4.8873,3.5275,-13.764,40.891,136.64,100.59,-101.87,-41.124,0.79322,285.92,194.27,163.03,19.756,102.6,-16.5
0,0,0,0,-2.6759,-54.067,216.46,47.894,55.269,-63.53,-307.93,-13.349,7.7321,0,0
0,0,0,0,57.336,-83.427,-335.18,-154.61,-204.26,-89.142,49.477,-40.76,112.09,0,0
-30.25,-20.905,27.012,-159.98,0.3081,-20.577,-98.339,-89.184,-7.5964,81.111,-58.237,54.417,-97.631,-5.3291e-015,-2.6645e-015
0,0,0,0,10.763,-84.305,65.797,7.7711,-289.27,-170.24,242.61,-2.4054,27.441,0,0
4.25,35.239,15.623,-13.213,84.177,-131.43,57.986,-47.003,-59.766,-262.23,24.714,-2.0196,-213.53,51.476,7.75
0,0,0,0,5.0759,-38.467,-144.78,182.89,-276.33,6.3041,16.357,255.34,-15.602,0,0
-4.25,-10.417,17.446,8.0066,-13.123,132.66,268.2,-190.78,-55.348,-154.92,-291,-137.99,-61.604,0,0
0,0,0,0,43.443,90.666,-224.97,-375.82,-11.425,246.61,75.738,-261.07,7.9641,0,0
-1.7764e-015,-2.5535e-015,-2.8866e-015,5.3291e-015,-55.278,72.002,179.19,409.52,-74.303,72.868,-70.214,-35.217,-85.276,0,0
0,0,0,0,0.57564,17.699,-87.774,91.009,-31.635,83.204,-130.6,-84.709,-2.355,0,0
0.75,2.1896,-5.3905,-23.448,114.09,-28.345,136.88,121.41,-40.904,-158.87,-475.01,-52.407,-120.94,148.82,-39.25
8.1127,-6.823,-2.4186,41.782,-166.22,-294.3,-155.68,21.235,-7.6157,35.084,215.75,-12.266,-24.265,0,0
0,0,0,0,22.131,-71.344,-117.67,135.96,16.714,110.7,6.9054,-26.787,-15.181,0,0
0,0,0,0,-14.23,62.63,-113.85,-199.25,-218.84,-105.21,-72.306,-37.835,33.948,0,0
0,0,0,0,-34.858,-89.739,26.132,301.66,98.405,26.325,-8.0359,24.525,81.12,0,0
0,0,0,0,-20.63,154.18,233.55,136.32,4.8381,-187.95,-82.01,-229.48,-18.033,0,0
0,0,0,0,15.269,-192.25,-97.291,66.226,109.16,-210.32,-76.525,33.987,-9.27,0,0
0,0,0,0,22.611,-113.85,-158.42,-90.004,309.66,93.438,171.42,-211.47,-14.429,0,0
0,0,0,0,-22.302,157.8,160.97,305.87,91.575,-166.24,-83.713,-37.72,-37.409,0,0
0,0,0,0,-2.3232,-41.799,14.178,330.46,-190.05,-226.93,-117.6,13.447,-37.707,0,0
16,33.361,7.9151,9.7762,226.89,179.22,222.57,-23.812,-203.34,-126.18,136.13,105.01,-118.59,114.81,-15
0,0,0,0,-7.8066,-20.025,27.266,-25.159,-258.87,-257.2,-203.59,-16.719,-1.8929,0,0
0,0,0,0,5.9736,-7.228,212.1,340.11,241.28,143.9,-243.46,-19.248,-9.9506,0,0
0,0,0,0,9.1969,-91.147,-39.031,206.43,154.78,128.7,-352.94,-161.43,-94.256,0,0
0,0,0,0,7.1501,-96.905,-15.194,128.14,76.084,-73.639,-8.185,45.528,-4.1818,0,0
0,0,0,0,8.3896,-1.2981,89.131,95.428,-161.77,-110.57,-130.85,-65.828,12.514,0,0
0,0,0,0,-49.958,-19.883,24.533,-13.742,99.078,230.54,60.213,-109.88,-112.15,0,0
0,0,0,0,26.369,-170.93,-12.986,36.346,-311.07,403.46,-7.8657,-123.43,-19.276,0,0
0,0,0,0,20.834,182.56,196.52,-179.99,11.335,-257.79,-263.55,-87.517,16.763,0,0
0,0,0,0,43.217,19.325,47.966,189.25,98.648,-45.247,133.99,-92.727,-17.477,0,0
1.5,0.96891,1.2518,-3.0407,-85.184,-54.758,-244.09,-361.1,515.34,47.621,281.96,-150.49,118.65,-7.4127,-7.7386
0,0,0,0,-33.831,-87.411,-197.49,-73.776,-91.628,238.07,-79.128,-209.43,49.689,0,0
0,0,0,0,-74.912,56.073,-0.98115,105.11,12.23,-278.22,-30.648,286.53,-234.82,0,0
0,0,0,0,-4.0207,9.2156,41.097,166.53,-373.99,27.64,33.224,-73.189,4.0111,0,0
-13,-17.716,18.81,3.0232,-16.005,-126.39,-292.35,-252.71,-71.332,3.6737,113.07,21.688,90.619,0,0
0,0,0,0,5.4162,-84.594,-198.83,-114.51,-147.56,-249.71,-188.5,184.02,-14.464,0,0
-7.0037e-012,-8.8954,-8.4904,8.6279,-61.504,126.49,30.405,-335.5,102.8,221.62,-73.089,5.2811,-2.2835,0,0
0,0,0,0,1.372,5.7392,-190.87,52.618,-83.129,408.59,-140.83,-22.161,-17.562,0,0
5.25,-7.9869,-0.52628,3.997,5.7101,-64.901,-26.725,91.583,-133.7,-127.73,97.19,-174.72,-82.283,0,0
20.5,18.675,-26.533,48.57,137.7,-40.944,42.562,146.31,91.199,59.144,112.39,9.6185,-157.9,0,0
1.1618,1.6065,25.133,11.306,-163.67,-195.58,-276.39,-261.91,-234.56,282.09,-78.263,-163.06,42.132,-74.192,-3.25
1.5,0.96891,1.2518,-3.0407,-39.228,31.353,147.49,-87.835,42.525,-39.153,-21.665,479.78,-56.914,-122.08,21.5
0,0,0,0,-8.3609,44.56,199.09,338.61,-168.45,-131.64,-116.72,-71.791,8.9853,0,0
0,0,0,0,-5.8496,-55.054,-134.03,19.224,76.33,-385.77,-100.55,45.328,-5.1259,0,0
0,0,0,0,-21.504,150.1,315.19,12.905,18.879,4.9581,-82.405,-4.1829,33.067,0,0
0,0,0,0,57.363,-88.878,8.9081,115.02,97.715,-20.894,118.41,127.68,-101.78,0,0
0,0,0,0,-76.366,136.46,-36.583,44.963,-266.93,23.325,244.6,168.61,8.2006,0,0
-18.988,-30.012,-6.0626,107.98,23.367,-121.23,130.9,-182.71,-236.41,-146.62,-146.17,-466.78,-150.88,1.6687,23.9
0,0,0,0,2.9413,-56.211,-134.77,-158.24,-147.76,32.398,-171.5,1.4444,16.629,0,0
0,0,0,0,-18.463,144.66,-200.92,23.641,-149.59,204.41,-118.37,159.24,12.244,0,0
-12.625,0.55537,28.058,-99.379,-130.81,44.367,51.939,-169.56,-210.43,-270.5,-53.219,-220.31,41.15,13.355,-5
0,0,0,0,58.074,-64.113,-13.251,-15.328,-124.19,-121.36,-189.19,161.68,-2.2679,0,0
0,0,0,0,-12.928,156.34,-161,-275.83,-273.96,129.66,110.38,-6.9931,-20.141,0,0
0,0,0,0,-37.967,-94.263,-160.87,-40.447,274.47,-242.46,-18.28,-5.3436,-11.461,0,0
0,0,0,0,-0.34239,8.9434,-7.5769,-90.013,-390.33,-223.04,-101.81,70.452,-8.7374,0,0
-9.4877,9.3391,-2.1239,-79.91,171.71,21.287,-469.97,-26.456,-10.882,-1.43e-013,-5.107e-014,-6.9722e-014,-42.014,-77.906,-14.5
0,0,0,0,4.2542,30.42,-11.259,-259.62,-258.76,-110.13,-130.78,-93.842,22.31,0,0
0,0,0,0,-6.2797,-11.032,35.26,218.12,1.3404,89.644,-72.573,-87.247,-9.0389,0,0
-3.5,14.608,12.278,-1.5867,-9.0081,74.134,-154.93,3.078,-38.393,-36.846,-55.628,251.37,2.1699,3.3893,2.7377
0,0,0,0,-40.145,-97.921,50.469,388.27,165.4,151.55,23.281,-130.33,-207.95,-141.23,9.9225
0,0,0,0,-10.199,6.6864,-15.808,-252.22,55.403,293.22,145.51,1.5521,17.276,0,0
18.25,-7.3744,62.934,-124.28,-143.58,151.15,-31.113,-78.954,123.9,329.35,355.01,99.399,-233.29,11.97,8.4216
-2.2204e-015,-5.5511e-016,-2.8866e-015,-2.6645e-015,-26.496,183.35,-127.36,-234.74,201.93,296.05,500.16,110.06,-13.031,-4.885e-015,7.7716e-016
0,0,0,0,-11.919,-275.04,150.51,89.86,299.53,-177.88,-347.12,-246.83,141.44,0,0
14.25,-0.50481,-0.64887,30.342,-184.06,-114.02,180.65,-176.59,107.42,-19.259,-82.937,130.78,-10.391,0,0
2.25,1.9755,3.2566,13.476,-134.8,-131.11,-40.805,-306.12,51.937,-73.511,177.11,-77.318,94.577,51.476,7.75
0,0,0,0,-49.438,-40.369,115.71,51.635,-43.462,16.499,6.4221,-213.06,60.152,0,0
-10.113,-14.123,18.289,1.8567,-44.173,369.45,-67.765,-117.63,128.13,227.59,285.94,125.81,174.7,-125.28,16.5
33.25,12.242,-31.424,134.52,-49.705,-93.582,161.37,239.77,-195.26,-171.13,126.74,46.413,16.626,-122.06,29.5
-2.6151,-1.0981,-2.2443,-0.88189,-1.2371,25.22,-64.975,-67.194,205.37,56.65,280.94,38.962,-137.61,0,0
0,0,0,0,-11.2,-172.22,301.93,-108.12,-274.29,47.299,232.17,138.68,-17.739,0,0
0,0,0,0,1.8149,-53.482,101.81,245.47,-143.88,-63.409,71.286,-21.985,-4.4788,0,0
0,0,0,0,-25.823,56.1,-84.809,-362.43,80.15,-9.5646,16.257,-23.077,-10.828,0,0
0,0,0,0,17.087,-127.29,26.82,142.55,-38.387,18.576,190.96,-44.739,-5.0167,0,0
0,0,0,0,-26.584,108.11,167.71,93.644,-140.73,29.688,184.88,-84.009,-9.5867,0,0
0,0,0,0,-21.23,-290.62,120.04,343.92,358.51,89.306,141.62,-17.49,33.9,0,0
-0.36274,-20.652,21.405,-37.138,48.762,57.644,176.36,480.87,27.531,-389.61,-46.485,264.47,-21.827,0,0
0,0,0,0,30.113,2.9592,71.19,-108.35,72.006,24.308,-14.558,225.27,10.155,0,0
-3,-4.1651,2.134,9.9724,-29.651,41.958,-81.632,-22.96,-305.36,76.623,3.1589,-165.84,11.697,0,0
0,0,0,0,68.672,-73.761,-368.36,-258.72,-19.113,2.4278,110.4,-25.81,145.61,207.7,-2.5915
0,0,0,0,-43.346,-44.686,83.168,124.9,-24.588,-184.07,-219.11,-59.875,-65.411,0,0
0,0,0,0,-26.06,-167.32,44.765,-81.63,-160.69,-326.1,-201,96.444,-6.9085,0,0
0,0,0,0,40.301,-180.73,-254.79,174.9,253.65,-121.37,58.509,12.02,-29.703,0,0
0,0,0,0,-3.7389,-11.779,-36.942,-322.26,-155.6,-347.55,120.28,-172.99,42.314,0,0
0,0,0,0,25.215,-79.794,162.45,229.52,383.59,134.33,8.5332,-17.893,-27.312,0,0
0,0,0,0,21.52,-119.62,-154.66,-215.46,20.024,-87.955,-176.85,-108.04,-43.172,0,0
0,0,0,0,1.683,25.689,-231.72,-169.77,-6.8054,92.476,33.222,18.564,-13.837,0,0
0,0,0,0,-0.29071,-20.476,-132.61,273.51,72.484,-188.53,32.549,13.307,29.948,0,0
-0.63726,-24.612,-1.497,100.17,-98.232,-176.22,-13.576,233.39,139.61,21.788,225.18,117.66,293.81,130.56,-25
-26.75,-19.953,-3.9216,-26.247,130.86,148.62,134.62,154.67,145.83,-196.82,-520.5,-238.75,-82.211,-102.6,16.5
12,6.4151,4.5849,8.2386,16.835,183.47,83.96,-186.13,267.94,210.96,-329.65,-145.42,223.08,0,0
0.75,-5.567,7,-27.828,101.96,140.85,152.2,-66.594,139.52,-169.38,-182.75,-112.29,25.187,0,0
0,0,0,0,-2.6026,21.266,6.4895,63.337,270.88,165.31,-24.699,-31.25,-11.839,0,0
-7.0037e-012,-8.8954,-8.4904,8.6279,-115,71.134,139.27,99.804,87.821,127.07,-146.18,100.77,11.857,0,0
0,0,0,0,-15.757,201.32,109.88,115.94,-131.97,279.05,-326.35,174.8,-22.776,0,0
0,0,0,0,22.62,-130.57,283.22,114.18,108.06,222.35,-249.96,-221.77,-85.704,0,0
0,0,0,0,-18.305,112.13,102.94,286.01,-74.443,273.58,30.971,79.904,-4.1639,0,0
0,0,0,0,-12.538,158.22,-146.34,-244.4,-431.89,57.614,153.92,6.0753,16.349,0,0
0,0,0,0,2.0619,15.797,32.535,74.059,402.48,82.898,-230.38,-56.662,-17.324,0,0
0,0,0,0,11.262,-8.0716,-101.09,78.066,26.086,-14.293,31.899,-126.67,-0.21651,0,0
0,0,0,0,28.626,-128.63,65.91,-186.29,-452.8,-251.81,129.82,90.614,-16.948,0,0
0,0,0,0,3.4171,20.297,113.62,86.473,-13.156,-205.38,2.9066,-20.994,-8.4518,0,0
3.25,7.7434,20.124,-98.587,66.704,-22.675,-90.274,-256.28,-296.34,-61.543,181.34,-54.083,-109.35,105.5,-22.25
18.655,4.5951,-4.443,106.15,119.06,-66.479,26.96,-88.753,-168.49,79.001,-60.033,254.9,9.7938,46.219,-22.75
0,0,0,0,-29.516,137.78,200.94,56.187,-29.96,-73.588,186.06,262.23,-8.3433,0,0
0,0,0,0,-36.826,-21.741,-49.05,-55.159,130.78,83.048,-20.123,119.08,153.83,0,0
0.96979,-5.2069,30.285,-88.178,-23.917,123.37,37.892,104.5,329.29,-94.122,116.23,188.42,28.876,47.989,-17
-11.25,-2.0736,-0.86603,-4.9462,-16.481,-97.798,-9.7584,-84.726,77.92,-15.723,-12.053,-29.39,13.608,0,0
0,0,0,0,31.552,-184.49,-140.07,-70.451,267.07,20.947,-100.03,-128.15,23.046,0,0
6.5,12.392,-14.19,5.4694,-128.61,-136.77,-87.316,-7.3956,6.5644,180.78,130.07,186.22,-112.69,0,0
0,0,0,0,-6.1896,40.454,-160.89,-361.31,-115.09,212.56,-8.09,-48.772,53.245,0,0
-1.5,-0.96891,-1.2518,3.0407,53.822,185.11,117.63,126.15,121.03,143.36,3.2174,-18.368,63.279,0,0
0,0,0,0,-4.8068,-5.5201,-226.43,-42.477,56.122,-63.707,159.05,-209.13,-22.093,87.048,11.975
2,14.397,-13.616,25.196,239.14,-205.55,-118.53,-152.91,-20.432,53.172,-57.6,48.998,108.95,-134.62,-15.5
0,0,0,0,0.075318,-5.7215,-134.03,204.14,-98.087,-65.142,130.55,58.677,15.837,0,0
0,0,0,0,16.297,41.212,31.927,107,140.83,-142.97,7.6642,-114.17,5.2925,0,0
0,0,0,0,-0.45513,-49.289,-34.403,-120.05,109.1,-62.95,58.565,46.658,90.87,0,0
-2.25,6.9199,5.2338,-22.104,160.94,-139.02,-211.06,117.43,-94.2,-192.24,-0.23527,-202.09,-90.811,0,0
9.75,-5.6388,0.23334,43.356,-162.35,123.92,24.952,227.49,4.2089,-187.9,-158.2,-136.37,-155.51,-1.6098e-014,0
0,0,0,0,18.428,-96.749,52.803,-46.086,91.247,120.4,-22.541,-43.839,-6.1181,0,0
0,0,0,0,-4.678,15.96,70.876,-244.37,-227.4,-291.98,-61.679,-5.549,4.451,0,0
-6,2.4851,50.104,-164.37,184.63,-69.713,-276.83,-103.42,-174.08,148.92,-17.423,13.623,-29.702,-102.59,24.5
-43.132,-0.71475,-20.65,-116.33,-20.4,-94.305,-148.11,-34.066,-319.22,-229.06,-260.1,51.264,94.615,-1.843e-014,-3.3307e-016
4.25,1.1274,0.68958,35.97,-205.29,-103.42,-20.804,-158.16,-92.855,-255.26,121.5,-214.72,10.38,0,0
-5.8995,9.288,-6.8553,-29.567,175.63,90.824,263.28,143.37,161.86,-484.05,-531.3,-86.625,37.38,148.81,-47.25
-13.75,10.217,20.711,-49.251,-17.199,-106.32,296.54,46.235,18.871,70.728,-200.91,-91.541,52.146,0,0
0,0,0,0,32.701,98.085,197.05,196.07,19.239,134.6,-53.48,0.18093,26.366,0,0
-3,-4.1651,2.134,9.9724,-26.985,-79.045,100.61,-147.66,-100.76,109.43,-233.7,-132.3,-18.825,0,0
0,0,0,0,20.327,-133.74,59.967,-260.09,316.79,172.95,6.0963,-2.4851,-12.069,0,0
-4.5,19.072,3.6261,-36.073,211.49,-40.326,176.16,384.62,84.299,-71.032,137.47,1.5819,97.798,0,0
0,0,0,0,-20.344,180.59,-158.43,-22.101,1.9394,-127.82,247.28,202.77,28.582,0,0
0,0,0,0,5.4264,5.3615,59.762,346.31,-211.47,378.73,96.064,39.671,20.956,0,0
0,0,0,0,4.9175,-7.7231,14.702,-58.921,73.363,271.51,222.84,-7.4109,-4.4731,0,0
-2.2204e-015,-5.5511e-016,-2.8866e-015,-2.6645e-015,15.861,-132.02,116.26,253,-72.412,-273.72,-54.795,-81.226,14.139,0,0
-8.1495,6.1295,-2.7165,-3.078,87.508,-263.73,-15.895,178.79,-188.94,372.64,-41.006,-49.995,-27.722,0,0
0,0,0,0,-59.336,95.474,124.69,-24.74,-57.164,164.99,-253.2,-266.79,-240.46,0,0
0,0,0,0,0.11122,-74.51,31.727,30.278,18.929,3.6162,-245.55,-0.89711,7.3971,0,0
0,0,0,0,6.7353,-26.032,-50.875,-148.67,101.04,-3.1615,31.96,9.0385,-19.103,0,0
0,0,0,0,-4.8066,-32.827,62.885,-207.12,-248.3,-3.3672,58.604,-206.23,-17.162,0,0
0,0,0,0,-4.3905,-19.466,145.11,312.22,-208.7,2.9108,-199.73,-262.81,6.4396,0,0
0,0,0,0,0.97668,28.752,288.68,-21.068,-342.76,-104.57,-248.24,-33.252,28.699,0,0
-16.037,-13.21,39.856,5.1913,14.373,212.06,-211.41,-141.62,-89.745,-108.22,165.07,-188.36,27.874,-5.3291e-015,-2.6645e-015
1.8849,-11.275,2.62,26.563,-79.618,-13.498,70.657,185.81,423.26,-10.608,281.27,103.22,103.95,0,0
0,0,0,0,16.452,-182.66,-235.46,1.7234,39.105,-105.45,64.455,96.916,-22.026,0,0
0,0,0,0,-59.468,52.317,39.35,145.17,-103.03,17.486,-97.583,-171.84,-170.45,0,0
-8.75,-7.2452,8.5377,-1.3301,48.1,95.873,81.73,132.5,-178.74,-16.442,-247.33,105.41,52.515,0,0
4.25,10.417,-17.446,-8.0066,-47.659,-66.261,31.188,-155.27,31.437,1.2572,-325.44,57.404,133.24,0,0
0,0,0,0,-1.0913,-121.12,110.84,107.65,11.887,-502.78,-50.792,100.93,-25.175,0,0
-3.3651,-3.2877,3.1462,22.566,-145.01,-221.47,228.22,-107.14,-446.33,-504.98,-134.85,-88.761,-34.877,-67.614,-56.25
0,0,0,0,-23.836,35.202,230.39,-26.205,-120.25,97.567,-25.143,118.25,19.519,0,0
0,0,0,0,-63.285,7.086,-98.636,-78.648,-165.41,-82.374,49.512,176.06,-19.27,0,0
0,0,0,0,-21.162,126.96,-24.234,-12.208,-264.44,22.732,-14.772,146.61,19.008,0,0
-2.75,-2.8056,2.6716,5.6848,-44.792,191.16,-33.903,484.93,-312.82,65.459,293.4,-165.29,-122.49,0,0
0,0,0,0,23.45,-103.97,75.587,-38.39,-256.02,-166.65,164.68,-6.2942,14.038,0,0
0,0,0,0,20.907,-151.19,100.34,443.08,357.34,-290.63,-5.1528,25.292,-10.799,0,0
-21.105,-5.7245,22.699,-75.512,78.959,111.35,169.92,-206.23,-330.03,-83.042,-36.456,-135.55,70.62,116.67,12.25
2.75,2.8056,-2.6716,-5.6848,-3.0463,-138.22,155.25,-45.945,39.713,-311.87,-140.03,-131.71,14.752,0,0
0,0,0,0,4.9375,159.36,298.16,75.431,-6.1259,359.15,-451.48,-48.11,31.854,0,0
0,0,0,0,-9.2918,36.552,41.731,247.54,-77.402,54.259,-3.5057,4.0018,-24.793,0,0
18.5,1.7404,-12.657,69.508,11.891,-51.763,-168.9,-86.412,-132.74,120.8,220,-4.0513,139.96,0,0
0,0,0,0,24.601,-127.96,-127.7,341.96,-35.195,-260.65,-118.78,31.596,34.863,0,0
6.3807,4.1232,-22.636,28.774,87.892,176.73,-9.5631,-90.113,168.56,-125.21,-424.08,176.36,-81.752,0,0
-8.8651,-2.8989,17.69,-21.279,-116.93,-103.25,-248.52,23.672,136.82,135.83,51.67,-219.79,60.766,86.339,7.25
0,0,0,0,-7.5143,15.941,9.0067,-170.51,-36.359,-244.89,-5.305,-33.397,20.689,0,0
0,0,0,0,-8.6046,89.261,-13.798,50.584,3.943,-372.32,-112.25,24.366,11.913,0,0
25.5,3.3923,-6.116,-71.036,22.16,210.82,150.37,-179.35,-26.954,-243.18,-81.317,-41.239,14.467,0,0
37.799,24.14,-35.137,-10.887,71.428,45.832,-487.27,-239.29,-237.2,74.069,-70.124,-279.4,-53.754,26.747,-17.75
0,0,-2.2204e-016,7.1054e-015,-36.409,-111.43,-276.99,-48.33,228.12,116.06,-303.63,-7.0018,5.5311,0,0
0,0,0,0,3.5945,-73.539,53.416,-231.49,-133.55,144.24,-223.88,70.183,20.145,0,0
0,0,0,0,2.991,27.245,173.51,-143.12,208.82,45.706,-44.942,-21.634,-27.753,0,0
0,0,0,0,14.64,163.59,401.77,35.896,58.168,-32.043,-156.85,-106.29,-115.4,0,0
0,0,0,0,-17.237,51.738,59.461,-284.88,-134.25,50.634,190.55,312.58,-91.287,-122.89,20.628
-2.5,-32.203,12.935,-66.417,-142.36,-208.29,-12.128,129.11,38.75,373.02,462.63,-28.403,-169.46,-51.116,32.25
-3.3651,-3.2877,3.1462,22.566,-61.745,-94.371,-149.57,121.75,309.09,131.28,57.623,-185.11,5.7075,0,0
-2.25,6.9199,5.2338,-22.104,136.01,-15.825,169.06,3.2438,-162.34,23.35,-138.5,115.53,15.254,0,0
0,0,0,0,5.4938,-10.959,96.919,-296.61,79.41,-218.89,22.985,15.8,-2.4196,0,0
0,0,0,0,-21.191,128.88,65.076,-296.14,26.016,117.4,-154.78,-68.526,33.068,0,0
-17,-4.0083,13.776,-77.118,54.956,-79.975,39.939,-135.88,29.56,66.123,64.534,141.1,32.485,-84.883,-15.25
0,0,0,0,-21.138,228.15,62.747,362.91,-207.18,68.936,-279.95,171.2,-19.16,0,0
0,0,0,0,-28.292,191.58,191.99,21.122,-146.59,60.34,4.0285,53.305,9.9743,0,0
4.75,-14.087,17.328,33.869,-155.26,-187.24,443.14,149.94,-88.592,72.66,-266.61,9.4784,-17.463,0,0
0,0,0,0,-22.244,223.2,-329.47,24.177,-3.8544,88.09,167.45,-6.2209,12.676,0,0
0,0,0,0,12.93,-144.44,93.516,-167.98,117.14,-55.84,-126.95,-162.68,-0.43301,0,0
0,0,0,0,32.048,150.64,-41.698,-11.004,-109.78,-94.085,67.874,0.29696,20.244,0,0
0,0,0,0,4.7219,-3.6402,207.28,272.96,89.122,122.69,-204.74,-103.75,13.435,0,0
0,0,0,0,-68.404,78.27,282.03,-55.726,551.46,58.037,57.026,-24.028,19.433,0,0
11.25,2.0736,0.86603,4.9462,-33.588,155.42,217.19,200.25,-60.516,195.98,82.836,54.09,-21.036,0,0
0,0,0,0,-32.971,-120.07,86.196,222.77,155.32,-242.85,-288.7,-92.418,-16.61,0,0
0,0,0,0,13.142,14.465,-63.473,-172.92,-176.22,-254.48,-270.62,-127.87,20.078,0,0
0,0,0,0,5.3086,-8.0025,234.29,435.54,-161.13,-53.622,-137.63,-10.774,23.497,0,0
16.5,18.376,-29.296,62.063,128.09,85.699,-29.174,-99.016,-50.725,123.4,273.02,-2.5046,128.81,0,0
0,0,0,0,11.992,-50.246,-155.74,56.637,307.25,-89.822,173.14,20.98,-41.515,0,0
0,0,0,0,6.7159,7.8917,27.406,18.78,-4.625,14.034,-119.43,66.276,30.954,0,0
-9.75,-7.7828,9.8792,-27.406,165.17,-174.83,-286.48,-238,-180.84,-421.1,-236.51,218.13,0.93422,0,0
0,0,0,0,9.433,-28.582,79.024,314.65,277.16,-57.179,-123.39,25.817,10.187,0,0
0,0,0,0,13.603,2.5994,188.63,235.78,213.22,265.69,-150.6,20.9,-24.277,0,0
0,0,0,0,-2.811,46.435,-175.69,-293.99,-28.488,182.61,164.19,4.3367,-26.76,0,0
0,0,0,0,-15.991,-286,-22.149,-3.662,314.18,-98.978,-322.03,-88.278,25.387,0,0
-19.115,2.6226,-25.87,65.601,139.09,-123.56,54.67,10.883,129.15,-62.131,91.412,-329.52,-40.922,-73.24,-3.4363
-2.75,-2.1519,-0.084936,22.125,-147.8,65.872,-74.32,-46.502,147.4,-408.36,-231.71,-155.7,-37.34,150.43,-12
0,0,0,0,-31.063,162.78,-43.202,-142.18,35.958,37.291,-178.1,33.634,-1.317,0,0
0,0,0,0,-17.529,192.98,209.43,165.54,-137.75,-398.56,104.95,139.02,-14.478,0,0
5.25,-15.482,21.113,-105.02,113.94,-51.625,-159.69,-274.11,-102.26,-86.326,19.152,-45.36,-188.65,90.47,12.25
21.5,-2.7942,20.856,-9.028,5.3814,-225.94,-184.79,-27.777,125.99,261.59,-183.67,-54.724,121.53,68.478,37.75
-13.25,1.8266,13.789,-74.2,172.8,-46.625,-133.51,77.034,-156.1,-38.981,0.50442,102.49,-233.26,0,0
4.5,-19.072,-3.6261,36.073,-157.91,89.699,-26.344,-39.737,118.14,132.55,-71.655,-38.139,38.042,0,0
0,0,0,0,-36.603,-72.26,-176.57,121.5,-82.734,168.4,151.95,-79.25,-41.713,0,0
0,0,0,0,11.496,-177.59,-274.67,-56.851,-216.37,-356.57,-45.627,-14.54,10.373,0,0
0,0,0,0,-1.3206,-7.826,-41.312,-168.2,-378.96,113.72,89.712,-43.464,22.857,0,0
0,0,0,0,-60.249,44.727,-208.06,-308.05,0.49517,9.1619,35.371,-76.852,-0.40072,0,0
0,0,0,0,33.143,-117.74,79.549,283.94,161.74,-229.01,-352.95,105.67,3.203,0,0
-9.75,-7.7828,9.8792,-27.406,176.15,85.386,-109.72,59.582,150.77,-50.07,157.85,229.88,40.561,-166.81,13.5
0,0,0,0,27.211,-175.43,-210.93,-256.43,104.58,-230.79,-31.722,-34.329,-2.0514,0,0
4.5,-2.9085,-2.9934,-22.025,-11.329,151,-59.28,-86.962,-240.7,-115.24,99.425,132.02,171.16,-2.6201e-014,-1.7764e-015
45.25,34.754,-27.687,90.792,86.82,139.09,-180.41,87.175,149.53,66.602,104.76,-96.034,-92.767,-1.6098e-014,0
0,0,0,0,-17.844,126.89,-295.6,-290.6,14.74,29.618,93.33,19.818,-11.087,0,0
5.75,-2.7859,-6.067,22.607,-152.62,-54.353,-128.71,-32.829,-105.07,185.24,-151.64,-127.67,-9.1447,0,0
10.635,22.693,-42.808,24.33,-75.913,-40.683,-71.679,-305.98,-227.65,-66.475,-71.984,-64.919,90.68,0,0
-8.2802,-22.926,11.124,-21.003,-245.36,383.13,24.455,114.18,-36.691,-218.64,-136.8,67.062,-38.849,47.989,-17
0,0,0,0,-63.839,49.809,124.12,252.43,-182.66,-125.65,-50.6,2.063,82.723,0,0
0,0,0,0,-18.576,128.83,8.953,-6.9197,-152.72,-13.029,-381.74,-30.992,18.752,0,0
0,0,0,0,-1.5832,-31.741,-51.802,243.19,-127.84,101.86,-5.6854,1.0981,0.50897,0,0
0,0,0,0,-11.842,165.98,240.4,-89.122,-298.18,-236.18,92.017,115.72,-19.569,0,0
0,0,0,0,-2.5369,-87.201,-31.815,326.09,44.041,197.83,-111.49,-31.63,-18.703,0,0
2.25,-6.9199,-5.2338,22.104,-166.08,133.43,-118.84,-136.15,-339.43,56.377,163.92,72.384,17.913,0,0
-8,11.807,-11.69,-13.454,-10.112,90.214,-158.19,-115.5,86.834,107.27,506.13,-170.07,127.61,19.472,-5
0,0,0,0,-10.906,-6.9478,-252.07,-120.72,107.33,112.98,251.07,-89.851,8.6806,0,0
0,0,0,0,-0.51795,-8.8798,-12.225,-44.506,-50.606,45.227,183.64,32.819,17.319,0,0
-10.75,-16.129,0.52452,-22.754,116.7,145.54,16.41,-185.57,96.109,-227.67,-8.5344,107.34,-258.49,0,0
3.3307e-016,-6.6613e-016,-1.5543e-015,1.3323e-015,9.5357,317.07,138.12,276.49,53.989,-266.03,62.117,-114.21,-19.754,0,0
10.814,7.7024,-24.399,14.681,-161.8,-122.15,-276.11,-157.74,-37.391,99.064,-308.07,-177.08,-72.595,0,0
0,0,0,0,-28.948,-226.68,60.045,120.84,1.9272,128.95,-152.14,-168.7,1.98,0,0
0,0,0,0,-26.253,151.05,441.02,256.56,-191.95,-142.56,-40.311,-70.42,-4.4216,0,0
-7.25,-15.51,41.309,-54.86,-110.97,47.951,63.527,-255.82,-193.94,-49.882,81.28,-35.134,-202.68,0,0
-20.75,-13.312,9.9777,-127.4,-297.38,-154.92,-483.48,-61.331,464.86,-148.46,134.78,-115.13,-202.83,84.883,15.25
-0.75,12.206,11.698,-28.867,132.05,-32.979,183.99,-259.18,53.736,173.25,-67.857,121.41,-145.35,-73.233,3.75
-26.25,-24.628,37.021,-47.447,-16.767,-51.603,-312.35,121.53,-135.09,-126.7,163.53,61.86,27.124,0,0
2.3905,17.952,2.9083,-173.59,-104.86,-86.708,11.358,-11.26,108.73,199.71,351.48,214.85,-72.159,-122.06,29.5
-18.001,-7.407,23.521,-33.567,147.92,-253.57,-107.53,-24.479,-256.83,-190.83,40.68,241.45,50.26,130.85,-17.75
-14,5.6567,-5.525,76.702,-57.146,-141.62,-504.88,39.166,-98.506,-147.92,47.961,78.951,6.2721,0,0
-0.75,-11.085,-3.0998,32.076,-181.29,-45.515,297.79,-278.51,-188.89,104.48,-258.98,-108.78,8.9662,0,0
-5.25,7.9869,0.52628,-3.997,-52.522,137.82,-107.33,-192.69,-94.459,41.109,-199.53,-83.225,-5.8787,-51.116,32.25
0,0,0,0,-7.0808,-29.294,142.07,360.58,68.434,-91.957,131.38,27.767,-43.383,0,0
-3.5,-9.0197,3.4085,2.8546,-7.874,93.889,-361.58,-4.1539,-210.09,227.63,321.94,6.3773,-18.012,0,0
0,0,0,0,-7.8301,-21.136,1.1541,321.78,-167.99,117.11,182.16,-149.15,-4.9976,0,0
-4.5,19.072,3.6261,-36.073,221.52,32.252,231.25,-25.445,268.24,-193.65,63.794,-79.353,12.818,0,0
0,0,0,0,0.97252,6.9868,-13.22,22.455,189.44,242.34,-78.579,-6.0321,-20.792,0,0
0,0,0,0,-14.565,-220.75,-93.161,70.203,152.29,422.94,37.428,-73.068,233.93,0,0
-29.115,-5.2321,6.6257,-108.35,86.729,-38.071,-5.574,239.89,183.85,96.247,-25.006,283.76,-22.691,-46.219,22.75
14.885,11.703,-13.63,18.646,-26.981,-18.821,-182.63,-48.227,34.035,153.64,-34.699,-132.49,-58.409,0,0
-1.5,-0.96891,-1.2518,3.0407,72.23,49.863,11.651,81.998,58.012,118.68,-9.613,125.2,-82.958,0,0
0,0,0,0,-17.795,-213.75,8.9444,-58.377,355.06,70.624,-281.52,66.506,4.741,0,0
0,0,0,0,-60.654,-28.521,140.7,166.03,-142.18,-146.51,-61.332,-130.74,-22.606,0,0
0,0,0,0,-3.2422,5.907,6.0154,-163.67,93.39,-138.12,-148.5,71.412,11.766,0,0
0,0,0,0,-34.877,175.92,-164.74,144.29,-25.339,-269.22,-109.23,-82.624,23.506,0,0
-2.25,-3.1585,4.1388,26.489,-77.365,21.184,149.43,234.5,108.63,-19.553,-407.32,-68.858,-23.598,0,0
0,0,0,0,40.57,132.64,157.68,-281.19,-310.79,-64.535,-58.409,-120.62,38.887,0,0
14.75,18.886,-16.353,-27.058,256.97,-91.633,-44.601,72.786,182.48,-166.96,-252.84,43.982,-19.514,-1.843e-014,-3.3307e-016
0,0,0,0,-1.1328,41.445,-100.11,61.802,-118.43,-49.804,137.48,34.514,-0.85617,0,0
0,0,0,0,-6.2595,32.004,-7.4771,207.27,208.85,-12.914,248.69,-14.412,-26.334,0,0
0,0,0,0,-4.8368,-29.615,-18.98,209.97,-30.763,-88.075,340.26,91.941,-16.596,0,0
20.25,18.345,-20.335,14.366,-99.336,55.156,266.12,260.55,133.35,38.79,-123.81,-102.15,-89.256,0,0
5,3.5784,23.286,-44.55,28.357,-34.04,45.244,-18.505,-235.27,-212.5,5.3266,-17.209,47.121,0,0
0,0,0,0,6.8759,-45.576,-64.948,-185.67,76.246,134.35,-160.75,176.75,-7.1896,0,0
2.5,-4.1896,-7.701,28.133,-155.71,-26.084,-4.1972,169.55,-57.151,329.84,157.75,192.52,15.286,0,0
-1.7764e-015,-2.5535e-015,-2.8866e-015,5.3291e-015,-23.892,97.912,-142.96,-99.879,-197.8,-83.69,-28.44,189.01,49.168,0,0
0,0,0,0,-14.738,87.482,19.362,-40.206,154.75,-145.81,-389.05,-70.912,-37.584,0,0
-11.25,4.6699,-1.4851,-40.315,142.27,-31.223,30.808,-5.3776,-92.63,-48.83,-159.08,144.5,-27.441,0,0
1.7198,-19.318,35.591,-6.3581,-151.94,177.54,-253.1,109.38,160.17,184.21,146.04,-87.469,-210.98,46.219,-22.75
-4.25,-10.417,17.446,8.0066,35.382,68.383,32.654,63.35,148.31,-355.48,85.385,98.34,-15.785,0,0
0,0,0,0,-0.44263,19.061,-66.606,-96.297,33.06,87.087,74.266,150.68,54.917,0,0
0,0,0,0,-0.3379,-18.286,122.12,-150.17,-93.854,-42.961,-11.464,58.467,10.794,0,0
0,0,0,0,17.04,-139.52,45.161,110.97,140.47,-201.16,-165.56,21.33,1.1005,0,0
-3.5,-8.2272,12.056,-15.442,79.614,-99.357,-184.52,-282.33,71.827,-132.35,39.187,-15.649,172.06,96.757,-17.445
0.75,11.085,3.0998,-32.076,225.79,54.923,202.69,37.851,91.108,-198.43,-215.84,-47.506,2.3962,0,0
0,0,0,0,-16.912,206.66,120.77,159.37,-279.7,-415.53,-186.72,-158.27,-0.76795,0,0
0,0,0,0,1.6166,36.215,-11.234,42.463,-186.04,161.24,254.83,-51.401,5.8272,0,0
-11.25,4.6699,-1.4851,-40.315,234.41,84.459,223.73,227.64,288.37,-103.58,-309.77,-35.242,2.1495,0,0
0,0,0,0,22.718,-142.2,-54.707,-56.922,134.79,-87.805,-55.897,96.342,-28.071,0,0
23.75,7.3875,-24.727,-57.701,63.264,-124.01,66.363,-60.732,308.64,195.42,439.25,-241.38,-19.472,51.128,-24.25
0,0,0,0,-4.4737,-31.083,152.61,-4.4992,-112.19,43.207,-186.97,141.11,25.783,0,0
0,0,0,0,-3.3562,-38.635,-7.8401,-130.07,70.017,-224.47,-250.1,-170.63,85.244,0,0
0,0,0,0,21.938,-103.68,78.305,-0.95818,13.886,126.16,100.8,-27.608,36.875,0,0
0,0,0,0,-1.3902,-52.033,122.26,-285.91,-132.31,-92.907,192.99,223.81,7.4151,0,0
0,0,0,0,-28.009,197.68,-293.3,-360.94,-152.08,263.82,-90.8,-66.639,-20.911,0,0
-37.838,-4.7823,20.936,-159.09,-101.51,212.31,-153.04,-231.45,-40.042,61.046,-236.65,-258.1,-14.942,-1.843e-014,-3.3307e-016
0,0,0,0,-2.7724,-0.57388,-96.651,-229.14,56.114,114.74,177.77,-26.843,23.542,0,0
0,0,0,0,21.188,-127.96,-56.848,157.11,-16.014,151.87,45.056,-33.86,-21.176,0,0
14.25,-0.50481,-0.64887,30.342,-174.28,162.12,-137.65,-182.07,-20.627,-191.02,-222.03,21.373,9.6962,-4.885e-015,7.7716e-016
6.5,12.392,-14.19,5.4694,-71.725,181.54,7.1607,-254.46,142.93,-106.16,-355.57,-5.0607,8.5197,0,0
-20.25,-11.379,5.5897,75.033,-95.075,111.2,61.701,-6.8657,-123.43,61.808,43.312,73.521,-4.3448,0,0
7.1005,15.223,-21.551,-25.392,166.08,-221.44,25.13,-189.64,-56.783,303.04,-90.941,-306.46,56.792,0,0
0,0,0,0,-25.828,104.65,349.85,170.83,-45.585,-344.83,5.4574,106.92,-15.428,0,0
2.25,-12.152,1.6077,13.969,-129.68,204.17,183.04,70.885,-160.84,171.83,-307.26,-382.68,-190.03,84.883,15.25
41.385,-0.38702,-47.297,123.61,43.372,104.66,-146.45,19.872,-236.75,2.5368,-187.02,190.61,-39.549,26.747,-17.75
0,0,0,0,-4.2417,8.1826,63.288,-30.272,-21.778,-177.18,-397.97,154.83,-24.868,0,0
4.5,-10.176,4.8643,27.445,-179.88,-57.928,-190.41,-127.09,503.45,374.85,241.11,60.346,-12.237,0,0
0,0,0,0,-12.633,199.37,197.04,-296.3,33.285,-120.97,57.578,-111.97,-3.5143,0,0
0,0,0,0,0.50361,5.1956,356.2,-267.03,7.3239,-28.635,-59.701,-43.55,61.991,0,0
0,0,0,0,-27.274,229.09,150.76,131.88,-375.35,56.973,233.95,-7.9124,-12.601,0,0
-7.1127,-12.934,14.501,-7.1389,40.082,-84.887,148.81,-11.022,-338.62,-13.328,-18.151,-255.87,-110.31,0,0
-4.5,10.176,-4.8643,-27.445,124.3,56.247,56.423,-245.68,-59.694,-1.0752,-230.02,3.2075,2.683,0,0
-8.8818e-016,-1.3323e-015,2.2204e-016,5.3291e-015,1.0236,25.683,-157.32,31.759,23.189,8.2194,-127.32,29.782,58.144,130,78.25
0,0,0,0,-20.946,100.44,-43.932,6.8874,-43.142,10.767,-91.396,-29.082,71.674,0,0
0,0,0,0,17.416,-192.93,84.816,38.152,274.29,-107.65,94.9,-7.7317,-0.24551,0,0
-28.615,-17.149,-11.76,1.4977,-194.91,162.97,-9.5292,56.629,378.16,-231.26,-214.44,-167.32,-39.893,-97.695,15
0,0,0,0,-1.1459,-34.303,-33.327,-129.95,95.771,195.28,-70.421,-6.6561,1.0903,0,0
-1.75,-6.6208,-11.752,-2.4103,2.111,-296.07,117.16,-225.41,138.68,-123.78,-38.771,175.94,-21.077,0,0
4.5,-19.072,-3.6261,36.073,-160.76,7.5211,44.42,-105.67,-75.279,-188.18,-11.099,175.18,-18.065,0,0
0,0,0,0,-9.2823,-31.68,-102.08,-268.52,-26.179,26.801,2.2877,7.2141,-9.0556,0,0
0,0,0,0,-23.366,-134.09,78.474,2.745,-128.76,-144.79,-54.281,118.06,-0.6863,0,0
-4.75,3.3236,4.7255,3.4689,-25.771,247.59,74.164,15.35,-165.63,-471.9,-195.5,99.046,164.84,0,0
0,0,0,0,-10.549,23.461,-26.067,-165.92,338.36,155.87,76.569,5.9402,28.941,0,0
0,0,0,0,-24.565,46.17,73.35,-39.716,197.86,135.7,0.24319,38.877,-36.144,0,0
-0.75,1.183,-4.4396,17.141,239.05,-5.5214,211.09,261.42,75.361,84.258,63.295,-198.37,-169.43,129.47,-12.741
-3.3651,-3.2877,3.1462,22.566,-105.18,-134.73,30.48,-115.78,-529.42,126.49,-257.09,63.505,15.544,0,0
4.5,5.134,-0.88221,-13.013,56.293,-83.425,-24.539,76.842,-137.06,7.5328,14.412,-164.49,-241.7,-77.828,-10.75
0,0,0,0,-14.363,78.318,-253.71,87.941,128.23,-104.84,74.293,78.665,13.292,0,0
-2.25,12.152,-1.6077,-13.969,77.068,135.23,169.35,-38.423,187.98,3.3114,-213.52,-65.313,1.3529,0,0
-16.5,-4.363,26.066,-27.482,-67.733,244.01,58.639,60.393,243.92,-66.418,-5.6808,-98.566,0.15849,0,0
0,0,0,0,-1.5741,23.827,11.086,6.8808,148.79,5.5367,94.61,47.096,51.509,0,0
-2.2204e-015,-5.5511e-016,-2.8866e-015,-2.6645e-015,14.721,-185.02,129.54,-38.559,-66.22,-180.9,-83.591,-12.769,-85.095,0,0
0,0,0,0,2.5559,-6.7109,-68.469,158.4,-43.115,-135.97,65.314,13.01,-14.13,0,0
0,0,0,0,-24.541,104.39,-37.372,-586.52,-317.44,147.16,261.53,-58.671,41.069,0,0
-0.75,-11.085,-3.0998,32.076,-143.82,96.981,-42.475,-190.89,-102.4,-114.25,7.9272,108.78,19.281,0,0
0,0,0,0,27.215,-105.96,-55.251,146.83,181.05,-53.596,-9.8567,2.0635,23.535,0,0
-1.1151,0.72372,5.3866,-21.562,-0.6691,-212.68,134.03,-53.515,18.723,-47.078,435.56,-0.15849,5.3325,0,0
1.25,2.8152,20.087,-61.611,55.226,92.886,-306.05,285.48,-132.33,-65.021,301.74,298.05,-91.466,0,0
0,0,0,0,14.074,-35.489,-53.96,-141.03,-110.53,-95.373,170.94,-28.851,77.763,0,0
0,0,0,0,-3.9551,32.414,-155.17,237.54,197.31,309.31,-198.2,-88.649,-33.38,0,0
0,0,0,0,-5.3164,5.4261,110.38,4.5042,25.814,12.596,76.081,23.078,-29.803,0,0
-5.8995,9.288,-6.8553,-29.567,125.84,-192.68,247.16,21.173,70.191,126.12,38.704,-57.768,59.518,0,0
6.5,12.392,-14.19,5.4694,-94.362,-57.233,68.89,-159.73,198.19,-15.242,-233.81,167.98,-12.33,0,0
0,0,0,0,-0.075962,-10.602,-18.859,-241,159.14,116.79,-172.11,1.7745,-9.2321,0,0
3.1373,-10.383,14.756,59.542,40.25,-20.238,2.7641,-5.8075,209.23,66.938,-100.96,-5.9431,49.352,0,0
-13.5,0.31699,-3.1926,11.756,69.636,-16.66,-85.735,-158.03,-264.19,21.823,40.77,154.09,258.05,87.048,11.975
0,0,0,0,-4.4246,50.1,312.44,10.085,-290.26,-227.64,-134.63,-162.64,9.0948,0,0
0,0,0,0,33.411,-164.04,47.529,239.17,54.523,-267.59,204.7,-96.027,-28.673,0,0
1.25,1.8236,-2.067,3.3954,-41.294,-152.17,-71.398,145.91,396.25,-41.14,16.316,-168.19,102.19,0,0
0,0,0,0,-25.327,112.62,-20.438,-297.71,-551.71,-16.841,260.64,-47.487,-153.72,0,0
0,0,0,0,1.0502,23.754,165.2,182.71,-191.84,201.02,-288.66,104.94,5.2398,0,0
0,0,0,0,-1.7159,17.072,56.847,-14.668,-20.107,-114.24,-242.13,10.982,-19.591,0,0
0,0,0,0,-11.625,158.34,-64.822,44.218,-171.79,-227.45,-237.33,-138.25,8.8146,0,0
-5.25,-13.864,-34.544,-7.1764,13.305,-0.83399,-4.0773,-52.28,-114.35,196,-6.2632,2.1821,86.833,51.116,-32.25
0,0,0,0,2.986,-25.688,-121.7,42.042,150.96,-59.681,-88.961,114.65,12.924,0,0
0,0,0,0,11.906,-174.02,181.65,91.856,-60.098,87.276,-27.966,61.009,-232.74,0,0
-31.5,-26.896,21.708,32.484,31.288,-195.36,96.921,80.423,-41.096,-66.999,223.93,-184.89,-9.991,-1.6875e-014,-1.7764e-015
0,0,0,0,-4.6696,67.435,-11.534,-343.32,-104.46,-5.3899,39.171,-7.7928,-20.709,0,0
0,0,0,0,-0.66515,-65.714,113.99,-134.27,3.6031,-83.884,46.104,89.997,17.093,0,0
22,15.739,5.7369,76.636,-91.043,-89.381,-147.67,-22.221,-287.12,-0.13333,-111.31,-68.527,-28.83,0,0
0,0,0,0,1.2362,-57.936,-135.36,12.021,-201.57,30.64,48.414,54.901,-2.1298,0,0
-2.25,6.9199,5.2338,-22.104,181.53,106.75,-33.482,-308.93,2.7058,-155.6,-125.59,-466.56,-51.533,-122.08,21.5
-12,-8.2828,25.959,20.471,-147.37,-201.17,-118.83,-0.20878,-256.3,-62.987,290.03,214.49,22.237,0,0
0,0,0,0,16.081,-157.79,-90.222,-111.48,-375.24,301.58,138.35,-30.152,-39.046,0,0
13.25,9.4742,-63.691,192.4,38.665,-60.757,-254.31,-314.18,-256.24,47.808,-161.49,166.7,-12.877,0,0
23.75,43.771,-28.133,139.58,95.227,-110.42,-106.19,-356.17,-86.624,333.75,-71.361,137.33,-12.86,0,0
0,0,0,0,-19.606,138,227,312.82,141.14,171.81,168.78,160.28,-35.739,0,0
-11.75,-1.43,16.37,-10.443,-31.652,18.626,117.77,-140.7,-143.47,-61.824,-271.64,68.043,-5.7467,0,0
22.25,13.157,-35.113,106.9,-4.9814,112.74,146.04,79.751,-216.1,-138.2,-112.56,-210.68,-5.4551,0,0
-2.2204e-015,-5.5511e-016,-2.8866e-015,-2.6645e-015,-4.4506,21.875,-10.382,-549.21,207.64,25.467,-238.39,-38.744,105.76,0,0
-21.75,-19.402,42.571,-72.73,56.11,-38.098,-209.81,-105.63,-97.768,122.11,438.51,149.43,-29.414,0,0
-3,5.3349,6.7566,3.817,30.199,-104.98,57.331,-277.81,-104.08,-232.82,-103.61,42.542,-104.64,0,0
1.75,6.6208,11.752,2.4103,-51.885,122.94,183.94,100.5,-61.72,-98.999,-91.891,-211.92,0.77868,0,0
-21.037,-19.158,19.333,-15.922,179.51,85.607,218.62,246.04,208.45,63.33,51.214,78.535,120.34,0,0
4.5,-19.072,-3.6261,36.073,-236.87,-73.818,-207.31,-409.11,93.038,-109.13,154.42,-107.6,96.046,0,0
2.25,6.3612,-6.5179,14.484,-144.61,-11.095,19.383,-11.73,-71.387,87.974,78.323,-208.4,-17.478,-79.428,16.5
2.25,12.054,4.3516,-35.117,180.27,126.27,29.291,274.63,14.968,-83.566,-121.1,-312.1,-251.35,-19.472,5
-30.176,-30.909,-6.9674,-17.583,-246.67,-135.43,116.07,-141.41,43.026,54.743,17.103,151.46,-151.12,-22.959,-19.75
-5.25,7.9869,0.52628,-3.997,-11.879,129.3,-40.794,-22.864,-154.03,-133.17,-39.933,-46.445,-79.854,51.476,7.75
-9.992e-016,-5.5511e-016,4.4409e-016,-6.6613e-016,57.107,-27.302,-126.07,414.75,29.372,-144.62,-203.5,160.12,15.794,0,0
0,0,0,0,-1.0801,13.744,-159.64,104.08,44.449,250.92,-234.41,-171.23,61.698,0,0
-4.5,19.072,3.6261,-36.073,160.99,-121.11,276.36,374.95,43.014,-104.58,-229.05,8.5915,1.7728,26.747,-17.75
2.25,20.374,-9.7482,49.065,-113.7,142.44,40.511,49.28,-43.952,-78.421,-59.701,116.36,87.646,-6.0867,5.5999e-012
0,0,0,0,-6.1409,-1.6005,-46.704,-49.249,118.07,238.07,13.447,115.93,-100.33,0,0
-4.5,10.176,-4.8643,-27.445,143.68,21.457,27.803,-226.17,35.483,-323.46,-195.31,-176.49,14.039,0,0
-4.5,19.072,3.6261,-36.073,234.66,-112.57,63.972,-281.5,40.312,-1.9917,-66.62,-28.962,68.015,-122.08,21.5
-2.2204e-015,-5.5511e-016,-2.8866e-015,-2.6645e-015,13.26,54.99,111.49,-158.4,91.647,198.36,58.53,-227.9,-288.55,-51.128,24.25
21.5,14.69,28.78,-172.25,224.09,147.89,-158.65,137.91,-103.78,65.855,-393.28,-187.71,-73.336,-51.128,24.25
0,0,0,0,28.198,-204.94,-49.261,36.138,150.93,163.06,-49.976,53.499,4.8044,0,0
0,0,0,0,21.261,263.29,60.33,-155.91,81.159,55.425,157.01,27.799,11.678,0,0
0,0,0,0,-41.041,-96.46,-235.71,-169.44,253.76,6.5524,227.03,100.95,14.709,0,0
0,0,0,0,25.192,-125.19,26.739,277.01,137.71,-162.38,-16.9,-24.637,-27.798,0,0
0,0,0,0,-7.5437,-19.271,145.27,-0.94386,-242.46,151.36,60.764,75.225,4.384,0,0
0,0,0,0,-20.189,118.64,-249.84,-106.09,-201.27,77.733,-188.79,81.301,-0.69111,0,0
5.25,-7.9869,-0.52628,3.997,-8.1559,-118.79,-34.097,274.89,-0.3055,291.56,-282.19,14.282,6.6716,0,0
0,0,0,0,24.217,-97.1,11.391,-65.726,-55.278,-113.44,-91.599,-138.03,-108.32,0,0
0,0,0,0,-3.4306,33.324,-219.97,-159.09,-200.95,-61.738,128.91,55.028,12.215,0,0
0,0,0,0,-38.55,-104.6,-235.88,-1.0207,64.981,-153.21,261.68,-62.094,-32.443,0,0
4.25,1.1274,0.68958,35.97,-174.59,26.924,-156.02,-71.228,208.17,87.03,221.54,-105.57,-10.596,0,0
-2.7802,-3.3571,0.025721,-4.6462,62.537,-110.81,-355.33,120.72,169.24,96.594,344.26,-13.342,-14.245,-8.5043e-014,-1.3323e-015
0,0,0,0,19.457,-218.42,110.51,-91.374,117.26,-201.03,-17.754,-13.225,32.854,0,0
0,0,0,0,-59.405,15.966,21.315,-102.7,108,-48.958,-38.933,-160.67,4.25,0,0
0,0,0,0,-8.4106,1.9246,-237.13,110.8,-268.17,10.991,-93.37,88.991,-6.3023,0,0
0,0,0,0,-7.0204,1.3593,335.8,-22.872,212.5,86.332,-225.96,-34.865,-13.87,0,0
0,0,0,0,-1.9264,13.434,139.98,226.33,-89.548,91.592,-186.81,43.585,64.976,0,0
-30.25,-42.711,-6.4208,154.33,7.7018,-62.739,-122.81,162.45,26.662,-65.796,-85.221,146.94,91.942,26.747,-17.75
-1.75,12.986,-35.486,-17.366,116.2,45.809,-116.82,-234.12,282.1,-92.151,12.485,-85.459,-83.843,0,0
6.75,-7.0179,0.72548,0.95624,-74.242,-187.94,-113.6,-110.14,-212.22,-16.973,-128.74,15.867,71.741,0,0
-14.115,-16.992,24.197,-18.539,-53.884,-58.122,156.42,-91.306,-34.16,32.698,148.53,77.935,-229.82,0,0
-13,-17.716,18.81,3.0232,-10.112,-185.89,-102.29,-230.69,164.71,-25.06,254,-99.481,79.467,0,0
-3,5.3349,6.7566,3.817,-22.076,-311.44,35.708,-86.059,-145.62,243.48,-15.797,-6.549,-41.489,-4.3546,-10.25
-2.25,6.9199,5.2338,-22.104,174.43,152.51,97.889,-179.12,-99.316,-82.352,-127.93,24.336,68.881,0,0
-13.75,15.871,42.238,-144.72,33.747,134.49,8.57,47.797,-118.4,-179.57,331.59,119.17,247.85,0,0
-24,2.9199,0.48686,-56.534,104.9,-61.996,26.421,-196.17,-41.995,-171.73,34.123,84.799,-154.2,0,0
20.5,18.675,-26.533,48.57,21.742,-104.61,-353.1,132.89,188.49,165.19,44.197,53.309,-64.428,0,0
29.5,12.095,-14.111,-57.77,-38.12,-30.808,-359.83,-68.722,39.937,-326.4,365.93,-142.81,5.9709,-19.472,5
0,0,0,0,-4.4773,-57.159,137.79,237.23,-65.623,43.653,159.29,-80.074,-86.229,0,0
5.25,-7.9869,-0.52628,3.997,-43.231,215.79,143.55,-60.887,270.56,126.15,4.6918,-149.57,33.803,0,0
-10.75,-13.704,21.051,-41.105,180.29,-65.537,127.76,59.094,21.325,-92.541,158.49,134.55,-158.38,13.355,-5
0.75,11.085,3.0998,-32.076,256.77,-60.186,149.17,-191.35,58.614,278.52,14.676,4.4492,32.131,0,0
0,0,0,0,3.8277,-20.682,-10.123,-157.41,-23.633,113.46,-128.13,-90.847,31.459,0,0
0,0,0,0,-37.886,-60.884,62.235,-22.787,78.524,-446.76,-270.07,-213.26,8.6139,0,0
0,0,0,0,1.3355,-51.485,-124.15,170.2,163.53,235.73,53.801,56.328,-0.018829,0,0
0,0,0,0,-23.497,163.15,-134.29,-69.168,37.993,-156.93,-40.785,136.08,-8.8792,0,0
-8.6127,-21.197,17.429,-10.195,-101.88,-50.941,-91.901,-23.745,82.921,-219.51,79.62,-12.446,-126.44,0,0
0,0,0,0,1.0616,29.595,36.645,440.62,11.051,-76.881,15.747,-110.87,61.185,0,0
0,0,0,0,20.461,-218.08,-114.54,164.14,-37.963,-182.89,109.46,-177.41,-95.089,0,0
0,0,0,0,29.554,-174.35,-115.06,75.722,78.335,-72.873,-40.96,40.772,5.9662,0,0
0,0,0,0,23.29,-154.13,50.786,71.792,-56.048,-108.82,146.2,-206.68,-99.104,0,0
4.25,1.1274,0.68958,35.97,-161.04,226.56,-134.21,128.75,-165.41,-201.37,-440.17,142.87,16.776,0,0
0,0,0,0,-30.444,161.98,136.54,201.61,-86.667,33.538,114.43,71.777,28.386,0,0
2.25,3.1585,-4.1388,-26.489,85.413,-40.505,220.78,-79.085,-25.342,-183.34,185.22,81.489,-235.74,-51.476,-7.75
0,0,0,0,-18.947,81.03,53.358,-47.391,-67.782,-228.11,-262.65,124.13,-166.44,0,0
0,0,0,0,0.31578,0.63975,45.106,-206.5,6.4131,-128.99,246.64,131.71,-13.34,0,0
0,0,0,0,-22.092,141.05,173.04,336.72,-3.8593,-216.43,58.172,7.549,-0.47548,0,0
0,0,0,0,-4.8128,-34.076,152.85,-28.448,-148.13,-168.03,-72.666,-195.66,14.812,0,0
1.75,6.6208,11.752,2.4103,-49.731,-183.41,-298.96,-64.645,-114.58,-119.65,112.05,237.8,0.3774,0,0
-4.5,-12.324,-23.912,169.85,92.663,286.31,-51.553,35.702,58.459,-84.316,-22.427,-102.16,93.53,0,0
0,0,0,0,33.984,94.561,-42.534,-213.54,-135.77,-60.204,-239.99,101.62,0.60825,0,0
-0.5,5.0538,21.381,-102.54,31.001,144.66,2.0585,373.6,-257.31,127.46,83.537,-149.72,-72.582,0,0
-0.25,1.9707,-7.4952,77.446,-59.904,208.45,-85.089,-8.8268,114.17,63.857,-0.78448,-228.27,-222.19,-4.885e-015,7.7716e-016
4.5,-19.072,-3.6261,36.073,-264.06,136.74,-110.83,-244.96,-140.4,-143.84,-171.36,33.898,87.721,0,0
-12,2.4803,3.9054,-16.866,47.441,-14.079,-354.98,-209.42,-42.17,-196.65,35.404,-29.334,5.2631,0,0
0,0,0,0,-38.789,-36.23,-153.3,-437.59,102.51,-141.35,-10.834,-134.09,-2.346,0,0
-32.365,-10.745,5.0259,-64.91,-66.138,227.03,-51.597,-307.44,-303.7,19.763,-221.98,-229.64,-16.13,-51.116,32.25
-22.5,9.9313,0.979,-44.61,184.05,-90.173,275.84,332.61,-406.38,-78.419,-186.52,80.769,-176.17,-102.6,16.5
0,0,0,0,7.7949,-45.419,-72.018,301.8,195.41,-37.478,20.378,-182.58,3.9611,0,0
0,0,0,0,21.876,-123.64,-122.08,-397.39,118.13,170.75,45.331,31.937,26.917,0,0
2.25,3.1585,-4.1388,-26.489,100.26,-91.488,-214.29,129.01,176.86,199.88,53.155,-66.955,-1.701,0,0
-11.25,4.6699,-1.4851,-40.315,200.11,-184.7,-305.64,7.4194,-106.67,-480.54,-264.55,-33.023,121.2,0,0
-62.75,-34.977,-5.3949,-138.04,-50.35,210.34,-439.75,165.77,-245.21,-342.71,178.08,304.14,-67.263,-46.219,22.75
0,0,0,0,25.887,-190.4,-43.376,-202.83,37.993,0.44858,107.7,-45.597,3.9886,0,0
0,0,0,0,-2.8461,160.72,-150.13,125.02,6.7099,-26.937,172.98,32.238,52.853,0,0
15.5,5.9676,-13.124,6.7558,-115.4,44.871,96.413,59.591,-254.11,-198.58,188,-35.213,-89.847,0,0
0,0,0,0,-28.031,127.98,-111.19,-140.57,-12.606,-45.1,-1.4808,-30.02,-13.551,0,0
0,0,0,0,28.657,-204.65,77.027,-279.88,24.72,-104.87,117.03,-149.84,-23.984,0,0
0,0,0,0,24.129,236.4,-14.17,262.65,-150.63,161.59,296.49,-89.258,-4.0054,0,0
0,0,0,0,5.9591,-12.052,-238.34,-162.59,-543.17,383.38,38.784,-95.392,14.498,0,0
-4.75,-4.4396,7.933,17.116,-90.66,10.257,-48.579,72.877,175.54,89.048,357.2,157.86,94.554,0,0
0,0,0,0,0.018271,74.287,-112.02,-8.5588,98.799,7.8507,86.086,2.317,-24.654,0,0
0,0,0,0,-3.7871,-35.724,-147.01,-68.319,242.69,-6.8216,182.39,104.46,-13.815,0,0
0,0,0,0,3.5744,-5.005,-15.374,134.08,158.36,67.333,9.4684,71.074,20.783,0,0
0.75,2.1896,-5.3905,-23.448,87.886,-101.84,-23.904,-64.181,-175.38,-259.11,-89.709,-176.59,-79.437,0,0
0,0,0,0,24.045,-141.34,57.21,-83.67,-70.404,-46.192,201.84,239.18,19.062,0,0
0,0,0,0,-8.7641,20.803,76.64,35.836,-167.09,43.012,-159.36,269.47,-149.7,0,0
0,0,0,0,2.7123,2.3713,-251.06,161.2,255.14,244.02,-89.859,-49.144,-34.008,0,0
0,0,0,0,-20.939,-266.24,-260.33,-304.09,0.23944,151.74,413.57,-202.2,-1.3672,0,0
0,0,0,0,-24.363,211.3,74.78,-132.58,-40.288,-244.42,-251.93,79.647,-64.79,0,0
0,0,0,0,26.352,-164.39,-227.64,-58.319,-222.61,198.61,87.104,-7.2058,-30.582,0,0
0,0,0,0,-9.1274,4.015,-18.784,105.37,-80.91,-266.25,138.83,7.1095,-17.232,0,0
0,0,0,0,7.8349,8.4149,208.25,29.381,-20.806,-62.261,32.115,-95.522,-18.502,0,0
0,0,0,0,-4.2365,38.185,3.6105,112.53,55.887,259.92,239.89,-8.7907,-25.374,0,0
0,0,0,0,34.652,-126.57,136.66,105.41,26.659,-179.35,-19.209,24.113,-37.008,0,0
0,0,0,0,-2.2712,-5.1773,28.47,-107.52,88.52,-116.9,-98.248,-219.3,-10.087,0,0
0,0,0,0,1.7745,-13.432,-21.052,-36.212,107.68,59.351,-239.73,-6.3888,-19.85,0,0
0,0,0,0,4.46,-6.1514,-233.75,165.4,235.76,270.83,233.42,172.06,-95.914,0,0
-11.28,-6.0191,38.314,-81.238,-276.97,145.28,311.25,35.545,-76.274,4.7285,6.2364,179.69,-123.77,148.82,-39.25
-26.25,-25.227,16.234,-102.36,143.84,71.983,179.38,39.469,47.613,124.98,-247.91,103.68,-19.01,-122.06,29.5
2.25,-6.9199,-5.2338,22.104,-123.54,-133.29,137.11,-22.408,-30.735,-240.53,1.9689,-45.07,-75.68,0,0
12,11.62,-32.691,45.324,81.763,-49.841,-249.33,-443.02,-158.5,177.88,44.491,148.79,-234.85,0,0
0,0,0,0,-40.514,-88.656,148.57,41.745,193.89,-238.01,-237.73,-8.1559,159.37,0,0
-20.5,-18.675,26.533,-48.57,-56.244,-206.31,371.32,-65.819,215.18,-111,-436.03,-45.233,-37.801,148.82,-39.25
9.75,5.503,7.426,132.2,-18.181,159.63,113.4,238.35,-59.267,301.05,137.48,79.053,26.23,-19.472,5
14.25,-0.50481,-0.64887,30.342,-169.5,148.45,-95.357,48.08,-159.99,41.719,-295.09,39.286,83.812,0,0
0.75,2.1896,-5.3905,-23.448,127.3,-49.257,-16.773,151.04,-479.23,-171.29,-13.855,-7.4492,-12.05,51.128,-24.25
25.75,28.059,-22.152,9.007,-138.85,-46.322,-44.981,-10.273,75.078,-236.91,30.36,203.16,-72.218,-77.906,-14.5
-9.992e-016,-5.5511e-016,4.4409e-016,-6.6613e-016,-39.111,-137.34,-88.444,13.958,-23.448,159.69,252.49,-30.237,-56.869,0,0
-0.33822,-6.895,-6.2655,40.32,-128.24,216.14,-14.765,-264.91,-115.77,17.846,12.759,250.62,209.44,-102.6,16.5
0,0,0,0,1.9147,-62.21,-60.913,150.67,-23.567,-5.4053,-227.81,-34.456,-8.0687,0,0
4.5,-10.176,4.8643,27.445,-181.15,-92.781,-195.67,64.246,86.807,60.49,-102.59,32.37,-31.553,0,0
2,14.397,-13.616,25.196,287.52,49.885,132.54,11.384,100.32,-227.02,-16.621,62.085,-58.116,0,0
0,0,0,0,45.239,139.74,4.1271,-85.297,354.1,-62.509,105.32,148.41,4.0401,0,0
6.9984e-012,8.8954,8.4904,-8.6279,92.273,9.346,-61.466,-60.572,-261.5,32.811,-135.71,-69.736,-32.805,0,0
-2.25,12.152,-1.6077,-13.969,22.168,-1.2249,-250.52,189.99,-202.51,-176.41,110.45,172.47,-44.866,51.476,7.75
0,0,0,0,-22.143,59.257,-107.18,-160.25,58.113,-118.28,-193.7,-214.13,-4.5311,0,0
0,0,0,0,18.337,-90.176,228.26,175.98,261.58,-148.65,-332.29,67.34,1.9719,0,0
0,0,0,0,9.7246,-11.522,148.99,-164.68,14.404,53.042,27.111,-61.552,-14.067,0,0
0,0,0,0,-45.644,-108.87,226.61,-360.34,29.599,157.12,-9.6241,3.0081,0.44407,0,0
4.5,-10.176,4.8643,27.445,-167.69,-230.87,43.577,-46.55,221.52,121.4,135.67,180.28,55.996,0,0
15.637,14.822,-18.782,15.471,14.42,175.06,-15.979,-176.98,-88.188,-193.2,-120.38,169.24,-46.235,98.285,14
-11.25,4.6699,-1.4851,-40.315,174.78,56.397,-358.74,-304.35,-151.16,261.2,-93.851,15.468,39.571,0,0
0,0,0,0,10.272,-148.93,359.57,122.25,-165.03,26.665,10.371,-130.48,7.1385,0,0
0,0,0,0,-8.1869,12.721,-169.69,-316.96,-114.38,-63.507,79.084,105.45,10.954,0,0
-26.25,-15.889,32.6,-71.176,53.291,-39.752,29.963,-119.58,239.74,-261.84,165.72,149.93,-67.621,0,0
-2.25,6.9199,5.2338,-22.104,111.98,182.87,-138.17,26.112,-15.118,60.904,255.97,-66.44,11.422,0,0
-1.7764e-015,-2.5535e-015,-2.8866e-015,5.3291e-015,26.643,-108.38,-169.26,4.3724,-186.26,-103.41,17.06,-324.78,8.2482,26.747,-17.75
-15,-17.651,32.053,-39.034,-214.5,-217.39,268.58,-25.626,-321.67,138.34,-384.35,-64.882,93.796,0,0
0,0,0,0,0.96891,-12.397,-349.56,119.73,-73.831,-91.788,-59.232,-54.471,-1.866,0,0
12,-2.4803,-3.9054,16.866,-69.234,89.6,-355.98,238.64,-248.07,-22.051,111.06,31.661,75.406,0,0
0,0,0,0,-33.105,-77.212,-76.357,126.9,89.246,-21.175,-29.583,126.28,-104.98,0,0
12,6.4151,4.5849,8.2386,56.55,-111.25,-195.17,-189.07,-24.862,-63.267,40.196,101.95,4.3191,0,0
2.25,3.1585,-4.1388,-26.489,100.91,-200.81,344.99,89.007,165.22,-1.433,7.4918,-208.32,-124.1,19.472,-5
-21.25,-18.523,38.077,-71.806,-129.29,-82.189,18.68,-122.03,203.57,-80.774,115.97,-61.319,121.49,0,0
13,-2.9606,-23.187,12.803,-93.91,94.297,123.4,-77.983,-33.331,-145.4,-67.401,91.99,1.5066,0,0
-9.992e-016,-5.5511e-016,4.4409e-016,-6.6613e-016,-0.54487,-10.843,-40.75,153.29,-68.234,39.094,134.53,-61.569,24.417,0,0
4.5,-19.072,-3.6261,36.073,-180.41,-58.666,297.99,127.67,284.77,-266.03,42.807,116.58,55.522,0,0
2.25,12.054,4.3516,-35.117,124.35,109.27,-264.79,-211.79,-41.499,-90.43,132.77,-1.0276,-80.904,51.128,-24.25
15.5,2.1848,-11.549,30.071,78.315,-213.22,189.58,27.92,303.44,388.04,-310.65,-102.13,81.366,-68.525,27.5
-18.5,-14.137,30.227,-12.164,-246.64,-84.196,-303.87,288.79,-101.07,8.9693,61.245,411.92,78.142,0,0
5.5,1.0245,5.5197,9.5351,-120.36,-165.22,7.5175,-83.009,-316.52,122.93,504.45,326.55,2.4486,0,0
4.25,1.1274,0.68958,35.97,-135.89,-186.96,43.625,-412.33,-288.87,-277.56,210.29,16.002,-14.793,0,0
4.25,-4.3857,10.486,-10.15,-155.16,-137.26,-27.373,-442.2,-236.8,291.28,393.26,-27.942,-87.772,0,0
0,0,0,0,-3.3212,24.486,-120.57,-151.77,-85.319,229.57,78.262,29.657,-22.743,0,0
0,0,0,0,20.337,-156.21,-40.28,-330.65,-153.29,-253.52,34.776,6.5176,9.5511,0,0
-5.5,-24.716,-11.971,131.31,-21.106,126.11,51.793,-188.09,241.26,-112.59,343.89,102.76,231.69,0,0
0,0,0,0,19.47,290.87,-37.46,422.03,-16.744,-355.37,-205.22,-246.14,-14.617,0,0
12,-2.4803,-3.9054,16.866,-12.808,89.277,-216.49,47.158,-209.17,-29.088,88.839,40.266,-197.77,-19.472,5
0,0,0,0,8.0598,-67.642,-138.9,-5.9243,-274.93,90.818,498.48,210.86,33.699,0,0
0,0,0,0,-6.5452,-13.498,42.172,58.816,95.076,10.738,-41.944,-13.512,-9.0903,0,0
-2.8627,-2.5167,-2.9453,-15.146,82.679,-27.264,97.344,69.003,174.83,406.59,234.87,166.34,-4.5311,0,0
0,0,0,0,4.4749,-14.711,-129.27,153.6,362.14,-136.13,8.7159,-11.257,-8.5801,0,0
0,0,0,0,-8.7231,78.841,-89.727,-304.41,-106.22,-262.61,-61.068,4.4333,20.194,0,0
-0.75,-2.1896,5.3905,23.448,-27.425,113.2,-115,-232.51,21.359,-110.59,-120.26,75.808,-4.683,0,0
0,0,0,0,1.0143,-22.171,32.9,-170.81,21.336,-194.55,-260.02,-19.694,-108.85,0,0
0,0,0,0,-17.586,-225.58,-21.48,258.09,-181.98,0.84632,7.6567,37.999,-22.801,0,0
-2.25,-12.054,-4.3516,35.117,-141.67,-240.67,-3.1064,-2.8836,-130.35,14.933,-288.73,-57.947,-19.064,0,0
0,0,0,0,3.2921,-13.562,309.64,-49.653,-418.29,-335.74,-232.24,71.927,0.53678,0,0
24.75,1.2027,-0.72548,-47.588,-39.361,104.48,97.106,285.91,292.41,203.18,-144.84,-210.41,-97.496,0,0
-23.25,7.6603,-45.021,143.41,166.13,176.22,-16.178,393.51,42.291,-277.03,238.43,-280.47,14.755,-1.3974,-1.7434
-22.75,31.577,-34.868,-27.834,188.08,-49.983,273.14,97.989,-35.155,46.47,264.91,-418.68,-4.8002,-1.3974,-1.7434
11.25,6.9772,-4.9689,8.4125,-145.01,-27.37,225.57,95.782,228.59,376.94,-161.58,-158.33,94.369,0,0
-15.25,-12.368,-4.7679,33.525,-179.03,3.3001,-183.06,-215.01,4.4792,-371.63,-79.1,-8.7041,78.686,0,0
33.25,5.1633,46.314,-60.833,74.44,5.3062,82.552,328.95,-6.3071,577.57,77.022,-292.97,-39.249,122.08,-21.5
6,9.5245,-7.3954,-37.566,-162.28,-332.07,62.769,144.45,28.482,130,440.73,-76.3,-0.31819,0,0
-2.75,-2.8056,2.6716,5.6848,-33.852,-11.586,239.33,271.22,4.2613,-428.99,43.78,-94.05,31.012,0,0
0,0,0,0,2.7467,-41.949,-86.794,-251.87,-127.93,163.09,55.353,8.8031,16.164,0,0
12.5,-0.8577,-21.363,5.0354,116.32,-26.845,-24.356,-335.55,15.779,152.47,-188.84,279.94,69.618,0,0
0,0,0,0,-49.658,-151.04,-27.979,-225.27,-77.027,-101.73,162.17,198.9,13.237,0,0
-19.89,-13.379,24.03,-39.715,-42.259,117.61,209.5,-161.55,-299.81,140.99,75.141,87.014,87.401,0,0
-15.25,-10.796,24.044,-19.081,82.361,209.39,93.99,29.078,123.92,-21.032,-97.089,-148.91,-3.3092,0,0
2.75,2.8056,-2.6716,-5.6848,24.914,44.442,123.1,-72.542,318.04,116.46,-20.175,-214.88,-29.074,0,0
-2.25,-13.44,4.0963,21.053,-22.741,215.88,74.89,319.26,-6.7132,-39.248,-424.4,-15.665,73.256,0,0
12.25,1.884,39.372,-221.16,35.52,114.9,134.38,183.38,385.58,-101.32,-30.13,-4.3947,15.643,0,0
6.75,-18.025,-22.7,149.25,12.2,170.75,132.21,81.741,-38.795,-148.88,-114.97,-116.68,-117.81,0,0
0,0,0,0,-3.5867,4.8107,-14.496,-200.22,-171.05,-24.398,200.68,-138.52,-20.252,0,0
46.635,-1.4216,2.0345,191.19,31.882,-71.066,-204.24,10.4,237.05,150.15,-344.09,35.531,186.32,90.47,12.25
0,0,0,0,14.241,157.88,-5.3289,-13.114,86.347,212.69,330.2,89.19,14.691,0,0
0,0,0,0,-0.96466,86.803,-81.99,50.337,-190.96,-500.1,-113.22,178.64,-23.593,0,0
-4.25,-1.1274,-0.68958,-35.97,201.82,-124.16,56.191,301.01,-179.58,-429.34,-141.28,-69.051,6.2386,0,0
0,0,0,0,-21.198,129,152.75,-37.195,157.72,196.69,-17.011,-15.948,10.605,0,0
0,0,0,0,-9.0328,46.498,232.24,26.149,149.06,-75.49,2.9755,17.5,9.5377,0,0
0,0,0,0,-1.7168,-19.103,-52.081,49.414,54.557,-89.355,-225.46,-71.98,-68.687,0,0
0,0,0,0,23.007,208.1,94.161,-163.6,-108.32,-101.96,-53.296,-19.214,-10.471,0,0
0,0,0,0,-10.967,156.55,-14.362,126.25,-54.665,82.741,-5.7899,155.79,-5.366,0,0
0,0,0,0,-27.795,159.75,192.76,-148.09,238.51,-79.332,49.85,-10.868,12.739,0,0
0,0,0,0,0.65609,-29.949,-172.31,-144.78,29.785,-161.82,120.65,29.423,-48.058,0,0
14,25.981,-45.954,1.7631,28.308,73.139,139.57,-47.516,-36.629,-13.923,8.8769,166.79,115.21,64.862,2.75
0,0,0,0,-43.752,156.59,93.632,224.98,-139.73,85.437,67.461,-74.532,-16.935,0,0
0.75,2.1896,-5.3905,-23.448,186.66,-3.7079,-63.286,-46.793,37.368,-25.196,-94.38,21.611,87.286,0,0
15.5,-0.61427,-3.8678,25.057,-170.56,-55.469,135.35,84.502,-140.87,143.71,-148.73,-171.01,30.094,0,0
-2.25,6.9199,5.2338,-22.104,152.25,75.028,-122.99,-226.23,-233.18,87.377,239.41,79.714,108.38,0,0
4.25,1.1274,0.68958,35.97,-119.96,88.828,-346.29,77.698,9.0912,-55.468,-14.019,81.311,-7.4282,0,0
0,0,0,0,63.337,-90.946,19.543,-45.193,-230.24,-137.88,-103.05,-10.525,39.471,0,0
9.25,1.2452,-8.6716,33.563,59.885,-99.597,111.13,215.28,-89.467,-283.54,-163.59,-34.783,75.895,0,0
0,0,0,0,-1.3639,-32.127,-64.07,-16.917,-122.66,-100.94,-56.322,94.279,2.8546,0,0
-4.25,-1.1274,-0.68958,-35.97,108.33,3.0014,-256.33,75.058,-369,-172.33,-118.19,-87.95,20.093,0,0
-5.25,7.9869,0.52628,-3.997,-18.048,-135.5,124.79,40.707,4.1158,237,-127.5,-22.677,-77.578,0,0
0,0,0,0,24.406,-116.46,95.659,280.66,48.398,-230.6,138.64,-51.752,-1.183,0,0
0,0,0,0,44.398,168.77,165.72,-166.12,-83.062,-44.19,-136.9,-14.811,6.0299,0,0
0,0,0,0,-21.602,-260.76,157.96,-57.608,88.598,11.505,358.06,143.1,137.36,0,0
-3.5,-8.2272,12.056,-15.442,101.23,175.61,74.184,229.69,296.37,-329.98,-285.71,69.814,-104.22,0,0
-2.75,-13.031,12.377,-118.51,-120.46,-179.92,-25.069,-61.657,-46.272,6.5595,-59.645,-58.196,93.103,0,0
6.9984e-012,8.8954,8.4904,-8.6279,130.07,-36.71,-193.06,-293.73,-69.837,264.23,106.6,-159.73,-46.14,0,0
-20.358,9.8651,42.389,94.94,9.6765,-146.83,44.348,-48.404,174.49,-238.25,-21.8,74.912,-0.80713,0,0
-19,-18.095,14.672,44.292,-102.11,5.101,103.53,26.765,75.066,-13.278,-204.09,-20.45,-1.692,0,0
-4.5,-5.134,0.88221,13.013,-14.364,-277.13,-74.59,-198.44,-93.906,380.07,84.08,151.92,-32.76,0,0
0,0,0,0,-4.3059,21.582,-224.68,-196.08,194.64,-248.52,-171.09,-14.642,9.2787,0,0
4.5,-19.072,-3.6261,36.073,-225.13,-278.98,-229.6,-84.282,-107.34,127.95,245.17,-0.19823,-0.97099,0,0
0,0,0,0,-32.552,-104.65,163.88,67.661,87.004,-159.76,-112.7,-48.858,34.843,0,0
-11.75,-1.43,16.37,-10.443,-18.573,-89.961,-328.76,-135.21,-146.85,270.66,187.92,165.92,-151.37,0,0
-3.1086e-015,-2.4425e-015,4.4409e-016,1.7764e-015,10.879,-42.352,277.25,43.826,20.348,-34.939,67.149,0.68782,11.288,0,0
6.5,-4.6747,-17.242,61.269,57.474,-21.23,-248.85,20.213,-9.3756,-33.132,-99.886,249.95,-38.707,0,0
0,0,0,0,24.162,-135.83,36.541,-86.758,145,41.543,66.353,-18.699,-7.2476,0,0
0,0,0,0,-6.6708,-23.3,-257.19,-431.71,-159.36,-10.001,62.948,80.33,33.519,0,0
-18.25,-14.917,-7.0849,22.856,-183.47,-95.856,160.61,-200.47,-12.789,-164.64,362.15,231.11,-14.372,0,0
-3,4.8367,-24.067,51.395,-100.28,-94.937,-188.51,-195.91,-22.437,-12.036,411.39,72.853,97.089,0,0
0.54904,2.0078,-2.0634,-2.1322,-192.06,-60.916,-14.931,-24.807,48.787,224.63,-64.017,-67.034,-4.1932,0,0
3,4.1651,-2.134,-9.9724,31.538,15.34,-137.37,104.8,-118.81,-215.98,250.72,214.88,22.454,0,0
9.25,22.227,-5.7662,10.005,284.15,-234.15,-232.09,-394.33,-407.62,-23.243,123.4,243.2,217.45,0,0
0,0,0,0,11.492,-33.55,82.883,-81.543,99.156,240.5,291.93,56.127,-91.37,0,0
-0.75,5.567,-7,27.828,-213.92,88.265,274.58,420.07,20.693,-123.36,-108.45,-252.46,58.458,0,0
0,0,0,0,-5.5335,32.416,-262.95,-250.78,-309.92,-11.007,40.486,-22.12,8.9339,0,0
2.75,6.6388,30.39,-146.2,-261.8,-287.02,108.44,55.128,54.934,-251.76,563.16,42.124,-83.369,0,0
-8.8818e-016,-1.3323e-015,2.2204e-016,5.3291e-015,-18.688,149.9,161.24,36.422,213.09,-46.284,-138.13,64.521,-26.539,0,0
-1.5,-0.96891,-1.2518,3.0407,39.906,-77.771,159.58,196.34,-280.19,-1.4486,-207.27,17.027,4.1058,0,0
0,0,0,0,-7.0066,-4.4592,-250.34,-183.86,-343.14,256.01,59.676,-16.921,27.267,0,0
-11.25,4.6699,-1.4851,-40.315,173.09,-48.343,-133.33,-237.12,13.764,333.39,130.85,-254.4,14.455,0,0
0,0,0,0,29.53,-132.94,-162.61,4.9247,27.221,54.906,-3.9798,87.169,-35.423,0,0
-12,-6.4151,-4.5849,-8.2386,-8.3849,50.901,-182.88,-93.657,-62.712,-146.01,115.21,137.95,23.428,0,0
-11.25,4.6699,-1.4851,-40.315,208.25,-161.33,-102.45,16.785,211.57,-14.567,-68.304,180.1,54.576,0,0
0,0,0,0,30.36,-153.52,-130.05,-2.7004,-18.461,190.59,-70.693,20.832,-17.971,0,0
4.5,-10.176,4.8643,27.445,-162.31,-189.46,-115.88,-101.57,50.599,-33.466,-74.83,-20.912,25.325,0,0
-4.5,15.961,-35.566,1.7119,106.44,-200.03,-192.33,-168.25,52.963,242.34,125.25,-93.791,13.667,0,0
0,0,0,0,-24.805,-220.44,-301.41,-75.685,8.49,289.05,208.56,28.505,1.1148,0,0
0,0,0,0,37.546,64.035,-296.97,-119.39,41.677,-10.707,93.761,-0.28349,12.696,0,0
4.25,1.1274,0.68958,35.97,-206.73,-70.742,-163.37,-104.86,-78.44,-74.491,200.66,73.276,-13.098,0,0
5.25,-7.9869,-0.52628,3.997,-61.674,-102.42,-191.21,-243.02,-150.35,72.505,323.06,227.28,0.47099,0,0
-14.25,0.50481,0.64887,-30.342,147.04,-16.916,-129.11,-190.46,-129.31,-41.562,128.34,-55.052,81.142,0,0
5.25,-7.9869,-0.52628,3.997,-9.5908,62.685,-142.59,-19.351,198.07,-71.105,-79.764,-52.842,-19.214,0,0
0,0,0,0,71.589,-46.991,-98.476,46.372,32.597,-30.231,-1.6341,67.9,-14.975,0,0
-12,-6.4151,-4.5849,-8.2386,-31.341,-207.52,-26.522,-408.3,371.08,175.68,-105.55,23.573,67.278,26.747,-17.75
0,0,0,0,18.381,22.31,-141.26,122.66,49.14,-263.34,-218.39,-20.118,-4.6091,0,0
-19.5,-13.041,36.053,-58.246,-88.431,-85.292,-299.46,-60.835,-126.23,-138.71,76.27,39.932,92.947,-4.3546,-10.25
6.9984e-012,8.8954,8.4904,-8.6279,61.796,-75.803,-47.181,-110.27,-297.92,9.0425,161.84,104.89,157.39,0,0
0,0,0,0,29.945,208.74,118.94,223.91,-51.841,221.69,-297.1,311.05,75.812,0,0
5.25,-7.9869,-0.52628,3.997,52.358,-171.9,132.98,365.61,-70.63,-85.054,84.414,151.24,13.589,0,0
0,0,0,0,1.0239,-65.402,-92.651,-153.14,-13.479,-143.62,-128.99,-112.37,-83.983,0,0
-0.75,-2.1896,5.3905,23.448,-202.19,-137.85,-362.02,74.542,161.27,56.422,246.08,65.682,-13.079,0,0
0,0,0,0,-7.8313,-6.1438,-40.121,-17.02,301.63,-22.055,-59.948,72.673,86.386,-4.885e-015,7.7716e-016
0,0,0,0,45.192,84.102,-15.505,148.26,86.054,-137.12,-344.27,-178.94,-84.338,0,0
4.5,-19.072,-3.6261,36.073,-271.43,-9.7681,160.49,328.03,-145.55,-175.14,-76.456,54.994,77.601,0,0
0.75,11.085,3.0998,-32.076,188.68,-59.96,-101.12,-226.58,-216.89,199.74,309.74,166.37,-12.4,0,0
22.75,17.928,0.34632,53.187,66.171,-37.442,-24.444,-195.67,-114.11,228.1,80.904,-65.975,-22.098,0,0
6.9984e-012,8.8954,8.4904,-8.6279,32.098,215.19,4.7049,208.89,72.279,-243.95,-342.45,-128.41,86.78,0,0
6.25,2.2141,-7.7348,-23.727,-58.924,-79.929,-107.42,-211.29,-114.56,120.53,-66.688,114.43,3.8959,0,0
-15.25,-18.025,-3.3875,42.862,-154.24,203.53,122.71,-121.85,147.39,-462.1,-203.95,-168.52,114.07,-74.656,-27.25
0,0,0,0,-55.759,-64.991,4.8468,-186.34,-185.98,242.83,-73.311,-48.331,38.571,0,0
-11.25,-2.0736,-0.86603,-4.9462,19.786,-6.0528,-236.71,-265.78,-259.23,-168.93,140.62,75.638,-19.324,0,0
-14.25,0.50481,0.64887,-30.342,182.92,96.021,238.55,-126.22,-138.42,-130.23,135.9,-92.104,-36.056,-4.885e-015,7.7716e-016
0,0,0,0,21.659,-104.72,17.983,-326.19,-270.9,217.37,-164.12,-187.83,-93.815,0,0
-2.75,-2.8056,2.6716,5.6848,-20.857,19.245,16.918,62.419,-118.75,435.98,14.33,-2.6505,-50.118,0,0
0,0,0,0,18.732,-149.18,-91.618,-133.62,152.81,-13.829,-65.768,-81.731,34.946,0,0
-2.25,-3.1585,4.1388,26.489,-86.79,-1.7788,-110.98,-259.45,-92.927,112.56,-54.823,236.4,-89.616,0,0
-4.5,19.072,3.6261,-36.073,226.96,-197.25,85.21,178.08,269.77,87.444,-100.4,-281.1,-116.82,-122.93,19.89
0,0,0,0,-0.26258,2.0874,-211.14,52.718,107.74,245.69,187.76,24.416,3.2141,0,0
0,0,0,0,2.4988,8.6301,-421.09,-148.38,123.52,-464.41,-0.75657,5.4413,-10.654,0,0
1.6349,-9.1944,-7.8459,2.5814,-97.163,165.21,189.61,-76.689,-161.86,-360.72,-235.68,140.49,-108.49,-51.148,-15.25
0,0,0,0,7.427,41.051,-112.51,-245.51,99.96,27.079,-187.92,-80.332,-115.48,-26.747,17.75
0,0,0,0,-3.8296,-26.741,40.071,64.47,-62.347,184.95,-136.63,17.07,5.0748,0,0
0,0,0,0,26.182,-144.9,-45.563,-151.15,-195.72,-88.025,53.004,76.85,6.6716,0,0
0,0,0,0,-31.29,-168.65,-235.15,-172.39,154.46,-227.08,16.693,52.39,-124.75,0,0
21.385,6.0018,-8.1773,-32.147,-201.1,-3.2809,-59.442,-29.475,-54.42,-68.801,-113.04,-37.144,-38.809,-122.06,29.5
17.037,19.759,-33.437,64.266,107.01,213.93,72.332,-160.4,-55.318,87.225,-247.97,108.74,-136.53,172.7,-19.75
6.3236,-3.5575,-20.397,63.678,38.823,-17.224,343.62,-255.59,-17.111,82.775,-89.006,112.09,-82.566,-68.525,27.5
2.25,3.1585,-4.1388,-26.489,139.38,-83.514,299.84,60.548,17.744,-476.22,-214.77,-86.388,-79.39,-51.476,-7.75
-4.5,10.176,-4.8643,-27.445,141.9,17.766,-91.281,-386.86,44.056,-211.29,-178.58,-94.377,-273.63,-51.476,-7.75
-12,-6.4151,-4.5849,-8.2386,-32.408,138.09,41.629,44.632,-38.506,66.695,19.478,-112.92,92.222,0,0
17.458,21.127,13.149,-178.29,-128.09,-49.356,84.162,-467.32,-380.97,90.405,61.258,-19.606,-7.8313,0,0
8.75,1.6865,-23.76,75.754,-22.564,-46.903,-150.6,-336,354.74,-358.9,91.415,-181.88,-28.948,0,0
-4.5,19.072,3.6261,-36.073,200.13,-18.477,-183.52,-215.93,39.244,-119.65,-244.16,58.315,8.3481,0,0
-11.5,-1.9348,22.319,-35.282,-117.37,-10.611,6.7135,-84.326,131.95,19.744,-46.007,149.13,126.36,-62.38,-18.75
0,0,0,0,-26.6,168.27,-199.39,-202.91,-95.809,83.174,-182.61,31.328,-29.752,0,0
-15.25,-10.796,24.044,-19.081,115.86,-174.96,-140.92,-71.298,-186.76,172.71,259.25,-85.246,160.15,-4.885e-015,7.7716e-016
-3,5.3349,6.7566,3.817,-40.085,-92.469,-5.374,-154.21,-13.906,81.881,7.925,225.4,11.696,-5.6843e-014,-2.6645e-015
20.75,9.0083,-13.737,-19.196,-11.836,-13.318,-48.549,-133.84,153.21,-249.46,-439.07,1.7628,32.321,77.906,14.5
24.5,22.678,3.7973,87.013,-97.601,-41.369,-206.37,-65.644,242.53,207.8,246.52,263.09,-149.47,-4.885e-015,7.7716e-016
2.25,-6.9199,-5.2338,22.104,-115.62,-155.25,19.772,-99.995,107.92,79.673,-11.648,105.13,7.0622,0,0
-7,-11.015,19.794,-37.154,131.28,-27.209,53.239,209.77,26.094,203.31,-33.844,161.71,59.491,-152.57,11.25
19.25,-0.18606,-19.979,9.0149,-26.526,-295.86,-21.856,16.622,321.52,-166.51,167.27,-45.162,87.159,-177.71,2.5
7.5,-1.616,-3.6095,-1.4282,8.8702,-30.693,-52.437,239.62,215.15,-83.734,136.47,-139.07,-100.08,-26.747,17.75
12.75,18.212,21.294,29.821,-165.23,-195.74,235.54,-168.99,138.42,-85.134,67.685,44.971,-88.506,-26.747,17.75
4.5,-10.176,4.8643,27.445,-142.33,-48.397,-237.51,12.253,22.539,-199.08,-127.45,-71.258,-1.9677,0,0
18.25,32.845,-38.512,158.13,274.43,107.74,102.4,198.12,-191.22,-360.48,-93.023,-116.91,-115.43,26.747,-17.75
-1.75,-8.8577,-6.2601,-17.992,158.01,294.73,177.28,-41.602,-28.359,-113.27,4.1168,-222.99,-149.75,-14.91,-8
8,42.42,22.303,0.083176,45.708,35.945,-107.44,-115.13,-255.57,1.8592,-387.65,195.1,60.286,-51.476,-7.75
-19.5,-13.041,36.053,-58.246,-62.498,-118.9,-209.82,-183.67,6.1986,125.48,23.835,-61.429,5.9097,0,0
2,-14.475,-20.45,103.86,-161.28,-5.0941,89.282,-23.1,77.077,-216.12,-19.6,-242.26,140.62,0,0
0,0,0,0,13.955,-149.44,-226.72,22.985,28.493,194.85,154.54,20.045,-25.991,0,0
18.5,24.303,-78.356,38.222,-144.95,92.751,143.42,143.85,-50.634,-89.644,-149.98,-146.84,87.399,0,0
-9.75,-2.3319,3.3708,-40.892,58.015,290.45,120.88,133.82,81.401,-254.88,-29.43,34.131,309.32,27.188,-3.7679
0,0,0,0,32.167,128.18,25.196,-84.587,26.965,-154.84,-35.343,-88.318,5.6851,0,0
-2.25,-1.9755,-3.2566,-13.476,57.953,-179.56,51.489,-53.303,27.786,-466.58,61.116,81.991,-46.291,0,0
14.25,-0.50481,-0.64887,30.342,-131.77,22.704,-7.1282,-44.203,294.22,85.559,-120.73,252.56,56.407,51.476,7.75
0,0,0,0,-6.4382,95.958,178.65,-196.42,-131.6,92.794,-50.774,-65.475,-5.5147,0,0
-12,-6.4151,-4.5849,-8.2386,-75.332,142.57,161.83,-27.102,135.85,73.489,16.18,-68.79,-87.09,0,0
11.75,19.62,-39.437,-12.721,166.14,57.853,87.803,97.505,-117.25,-329.05,-60.708,193.33,-76.344,134.21,-9.75
6.5,-4.6747,-17.242,61.269,84.592,-182.15,0.37292,52.599,-100.03,-127.58,-105.18,20.687,58.734,0,0
4.5,-19.072,-3.6261,36.073,-189.1,-139.87,-412.18,-56.607,233.37,-43.273,-67.749,-214.14,-61.761,0,0
0,0,0,0,-1.145,-24.633,99.692,192.44,-185.6,142.21,213.29,0.44527,-15.859,0,0
18.893,12.652,1.4052,-2.0587,4.3904,-168.75,-330.19,-173.35,1.7315,27.035,-19.51,18.191,-2.8905,0,0
-3.1086e-015,-2.4425e-015,4.4409e-016,1.7764e-015,14.476,-24.976,-33.544,28.954,82.424,-72.622,-146.21,-2.5458,0.24223,0,0
0,0,0,0,1.6161,261.47,-12.476,-114.37,213.62,-277.24,-140.21,-98.861,-14.362,0,0
11.25,2.0736,0.86603,4.9462,14.716,21.968,-22.034,194.65,-64.744,22.241,-183.88,-15.525,-45.374,0,0
0.75,2.1896,-5.3905,-23.448,118.49,27.399,325.67,160.25,118.73,-160.52,-149.12,40.218,-6.6627,0,0
0,0,0,0,-6.3341,-6.3681,-70.243,77.662,113.2,-200.65,-119.99,6.5676,32.264,0,0
0,0,0,0,20.913,-189.19,42.104,107.89,112.86,-115.23,-71.641,-39.812,0.44976,0,0
0,0,0,0,-0.29848,22.12,136.01,313.81,112.93,-83.579,141.36,-49.609,-2.4171,0,0
-3.5,-8.2272,12.056,-15.442,122.77,21.137,101.68,-6.6804,262.33,0.64125,-157.31,9.7817,2.6426,0,0
-2.25,-39.049,-18.819,19.604,-204.46,-31.164,261.43,296.71,-107.07,-80.935,85.899,-81.388,-271.59,-99.935,40.378
12,-2.4803,-3.9054,16.866,-56.573,-17.871,-217.69,-143.61,170.56,-13.934,-92.579,173.62,11.096,0,0
12.5,8.8008,-7.0359,11.808,-128.91,-238.51,174.95,-210.65,258.2,427.17,136.31,268.94,90.245,0,0
-26.25,-24.628,37.021,-47.447,-62.851,198.55,-257.48,-82.282,-530.32,25.837,128.69,-42.586,-131.86,0,0
-22.25,10.364,22.595,-86.797,136.89,-201.76,-84.58,51.141,-323.16,-597.95,-274.35,189.66,368.1,87.048,11.975
-2.25,12.152,-1.6077,-13.969,126.4,-56.118,393.79,-273.19,-360.72,-123.24,-320.09,30.737,-61.84,0,0
-11.25,4.296,-43.044,-75.758,69.363,235.94,-33.947,-198.85,-466.76,-47.103,224.81,115.43,-88.537,51.476,7.75
-10.25,-2.4396,0.51795,2.6764,-65.016,53.026,-244.47,-228.84,-406.22,-300.36,16.802,-127.74,121.74,0,0
4.5,-19.072,-3.6261,36.073,-216.54,112.09,85.366,-148.29,-57.699,-360.32,-183.68,34.65,1.337,0,0
-9,18.227,-23.222,56.445,94.516,110.8,21.289,-12.623,408.67,124.41,137.27,-194.61,-214.82,102.59,-24.5
31,-0.69439,-18.094,148.75,-139.56,-197.71,195.69,192.64,-173.35,98.409,-523.97,96.013,-61.138,-4.885e-015,7.7716e-016
5.75,-2.2224,23.401,-9.9886,-10.626,14.761,-89.465,-202.05,-100.91,-167.01,209.94,409.13,-30.785,-51.476,-7.75
0.75,11.085,3.0998,-32.076,170.11,-5.4769,-73.798,-201.53,-16.034,88.93,43.838,88.707,-9.1226,0,0
16,22.188,-36.504,50.123,105.94,181.62,-59.34,19.728,-193.53,-48.696,430.78,19.143,119.27,0,0
-14.5,-3.979,15.68,-36.867,153.12,-204.51,-67.606,-235.81,-251.65,-325.73,41.318,267.63,-13.939,0,0
-12,2.4803,3.9054,-16.866,-5.995,53.514,7.3966,279.72,297.22,57.974,-69.094,-483.6,-121.37,0,0
8.25,20.087,-64.44,64.252,-13.541,64.315,-98.404,-17.313,128.41,318.29,-0.3022,-225.41,-25.398,0,0
-2.5,4.1896,7.701,-28.133,168.35,-168.3,-443.25,-23.794,-405.09,-13.991,279.81,146.85,11.333,0,0
-15.75,-7.5933,8.2093,-40.863,131.85,187.42,-123.77,154.14,-279.67,-121.21,99.45,-24.787,-112.84,-47.303,-17.936
-11.75,-0.54599,5.2111,19.141,-108.68,-49.04,-84.151,-97.773,-173.77,-331.62,65.769,-118.4,14.024,0,0
30.25,20.275,25.837,-25.707,-76.311,-191.66,19.481,-27.98,-320.12,-26.115,-255.05,-109.7,124.38,51.128,-24.25
-8.75,-4.7093,22.984,19.435,-96.191,-153.38,51.444,-192.83,-101.44,-73.434,327.21,364.3,-77.839,-90.47,-12.25
-24.25,-13.188,44.834,-67.989,-69.849,250.09,19.752,-508.57,-88.273,-237.6,183.61,326.37,-153.63,0,0
-12.338,3.7094,25.008,-71.333,-26.875,-203.31,-341.77,-25.506,71.263,30.903,59.45,-211.75,-89.885,-86.339,-7.25
10,27.944,1.8524,103.94,-51.147,14.425,21.449,316.73,-100.17,198.88,6.9325,-22.574,40.007,51.476,7.75
-2.25,-14.642,-7.6511,196.4,96.811,4.0552,-140.59,-51.286,75.468,532.59,361.26,32.376,178.9,-1.843e-014,-3.3307e-016
-10.25,8.8218,25.434,-157.47,4.8509,207.63,184.63,135.82,79.458,174.87,215.95,-18.301,124.42,-51.128,24.25
4.5,-10.176,4.8643,27.445,-102.53,54.628,-162.73,24.557,-454.36,152.38,216.95,211.13,26.08,0,0
-18.5,-14.137,30.227,-12.164,-246.26,-60.099,-150.33,-264.18,-88.956,204.07,41.103,-262.59,103.77,0,0
-11.5,-8.1064,22.788,-15.13,75.69,-10.289,-168.17,-20.184,-78.676,-138.97,-151.31,-69.569,59.314,0,0
-17.25,-11.972,18.99,6.0333,-145.87,-232.95,-22.552,-170.06,86.954,43.548,37.931,-192.57,-60.46,0,0
0,0,0,0,-43.463,-89.577,-36.125,-167.52,59.032,48.542,119.72,43.675,17.993,0,0
-14.25,-19.173,17.77,19.746,-110.07,-403.05,-167.1,-344.25,-131.53,110.3,-63.707,-181.44,23.023,0,0
-11.75,-0.54599,5.2111,19.141,-95.336,-160.62,-106.96,-120.4,-0.27018,147.63,248.7,-25.877,128.7,0,0
0,0,0,0,44.442,-7.115,72.25,9.1523,145.63,-114.87,-234.46,-10.403,-123.76,0,0
0,0,0,0,-17.515,-274.26,-53.794,282.1,-14.221,122.66,320.44,40.822,16.605,0,0
2.25,-12.152,1.6077,13.969,-38.547,238.86,264.08,110.15,-22.037,-118.51,0.019261,236.22,-8.1962,-19.472,5
13.25,15.752,5.9772,-39.285,101.49,-137.17,-84.312,-499.52,-232.5,11.196,-147.02,-49.106,138.54,0,0
12,11.62,-32.691,45.324,87.374,-51.219,-139.36,-126.41,-176.3,-228.14,23.838,89.084,-181.99,166.81,-13.5
-5.75,22.034,27.68,-12.261,138.17,-96.204,70.604,61.878,-76.252,-15.772,195.13,150.99,-29.56,97.695,-15
21.25,24.456,-21.19,-29.807,28.844,140.74,-112.21,-409.04,-46.487,220.63,245.89,40.04,88.767,0,0
0,0,0,0,-7.9869,5.5512,-49.42,1.5889,69.551,2.6068,126.32,80.966,9.2386,0,0
3,4.1651,-2.134,-9.9724,53.611,241.92,24.194,-110.89,7.2072,-2.0131,59.025,-32.048,104.14,0,0
0,0,0,0,16.734,-73.221,-124.43,-88.917,33.314,289.68,75.311,-203.95,-60.36,0,0
0,0,0,0,2.9388,226.32,-254.3,-15.119,-39.62,70.037,77.115,85.62,4.0245,0,0
-11.25,4.6699,-1.4851,-40.315,182.52,-66.168,-113.47,34.404,-109.05,-236.8,0.070382,207.18,-2.5,0,0
0,0,0,0,4.4755,11.469,-87.475,-6.3524,-174.93,-382.84,-144.09,48.626,-18.272,0,0
0,0,0,0,-9.1447,5.4881,153.99,134.8,-165.5,-194.17,64.959,-8.6414,8.9841,0,0
0,0,0,0,-4.6591,20.642,242.52,-5.5628,-21.649,202.36,-42.172,-9.1725,-59.886,0,0
-4,9.2679,-4.6405,-67.016,106.96,-92.176,205.67,-68.209,-243.77,-211.4,-136.5,22.665,-12.487,-20.807,39
2,14.397,-13.616,25.196,279.12,-140.01,-180.34,-62.598,193.7,194.66,-322.31,-144.09,-34.49,0,0
-2.25,6.9199,5.2338,-22.104,191.59,119.06,122.08,81.046,-27.585,-163.35,67.233,-420.76,-114.54,-102.6,16.5
-32,-21.842,43.088,-70.054,44.38,-303.07,-353.46,-210.29,-335.29,-55.268,-157.51,33.76,229.82,0,0
0,0,0,0,16.039,178.7,-46.722,-209.56,-90.624,-110.15,-156.24,-230.97,80.111,0,0
12,6.4151,4.5849,8.2386,-18.146,156.42,16.386,-111.43,-151.87,-103.75,-235.53,-90.471,-163.14,148.82,-39.25
6.9984e-012,8.8954,8.4904,-8.6279,89.718,-110.68,-164.53,184.94,109,126.94,-214.47,-90.792,5.0736,0,0
0,0,0,0,2.5718,25.92,-25.892,-28.983,-131.71,-95.928,233.05,108.9,137.97,0,0
-2.5,4.1896,7.701,-28.133,124.36,139.82,188.67,163.33,-139.68,-306.78,-53.687,-80.274,-249.4,0,0
5.25,-7.9869,-0.52628,3.997,4.6134,-148.79,-188.07,-224.06,24.994,-171.42,-243.8,-188.55,75.589,0,0
-41.689,-21.671,-6.0661,3.8736,-102.91,51.428,-94.484,25.059,-161.51,-52.37,-75.875,-78.392,-91.841,1.4211e-014,-8.8818e-016
0,0,0,0,-21.127,-260.44,231.32,-347.27,78.881,-24.101,-231.14,8.4492,11.825,0,0
0,0,0,0,55.837,-298.89,-77.476,-229.94,151.09,-91.732,6.1997,-67.338,-90.912,0,0
-15.75,3.6615,31.566,-19.714,-74.175,74.933,-43.663,-155.33,54.456,-56.3,117.08,-207.91,-6.6405,0,0
-12,-6.4151,-4.5849,-8.2386,-6.0974,85.793,-282.4,10.97,-5.7308,109.83,163.94,79.533,-15.763,0,0
15.5,-0.61427,-3.8678,25.057,-158.97,-92.098,-78.186,-64.585,-107.25,280.85,-194.68,27.956,-89.418,0,0
-12,-6.4151,-4.5849,-8.2386,-13.145,5.3675,-137.47,41.825,-7.6248,312.51,-38.439,25.591,62.542,0,0
2.25,-12.152,1.6077,13.969,-50.861,-90.802,-95.75,-49.692,-78.362,95.311,-4.1896,-14.382,-17.734,0,0
-19,-4.0819,11.441,78.873,-88.145,-4.9748,16.915,-120.49,-36.089,-27.917,116.15,59.8,-107.26,0,0
6.5,12.392,-14.19,5.4694,-77.301,243.74,16.3,280.68,228.85,-139.11,-10.072,-188.47,73.332,0,0
-4.5,-5.134,0.88221,13.013,19.982,70.95,69.673,139.9,83.022,113.85,70.58,62.915,70.584,0,0
-9.992e-016,-5.5511e-016,4.4409e-016,-6.6613e-016,-23.146,-197.48,63.668,209.14,-91.482,-127.72,-188.05,124.86,-13.963,0,0
0,0,0,0,-9.8077,45.903,-201.82,-54.204,-117.8,247.41,-10.439,149.95,-16.339,-19.533,4.75
2.25,18.809,-32.113,14.642,-29.283,6.3126,-153.69,-40.469,69.166,114.07,-152.2,-2.8534,57.972,0,0
-3,-4.1651,2.134,9.9724,-15.591,-212.66,-141.05,-59.11,50.382,108.29,91.041,-67.389,-31.064,0,0
4.5,-19.072,-3.6261,36.073,-179.4,-151.47,-320.11,-99.6,-206.61,-368.89,-413.97,-16.274,62.271,0,0
16,22.188,-36.504,50.123,127.31,223.86,133.28,-75.053,118.43,-255.25,9.999,-77.667,90.108,0,0
5.25,-7.9869,-0.52628,3.997,-16.063,-16.906,27.469,75.394,-313.77,141.19,123.33,118.18,-21.775,0,0
6.8929,6.2374,-3.1797,-10.297,-3.577,-192.42,-49.812,95.305,-269.28,-9.6615,-108.44,103.65,-3.2042,0,0
-24,2.9199,0.48686,-56.534,58.397,-128.69,-5.6081,-150.96,-107.52,119.29,486.84,140.64,43.235,0,0
-0.75,-2.1896,5.3905,23.448,-163.59,-70.795,-165.64,-16.916,152.56,288.02,193.04,214.64,128.03,0,0
0,0,0,0,32.732,21.433,-55.952,-434.24,127.71,121.72,229.03,-3.087,-18.512,0,0
0,0,0,0,-70.059,82.395,-228.46,60.703,193.77,48.851,-122.91,-185.92,15.947,0,0
0,0,0,0,-35.617,199.71,55.76,-453.41,-177.71,149,241.88,220.18,25.853,0,0
-1.75,12.986,-35.486,-17.366,81.297,-181.43,73.776,57.574,-79.907,-60.603,-98.125,55.464,-134.56,0,0
-20.75,-14.865,38.12,-61.641,-96.929,-276.02,-53.888,209.07,-236.96,133.28,-39.769,39.391,-12.731,0,0
2.2204e-016,-2.387e-015,-2.3315e-015,1.5099e-014,45.865,98.032,-244.93,-60.461,206.67,-13.09,-238.25,-27.819,-10.456,0,0
-12,2.4803,3.9054,-16.866,17.922,-105.03,-91.103,-335.72,-187.38,360.76,335.51,220.25,-9.3971,0,0
-19.75,-14.327,36.778,-35.566,-207.26,-200.96,-119.17,-384.89,91.508,290.51,96.456,20.778,-70.958,0,0
5.25,-7.9869,-0.52628,3.997,-11.591,41.88,71.519,-48.176,-205.3,-35.167,132.75,-44.661,-80.985,0,0
-4.25,-10.417,17.446,8.0066,-0.43301,-17.209,166.41,255.77,126.47,20.944,-39.459,97.177,-14.931,0,0
-2.25,12.152,-1.6077,-13.969,-3.225,13.578,-196.36,-342.58,-169.05,-46.135,280.96,248,-135.88,26.747,-17.75
0,0,0,0,38.11,81.902,-83.372,-174.43,-41.058,36.012,-292.58,101.43,-91.873,0,0
-1.5,-0.96891,-1.2518,3.0407,11.68,193.44,69.391,198.94,110.83,-96.883,28.546,-223.3,-41.121,0,0
1.75,1.0736,-0.43125,-26.281,22.863,-99.275,19.846,371.76,63.734,53.874,-101.87,166.78,15.328,0,0
0,0,0,0,3.3685,183.05,149.27,-85.517,-558.46,408,157.26,-183.16,-80.42,0,0
-9.992e-016,-5.5511e-016,4.4409e-016,-6.6613e-016,43.195,126.43,-175.03,-274.96,-103.19,-266.74,329.12,11.181,-26.149,0,0
-10,-23.051,12.054,-0.79376,-36.205,7.6206,-240.57,65.967,7.0674,246.88,403.19,28.553,138.18,-102.6,16.5
2.25,-6.9199,-5.2338,22.104,-158.6,105.47,-253.45,-290.79,-53.962,81.919,-235.48,-41.664,62.471,0,0
-19.25,-22.466,10.975,-7.9053,-229.76,414.55,-83.698,-144.27,88.398,-56.05,138.07,-3.741,6.1986,-1.843e-014,-3.3307e-016
-8,-15.266,-2.7872,-114.13,180.93,-167.53,99.203,90.144,-28.061,-26.183,-44.055,130.38,10.754,26.747,-17.75
13.75,15.827,-29.986,35.639,222.99,34.203,-11.205,-89.423,37.873,421.23,-584.42,-169.25,-144.09,-51.128,24.25
0,0,0,0,-76.278,88.095,201.74,215.04,260.17,-63.416,-282.58,-100.12,1.9028,0,0
6.5,6.8349,3.3056,-11.271,-255.8,-188.63,-101.03,1.1926,-148.55,297.38,-35.02,381.16,203.29,14.91,8
13.25,-1.8266,-13.789,74.2,-90.63,-198.47,-114.91,2.639,-65.26,65.883,-169.98,-15.745,55.217,0,0
-19,10.422,17.955,-143.71,-71.58,-92.135,-17.922,-270.22,-5.4968,39.229,146.51,82.958,213.34,0,0
-24,2.9199,0.48686,-56.534,15.792,-133.23,-26.702,-311.14,-206.41,-236.07,33.99,-136.64,-26.966,0,0
-12,-6.4151,-4.5849,-8.2386,32.636,25.891,-50.421,-420.34,-100.15,158.9,247.26,446.75,-77.475,0,0
-12,2.4803,3.9054,-16.866,31.713,-232.35,-19.407,-83.813,-238.83,84.445,272.23,-50.008,-54.49,0,0
12,-2.4803,-3.9054,16.866,-10.145,48.356,28.049,5.2591,-15.822,-435.09,-142.01,-115.47,113.34,-122.08,21.5
17,12.175,-36.863,57.69,6.762,18.94,251.59,-247.76,-324.79,68.791,-73.26,57.24,154.72,-51.128,24.25
4.5,3.6029,-0.96234,38.814,-102.11,83.455,23.748,155.96,58.73,-139.24,17.741,215.34,99.512,166.81,-13.5
0,0,0,0,-30.185,134.89,10.751,-100.47,46.141,43.201,13.345,84.409,-4.5622,0,0
0,0,0,0,-0.89591,8.7225,310.93,-99.235,40.356,101.59,-30.763,51.826,-10.511,0,0
-18.75,-12.198,-6.8463,7.1298,-414.2,109.57,-207.85,-557.51,-29.258,129.89,-115.03,-116.66,-53.465,0,0
0,0,0,0,26.874,-130.48,-63.88,-69.244,36.259,-23.515,98.274,82.368,6.4183,0,0
-22.25,-14.059,33.209,-42.648,-24.326,-101.3,288.34,-13.899,352.85,-53.084,71.039,-38.82,99.343,0,0
0,0,0,0,47.387,16.294,59.206,117.07,-335.88,82.454,-17.435,-46.749,-251.7,0,0
-2.25,-12.054,-4.3516,35.117,-163.52,-18.063,-113.6,-149.12,80.432,-113.7,-59.256,-31.938,-94.83,0,0
0,0,0,0,-28.908,109.55,207.93,-29.966,169.85,-168.89,-217.21,-129.65,17.173,0,0
0,0,0,0,17.543,-132.33,-16.42,80.112,258.75,-291.42,-338.86,104.26,-9.7688,0,0
0,-1.3323e-015,-8.8818e-016,9.1038e-015,5.9192,-23.637,12.926,67.575,353.87,-124.13,-4.4573,38.299,4.0844,51.476,7.75
0,0,0,0,-32.32,-211.09,-24.367,165.95,-120.75,-98.923,21.704,-87.906,-24.002,0,0
-11.25,4.6699,-1.4851,-40.315,206.59,243.01,58.106,-86.581,-273.18,205.94,-173.16,-250.74,30.059,0,0
-10.75,2.6537,4.8013,-108.16,13.842,-16.56,-118.1,90.17,-159.1,-10.569,50.079,-0.17213,-73.24,-99.987,14.314
0,0,0,0,-12.136,96.953,-17.544,334.09,88.634,12.737,184.1,-83.732,-7.4551,0,0
13.5,16.16,-7.4641,4.9181,-14.998,-42.443,-264.85,19.273,-269.81,-86.362,322.64,-15.827,-28.967,0,0
-11.75,-9.4413,-3.2793,27.769,-175.07,59.238,-61.977,139.01,98.632,-225.79,-260.51,-132.72,-94.736,0,0
11,5.0933,-8.5556,52.096,20.941,152.76,11.465,-253.41,156.18,241.48,-419.63,-81.283,-11.326,0,0
-1,-14.698,25.995,20.566,-136.04,30.229,-23.857,-232.42,332.38,13.861,185.31,18.567,55.092,0,0
-2.25,-3.1585,4.1388,26.489,-123.79,106.39,28.957,51.121,-88.487,295.34,81.64,20.17,-96.769,0,0
16,-4.0293,-0.24695,-24.637,-97.345,327.22,185.93,-246.42,399.84,156.15,-239.69,-135.58,-2.846,0,0
0,0,0,0,-12.778,-30.609,-142.45,-238.28,111.23,-22.266,143.25,-57.211,10.909,0,0
0,0,0,0,46.212,-14.886,130.08,-159.15,28.612,132.01,20.408,-154.56,13.959,0,0
-0.36515,0.8774,1.0123,12.594,-106.32,-165.07,-27.004,11.657,162.13,294.5,21.582,-7.0083,4.1607,-51.476,-7.75
12.482,-0.95161,-28.638,0.034869,167.35,-389.11,383.31,8.8273,1.5684,56.925,-302.33,-271.01,35.676,26.739,4
0,0,0,0,-23.293,141.26,25.287,-282.69,19.325,-27.462,364.68,72.687,60.791,0,0
0,0,0,0,-10.915,146.68,-385.4,1.6796,-21.947,71.602,42.363,-50.926,9.1046,0,0
0,0,0,0,21.705,-109.58,-164.11,-197.07,-172.14,142.71,178.73,65.636,0.36274,0,0
0,0,0,0,2.9091,18.95,33.198,119.66,224.83,53.794,-48.968,122.44,-20.269,0,0
0,0,0,0,23.958,-209.83,-41.936,12.619,-17.947,113.95,-205.11,-38.958,-86.834,0,0
-14.25,0.50481,0.64887,-30.342,76.021,-232.76,-121.4,23.306,-199.08,152.67,-9.58,118.37,-114.17,0,0
0,0,0,0,-15.408,-249.45,298.11,153.7,223.08,-274.16,75.062,-65.076,-46.151,0,0
0,0,0,0,22.91,217.29,110.83,172.08,-395.65,-267.92,153.49,-4.4934,-14.928,0,0
7,9.8187,-9.5018,22.699,78.165,0.28555,-130.75,-53.27,-302.17,-54.757,71.551,180.16,-172.72,0,0
4.25,10.417,-17.446,-8.0066,16.353,-75.363,101.01,280.3,194.58,-171.09,1.2631,19.229,-123.3,51.476,7.75
0,0,0,0,-23.086,165.77,-16.23,-289.28,-31.243,320.39,285.68,67.891,-12.571,0,0
2.25,12.054,4.3516,-35.117,156.44,302.18,335.69,-55.389,0.28437,36.597,239.85,-128.42,3.4085,0,0
13.25,-16.624,20.564,15.429,40.031,-56.604,186.33,-16.945,-69.288,-0.083538,251.11,-143.58,-42.18,0,0
0,0,0,0,5.351,-58.342,-72.625,-117.72,-210.25,-47.015,58.238,210.66,-83.97,0,0
0,0,0,0,21.878,-60.443,-123.8,-206.6,-172.64,-128.91,222.35,1.3442,-1.9677,0,0
0,0,0,0,61.911,3.5108,372.53,106.47,-103.13,-293.99,66.319,20.46,-7.7308,0,0
2.25,1.9755,3.2566,13.476,-52.171,-180.18,-263.68,161.86,128.57,-120.34,-299.11,40.803,-14.029,0,0
0,0,0,0,4.9955,65.196,-81.867,156.01,-71.237,-258.97,147.86,-130.21,-14.044,0,0
0,0,0,0,-43.258,-49.895,92.09,-86.884,17.41,-219.66,-21.325,153.3,-40.527,0,0
-16.75,-11.046,19.044,-50.973,-45.454,-67.817,-33.982,78.144,140.95,75.744,-216.55,125.41,-4.2679,0,0
41.885,31.466,-24.541,113.36,-21.726,-54.521,94.952,-49.781,-56.577,-337.68,116.99,-87.009,21.28,97.695,-15
2.3161,-11.925,-7.4054,-11.214,-144.31,148.34,55.76,-104.05,-102.34,21.613,-11.982,-33.798,174.65,102.59,-24.5
0,0,0,0,-20.292,155.75,-154.71,-66.831,-102.47,108.79,494.05,82.918,-3.1373,0,0
-1.5302,-15.498,-17.38,108.87,-293.57,-46.933,191.9,-230.43,21.517,3.1521,-281.67,-18.501,78.766,-46.219,22.75
0,0,0,0,-31.64,125.53,-97.29,155.05,61.44,-73.535,-129.15,169.16,73.466,0,0
0,0,0,0,7.3904,-133.36,105.04,86.924,-222.25,-131.6,107.99,47.292,-2.2811,0,0
0,0,0,0,-0.71082,-42.201,282.31,-201.15,-220.15,5.3433,34.485,85.73,19.223,0,0
2.25,-2.1633,2.3397,52.793,136.25,169.12,-162.79,-309.68,53.736,-47.476,155.06,-16.447,120.8,0,0
0,0,0,0,-29.411,-118.45,146.55,-265.2,-164.2,-14.943,-183.2,92.703,-7.2599,0,0
4.25,19.312,-8.9558,-16.634,77.923,-196.62,-15.806,-166.61,201.41,3.0897,63.122,45.605,3.799,0,0
8.9118,-3.029,-2.3702,22.135,-37.666,199.61,-80.869,-75.706,1.3966,14.406,31.92,-146.34,-15.907,0,0
4.25,19.312,-8.9558,-16.634,33.686,152.77,82.106,-165.29,28.625,8.1516,-65.02,39.779,66.736,0,0
-2.5,4.1896,7.701,-28.133,175.12,-235.91,229.06,109.96,24.053,-26.244,-87.479,-113.96,58.439,0,0
-3.25,-9.933,8.9313,30.429,-171.06,42.288,138.53,343.91,32.826,-367.38,-24.436,76.419,-15.967,0,0
18.25,12.16,45.041,-9.4322,65.272,255.06,182.14,-28.695,-242.55,-41.605,-265.2,-26.163,-78.928,0,0
-15.75,-15.971,-22.517,198.11,69.444,81.613,157.88,117.09,-89.8,-121.96,-306.42,-46.809,-36.793,0,0
2.2204e-016,-1.1102e-015,4.4409e-016,-2.4425e-015,-42.043,-133.28,-81.605,-255.26,151.56,278.75,-166.66,9.7548,7.8433,0,0
-2.75,-2.5915,0.97548,-6.7045,38.431,-25.912,-171.49,-210.24,-121.5,67.09,-12.625,394.93,-20.766,0,0
-4,-2.25,2.5425,-6.3319,-11.149,-89.784,-40.468,-128.25,107.5,-103.49,323.09,-156.3,6.4788,0,0
-11.75,-0.54599,5.2111,19.141,-66.85,-282.91,-199.33,-263.46,85.31,134.92,65.13,-84.25,5.4608,0,0
7.25,20.958,12.611,27.793,90.726,31.351,-192.14,192.15,191.01,-242.55,175.35,246.04,-7.6585,0,0
5.25,-7.9869,-0.52628,3.997,-53.704,-94.208,-191.04,-317.6,159,-39.327,-122.27,-97.295,15.31,0,0
20,-6.5915,-13.017,210.98,-56.532,-186.69,161.8,188.67,164.33,28.48,-348.35,65.09,37.586,0,0
-0.5,15.034,6.9921,-58.27,322.75,19.876,27.668,123.14,230.05,19.526,-304.49,-319.58,69.539,-1.6875e-014,-1.7764e-015
0,0,0,0,35.696,-97.321,-118.61,-208.13,169.81,-173.91,-15.001,167.95,64.548,0,0
-20,30,23.521,-156.85,243.42,61.68,527.11,-138.05,-336.06,61.693,134.37,125.06,-240.39,-1.3974,-1.7434
-2.5,-5.5718,-19.852,11.067,-49.389,17.52,211.01,14.771,416.52,322.1,-128.15,-86.819,80.28,-7.4127,-7.7386
0.5,5.5915,20.039,-76.462,-65.401,217.28,355.41,143.57,70.748,396.39,295.13,115.25,-233.22,0,0
-3,9.1029,-3.5377,-16.202,-110.99,123.07,-202.98,122.38,98.454,-484.81,-298.71,-296.06,52.302,0,0
12.25,17.655,-5.4583,-120.12,77.371,107.3,178.98,-68.746,78.719,-253.3,-385.07,-80.837,-178.4,-19.472,5
-3.25,52.488,113.24,-7.7763,-33.286,-4.1263,-349.54,-452.09,-17.71,576.05,-36.085,-307.79,-26.166,0,0
-9.0123,-0.53734,12.628,-19.643,101.01,-100.28,159.63,415.89,17.182,-274.5,-427.2,-119.79,-104.83,0,0
5.5,1.0245,5.5197,9.5351,-147.78,-4.8323,132.63,-248.91,-384.68,71.97,-191.79,152.68,250.9,-37.097,-6.8448
-11.25,-2.0736,-0.86603,-4.9462,-10.473,93.415,311.34,40.113,-385.89,15.825,-108.48,247.24,-80.642,-82.415,-7.5547
8.25,14.381,-37.943,27.887,-53.76,209.91,38.851,318.95,-246.69,50.673,-349.4,-83.007,-210.22,0,0
3.3307e-016,-6.6613e-016,-1.5543e-015,1.3323e-015,0.58309,-36.945,138.07,-340.68,-39.914,-138.73,-28.713,2.6538,40.545,0,0
0,0,0,0,-52.137,-109.46,298.16,165.95,106.94,-81.852,-228.53,-232.91,-12.703,0,0
-2.5,-2.0622,-1.6848,38.961,-3.3947,6.3184,-57.037,302.65,-194.98,-241.3,37.785,101.28,28.561,0,0
-15.25,-12.368,-4.7679,33.525,-214.28,-107.39,-235.19,199.89,-273.31,175.23,-7.6897,267.03,101.53,0,0
0,0,0,0,2.5855,-60.693,-13.81,-342.12,140.73,-209.49,-147.58,-95.197,22.706,0,0
2.5,6.9348,-1.5753,-21.906,141.32,-167.35,-181.14,320.71,50.338,16.995,-291.69,-15.34,-3.203,0,0
0,0,0,0,9.2254,288.13,-28.712,197.49,59.906,85.524,-98.363,-5.6289,-50.001,0,0
3.3307e-016,-6.6613e-016,-1.5543e-015,1.3323e-015,-4.6337,-16.144,-171.96,-62.193,86.448,-68.741,-140.46,-249.26,2.8526,0,0
3,4.1651,-2.134,-9.9724,8.1658,118.6,129.66,-36.541,-495.78,296.5,105.47,47.271,28.879,0,0
-8.5,-8.866,-9.7272,-30.809,-109.13,-435.15,-88.959,80.594,-145.46,-161.8,-93.759,43.042,-102.68,0,0
0,0,0,0,-11.291,-62.961,-134.63,-267.9,-195.79,-69.142,220.2,88.311,8.7284,0,0
0,0,0,0,-3.0951,-15.894,34.798,-135.52,-166.75,136.27,-37.539,93.615,9.9151,0,0
1.5,-4.9361,-55.217,143.85,89.537,157.22,212.44,132.24,175.83,-300.14,7.826,-7.0616,-93.098,0,0
-11,-7.0819,28.24,-34.235,-270.95,-44.199,-325.57,-199.17,-76.644,-116.01,42.062,4.2799,30.614,0,0
10.25,23.131,-0.64793,-138.78,273.05,-226.76,161.38,230.5,12.372,92.907,-87.879,-275.29,-76.516,14.91,8
-1.75,-6.6208,-11.752,-2.4103,-10.217,-119.04,-111.2,-331.44,78.294,250.53,308.32,66.448,-38.012,0,0
-5.75,2.7859,6.067,-22.607,176.38,80.989,-219.6,-108.6,-19.268,226.17,-146.83,-13.373,-124.61,0,0
0,0,0,0,-12.041,-199.51,-148.08,30.513,21.599,170.03,373.6,126.43,62.291,0,0
12,-7.6454,-4.0394,39.996,-158.36,-132.96,-133.32,-74.582,-227.21,107.45,50.017,329.76,39.459,0,0
-4.25,-10.417,17.446,8.0066,-27.411,163.92,-11.251,125.26,87.094,-200.69,33.634,-212.08,-91.578,0,0
-26,-25.209,3.937,-105.3,52.922,-123.96,-333.37,-306.24,-91.277,-139.69,133.47,470.47,51.961,51.476,7.75
0,0,0,0,3.2042,-40.452,-217.03,-73.619,589.4,149.23,-249.28,72.85,-11.154,0,0
-4.5,10.176,-4.8643,-27.445,124.49,224.69,-175.73,48.106,115.59,-180.79,-239.76,-10.119,139.63,-1.6875e-014,-1.7764e-015
0,0,0,0,-0.23205,-61.833,67.105,260.06,-212.08,-407.9,4.4474,17.218,-12.932,0,0
0,0,0,0,-3.5649,-51.07,-20.167,-255.35,-291.06,236.97,28.684,143.74,10.835,0,0
