6.9282,6.0114,0.41506,-669.1,35.599,-318.53,58.732,-173.03,169.01,222.44,-239.06,263.96,-347.33,0,0
-18.187,-6.7728,1.5,-169.5,302.88,515.97,-127.61,-199.19,108.74,48.218,48.772,-389.91,-18.184,0,0
0,0,0,0,73.257,318.26,189.48,-120.55,317.05,106.74,-106.58,-223.36,-22.896,0,0
-53.229,-56.547,-23.616,418.36,197.31,-132.93,-159.48,76.175,-78.665,202.4,53.042,182.49,36.053,-401.27,-5.6292
0,0,0,0,-561.4,117.55,4.5263,137.69,577.91,-115.26,-36.851,38.572,-70.397,0,0
0,0,0,0,-241.34,298.87,377.05,-140.91,180.08,56.566,-129.84,-280.24,-20.736,0,0
0,0,0,0,-226.64,55.846,79.172,88.894,74.284,246.19,-352.84,-177.33,-23.161,0,0
-15.155,-0.27276,4.5,-498.89,-80.229,192.66,-58.529,27.076,116.77,188.43,112.19,212.59,-136.14,0,0
1.7321,-11.538,-5.75,93.704,-361.3,-35.157,57.779,128.47,244.68,16.616,-214.26,36.628,-25.709,-124.95,-5.5556
0,0,0,0,-421.4,315.26,-166.48,-61.342,123.06,-139.73,-268.88,-51.856,-23.311,0,0
0,0,0,0,-5.4001,404.99,18.264,-99.102,171.25,-334.75,-209.33,2.5242,-20.817,0,0
2.5981,3.201,-9.1226,-587.18,303.56,339.48,-236.44,-341.65,53.131,102.09,277.76,163.65,-130.96,0,0
0,0,0,0,31.887,997.28,-608.6,413.98,-403.34,45.724,-346.16,368.73,-457.74,0,0
0,0,0,0,-254.77,248.74,484.81,-345.36,-27.161,403.83,434.73,-143.17,-25.455,0,0
2.5981,3.201,-9.1226,-587.18,418.16,178.33,40.369,67.756,-153.26,155.93,13.566,278.38,184.5,-94.006,-3.4641
0,0,0,0,1.0775,-155.12,569.64,-351.42,-44.271,105.24,-438.14,-1.5407,-17.656,0,0
0,0,0,0,-12.808,407.63,-38.331,14.941,193.31,-35.805,115.95,-388.12,-15.283,0,0
-9.0933,4.7631,-7.8481,57.867,169.8,92.073,252.22,116.96,-253.81,-51.697,-3.9869,204.15,26.133,-303.1,13.856
0,0,0,0,-580.54,37.186,284.98,265.32,794.26,-424,110.98,46.332,-165.92,0,0
3.4853,23.792,-15.143,491.79,113.13,-384.08,-178.18,149.77,245.23,-13.395,-122.43,221.69,331.79,-140.87,-1.7321
0,0,0,0,203.08,678.96,-514.39,312.65,-82.859,-294.44,-131.59,-160.08,-21.654,0,0
5.6292,7.9689,-12.922,241.18,26.633,-72.881,87.165,-85.93,-44.632,208.48,-31.784,-62.382,29.125,-354.86,-6.9282
0,0,0,0,-411.02,224.49,463.31,193.08,-13.263,-40.396,165.72,-342.82,-15.355,0,0
0,0,0,0,-198.06,333.59,-570.98,124.72,222.52,-194.01,206.64,-387.82,-22.628,0,0
-5.3291e-015,-4.3481,10.087,-346.57,28.518,-71.963,-588.15,-5.3853,12.578,215.04,166.95,136.93,-304.52,0,0
0,0,0,0,-160.72,176.56,123.38,-18.223,184.22,224.46,-441.82,4.7416,-28.469,0,0
0,0,0,0,279.63,26.139,84.922,389.03,107.36,143.83,250.72,-321.48,-18.25,0,0
0,0,0,0,-395.33,399.63,41.775,257.87,230.3,-388.24,283.02,-101.41,-26.627,0,0
-3.0679,18.334,-572.07,253.63,874.83,-13.159,-95.993,30.816,305.3,154.32,-141.78,154.27,-150.02,0,0
9.0933,19.629,-673,33.576,-97.587,110.68,134.88,-317.63,38.958,139.24,-171.31,142.23,379.52,-155.26,5.6292
0,0,0,0,-403.19,504.89,620.03,-1026.1,161.19,179.71,131.87,98.015,-105.33,0,0
10.825,4.6519,-91.396,554.56,389.1,-218.6,-141.79,116.63,-5.3639,34.569,415.11,125.77,-137.93,0,0
0,0,0,0,-393.48,-53.969,536.33,-110.45,229.07,255.53,-174.95,-35.487,-21.098,0,0
0,0,0,0,-5.5496,172.85,77.737,-148.08,193.57,-529.98,-136.48,34.976,-24.714,0,0
0,0,0,0,643.68,-78.349,-70.089,40.425,-132.04,230.25,-85.253,-389.18,-22.671,0,0
0,0,0,0,-752.61,315.59,-242.21,35.643,143.47,-116.51,160.51,-53.004,-66.807,0,0
-14.289,-1.0897,11.141,-561.34,221.18,8.8859,-180.8,448.57,-192.21,52.233,-16.544,289.2,-122.74,0,0
7.974,16.388,-12.161,497.75,533.28,201.62,-219.18,479.01,-355.8,-147.13,44.057,-107.26,-407.94,0,0
0,0,0,0,-159.99,-34.468,-52.687,-43.424,187.72,-63.04,12.985,-293.33,-27.108,0,0
4.9216,-27.048,-1013.9,636.79,-131.4,-73.273,-3.6884,22.126,16.837,428.23,-72.232,207.09,270.52,-123.31,0.86603
0,0,0,0,-647.21,491.12,837.6,-115.66,-31.53,20.908,12.264,34.418,-80.867,0,0
0,0,0,0,-687.34,729.86,132.85,31.812,-376.08,176.78,218.24,-113.89,-14.275,0,0
0,0,0,0,-588.82,218.72,439.54,-79.518,-27.329,-200.35,526.73,-229.22,-29.731,0,0
13.856,16.926,2.5849,-463.51,58.935,54.762,-6.9355,451.88,-170.15,8.4129,-191.36,-76.956,-22.953,0,0
0,0,0,0,-3.1623,-785.87,833.93,190.64,-49.819,44.969,277.39,-95.041,-28.776,0,0
-29.445,-8.4606,4.8415,-671.82,-172.02,124.59,52.448,-55.566,16.612,-80.644,415.76,121.92,-135.43,0,0
0,0,0,0,-334.34,402.91,270.7,-68.098,2.0658,119.19,96.02,-92.71,-20.798,0,0
-13.856,-22.337,-20.498,182.41,152.04,-138.43,-58.25,123.61,75.836,51.115,212.14,-60.316,-378.87,0,0
0,0,0,0,-94.512,192.21,15.856,24.67,-3.9632,355.15,-594.52,-8.7278,-26.576,0,0
0,0,0,0,-104.25,274.09,195.17,0.33127,52.89,-11.103,374.24,-137.27,-18.548,0,0
0,0,0,0,197.4,154.75,309.37,173.78,-169.64,-60.706,-110.16,56.382,-244.88,0,0
-36.373,-13.546,3,-339.01,445.48,-83.545,-361.51,334.49,-68.804,49.189,542.47,-105.4,-109,0,0
0,0,0,0,-69.574,161.06,607.67,325.53,-87.197,195.75,59.082,-470.34,-14.263,0,0
0,0,0,0,-237.9,-531.3,220.25,213.46,494.22,67.533,-266.63,30.982,-18.927,0,0
-31.906,-19.906,-8.0416,235.56,856,-201.13,3.1244,200.79,-128.91,21.539,-27.483,95.47,234.31,-117.44,-2.5981
0,0,0,0,-1.6435,-155.02,598.55,-290.77,-236.66,364.36,-121.44,-39.509,-24.281,0,0
0,0,0,0,185.68,476.21,105.54,-43.85,-77.606,-78.513,39.199,168.23,-330.53,0,0
3.0311,-23.49,-606.88,163.77,640,-414.65,-74.244,109.05,-133.68,-59.049,-453.88,241.29,564.57,-194.27,6.0622
0,0,0,0,-744.51,455.79,-558.39,-34.09,-362.13,-37.177,229.69,-410.01,-14.83,0,0
-12.557,-10.975,-502.23,166.88,258.63,-173.94,-2.735,141.26,-64.021,-48.815,-3.5933,-63.42,131.3,-73.184,-3.8971
0,0,0,0,-127.16,-4.1762,183.77,75.813,-50.81,42.665,222.6,-348.47,-23.463,0,0
12.557,14.444,-16.178,-658.86,209.82,175.65,-213.21,357.84,10.555,-123.19,102.39,55.427,-89.182,0,0
0,0,0,0,611.62,240.86,-143.62,331.38,-210.21,264.08,-33.478,-348.42,-13.33,0,0
6.0622,13,6,-658.77,338.89,228.28,19.852,-177.3,23.745,-96.13,-235.92,-144.45,-41.222,0,0
0,0,0,0,-494.5,117.02,220.96,-98.236,61.771,-9.377,-117.88,-68.815,-24.837,0,0
13.423,9.5963,-8.8236,-163.69,281.25,610.37,-124.74,-53.971,231.17,-0.88578,-194.56,157.08,428.61,-167.57,2.1651
-7.3825,-2.3852,16.33,-885.16,368.54,1107,-477.19,166.15,-5.1385,-34.217,123.41,181.06,-106.08,0,0
0,0,0,0,-234.73,77.17,-50.31,239.74,-176.76,461.8,-454.39,37.021,-24.561,0,0
0,0,0,0,555.43,239.32,-349.92,37.256,-231.05,-104.7,86.918,-353.61,-26.623,0,0
0,0,0,0,1129,29.282,-1092.9,-88.414,-489.21,98.39,223.1,23.314,-453.81,0,0
0,0,0,0,-582.15,114,-279.88,-134.08,150.07,173.42,-239.65,137.27,-64.098,0,0
0,0,0,0,-216.13,-478.06,337.08,-99.619,185.44,408.09,-151.56,-9.9542,-19.672,0,0
0,0,0,0,-414.34,-12.933,151.23,412.13,253.28,-100.11,51.43,-350.39,-25.398,0,0
0,0,0,0,-760.55,387.52,115.73,484.36,-79.833,631.26,-221.27,-1.1086,-25.722,0,0
0,0,0,0,-309.99,73.522,319.18,166.82,166.41,-79.129,21.632,-27.662,-24.435,0,0
-3.1086e-015,9.9462,-506.91,142.57,310.91,-198.23,-20.039,-30.624,103.29,53.822,-61.016,282.81,-369.96,-38.383,15.588
0,0,0,0,-161.91,345.74,133.37,157.15,-47.901,414.54,-598.21,-6.1971,-20.053,0,0
0,0,0,0,0.68902,-190.37,164.36,142.93,25.274,308.29,140.4,-102.65,-25.888,0,0
0,0,0,0,-88.741,245.48,-895.69,-275.74,32.23,189.25,79.963,179.4,-207.41,0,0
0,0,0,0,2.4994,70.847,359.51,91.443,-121.03,6.0076,-411.11,15.64,-22.726,0,0
0,0,0,0,41.568,291.94,137.59,237.49,-80.75,-334.95,708.11,-302.14,-19.37,0,0
0,0,0,0,407.72,16.478,111.55,116.99,-250.39,-42.062,-113.61,-184.66,-173.92,0,0
0,0,0,0,-911.18,283.37,206.06,272.11,-12.045,7.4786,209.9,-91.276,-21.642,0,0
0,0,0,0,780.89,1038,-159.24,-3.698,11.53,16.946,-86.03,373.69,-349.59,0,0
0,0,0,0,-227.06,127.51,-351.29,5.6218,221.54,399.16,-199.56,-67.551,-21.915,0,0
-11.258,-1.6878,3.3415,-502.31,-63.124,-78.941,314.68,-56.152,57.12,-191.39,312.25,-11.667,64.966,-48.921,2.0915
0,0,0,0,92.868,256.26,38.993,125.06,143.87,169.05,-102.24,-220.51,-24.261,0,0
0,0,0,0,135.96,62.123,-103.66,89.271,-160.13,-117.68,334.06,101.46,-173.79,0,0
0,0,0,0,-485.32,391.39,259.89,222.92,60.59,350.79,249.02,-103.72,-21.533,0,0
2.5981,6.1585,2.8415,-81.518,143.56,244.02,-90.324,-76.629,54.199,1.1773,-77.308,125.85,-134.94,0,0
0,0,0,0,-48.898,439.74,-56.17,3.4342,-86.238,22.515,284.73,-294.42,-19.946,0,0
7.7942,10.609,-6.6471,-315.61,611.66,50.849,191.36,17.026,-123.25,119.83,410.57,-356.15,-17.524,0,0
0,0,0,0,-638.42,205.26,-190.51,-169.24,141.06,101.33,-73.343,-52.955,-22.905,0,0
-0.43301,5.2321,12.464,-1010.6,153.41,141.24,-472.2,81.825,76.074,-334.4,190.63,497.99,-181.41,0,0
-13.856,-22.337,-20.498,182.41,268.65,-35.208,-89.897,113.98,139.05,172.96,-93.723,-405.05,-222.27,0,0
-1.5523,1.6459,-524.62,205.39,310.45,-726.44,-327.45,33.443,334.86,4.0655,-61.386,324.68,406.96,-155.43,-6.4952
-11.258,-1.6878,3.3415,-502.31,299.86,405.28,-260.72,10.505,77.865,59.985,-61.399,295.92,-117.77,-70.434,-0.86603
0,0,0,0,-804.13,226.28,130.52,-44.805,-322,206.05,211.22,-87.369,-14.835,0,0
0,0,0,0,0.2629,-3.1446,281.68,-135.11,376.63,50.782,-92.524,9.6328,-19.273,0,0
0,0,0,0,-940.83,670.39,-228.89,182.05,341.51,-107.26,96.549,-75.726,-21.333,0,0
0,0,0,0,-805.52,350.04,-647.31,-20.337,-265.14,-84.548,180.67,316.99,-124.49,0,0
0,0,0,0,404.4,-4.6833,-123.67,101.37,335.53,-90.68,-377.64,-190.01,-16.388,0,0
-29.366,-5.0365,-938.03,553.67,58.365,-136.19,-100.02,-630.33,137.4,116.72,-189.44,32.495,508.58,-177.59,-5.9306
0,0,0,0,32.562,101.53,360.6,-271.93,-62.99,500.43,-498.62,38.417,-19.423,0,0
0,0,0,0,-265.61,147.07,-72.953,56.872,-53.184,63.271,51.82,76.137,-58.205,0,0
-27.021,-45.181,-16.094,236.24,112.81,-693.42,37.933,194.58,147.49,-175.05,-102.97,307.13,234.86,-334.27,-3.4641
0,0,0,0,337.32,1058.2,-594.8,5.0218,32.704,-562.39,235.72,-501.71,-14.183,0,0
0,0,0,0,-13.408,204.87,126.05,-100.2,125.04,-365.65,399.62,-485.58,-18.298,0,0
0,0,0,0,-98.834,58.544,-20.02,39.816,240.84,285.9,193.44,-324.79,-21.523,0,0
0,0,0,0,7.5775,-177.61,-68.059,101.9,-322.44,207.34,74.592,-334.48,-24.019,0,0
-2.5188,2.2231,-0.67163,-256.92,20.483,-142.43,-30.351,51.24,-107.64,16.474,-140.82,229.44,142.71,-317.91,-1.7321
0,0,0,0,-863.81,377.48,347.45,-80.278,130.1,34.82,213.68,-109.64,-22.382,0,0
0,0,0,0,-242.05,76.388,115.44,116.26,342.07,29.34,18.432,-52.978,-27.936,0,0
-19.053,2.8923,5.5736,-509.77,-58.443,414.45,44.464,-145.37,7.6109,-130.24,146.85,225.28,69.716,-45.797,0.036779
0,0,0,0,224.71,-81.771,-344.67,134.02,135.4,-398.39,61.37,-35.733,298.36,-137.7,9.2575
0,0,0,0,-473.67,184.37,-456.01,29.756,-166.09,116.43,-177.85,-28.189,-11.276,0,0
-16.887,-20.75,-428.42,191.05,593.91,-226.22,40.029,59.376,-18.805,133.81,-91.447,-47.603,346.06,-114.71,-14.363
-4.3301,-1.2679,0.81699,-487.87,136.91,367.34,-286.31,-47.343,125.86,-330.69,-15.229,209.13,175.26,-94.006,-3.4641
0,0,0,0,122.67,201.29,434.79,-92.645,-51.728,-5.3678,-3.7139,156.48,-279.71,0,0
-14.289,-1.0897,11.141,-561.34,261.68,172.08,-0.95249,-820.7,347.75,12.648,181.54,-116.12,-103.73,0,0
-8.2272,4.4707,-5.5556,-241.18,121.43,229.96,407.49,-81.552,-284.21,-92.623,-124.6,-19.735,46.845,-73.184,-3.8971
0,0,0,0,162.53,209.42,-193.44,38.586,32.534,-3.9103,79.779,145.99,-367.45,0,0
-44.03,-39.187,-18.979,288.04,507.16,-169.13,-23.453,-244.92,-5.5715,20.136,44.887,67.109,-8.0311,-471.83,3.4641
4.7631,12.44,-237.88,170.5,300.88,-58.252,-44.852,234.76,-61.616,-181.32,-223.42,249.29,266.73,-129.08,7.7942
25.553,20.005,-14.19,-135.74,640.74,170.94,-15.846,-283.37,-51.304,-73.274,-208.7,43.62,-349.19,0,0
0,0,0,0,70.585,1236.2,-0.99639,289.26,171.78,-215.73,223.69,-363.1,-17.172,0,0
0,0,0,0,11.565,215.93,329.1,187.44,59.611,-30.976,-365.3,4.5185,-17.492,0,0
0,0,0,0,-744.35,211.08,-239.7,158.68,-19.389,486.28,-363.78,-27.443,-21.346,0,0
0,0,0,0,-437.35,365.35,-166.92,-195.53,-4.5213,23.385,229.91,-136.01,-22.437,0,0
0,0,0,0,504.24,619.27,-641.65,274.74,-3.9883,-291.15,184.99,-299.66,-11.886,0,0
0,0,0,0,-294.66,197.39,313.54,90.493,10.38,-46.48,450.83,-93.831,-24.679,0,0
-20.214,-8.93,1.1953,-437.06,6.2932,706.79,-65.02,172.61,-247.25,-49.01,-57.826,-392.92,-19.761,0,0
0,0,0,0,-97.683,126.1,192.96,238.36,-48.868,-52.735,-45.35,-199.94,-24.532,0,0
-18.187,-6.7728,1.5,-169.5,379.12,199.11,630.64,76.615,-5.8893,21.638,-41.354,131.54,-111.44,0,0
0,0,0,0,410.69,417.32,132.1,501.87,133.23,-365.73,-59.894,94.015,-39.961,-194.49,1.1405
0,0,0,0,321.54,89.724,-217.7,-364.29,-151.65,252.51,-95.345,50.958,-251.19,0,0
0,0,0,0,133.15,368.74,383.45,-343.19,-175.83,378.8,104.99,-309.93,-14.172,0,0
0,0,0,0,-755.09,375.88,308.46,-439.64,19.608,118.27,251.78,-148.13,-22.864,0,0
0,0,0,0,-301.88,813.88,554.31,-202.57,104.99,-179.16,164.54,-262.47,-18.828,0,0
0,0,0,0,-583.46,270.61,-156.81,90.185,81.061,135.05,180.13,-63.851,-21.281,0,0
0,0,0,0,-28.428,-112.38,145.46,-123.21,-380.59,-148.78,50.472,355.52,-131.68,0,0
0,0,0,0,16.353,305.21,1.5149,-737.96,213.93,318.12,-425.46,-0.15016,-11.891,0,0
0,0,0,0,-20.053,-539.81,344.39,-69.164,383.47,-228.94,-11.147,-9.0152,-12.658,0,0
-6.9494,17.744,1.1813,-391.27,201.16,250.62,-909.44,153.21,280.32,-28.036,-563.96,509.58,501.71,-285.36,-5.1962
-0.43301,9.6046,-171.61,266.18,566.08,-107.84,107.21,-460.48,186.68,-108.82,141.64,-37.79,330.49,-117.44,-2.5981
1.7321,5.049,10.049,-635.77,332.09,481.5,-28.699,-7.134,-37.93,20.306,27.575,318.42,-537,0,0
4.7631,13.482,2.9019,-73.546,235.58,193.23,67.726,-26.221,-29.761,115.08,413.65,-150.01,-24.732,0,0
0,0,0,0,-663.83,252.34,-116.99,-129.11,-173.16,-161.98,52.371,-106.38,-22.763,0,0
7.7942,10.609,-6.6471,-315.61,62.998,728.48,-279.33,-87.8,14.41,-271.59,129.98,-75.878,-68.043,0,0
0,0,0,0,809.04,65.027,-16.672,-127.23,10.85,-220.76,131.15,-34.208,-313,0,0
0,0,0,0,243.92,14.517,-24.823,177.53,53.361,199.08,552.55,-80.942,-169.11,0,0
0,0,0,0,29.155,1.7838,29.528,343.38,-54.523,308.55,300.97,-524.65,-26.29,0,0
0,0,0,0,-582.71,199.87,-382.69,-51.957,101.77,51.929,-326.02,-55.431,-22.62,0,0
0,0,0,0,17.521,-862.34,553.22,342.16,79.767,-221.59,117.4,49.15,-66.024,0,0
0,0,0,0,-1010.9,157.79,521.69,-452.43,261.31,-60.713,255.08,109.84,-112.08,0,0
0,0,0,0,-590.33,26.671,-27.562,90.156,-156.39,237.7,356.8,-125.36,-23.327,0,0
0,0,0,0,10.025,129.42,204.06,229.99,-26.729,133.42,-656.27,-20.958,-23.76,0,0
-2.1651,26.667,-5.4054,-132.69,186.72,44.473,73.735,-106.77,140.22,64.906,-78.734,-40.584,106.91,-183.92,-6.4952
9.6635,10.224,-918.25,165.05,-198.05,-187.17,-416.29,104.98,331.9,29.432,31.921,205.79,343.01,-144.14,1.299
0,0,0,0,-924.55,182.3,118.27,-344.33,-395.87,74.33,-158.22,-127.17,-56.815,0,0
0,0,0,0,162.83,757.92,29.788,-98.393,26.782,5.6524,-88.069,61.198,-351.85,0,0
-4.8424,-1.7835,-831.58,162.76,480.22,-180.61,-470.84,136.25,114.9,295.29,70.374,-76.551,387.42,-162.99,-0.86603
-11.691,-7.8954,3.866,-167.45,173.14,-735.06,259.81,-246.72,307.21,155.84,-71.112,26.554,-19.878,0,0
0,0,0,0,-1053.3,183.59,482.34,-165.99,-158.29,-199.22,53.747,126.71,-101.98,0,0
-15.588,-3.5718,-7.6226,-756.69,612.54,189.87,52.071,9.5932,241.76,-440.72,258.46,131.91,-579.01,0,0
0,0,0,0,-65.933,228.77,-12.01,-406.13,35.71,-82.986,-258.65,177.06,-256.41,0,0
-11.258,-1.6878,3.3415,-502.31,169.95,-124.38,-128.83,167.42,120.51,354.5,63.314,234.36,-135.52,0,0
0,0,0,0,-83.045,260.42,-249.73,-411.35,420.87,-216.53,103.5,-94.254,200.34,-69.373,-3.0736
3.4641,18.397,-0.49519,-319.02,189.93,951.21,253.6,-91.899,-180.29,256.09,-74.154,23.81,101.68,-128.17,-2.5981
0,0,0,0,-657.91,297.6,73.876,91.409,91.272,122.94,-12.592,200.79,-103.31,0,0
0,0,0,0,-668.43,-94.548,152.64,265.51,-223.76,396.95,125.69,-106.43,-16.288,0,0
0,0,0,0,-846.89,683.67,-700.77,112.3,-188.8,-22.187,-14.279,326.39,-125.41,0,0
-20.352,-7.4067,1.9085,-413.44,165.73,563.47,16.307,-124.46,31.429,271.33,-12.688,-290.79,-44.27,0,0
-7.3612,3.9952,12.982,-894.15,364.89,622.45,-123.68,104.09,-81.628,-157.42,61.931,14.136,122.89,-93.752,5.1962
0,0,0,0,-1086.6,178.3,-11.601,-39.754,168.3,-123.76,216.94,124.51,-114.29,0,0
0,0,0,0,19.296,177.2,605.15,211.73,-310.51,127.78,-524.52,15.075,-14.428,0,0
-5.1962,-8.1896,-775.18,283.48,324.63,78.854,-149.74,371.1,-486.18,81.761,2.116,-120.63,396.02,-176.09,6.0622
22.3,-6.2804,-751.01,217.99,-94.732,15.147,176.15,152.14,-283.31,-1.3104,84.069,158.52,352.05,-140.87,-1.7321
-5.6292,-4.7925,0.70753,-247.55,342.27,447.49,-66.702,-34.327,-86.804,188.53,-18.354,-251.63,-64.149,0,0
22.934,50.399,0.67709,-201.29,319.57,599.29,-332.42,-35.2,-66.087,-7.116,282.74,140.46,632.03,-226.22,10.825
1.299,14.373,11.958,-513.17,35.5,209.85,117.86,-28.773,9.6785,79.819,608.13,-341.89,-26.174,0,0
0,0,0,0,60.636,334.69,391.26,-64.294,191.97,6.8579,408.29,-138.38,-23.647,0,0
-18.187,-6.7728,1.5,-169.5,15.045,-9.8163,-51.701,-231.22,111.93,-149.52,243.45,-293.12,-22.312,0,0
0,0,0,0,-225.59,431.01,942.2,-277.85,-16.639,319.35,-471.75,5.1537,-15.123,0,0
0.86603,5.866,3.4085,-573.32,298.83,207.69,55.872,-51.065,56.5,-87.612,443.97,-145.74,-89.752,0,0
0,0,0,0,102.78,843.83,65.388,-265.67,-102.47,239.18,-50.077,-437.98,-14.109,0,0
0,0,0,0,-666.34,208.73,374.65,48.286,-7.3415,-299.27,276.77,98.356,-110.97,0,0
0,0,0,0,-158.43,94.094,356.74,-50.398,58.226,-246.49,-408.81,16.308,-17.352,0,0
-4.3301,-1.2679,0.81699,-487.87,129.7,508.92,-98.493,68.665,-40.562,1.4539,170.46,-413.9,-26.414,0,0
-5.2117,7.6737,6.6005,-836.85,918.47,-47.904,77.252,-648.39,371.71,415.1,-734.74,20.655,-14.075,0,0
0,0,0,0,485.94,137.72,9.8339,-318.41,-87.344,141.33,-141.54,342.53,-296.91,0,0
0,0,0,0,25.134,-426.91,608.35,-775.54,-253.19,-16.918,441.63,-150.71,-14.639,0,0
0,0,0,0,11.075,143.35,91.663,279.62,270.46,1150,-335.75,-0.1887,-21.639,0,0
0,0,0,0,52.626,1.0063,573.16,-93.536,28.897,-191.78,289.65,-263.71,-22.765,0,0
0,0,0,0,62.964,112.56,110.23,112.36,216.81,75.966,185.16,-285.75,-16.775,0,0
0,0,0,0,16.526,904.6,-480.55,623.72,-2.2143,519.1,-663.95,-23.284,-24.814,0,0
1.2623,6.0703,-857.53,337.17,340.62,139.99,-79.656,14.816,3.7678,10.322,108.76,310.36,620.88,-194.27,6.0622
15.161,13.993,5.3292,-1074.7,361.25,-315.94,185.92,-573.23,274.91,357.15,91.918,426.2,-177.77,0,0
0,0,0,0,274.23,352.79,-315.19,161.8,-314.64,-163.62,63.748,-526.56,-12.719,0,0
0,0,0,0,291.63,-64.665,0.027631,-18.93,298.85,427.87,-97.252,143.14,-227.08,0,0
0.43301,19.977,-1.0687,440.05,172.35,63.193,144.18,167.48,1.3014,-32.292,170.57,97.03,-335.55,0,0
12.557,14.444,-16.178,-658.86,355.99,186.33,-130.85,-264.16,0.7407,-29.78,187.91,206.11,-512.91,0,0
0,0,0,0,-493.85,11.692,141.55,138.76,-272.07,-547.07,136.74,-336.15,-21.854,0,0
12.13,7.4934,2.3292,-745.27,-175.9,401.69,-333.67,-108.71,-31.352,-133.27,-125.14,28.506,175.15,-138.36,-115.61
0,0,0,0,-185.01,670.17,-123.36,309.82,324.49,529.99,183.97,-276.6,-20.381,0,0
0,0,0,0,411.29,49.676,187.26,113.47,-281.52,212.65,128.51,-370.42,-14.007,0,0
0,0,0,0,-922.29,791.97,1351.1,-596.7,91.861,170.13,135.11,84.254,-103.16,0,0
2.1651,10.141,-3.2386,-354.7,112.86,132.26,-4.7108,193.17,-107.05,160.46,103.67,15.566,-93.434,0,0
0,0,0,0,-582.99,-16.972,105.9,-231.74,-381.5,264.98,121.24,-88.261,-14.458,0,0
0,0,0,0,-904.64,291.93,-581.57,399.85,19.496,70.077,146.74,-105.42,-26.057,0,0
-6.2518,7.7562,10.525,204.11,282.17,-559.66,-241.04,-251.63,-215.59,-118.15,-88.348,113.48,106.71,-249.54,-9.9593
2.1651,10.141,-3.2386,-354.7,274.65,390.76,-39.946,-240.9,4.5191,79.535,-13.88,-178.3,-63.349,0,0
0,0,0,0,-24.694,11.578,-98.495,-144.44,-148.69,362.58,242.77,-109.68,-27.998,0,0
0,0,0,0,-135.64,371.75,242.14,13.081,192.7,80.471,-440.33,-12.564,-23.254,0,0
4.3301,17.58,6.1454,-381.47,-370.16,292.79,-261.73,-46.68,232.16,51.317,30.428,140.13,-273.29,0,0
0,0,0,0,-253.64,-821.43,521.08,-433.82,-42.178,-99.561,320.21,159.61,-104.07,0,0
-13.677,-14.452,-9.3104,-54.978,1045,-277.52,141.71,-64.868,104.03,-265.36,-0.69779,366.22,-532.35,0,0
14.728,-14.948,-23.104,510.51,71.266,-426.02,-179.83,-65.761,-1.299,26.118,-25.766,-71.922,185.73,-306.01,-8.2272
0,0,0,0,29.301,128.87,135.61,-116.84,49.451,349.99,131.65,-328.85,-28.368,0,0
0,0,0,0,-654.29,370,235.13,-392.69,249.91,439.72,167.05,-137.49,-29.15,0,0
8.6603,-7.1603,-17.348,-163.68,208.04,-367.95,118.26,-154.99,-137.14,100.06,-409.68,371.67,-111.74,0,0
7.0442,-7.9695,-674.09,652.97,-225.79,175.45,237.54,-34.358,-247.31,-18.173,-0.68958,105.7,179.05,-97.134,3.0311
-3.4641,-1.2679,9.4641,-681.21,272.12,-54.71,-651.96,149.51,-64.044,-4.7925,358.98,-240.52,-60.601,0,0
0,0,0,0,-840.81,646.16,331.09,-265.02,-137.07,10.947,266.64,-29.136,-111.5,0,0
0,0,0,0,-319.65,275.31,502.53,-168.23,-88.353,606.07,286.55,-130.57,-23.293,0,0
0,0,0,0,310.77,133.63,78.695,124.45,161.32,-272.87,4.6513,-16.712,-169.98,0,0
0,0,0,0,-744.21,148.54,375.4,-543.73,341.58,68.841,-105.96,11.098,239.77,-68.368,-2.4028
-4.3301,4.3056,-582.02,-55.914,18.69,197.51,-149.16,68.429,141.83,-48.668,-136.4,295.21,149.86,-155.26,5.6292
12.13,7.4934,2.3292,-745.27,398.46,1234.5,-388.36,140.08,-150.32,-0.4641,-417.84,353.79,-478.65,0,0
-20.352,-7.4067,1.9085,-413.44,75.136,127.09,23.887,60.223,45.888,539.31,-197.61,-393.56,-21.29,0,0
0,0,0,0,6.8598,351.84,-347.5,204.03,-39.437,-12.508,-297.41,-0.91418,-16.187,0,0
0,0,0,0,-250.68,187.46,319.89,-83.87,198.24,144.32,-407.86,-16.122,-19.538,0,0
4.3301,-1.9462,-175.82,123.41,447.04,186.71,-136.85,-149.05,-106.33,39.189,37.944,17.683,48.508,-65.605,-3.0311
0,0,0,0,70.449,125.74,179.87,71.725,-111.37,-33.21,235.38,-411.53,-19.178,0,0
0,0,0,0,-425.33,-133.09,577.32,-289.12,117.37,133.14,300.19,-122.11,-17.642,0,0
-15.155,-12.725,-1.4313,-440.24,-32.007,454.25,218.69,55.099,124.54,73.067,630.43,-229.65,-20.865,0,0
0,0,0,0,-406.34,241.8,-410.87,236.76,128,47.978,67.122,-31.256,-22.243,0,0
0,0,0,0,-415.7,118.4,380.46,-368.81,2.0474,-80,206.46,-383.34,-14.384,0,0
0,0,0,0,8.4613,-74.593,-401.52,183.88,169.36,7.5506,46.321,-399.85,-25.46,0,0
0,0,0,0,26.173,274,613.06,27.918,-70.823,197.09,30.825,-113.14,-21.881,0,0
0,0,0,0,138.33,203.28,110.84,121.22,120.79,-31.287,334.9,-393.31,-22.496,0,0
-11.691,-7.8954,3.866,-167.45,280.66,14.086,181.54,141.57,-28.699,-67.315,180.4,-540.86,-20.255,0,0
0,0,0,0,-33.077,41.779,-235.79,-103.02,190.74,173.63,-72.485,-45.274,-26.409,0,0
0,0,0,0,-86.784,110.48,432.74,-15.463,331.48,-125.5,62.837,-254.32,-19.065,0,0
0,0,0,0,-507.77,156.72,82.737,-287.04,298.62,23.686,-25.09,-115.75,-27.083,0,0
-5.1962,11.404,-13.167,-115.77,-66.26,-356.88,195.51,298.43,20.834,59.197,-147.86,6.6405,-277.11,0,0
0,0,0,0,-650.41,109.68,-238.95,66.101,62.25,311.9,199.39,-150.33,-20.297,0,0
0,0,0,0,-497.75,57.818,71.718,347.79,4.7769,-412.42,115.74,-86.77,-64.526,0,0
7.3612,30.703,8.2058,223.05,195.62,340.97,259.17,-161.3,290.71,17.047,26.669,31.649,-433.21,0,0
0,0,0,0,-659.9,282.43,-146.39,-154.24,214.96,-33.228,-119.5,-87.542,-26.826,0,0
0,0,0,0,-656.41,181.63,-58.76,-205.25,274.57,279.52,-428.19,-28.379,-20.01,0,0
0,0,0,0,-14.203,222.92,-98.386,34.904,-169.68,109.79,-476.26,-11.033,-22.452,0,0
0,0,0,0,-130.98,255.06,343.63,-165.81,-103.22,520.61,265.09,-86.255,-34.727,0,0
11.697,18.292,-679.59,125.28,87.472,-158.29,-370.53,34.546,98.277,69.887,-56.836,20.775,695.12,-224.93,6.2419
1.299,13.714,-4.8301,432.66,-241.05,204.36,27.928,24.375,-156.43,13.655,-356.94,-30.7,-26.543,-313.84,-19.919
0,0,0,0,-580.77,-9.5799,405.78,-129.21,61.769,-30.279,259.81,-97.521,-19.526,0,0
0,0,0,0,-299.45,291.64,-294.27,274.82,-110.51,-118.7,535.42,-185.07,-22.89,0,0
-15.155,8.2894,-412.68,174.71,239.71,-23.272,-144.54,-99.805,15.966,32.712,-25.448,-73.346,121.97,-68.55,-1.299
0.86603,-28.039,-22.67,284.91,73.713,-127.27,110.94,-398.59,-56.095,143.02,-119.45,31.912,335.14,-252.99,10.825
3.0311,-4.5622,-9.0179,-13.114,326.53,-106.68,315.87,167.02,-299.24,374.3,-231.75,246.1,-307.12,0,0
0.86603,5.866,3.4085,-573.32,160.95,508.03,162.27,65.823,202.1,-111.81,233.7,376.86,-157.65,0,0
0,0,0,0,-583.91,51.776,-186.23,14.521,-73.721,142.8,-197.91,-216.93,-18.79,0,0
0,0,0,0,-395.46,325.07,94.786,-17.609,-48.684,244.83,62.819,-66.579,-23.1,0,0
0,0,0,0,11.885,181.89,523.41,-315.7,259.64,301.16,-334.91,22.154,-22.428,0,0
0,0,0,0,100.98,168.23,-5.9466,84.748,154.48,32.317,74.915,-281.03,-16.538,0,0
0,0,0,0,-309.44,157.01,-215.08,-132.03,-64.147,-277.84,425.5,-119.06,-20.184,0,0
7.3612,30.703,8.2058,223.05,-59.836,102.27,112.39,-67.065,-352.43,65.839,-47.895,106.02,194.09,-264.13,4.3301
0,0,0,0,-456.52,-78.457,-80.895,-138.77,-85.022,-1.0946,155.65,-148.97,-18.885,0,0
-23.383,2.6489,-2.8905,8.0098,88.933,380.1,36.272,533.98,-220.22,111.89,-49.351,33.448,-6.3944,-143.25,-24.249
-0.43301,22.24,-596.1,215.95,593.4,-47.303,-166.51,150.53,162.3,135.71,176.8,5.4085,193.23,-93.752,5.1962
0,0,0,0,-219.6,155.85,191.09,363.89,62.939,382.87,-473.69,-13.23,-28.257,0,0
-14.289,-11.616,-8.6388,114.01,73.454,383.39,-7.3014,74.367,-56.65,91.768,153.03,-0.33717,-322.76,0,0
6.9339,4.3104,-18.867,85.06,189.78,612,-128.42,-124.55,90.771,150.22,164.02,-54.147,-366.01,0,0
9.447,-0.16266,-823.55,271.96,407.19,150.15,101.96,-64.601,123.05,1.0399,-27.941,123.26,370.48,-162.99,-0.86603
0,0,0,0,-50.103,70.485,-19.806,-83.073,-108.03,128.87,133.47,132.43,-327.14,0,0
0,0,0,0,-1407.7,551.1,36.328,179.42,416.51,-274.31,242.02,-94.414,-102.5,0,0
0,0,0,0,-4.2159,-837.31,36.051,184.11,412.09,338.74,-124.91,36.977,-17.896,0,0
0,0,0,0,-242.58,-73.681,563.78,105.93,-314.13,416.7,136.22,-121.56,-16.609,0,0
0,0,0,0,-496.13,172.64,-285.59,-176.9,-121.9,373.75,-225.81,-38.777,-21.953,0,0
-20.352,-7.4067,1.9085,-413.44,183.73,501.66,191.54,391.84,-205.7,385.89,-29.548,130.9,-113.72,0,0
-2.5981,5.5981,-162.91,-40.789,147.66,-102.04,144.17,219.85,48.839,-29.9,238.92,-46.367,-167.45,-47.003,-1.7321
0,0,0,0,67.364,413.89,382.56,-292.71,25.731,226.62,36.683,-310.07,-23.132,0,0
0,0,0,0,-1020.3,363.25,-400.57,45.648,-545.88,444.22,-489.69,1.6764,-13.641,0,0
-3.8971,7.5311,-3.4575,281.48,-20.889,68.1,198.49,-345.66,222.28,278.8,197.16,-171.55,-207.14,0,0
-5.1962,8.6962,3.5,-352.25,141.57,-12.717,8.8424,-8.1464,36.026,239.73,3.4317,115.1,-66.721,0,0
-20.172,-1.6277,-3.605,399.92,1043.3,-199.04,-77.989,-337.14,67.117,-2.9273,-585.96,144.13,-460.41,0,0
0,0,0,0,193.38,436.13,-148.07,15.098,444.65,-30.675,80.124,-189.01,-25.801,0,0
0,0,0,0,-274.48,165.74,-152.01,-85.298,-35.16,-41.708,152.41,-79.578,-17.243,0,0
-5.6292,3.9396,-340.73,143.13,213.7,-249.89,148.71,-280.13,254.37,8.4462,193.6,226.1,-413.09,0,0
0.43301,-1.8481,-415.06,191.48,108.07,-249.57,-642.23,32.865,60.03,-244.27,187.21,-79.027,9.7751,-65.605,-3.0311
-10.825,-11.915,-13.261,-642.43,67.792,-20.867,-109.65,-185.07,14.32,-179.46,-19.862,286,120.82,-173.57,-13.423
-20.352,-3.2058,-0.10289,-115.86,295.18,-188.89,-350.29,158.68,-102.17,-1.0604,-162.99,209.57,-222.66,0,0
-25.126,-15.873,-931.42,530.57,1016,-455.52,60.057,78.27,51.13,-124.49,-246.08,191.41,38.822,-129.08,7.7942
-2.4339,-13.113,-994.42,573.66,6.9427,-150.45,-358.57,82.758,42.135,-185.53,-398.07,461.7,-95.907,-125.37,6.4952
-16.454,14.137,-420.06,100.88,633.01,-480.9,135.96,-12.692,-89.639,149.35,-716.59,276.88,-438.96,0,0
-2.1651,-0.63397,0.40849,-243.93,75.166,713.53,173.18,5.8042,116.24,-368.35,26.138,233.86,-114.32,0,0
3.0311,6.5,3,-329.38,504.04,-82.949,213.52,-104.99,-159.94,-107.72,110.26,391.71,313.21,-155.26,5.6292
0,0,0,0,-353.32,420.7,-172.03,170.07,89.188,167.73,-438.88,6.2631,-24.062,0,0
-17.321,-19.342,-16.328,79.584,476.59,-38.25,-42.367,313.72,-138.87,119.54,10.215,-274.33,-22.9,0,0
0,0,0,0,61.873,484.57,-198.67,-332.68,228.88,12.371,173.28,-378.79,-22.967,0,0
0.86603,5.866,3.4085,-573.32,152.06,180.86,25.545,-226.23,6.3168,-95.724,-105.66,-323.91,-70.288,0,0
0,0,0,0,10.455,-147.46,227.67,442.31,-175.8,-106.7,-365.04,28.999,-16.89,0,0
0,0,0,0,262.5,11.246,-72.973,222.38,184.89,164.81,0.34808,409.09,-211.44,0,0
21.223,10.371,-420.21,117.69,672.61,-238.23,-50.147,20.805,-0.34019,133.03,-114.11,287.1,341.23,-144.14,1.299
7.3669,-4.8367,-14.738,156.59,447.03,-231.17,25.68,114.73,-4.8506,24.643,-243.1,261.37,-460.42,0,0
-11.258,-1.6878,3.3415,-502.31,80.184,273.22,-77.893,-167.58,150.78,335.81,-59.077,146.23,-135.4,0,0
0,0,0,0,1.5648,252.77,-577.81,85.985,239.74,100.23,-85.169,-78.445,-25.499,0,0
0,0,0,0,-277.99,223.8,468.91,178.47,-236.64,364.21,285.28,-136.7,-23.972,0,0
0,0,0,0,-822.18,292.06,876.44,-270.53,77.552,-131.66,142.26,-343.1,-22.541,0,0
0,0,0,0,-927.04,650.57,-52.483,-1.7706,142.81,-102.55,201.12,-107.64,-27.087,0,0
-1.299,9.5556,-3.7141,-573.99,199.02,132.96,278.43,-79.212,238.37,-198.63,77.441,77.238,-114.08,0,0
0,0,0,0,-398.91,418.78,-115.07,-189.4,179.53,234.19,517.98,-209.06,-23.116,0,0
2.1651,-1.7566,-6.049,-453.36,248.19,119.16,-137.98,224.23,117.93,-352,-7.0013,183.71,323.03,-140.87,-1.7321
0,0,0,0,66.088,610.22,153.11,-78.334,-115.79,308.71,-417.24,21.336,-30.15,0,0
0,0,0,0,45.747,179.68,289.56,-31.992,-147.18,257.49,26.118,-462.37,-24.161,0,0
0,0,0,0,7.4456,157.11,119.08,-164.18,105.32,152.32,-38.167,-102.29,-23.586,0,0
0.43301,4.8236,-9.8253,238.42,173.86,-169.32,152.1,-218.4,-138.35,228.08,-100.2,395.03,-463.38,0,0
-4.3301,-2.5736,-12.958,-525.57,305.51,49.178,-566.65,-427.91,446.86,-11.037,-302.74,324.18,-409.84,0,0
0,0,0,0,-64.947,642.56,4.4034,218.15,169.19,120.21,-17.337,389.63,-111.86,0,0
-7.7942,-5.9264,0.43301,-257.86,208.17,171.57,-74.447,167.05,-528.52,-260.78,-100.35,-553.88,-25.972,0,0
6.0622,13,6,-658.77,-55.517,257.14,-25.599,-110.48,55.204,517.33,-189.96,420.19,-137.15,0,0
0,0,0,0,-555.41,207.37,-310.09,-5.3617,162.5,253.35,-8.4585,-109.27,-29.799,0,0
3.8971,5.683,9.6405,-391.83,103.81,143.17,-416.4,72.624,164.86,-66.049,-212.37,193.98,-558.58,0,0
-0.94527,-14.212,-683.92,63.732,350.02,-156.03,-385.33,87.629,-41.487,122.82,30.195,1.366,329.45,-144.14,1.299
12.557,14.444,-16.178,-658.86,-7.3533,175.33,-40.542,231.42,80.617,93.021,40.92,-174.07,-75.592,0,0
0,0,0,0,-849.13,58.003,234.25,-312.59,280.07,-5.7115,-92.302,327.32,-129.84,0,0
0,0,0,0,-461.29,786.69,-499.13,56.43,520.39,-495.1,645.34,-354.71,-15.781,0,0
0,0,0,0,-728.22,193.27,-403.73,29.124,-92.906,152.3,-338.41,-9.5753,-21.89,0,0
2.5981,3.201,-9.1226,-587.18,243.99,301.37,-32.509,54.407,459.52,-84.234,-10.937,97.738,390.56,-121.55,0.67075
-2.1651,-0.63397,0.40849,-243.93,208.7,283.91,55.456,39.41,-146.62,64.499,275.36,-295.68,-63.107,0,0
0,0,0,0,-385.62,230.94,140.19,-138.01,-173.15,251.22,16.114,-193.94,-22.16,0,0
0,0,0,0,-166.19,320.33,17.259,255.86,-9.1459,-279.17,-90.187,-58.909,-25.016,0,0
3.8971,5.683,9.6405,-391.83,-159.74,20.653,-239.73,-93.096,163.55,-73.473,24.693,-456.92,-21.73,0,0
0,0,0,0,-605.27,147.15,69.273,-36.025,221.45,280.39,-503.16,-27.527,-24.299,0,0
25.548,25.554,0.87083,-598.83,422.75,276.22,-276.42,79.029,106.07,-158.03,-66.415,119.37,149.35,-96.614,-3.0311
0,0,0,0,4.4378,-417.38,671.91,-488.06,44.275,-86.537,211.19,-376.71,-15.408,0,0
0,0,0,0,-831.62,447.07,430.17,-189.07,60.133,-42.658,-35.818,316.25,-134.33,0,0
0,0,0,0,-586.66,-31.74,189.88,-83.643,476.73,-87.45,209.25,-77.901,-24.289,0,0
0,0,0,0,303.06,18.357,343.33,-428.74,-68.267,274.52,105.61,-331.98,-12.075,0,0
0,0,0,0,79.154,329.6,-32.38,160.81,92.996,13.041,-5.5353,-272.12,-23.166,0,0
17.5,12.486,-431.73,116.21,754.41,-475.98,-344.01,0.38178,276.22,112.31,-394.8,180.49,199.93,-140.87,-1.7321
0,0,0,0,-508.42,213.45,-10.378,247.01,165.2,-37.534,300.33,-130.79,-20.248,0,0
0,0,0,0,-406.17,265.27,256.9,-563.05,393.03,-458.44,-28.758,-42.079,-17.261,0,0
-14.289,-1.0897,11.141,-561.34,224.22,-158.44,-309.84,188.61,-187.2,-33.12,26.376,391.92,61.378,-94.006,-3.4641
-15.588,-3.5718,-7.6226,-756.69,109.54,16.275,-152.58,8.3231,549.43,-377.45,379.83,207.19,-154.8,0,0
11.691,-0.66025,-14.348,-493.06,-16.167,467.45,-50.086,13.955,56.096,30.934,43.614,25.24,-311.65,0,0
8.2117,7.0314,-2.8684,228.85,585.46,-366.7,36.318,-418.78,113.35,385.85,-551.77,118.16,-493.5,0,0
0,0,0,0,396.8,760.73,-166.47,-94.884,-85.665,-55.89,265.27,-429.16,-12.696,0,0
-15.155,-0.27276,4.5,-498.89,409.01,-153.09,131.17,21.511,-68.015,152.36,176.12,56.509,7.7016,-65.605,-3.0311
19.491,28.757,-420.13,103.74,108.89,137.6,36.152,-33.489,105.97,-218.44,59.188,263.28,95.119,-97.134,3.0311
0,0,0,0,12.536,972.48,863.01,-261.97,-382.11,-20.946,394.85,-505.34,-12.725,0,0
12.99,17.743,-4.0556,-401.06,369.76,402.51,-307.73,338.83,89.061,-9.4468,18.573,-380.4,-21.085,0,0
0,0,0,0,-740.26,94.989,413.44,-135.02,80.29,122.35,-18.093,-54.973,-24.563,0,0
0,0,0,0,311.64,334.5,-689.46,62.208,-389.56,-150.27,221.49,388.93,-172.61,0,0
0,0,0,0,-227.68,41.981,312.5,-80.123,130.12,179.75,-472.41,27.275,-17.052,0,0
-15.451,-4.1131,-11.958,-763.47,65.208,110.77,609.41,-45.302,141.24,182.27,-240.84,192.4,-138.64,0,0
12.99,17.743,-4.0556,-401.06,447.01,870.53,-439.89,228.14,83.95,-88.922,201.97,54.616,-104.1,0,0
-10.392,-4.5359,-14.879,-518.51,218.48,412.5,15.38,302.67,-101.73,-87.169,-24.963,171.33,-121.88,126.22,-308.74
0,0,0,0,-910.8,354.43,291.02,-453.02,-0.50449,-74.87,27.388,470.81,-177.01,0,0
0,0,0,0,-67.912,-373.44,178.26,40.834,-323.54,-193.36,-82.541,-8.8605,-30.321,0,0
28.152,7.4851,-684.52,52.561,339.36,-325.39,101.83,158.75,49.559,372.15,-369.21,101.38,182.66,-123.31,0.86603
0,0,0,0,7.6041,265.2,487.36,-97.363,-213.21,353.32,-483.17,15.486,-22.521,0,0
-22.084,-3.6077,2.5736,-180.38,36.454,177.21,-126.36,157.75,183.45,-108.21,59.648,72.214,-310.82,0,0
0.86603,5.866,3.4085,-573.32,52.722,128.27,-257.94,-212.84,56.773,213.21,109.44,143.36,-112.64,0,0
0,0,0,0,-2.5897,183.71,224.73,325.31,-336.73,208.49,-216.5,-7.3122,-16.328,0,0
0,0,0,0,-201.64,-68.009,298.22,320.48,-49.461,60.713,258.36,-115.6,-19.034,0,0
-21.218,-22.342,-17.913,331.01,426.21,-200.89,143.86,378.48,28.489,38.037,245.43,-9.875,-354.07,0,0
0,0,0,0,14.098,473.1,616.49,-168.8,239.49,411.9,-302.63,0.2476,-21.683,0,0
0,0,0,0,-757.73,113.37,-40.45,0.4276,-237.31,283.6,-629.6,3.9039,-27.314,0,0
1.299,-4.0981,4.3726,430.36,56.449,31.723,-99.573,91.612,-145.84,116.48,-89.524,146.23,-13.937,-326.66,-5.0221
12.13,7.4934,2.3292,-745.27,780.18,-579.39,273.99,-99.869,-81.788,-78.868,65.594,459.82,-148.84,0,0
-29.445,-8.4606,4.8415,-671.82,198.08,88.882,-332.25,-224.57,-150.75,-3.2697,85.595,144.38,-225.51,-26.046,3.0311
0,0,0,0,-77.281,167.96,258.47,135.03,-27.361,195.53,-23.639,-46.405,-26.314,0,0
-15.155,-0.27276,4.5,-498.89,-6.8563,550.25,340.23,-237.87,-252.59,70.852,177.83,34.115,-310.3,0,0
-8.6603,-11.342,-2.5849,-143.31,247.94,-155.58,-495.11,98.898,101.59,15.258,-84.529,60.592,-429.01,0,0
0,0,0,0,56.624,140.64,-268.68,-33.18,-107.88,187.28,-14.907,-328.98,-24.168,0,0
-4.3301,-1.2679,0.81699,-487.87,262.1,-110.35,125.47,2.9897,-199.6,217.38,117.31,488.36,-172.09,0,0
0,0,0,0,17.355,-706.2,271.38,-90.397,300.17,-174.78,-60.055,19.064,-26.661,0,0
0,0,0,0,-605.58,-60.738,200.69,126.4,121.57,88.852,-112.31,-201.96,-25.126,0,0
-2.1651,-0.63397,0.40849,-243.93,199.47,-95.478,154.05,-212.33,-109.97,241.19,519.51,179.37,-116.67,0,0
0,0,0,0,-220.66,315.44,247.93,-45.246,167.43,440.42,-19.961,-4.2987,-21.508,0,0
8.2329,17.549,-11.117,-130.48,836.53,-265.46,-497.87,260.85,409.19,-252.29,-219.12,304.51,-485.87,0,0
2.1651,3.1764,-5.4575,374.78,144.18,-54.859,18.605,41.161,-337.39,69.199,112.95,150.94,-494.37,0,0
0,0,0,0,-535.45,0.78888,-110.22,225.14,-187.71,-42.437,142.74,-42.722,-90.431,0,0
0,0,0,0,-506.68,122.79,84.104,57.714,-149.48,80.242,512.42,-130.95,-16.652,0,0
0,0,0,0,8.5951,305.37,295.77,55.409,109.87,420.07,-426.28,3.7524,-28.424,0,0
12.542,19.337,5.6675,-1087.4,354.09,-659,-116.28,-593.64,525.07,-379.39,793,247.89,-179.8,0,0
-15.588,-3.5718,-7.6226,-756.69,-106.27,368.24,198.75,-104.15,-83.156,62.933,272.14,241.66,-476.21,0,0
0,0,0,0,20.71,-103.39,-0.21629,314.55,-474.87,156.8,-227.1,22.511,-13.16,0,0
-13.286,-16.463,-4.8209,-41.154,606.54,-180.52,-607.33,152.7,-72.855,50.296,-28.017,239.89,-354.37,0,0
3.4641,-3.6471,-3.183,-28.37,76.648,105.39,-241.22,105.24,206.37,503.23,-58.579,4.7215,235.65,-69.373,-3.0736
0,0,0,0,50.425,109.88,-140.31,76.458,-212.93,-3.3542,94.26,-356.47,-16.829,0,0
0,0,0,0,362.18,69.651,93.331,-61.039,-204.51,-9.7729,234.64,-50.754,-304.23,0,0
-6.4952,12.77,-3.6292,-90.518,-4.1192,-443.04,74.857,-192.73,-96.743,285.47,49.148,261.99,-257.21,0,0
0,0,0,0,80.282,588.9,419.14,-194.34,-154.1,-54.652,240.06,91.642,-265.16,0,0
0,0,0,0,-77.505,103.77,-47.689,-198.39,213.7,276.74,-295.97,-87.826,-30.42,0,0
0,0,0,0,-490.02,78.975,188.19,-351.74,287.18,399.51,-358.27,21.094,-20.756,0,0
0,0,0,0,249.47,-90.717,-82.347,181.12,285.69,53.835,377.54,-285.44,-15.743,0,0
15.155,18.958,-507.07,210.93,335.42,-128.82,176.07,269.75,66.541,-22.447,-101.18,78.724,368.6,-155.26,5.6292
0,0,0,0,-493.27,231.88,-619.98,192.51,-94.461,282.07,175.3,-73.301,-21.508,0,0
0,0,0,0,92.616,-245.49,255.08,88.271,-154.63,-156.46,178.46,140.73,-166.06,0,0
-6.9282,24.222,3.5521,-253.39,317.73,-140.97,-181.16,186.23,-21.042,-136.18,-374.06,273.09,-62.355,-52.361,-4.3301
0,0,0,0,374.17,260.9,-87.384,-317.47,72.527,46.519,-430.55,164.69,-189.44,0,0
0,0,0,0,-845.48,340.99,293.55,220.06,205.59,-271.94,224.61,175.2,-101.7,0,0
3.4641,0.56042,3.8971,-430.11,186.7,236.37,-582.11,182.96,241.5,-75.373,240.45,11.38,-316.24,0,0
0,0,0,0,-647.71,105.26,58.244,174.61,148.08,294.67,-318.5,-18.527,-25.249,0,0
-20.352,-7.4067,1.9085,-413.44,86.738,338.63,-120.7,423.81,222.29,-63.114,-327.6,221.76,4.6281,-70.434,-0.86603
7.7942,7.3104,-13.897,307.73,40.075,186,155.75,289.95,32.958,-213.24,-173.73,2.2585,-195.35,0,0
0,0,0,0,286.04,-23.924,-128.09,64.43,214.57,231.65,-37.373,-291.94,-22.172,0,0
-16.887,-9.8774,-254.81,61.884,67.065,42.851,103.43,70.37,-102.41,-117.46,218.66,-25.529,-440.27,0,0
-24.682,-18.804,-270.44,-19.116,271.89,-345.81,-203.36,193.81,-43.012,-0.75962,-29.159,-358.9,-21.244,0,0
0,0,0,0,-436.18,567.59,528.57,222.26,-4.0807,-162.44,164.45,-408.73,-18.606,0,0
-16.021,-11.908,-8.0718,-377.79,156.75,190.7,-417.95,193.4,121.18,-4.417,-211.58,362.16,-155.21,0,0
6.4952,-10.783,-18.993,245.46,79.887,8.8855,57.999,19.599,178.36,340.43,-239.06,-24.223,-439.15,0,0
-4.3301,-1.2679,0.81699,-487.87,198.52,150.35,153.88,-76.092,84.146,256.41,83.266,225.55,-132.64,0,0
5.6292,9.4755,-4.9462,264.03,-71.032,140.81,-34.196,-32.744,39.264,-128.1,148.34,206.68,-230.45,0,0
-0.86603,6.299,-7.2386,36.288,145.39,-50.126,-85.745,357.32,23.549,-279.05,296.06,-3.506,-374.14,0,0
-22.084,-3.6077,2.5736,-180.38,153.07,40.857,-51.158,124.26,-39.608,198.76,11.581,-378.42,-23.676,0,0
4.4094,16.926,290.41,209.26,115.08,279.53,-42.573,1.1002,-4.2383,-475.26,213.25,120.77,-400.5,0,0
0.86603,5.866,3.4085,-573.32,314.86,-88.081,142.04,-414.85,338.04,156.11,194.37,465.52,-179.56,0,0
1.299,14.58,-10.874,111.98,265.17,151.24,-217.76,235.34,83.381,-45.124,6.634,-28.426,121.23,-354.86,-6.9282
-13.423,-2.3218,3.75,-746.25,86.799,502.52,-138.73,-12.762,-109.17,22.999,149.22,152.36,-183.89,-47.003,-1.7321
13.899,-1.994,-687.45,-279.14,94.605,-23.62,446.59,-255.79,32.191,-15.212,101.99,301.52,364.06,-136.81,1.299
3.0311,6.5,3,-329.38,79.131,58.493,82.157,-10.925,-325.53,-125.76,29.017,15.015,50.778,-73.184,-3.8971
-36.373,-13.546,3,-339.01,-63.366,87.192,141.39,-482.94,-13.288,25.872,95.517,262.54,-105.29,0,0
0,0,0,0,-502.77,95.618,88.705,148.89,-336.25,113,201.19,62.303,-78.086,0,0
0.86603,5.866,3.4085,-573.32,144.3,221.58,27.242,-344.31,134.9,251.89,7.1063,168.88,156.86,-97.134,3.0311
-2.1651,-8.1651,-0.29247,84.433,12.5,41.118,462.77,-169.85,-28.834,8.2115,32.992,87.465,-160.38,-242.21,-7.7942
0,0,0,0,-295.15,-2.9748,30.987,-84.118,-323.67,70.634,67.192,110.21,-78.27,0,0
12.99,17.743,-4.0556,-401.06,256.45,495.38,-247.99,72.744,19.412,-142.31,37.926,148.91,-116.49,0,0
0.86603,5.866,3.4085,-573.32,71.228,343.01,-172.82,-21.707,-24.895,140.24,-150.01,39.534,37.874,-70.434,-0.86603
-4.3301,-1.2679,0.81699,-487.87,225.98,195.31,-209.03,156.47,11.955,-192.57,-45.075,-151.55,257.32,-96.614,-3.0311
-6.9282,-14.208,-425.64,-71.66,159.43,119.2,-217.01,439.27,-284.9,-336.34,84.86,180.27,212.66,-96.614,-3.0311
0,0,0,0,-262.7,-111.57,146,-265.22,337.77,122.47,0.22656,-53.262,-23.843,0,0
0,0,0,0,236.66,-19.91,142.88,93.83,-358.75,116.64,231.81,-347.5,-13.835,0,0
0,0,0,0,204.28,84.522,97.835,488.03,74.367,-367.98,141.03,-102.45,-22.928,0,0
0,0,0,0,-599.89,133.57,154.48,-40.583,-150.31,135.81,220.78,-126.65,-21.437,0,0
0,0,0,0,35.987,348.4,298.85,-124.05,-155.47,43.655,180.81,-418.11,-15.776,0,0
0,0,0,0,-575.78,66.547,105.45,-71.167,6.0391,-130.69,-50.185,204.36,-112.88,0,0
3.0311,6.5,3,-329.38,91.218,244.52,-88.379,-131.35,102.65,-158.49,-8.3654,-361.6,-21.935,0,0
0,0,0,0,-892.11,107.67,559.61,-8.5967,-295.43,-14.609,77.716,-30.581,-83.862,0,0
0,0,0,0,-649.32,322.06,295.81,-84.657,-311.36,40.75,194.91,-98.099,-29.463,0,0
0,0,0,0,-44.391,77.939,-66.479,20.278,137.78,345.22,122.34,-160.75,-24.301,0,0
-5.6292,-4.7925,0.70753,-247.55,199.9,70.545,-93.293,225.88,73.483,2.5855,199.5,-100.6,-20.029,0,0
-13.07,0.52211,-7.7422,433.17,521.27,-10.199,-699.22,113.93,397.61,-59.73,-132.94,-51.59,209.06,-545.67,6.9282
0,0,0,0,-407.86,434.74,496.07,343.99,-131.51,-386.13,225.81,-517.16,-23.997,0,0
0,0,0,0,-278.71,401.35,591.74,307.75,-229.81,253.72,256.26,-294.03,-14.165,0,0
0,0,0,0,-642.35,136.31,243.11,102.35,-208.84,112.42,278.56,-89.626,-20.896,0,0
0,0,0,0,31.297,342.11,214.94,65.822,-12.71,208.63,-384.68,26.889,-25.633,0,0
0,0,0,0,-540.19,195.47,-114.54,166.6,162.21,-170.08,251.31,171.59,-173.41,0,0
-1.299,-1.6405,-256.28,336.43,183.09,-389.14,-29.203,131.66,-380.46,24.395,159.22,226.68,134.54,-97.134,3.0311
9.9593,-12.374,-14.201,289.3,189.67,59.521,185.06,295.32,-173.64,-197.85,-123.63,380.39,-380.78,0,0
-8.2272,4.8122,6.3415,-831.7,108.28,-38.436,-289.34,163.02,-219.31,-122.68,-22.96,249.69,-130.07,0,0
15.161,24.975,-9.0924,275.87,389.51,274.7,-272.99,-152.95,170.5,57.163,194.81,248.84,-414.11,0,0
2.5981,6.1585,2.8415,-81.518,257.95,273.4,183.06,176.53,220.79,-143.43,-85.798,-14.636,-368.9,0,0
-0.86603,6.299,-7.2386,36.288,116.08,179.11,96.078,98.529,-184.98,-34.554,-160.94,315.47,-130.66,-299.01,1.299
-20.352,-7.4067,1.9085,-413.44,-643.48,417.24,608.75,-215.89,114.2,-101.34,98.376,488.12,-170.29,0,0
-3.0311,-16.482,-234.44,232.05,-102.61,193.5,-124.4,218.19,76.963,-88.115,127.52,86.646,-370.45,0,0
6.9282,-6.7763,-12.768,125.79,106.48,-29.283,59.583,84.517,-116.58,-179.51,108.93,160.39,-281.37,0,0
-13.856,-22.337,-20.498,182.41,-123.35,-18.283,-105.52,52.091,83.988,121.48,113.91,195.72,-336.45,0,0
8.6603,-6.0018,-511.7,42.111,318.79,9.1709,473.13,-80.747,-191.74,-125.23,116.26,100.94,-127.56,-47.003,-1.7321
0,0,0,0,-473.27,566.93,590.9,336.91,-194.78,-310.47,174.98,-57.503,-83.336,0,0
3.0311,6.5,3,-329.38,646.44,214.31,-215.07,14.299,379.82,102.96,-127.36,513.22,-201.5,0,0
-0.43301,16.214,-1.9575,339.93,42.211,395.79,186.14,65.68,-429.25,-175.17,-132.37,30.412,253,-334.27,-3.4641
-5.6292,-1.9019,9.8726,-925.14,128.5,570.7,-219.89,-180.16,-119.01,28.99,6.2793,194.28,-357.36,0,0
0,0,0,0,115.94,78.209,482.33,-204.5,-147.71,-117.65,21.789,75.396,-558,0,0
0,0,0,0,-104.04,313.59,-191.4,305.3,-292.66,103.16,311.15,-201.3,-16.136,0,0
0,0,0,0,-513.68,346.61,295.5,-2.0663,29.759,63.462,-106.16,-68.572,-21.55,0,0
0,0,0,0,389.02,361.05,-209.13,-39.762,-201.65,265.41,78.241,-250.83,-12.33,0,0
-42.298,-16.301,-18.298,-47.181,-43.084,385.77,-15.402,253.19,-291.99,41.458,231.56,206.52,-392.4,0,0
0,0,0,0,169.82,238.49,-158.04,-156.44,-83.527,24.921,64.685,-22.678,-204.15,0,0
0,0,0,0,-1089.9,315.53,78.845,-220.04,-22.318,154.21,129.58,190.19,-90.812,0,0
0,0,0,0,-408.11,384.14,464.49,195.67,-399.89,68.973,-526.97,881.3,-157.15,0,0
0,0,0,0,-67.763,797.95,698.35,-428.19,101.16,-129.71,-22.435,-7.9281,-78.576,0,0
-5.6292,-4.7925,0.70753,-247.55,236.77,696.58,-517.21,-10.659,65.894,-194.43,175.62,-354.71,-13.959,0,0
0,0,0,0,-252.48,448.29,596.89,-119.69,-259.76,-122.24,55.49,-403.21,-17.377,0,0
-1.299,9.5556,-3.7141,-573.99,310.55,744.07,-634.58,287.6,70.926,-108.15,-140.11,-69.697,-0.95101,-73.184,-3.8971
0,0,0,0,91.332,536.39,-262.07,-131.02,108.23,-0.50915,238.66,297.59,-187.14,0,0
0,0,0,0,362.47,495.27,-297.64,120.5,26.445,-38.957,135.65,-307.15,-25.572,0,0
0,0,0,0,-1064.2,210.53,-103.39,-380.03,82.17,93.952,-10.908,382.25,-148.25,0,0
0,0,0,0,-836.56,189.17,-65.762,-196.25,31.113,-350.65,180.97,113.59,-103.94,0,0
-22.084,-3.6077,2.5736,-180.38,330.82,53.744,-39.396,-29.042,-158.04,109.23,146.94,-354.3,-14.275,0,0
-4.3301,5.8905,-271.59,-173.84,319.48,-276.32,-242.3,-145.46,-240.12,202.1,1.6725,102.6,-82.788,0,0
0,0,0,0,71.713,-294.75,-151.38,318.01,172.04,-96.084,153.51,-225.02,-26.075,0,0
-0.86603,15.812,-4.9838,-23.523,242.5,-245.02,-59.749,319.45,202.7,-125.95,28.41,68.313,-250.77,0,0
-9.0933,-2.3284,-162.09,-105.87,50.598,-320.13,250.11,91.229,-465.45,28.914,-59.471,2.183,169.56,-94.006,-3.4641
0.86603,5.866,3.4085,-573.32,104.68,363.72,-282.75,57.566,235.51,-206.19,-66.598,74.386,-90.182,0,0
13.856,16.926,2.5849,-463.51,192.42,113.33,193.13,8.446,-480.64,24.973,119.96,-124.51,-61.503,0,0
0,0,0,0,-507.23,128.93,-436.31,294.06,162.34,-157.93,108.53,-249.22,-18.359,0,0
38.111,17.992,-749.02,190.67,666.19,-281.3,154.33,-125.98,75.451,-55.967,-34.952,257.15,314.56,-155.26,5.6292
-10.392,-5.2303,-499.75,-5.939,225.86,-377.58,238.56,513.09,495.5,-89.537,-248.22,18.571,151,-117.44,-2.5981
0,0,0,0,57.601,203.94,-54.233,-140.6,355.45,-180.48,-91.139,-457.59,-28.423,0,0
0,0,0,0,-377.83,26.2,96.103,-672.94,98.733,-233.83,-106.95,-23.227,-27.167,0,0
-1.299,9.5556,-3.7141,-573.99,124,1029.7,80.112,-85.988,-30.636,-50.554,42.593,367.32,-151.01,0,0
3.8971,5.683,9.6405,-391.83,48.774,30.521,46.769,88.397,23.645,-132.09,57.467,231.37,-140.05,0,0
19.486,3.3888,-412.28,122.86,349.75,-63.453,277.58,74.557,-397.36,-115.86,8.5578,297.02,406.27,-144.14,1.299
0,0,0,0,-382.65,130.38,-56.477,343.53,53.98,174.75,-514.32,-20.469,-23.614,0,0
0,0,0,0,-285.47,174.7,658.86,546.05,-356.66,131.12,142.69,237.32,-120.84,0,0
1.7321,12.647,-169.08,-826.79,74.854,164.38,293.47,-118.02,-57.632,-127.03,298.4,224.53,-126.98,0,0
0,0,0,0,-418.4,254.47,-34.813,63.628,67.767,-156.46,333.94,-139.92,-19.623,0,0
0,0,0,0,-911.05,485.68,494.37,-100.07,27.673,14.992,291.01,-216.67,-62.082,0,0
0,0,0,0,-301.75,142.09,221.44,424.06,24.254,-123.61,164.07,-317.06,-24.443,0,0
0,0,0,0,-134.64,322.73,268.53,-35.762,235.66,-172.2,44.993,-39.552,-26.426,0,0
10.825,12.627,-4.299,-275.27,17.651,-1.6349,-176.88,106.57,54.141,-4.1244,159.07,248.96,-298.56,0,0
0,0,0,0,46.486,-323.38,826.18,-990.46,102.87,-112.2,379.79,-331.92,-16.123,0,0
0,0,0,0,-361.82,157.72,7.8586,512.62,-11.813,54.327,-295.66,-14.841,-18.65,0,0
0,0,0,0,-666.93,12.167,410.98,-661.32,-38.091,242.01,269.76,-105.72,-14.422,0,0
6.4952,9.9755,2.4085,-752.89,-148.24,183.65,-597.65,-70.041,1.5731,72.595,-56.987,164.31,-124.76,0,0
0,0,0,0,-82.927,309,-130.59,-70.569,30.029,88.466,308.14,-242.34,-60.057,0,0
0,0,0,0,849.77,192.88,-480.94,-103.83,89.869,104.57,-143.58,-60.725,-143.64,0,0
0,0,0,0,-836.06,453.28,158.09,-486.81,-12.176,35.653,40.993,-350.32,-18.616,0,0
0,0,0,0,-0.50219,56.353,-14.371,-98.016,204.77,-119.47,-127.76,-195.24,-23.974,0,0
0,0,0,0,751.4,7.9086,471.63,-317.57,-63.966,7.7141,201.9,239.64,-126.52,0,0
0,0,0,0,-413.52,289.4,275.03,-1.4146,-274.26,232.56,-129.47,-19.106,-16.234,0,0
0,0,0,0,-841.27,150.63,473.04,-69.433,-11.701,5.2965,-27.012,-285.01,-16.696,0,0
0,0,0,0,20.25,593.4,165.41,-457.07,-1.7751,90.983,75.888,-311.23,-15.556,0,0
0,0,0,0,35.79,-406.58,397.68,-738.02,53.583,698.57,-255.3,-5.1699,-15.835,0,0
0,0,0,0,-223.22,843.39,532.41,-195.71,-138.04,80.328,48.168,-406.03,-20.616,0,0
0,0,0,0,-325.01,962.91,251.69,-194.58,-193,8.9348,163.04,-395.71,-11.007,0,0
0,0,0,0,-337.28,-229.73,314.67,452.54,-171.48,218.74,-394.88,1.0359,-14.158,0,0
0,0,0,0,-1416.8,422.12,-796.4,25.833,7.1417,7.2679,-9.0801,472.56,-172.26,0,0
-13.936,2.6758,-648.58,363.95,183,-340.15,89.496,-291.45,20.6,-13.526,-82.406,39.722,440.58,-167.57,2.1651
-3.8971,11.227,-598,173.26,-7.2835,-56.968,101.69,31.811,394.55,-57.871,251.6,-52.832,322.53,-129.08,7.7942
-20.352,-7.4067,1.9085,-413.44,-129.8,222.03,248.26,0.67196,-260.84,-64.864,-13.629,21.457,-411.46,0,0
3.4641,26.593,-1.6064,162.25,18.487,280.13,4.4416,139.69,-20.02,-54.379,-104.57,31.239,-377.78,0,0
0,0,0,0,11.28,13.43,259.26,38.22,-387.27,-249.25,163.1,77.04,-263.26,0,0
-13.856,-22.337,-20.498,182.41,78.931,137.06,-32.221,27.046,-278.8,-59.317,-5.3301,22.285,497.26,-167.57,2.1651
8.2272,22.27,-230.98,31.14,128.02,89.479,68.295,113.48,306.96,-280.03,181.88,51.581,-194.86,-47.003,-1.7321
-14.289,-1.0897,11.141,-561.34,65.834,266.51,-63.133,128.47,115.55,-242.57,129.03,204.99,-132.2,0,0
6.4952,9.9755,2.4085,-752.89,-105.46,232.66,408.78,-265.15,-24.351,-168.49,-71.057,-131.65,85.103,-96.614,-3.0311
0.43301,-0.70753,-19.325,-50.062,133.19,167.24,148.75,48.972,-345.29,-79.768,65.69,106.16,143.07,-317.91,-1.7321
-36.373,-13.546,3,-339.01,5.5632,-1.0978,-80.339,194.3,56.386,292.66,11.393,-519.7,-24.415,0,0
-31.863,-10.472,-174.02,-243.46,65.664,244.28,187.77,-29.367,203.41,-97.852,-72.773,-130.45,300.92,-117.44,-2.5981
0,0,0,0,-818.53,28.688,-121.9,-18.104,269.02,298.62,-179.23,174.62,-67.943,0,0
12.99,17.743,-4.0556,-401.06,111.76,-19.089,281.74,-48.123,-74.489,7.9733,74.912,630.2,-196.59,0,0
3.4641,18.397,-0.49519,-319.02,-5.1956,596.5,59.998,41.576,-293.26,-83.116,-5.9737,116.53,-367.28,0,0
0,0,0,0,54.058,34.498,59.568,-60.629,220.16,-140.8,132.9,44.94,-310.34,0,0
7.7942,10.609,-6.6471,-315.61,155.67,43.166,160.58,-22.823,-154.61,132.33,-81.039,-406.23,-16.734,0,0
-15.155,-0.27276,4.5,-498.89,352.28,304.21,37.43,1.3424,-363.66,87.7,86.553,94.316,88.473,-73.184,-3.8971
0,0,0,0,276.29,141.07,-112.09,129.51,21.555,-284,113.7,-340.74,-17.41,0,0
0,0,0,0,89.305,247.94,-62.601,129.47,251.78,-184.9,63.922,-198.26,-16.411,0,0
0,0,0,0,-199.6,20.316,-208.84,79.813,200.95,-24.318,259.07,-254.17,-21.817,0,0
0,0,0,0,-391.49,201.67,413.62,9.6751,-118.02,-192.84,189.48,443.71,-158.72,0,0
12.99,17.743,-4.0556,-401.06,0.17451,-43.773,263.06,131.5,-455.4,172.44,-34.222,-7.9867,-80.051,0,0
-18.482,-19.102,-17.684,246.87,468.5,153.39,-772.25,107.25,238.99,-178.17,36.785,-70.993,204.63,-437.81,-3.4641
3.8971,5.683,9.6405,-391.83,114.68,322.24,94.191,111.85,-175.27,-198.32,418.38,-105.79,-24.606,0,0
0,0,0,0,-162.1,432.47,-161.06,65.769,222.38,98.311,-134.93,283.51,-237.07,0,0
0,0,0,0,-469.38,144.95,-75.284,-57.588,454.48,429.52,153.63,-110.45,-22.523,0,0
9.9593,2.8643,-6.9934,393.24,59.779,-175.89,10.501,183.94,-0.36394,95.518,193.21,69.776,-501.03,0,0
-20.352,-7.4067,1.9085,-413.44,51.403,346.28,147.39,42.277,-172.35,-31.271,81.699,-193.35,-55.631,0,0
6.0622,13,6,-658.77,190.78,672.22,106.63,-64.297,-25.205,27.534,-32.986,175,36.349,-97.134,3.0311
-25.981,-17.536,-11.206,-149.29,37.368,156.25,-260.04,108.08,-28.932,-33.819,124.7,219.54,-141.73,0,0
0,0,0,0,311.54,789.38,-14.581,242.32,-65.243,-53.855,163.78,-516.67,-13.683,0,0
13.856,16.926,2.5849,-463.51,338.58,335.35,151.56,250.28,-136.76,-92.198,84.133,415,-170.29,0,0
0,0,0,0,16.346,442.84,202.71,-101.56,16.118,-46.803,-112.11,184.93,-337.16,0,0
1.7321,5.049,10.049,-635.77,672.07,-450.23,-570.85,-95.41,-89.181,253.4,393.53,-308.81,-66.357,0,0
-1.299,9.5556,-3.7141,-573.99,373.46,385.47,40.269,-208.45,-234.83,12.165,-45.194,191.88,44.739,-47.003,-1.7321
-3.8971,4.5736,-21.118,-394.22,274.88,67.808,-32.022,-87.048,-217.86,301.34,-334.17,404.12,-377.3,0,0
6.9282,10.5,-0.64711,-193.28,-65.928,141.62,-90.078,-166.86,-382.16,45.916,230.32,581.26,-193.35,0,0
-36.373,-13.546,3,-339.01,384.63,39.371,70.987,-17.766,58.843,161.5,79.094,-190.06,-60.564,0,0
0.86603,5.866,3.4085,-573.32,217.36,42.385,264.91,-428.98,-3.1033,47.786,343.11,311.26,-180.81,0,0
-13.423,-2.3218,3.75,-746.25,408.27,143.88,-22.142,-74.615,-250.56,63.559,3.1764,182.42,99.013,-96.614,-3.0311
-2.2204e-015,5.4934,-13.817,408.33,406.31,-135.91,207.15,-220.23,205.97,-88.651,-220.54,19.96,92.896,-483.68,-1.7321
14.722,5.1077,-15.75,139.75,90.104,-89.47,-18.394,165.01,-305.03,344.99,102.56,-61.995,-340.13,0,0
-1.7321,-3.0556,-9.5604,129.94,84.306,40.578,-47.287,78.29,-34.632,84.623,-136.35,-18.222,-438.54,0,0
-5.6292,-4.7925,0.70753,-247.55,18.533,-51.133,4.0596,-182.59,161.4,184.69,92.916,-452.56,-24.213,0,0
-7.3612,2.7566,-162.53,50.757,145.19,-94.704,92.158,-33.051,-181.4,-117.42,70.676,-353.86,-48.941,0,0
0,0,0,0,-58.305,265.69,153.15,222.33,85.304,-215.25,-514.46,-4.6585,-23.833,0,0
0,0,0,0,268.11,134.99,49.537,-279.72,202.55,-1.6159,-67.195,-406.87,-21.457,0,0
5.1962,21.489,-420.43,-333.5,564.72,-363.52,-276.42,3.0167,-122.82,78.794,-18.347,311.08,-291.44,0,0
0,0,0,0,464.16,131.74,68.435,-71.58,155.54,222.44,-0.60366,-216.38,-18.032,0,0
13.856,16.926,2.5849,-463.51,357.09,273.91,-131.53,137.25,-31.816,-133.04,32.494,114.16,42.351,-47.003,-1.7321
0,0,0,0,-829.4,64.406,24.731,277.5,-310.43,102.62,-66.008,-2.5516,-91.754,0,0
0,0,0,0,-374.66,155.92,228.76,-311.26,18.445,-93.061,408.2,-202.23,-24.054,0,0
-11.554,2.6615,-0.42732,-929.18,587.87,-54.328,133.03,-229.17,79.669,-122.35,66.342,137.28,-103.72,0,0
0,0,0,0,29.898,-421,1187.8,134.09,-167.28,239.2,-436.41,5.3989,-14.897,0,0
0,0,0,0,1.3487,87.652,365.22,-246.41,255.83,-94.45,-398.18,36.615,-18.372,0,0
9.9593,11.243,-7.0556,-71.68,169.92,498.16,-213.97,-114.98,-96.68,34.856,113.55,117.09,-63.096,0,0
0,0,0,0,-501.86,366.04,-352.16,12.368,-41.681,-14.28,225.86,32.623,-92.867,0,0
0,0,0,0,408.52,1148.8,156.88,-358.91,76.864,11.145,54.034,-304.26,-16.913,0,0
-13.423,-2.3218,3.75,-746.25,167.77,-12.996,133.93,46.781,381.36,-188.55,50.623,186.55,-117.33,0,0
0,0,0,0,-630.85,201.85,312.89,28.581,-238.92,199.55,464.44,-175.62,-17.03,0,0
18.62,4.0832,-24.404,-235.36,110.73,181.83,46.475,22.906,-269.8,219.91,136.51,-30.036,-167.68,0,0
9.9593,-7.3923,-615.16,120.39,60.196,97.905,-133,-181.08,42.687,80.801,527.59,121.37,-52.212,-24.736,-17.479
-4.7631,-20.288,-192.31,298.49,131.49,176.61,-113.81,-61.506,152.45,-540.21,600.99,-342.82,163.67,-24.736,-17.479
-8.2272,16.075,10.835,-168.33,9.4985,-48.795,-113.91,-56.402,-61.573,359.03,295.93,299.77,-187.07,0,0
1.299,-6.6896,1.866,-108.86,91.641,-85.448,182.53,35.622,233.32,-61.278,211.11,270.73,-261.37,0,0
3.8971,-11.636,-507.57,157.03,100.95,-135.03,28.87,78.606,-25.348,32.712,46.968,166.23,-64.705,-70.434,-0.86603
-9.5263,4.2877,6.7566,-701.19,269.27,-143.84,-48.676,-242.24,-7.9092,63.17,24.091,-226.45,-268.67,0,0
2.1651,10.141,-3.2386,-354.7,-115.67,302.05,59.106,-60.339,148.64,21.383,585.37,-28.467,-95.795,0,0
0,0,0,0,42.093,33.706,213.86,82.273,369.94,70.065,-14.17,-262.6,-23.113,0,0
-21.651,-12.822,-3.1095,-301.63,427.01,120.41,275.77,16.348,44.798,61.493,210.56,-90.253,-88.986,0,0
0,0,0,0,440.4,227.46,-66.554,351.27,14.836,67.453,50.477,-454.33,-22.4,0,0
44.881,19.269,-187.62,121.86,-279.85,250.13,-48.774,-179.33,118.86,107.89,-398.18,157.26,-96.976,0,0
-13.423,0.01971,3.933,-7.0873,189.69,106.21,250.99,42.15,-146.33,71.36,228.23,-405.14,-22.519,0,0
2.1651,10.141,-3.2386,-354.7,324.33,24.409,28.7,165.5,152.1,54.318,176.74,-262.14,-72.819,0,0
-6.4952,-6.3236,-4.5784,-258.43,174.64,22.245,64.263,180.8,128.95,-183.01,246.22,-108.49,-415.83,0,0
-9.0933,-6.3349,-259.16,-18.71,71.124,6.8828,2.8401,-214.48,82.051,-38.918,207.82,-112.24,-117.19,0,0
-1.299,9.0066,-274.22,83.999,82.174,52.17,194.89,-99.518,224.06,62.993,39.716,-460.11,-51.236,0,0
0,0,0,0,-844.32,437.29,142.63,45.359,-146.69,-91.747,73.695,439.69,-149.8,0,0
33.781,-7.6931,-449.18,177.97,308.93,56.772,-121.64,-69.767,-29.97,110.25,137.28,116.41,52.779,-68.55,-1.299
0,0,0,0,-826.22,561.26,-470.13,0.60645,28.229,147.97,240.39,-299.34,-16.227,0,0
0,0,0,0,470.46,228.34,-204.3,111.05,-127.69,-5.8455,285.17,-371.07,-14.58,0,0
-5.6292,-4.7925,0.70753,-247.55,253.77,323.82,-290.99,220.13,-202.38,-174.77,287.17,-463.66,-13.587,0,0
0,0,0,0,-605.87,253.58,561.16,116.75,-72.667,-157.06,260.15,-324.79,-17.355,0,0
0,0,0,0,62.665,464.12,59.831,-198.82,243.88,1.2205,489.34,-257.67,-15.19,0,0
0,0,0,0,591.62,-149.75,-275.28,215.33,-63.512,-241.65,277.4,154.24,-335.97,0,0
0,0,0,0,795.85,307.35,-22.835,-110.28,-63.301,47.826,329.22,-450.44,-15.221,0,0
0,0,0,0,347.47,690.35,-415.64,-190.29,165.65,-176.46,25.708,-564.96,-13.794,0,0
0,0,0,0,-740.69,138.67,-354.99,368.08,-241.13,152.84,83.035,-101.49,-13.828,0,0
0,0,0,0,-4.9994,207.69,-15.923,438.03,-137.2,113.93,-484.77,10.76,-27.237,0,0
-8.6603,-4.451,-11.732,149.12,582.48,24.191,-46.572,-41.191,-390.03,79.364,95.019,72.933,-9.7093,-268.39,-9.9593
0,0,0,0,-382.13,92.142,133.17,-102.53,-123.55,99.328,63.711,-63.136,-13.623,0,0
9.9593,11.243,-7.0556,-71.68,61.952,132.34,82.699,114.19,11.782,102.54,3.1147,47.002,-94.099,0,0
3.4641,11.806,21.007,-74.633,30.602,138.05,93.9,22.41,460.12,325.82,-84.124,-309.02,-24.039,0,0
-20.352,-7.4067,1.9085,-413.44,-37.014,-20.154,1.1343,183.85,41.682,-287.6,112.21,412.9,-176.77,0,0
-5.6292,-4.7925,0.70753,-247.55,66.415,243.74,245.94,-89.328,-389.79,5.0662,512.77,-158.15,-12.732,0,0
0,0,0,0,-165.67,44.037,9.3026,276.23,155.72,-65.532,345.7,-115.76,-27.612,0,0
17.754,12.438,-6.0556,254.24,-27.428,40.427,70.315,-100.92,15.96,333.74,128.17,117.76,-209.63,0,0
0,0,0,0,44.733,151.36,385.75,331.75,-256.71,48.72,45.791,-307.03,-10.922,0,0
-5.6292,-4.7925,0.70753,-247.55,143.5,247.73,243.58,516.85,-385.99,-66.479,46.394,106.53,-104.84,0,0
3.0311,6.5,3,-329.38,96.414,-70.391,-211.73,-388.48,-13.538,-164.98,105.57,33.813,-82.893,0,0
0,0,0,0,-71.074,249.06,78.533,343.49,364.94,-204.12,-449.26,-36.399,-18.018,0,0
0,0,0,0,-416.02,-47.703,-17.791,175.42,253.01,11.111,426.65,-246.11,-20.027,0,0
0,0,0,0,-479.8,453.48,343.91,1.7014,-206.45,-391.69,100.93,205.29,-281.28,0,0
2.5981,3.201,-9.1226,-587.18,268.22,87.024,67.165,135.94,231.52,43.692,-268.38,240.64,-140.36,0,0
-12.557,-1.5538,-258.4,40.155,-13.876,39.854,16.302,-147.45,32.797,182.7,180.19,-46.84,-89.618,0,0
7.7942,10.609,-6.6471,-315.61,91.214,409.81,-167.65,79.706,2.1939,-104.18,248.32,-280.33,-23.262,0,0
6.9183,2.0123,143.36,-23.326,-332.92,33.286,123.64,-7.2673,-232.94,150.67,20.556,-381.73,-22.847,0,0
-5.1962,20.917,-10.912,-175.58,-33.023,-106.05,217.12,145.04,-11.983,-173.18,-70.984,205.27,-357.69,0,0
-29.445,-8.4606,4.8415,-671.82,362.19,37.07,-183.31,200.9,14.805,-152.91,30.588,-46.209,-69.577,0,0
0,0,0,0,153.36,-205.55,111.03,73.007,-211.23,-55.367,85.978,-396.47,-16.359,0,0
0.86603,5.866,3.4085,-573.32,206.35,20.866,32.344,-57.708,87.578,86.199,-244.34,224.13,-114.22,0,0
0,0,0,0,59.625,36.973,121.91,227.66,-317.98,-19.441,-611.6,-6.5062,-25.036,0,0
-16.021,-11.908,-8.0718,-377.79,85.48,-16.579,-114.23,-51.587,190.64,364.56,-63.071,155.62,-275.09,0,0
19.919,22.487,-14.111,-143.36,181.64,229.54,-413.04,245.04,77.417,98.351,172.48,-341.86,-13.842,0,0
-1.7321,11.263,-3.0867,-233.57,92.957,416.68,-97.298,-194,212.05,-36.108,189.8,59.39,-235.32,0,0
0,0,0,0,255.09,-86.196,-45.621,114.59,26.431,-10.483,-48.924,-145.36,-23.06,0,0
0,0,0,0,44.609,94.36,-593.01,-2.9635,275.76,-10.005,31.335,-291.06,-25.479,0,0
4.7631,17.69,14.366,-457.5,62.653,76.134,11.938,34.599,208.01,-55.459,171.43,362.35,-160,0,0
4.3301,21.672,-177.3,209.87,94.212,-205.61,103.93,55.696,46.493,-124.92,-131.11,14.628,-416.67,0,0
-0.31699,5.6238,3.9007,85.466,165.72,2.3536,-57.072,-155.8,-223.34,2.5032,520.98,-267.82,-24.67,0,0
-18.187,-6.7728,1.5,-169.5,543.61,198.47,121.22,83.344,-103.76,80.122,129.69,-209.78,-67.659,0,0
8.2272,8.6519,-10.288,281.85,35.703,-183.05,299.67,79.33,57.465,2.2098,409.02,-147.62,-208.46,0,0
0,0,0,0,-956.94,150.94,74.4,-51.602,-235.49,-256.23,175.9,-269.13,-38.999,0,0
4.7631,13.482,2.9019,-73.546,235.7,-8.2992,-94.967,-153.71,-5.8373,86.347,-375.3,-177.97,-23.085,0,0
0,0,0,0,-668.6,184.31,169.97,163.89,-95.54,280.1,-201.48,-78.543,-15.44,0,0
-11.691,8.1423,-251.46,189.26,-28.31,174.68,126.39,-23.297,47.468,-85.037,282.1,297.03,-135.8,0,0
-10.392,-4.5359,-14.879,-518.51,177.09,-26.124,59.35,-71.39,49.912,111.86,2.513,315.66,-117.88,0,0
-11.258,-1.6878,3.3415,-502.31,413.55,158.35,-81.173,231.21,322.15,233.66,53.346,-26.053,-64.187,0,0
0,0,0,0,-157.03,335.18,29.699,136.36,-78.995,9.9136,-142.23,-32.376,-19.486,0,0
3.8971,5.683,9.6405,-391.83,123.81,139.63,-84.112,106.79,171.1,-239.02,179.79,-269.07,-21.656,0,0
0,0,0,0,101.61,191.15,-240.34,162.54,-102.76,14.187,81.475,-370.57,-18.456,0,0
1.7321,5.049,10.049,-635.77,261.9,84.45,-132.98,193.41,-329.71,113.81,-9.5801,150.03,-105.65,0,0
3.8971,5.683,9.6405,-391.83,216.24,-141.08,26.32,159.71,251.93,-53.293,262.34,69.373,-85.788,0,0
0,0,0,0,-438.54,275.24,273.84,-138.38,-178.1,-112.65,235,-80.085,-24.172,0,0
12.99,17.743,-4.0556,-401.06,297.9,132.01,47.769,-56.96,-190.01,133.16,69.085,-118.6,-60.65,0,0
2.5981,-1.6716,-18.696,-26.264,27.356,12.406,50.173,-72.726,103.91,252.4,-13.024,-359.81,-26.426,0,0
0,0,0,0,408.01,28.471,-188.69,361.9,352.82,0.92514,58.048,-399.18,-23.478,0,0
0,0,0,0,66.914,60.291,128.58,168.62,115.25,663.89,-313.01,6.2966,-21.83,0,0
-5.6292,-4.7925,0.70753,-247.55,196.59,-57.25,345.07,-112.99,181.46,59.859,243.96,181.39,-113.04,0,0
3.0311,6.5,3,-329.38,323.68,-76.089,137.93,40.383,-34.337,164.25,-303.56,-431.01,-22.578,0,0
-14.289,-1.0897,11.141,-561.34,180.78,259.18,-183.72,-245.79,78.652,122.57,39.18,248.42,-134.3,0,0
3.0311,6.5,3,-329.38,185.11,-80.468,253.73,-31.727,-425.62,84.726,89.444,-338.73,-16.861,0,0
0,0,0,0,-1.8862,214.09,-139.63,-109.37,29.227,-37.213,134.92,-146.42,-21.493,0,0
1.7321,5.049,10.049,-635.77,177.06,102.43,79.535,200.16,-10.298,27.576,-119.79,148.99,214.43,-97.134,3.0311
0,0,0,0,-696.16,283.11,-305.07,-9.4417,240.14,260.95,549.99,-178.97,-25.248,0,0
5.1962,18.69,-1.0622,172.78,173.59,-141.32,46.782,-185.93,-120.2,91.68,62.908,27.274,21.1,-299.01,1.299
7.7942,10.609,-6.6471,-315.61,307.25,177.31,40.301,4.415,0.80529,122.63,161.1,-38.038,-227.34,0,0
0,0,0,0,285.65,158.08,-91.857,236.15,-126.04,-144.4,116.66,52.136,-296.09,0,0
3.0311,6.5,3,-329.38,-61.57,80.883,-230.61,-90.553,139.81,-142.65,38.189,263.63,-116.93,0,0
0,0,0,0,-644.95,-170.57,224,294.31,-81.873,68.25,29.488,166.27,-89.602,0,0
9.9593,11.243,-7.0556,-71.68,406.41,165.65,106.04,107.72,-97.24,48.039,-9.1335,37.391,-68.131,0,0
0,0,0,0,29.953,169.75,127.98,58.123,79.542,-100.12,57.807,105.91,329.09,-94.006,-3.4641
0,0,0,0,370.22,-31.468,224.23,51.201,19.763,128.67,20.273,-45.359,-166.6,0,0
0.86603,5.866,3.4085,-573.32,135.07,176.94,21.337,312.16,-278.8,332.9,165.46,140.06,-91.53,0,0
-2.1651,-0.63397,0.40849,-243.93,115.89,35.344,-120.29,45.556,-10.233,22.666,210.5,-409.22,-21.449,0,0
-6.4952,-10.683,10.953,-358.43,-69.141,147.27,-121.55,-123.71,-27.104,107.07,-209.74,-185.74,-22.451,0,0
7.7942,10.609,-6.6471,-315.61,508.03,140.55,264.66,-252.44,46.727,-73.156,-110.58,-58.598,-296.94,0,0
1.067,-4.567,-4.2431,137.33,-40.141,235.97,116.47,165.11,-93.418,145.12,354.04,-264.52,-27.809,0,0
2.1651,-5.5556,-151.79,-656.77,251.34,-89.541,-135.55,-355.62,324.85,111.66,-31.764,8.1447,-202.05,-31.981,10.825
0,0,0,0,-233.48,38.769,-14.47,95.661,139.73,-288.86,334.44,-208.32,-20.879,0,0
-11.691,-7.8954,3.866,-167.45,116.36,226.39,-174.55,-162.84,318.35,-213.1,162.49,-409.86,-20.172,0,0
-14.289,-1.0897,11.141,-561.34,24.109,-162.97,-108.39,-302.41,30.495,124.49,-112.67,197.38,398.97,-94.006,-3.4641
0,0,0,0,-242.73,47.283,111.67,39.846,151.27,41.908,-593.81,115.68,-45.793,0,0
2.1651,10.141,-3.2386,-354.7,197.4,5.634,176.06,219.36,-39.556,79.534,-136.36,-287.92,-21.579,0,0
0,0,0,0,-141.75,6.0071,73.347,81.031,64.637,279.93,188.89,-76.948,-22.78,0,0
-1.299,9.5556,-3.7141,-573.99,370.62,70.262,143.3,172.98,336.83,-65.862,62.445,71.787,-91.392,0,0
0.86603,5.866,3.4085,-573.32,231.53,828.96,17.795,-141.98,-310.77,-166.14,-35.627,214.35,-248.86,-160.07,7.7999
0,0,0,0,37.835,257.9,-144.85,534.93,155.06,245.76,-395.8,-2.5482,-19.799,0,0
0,0,0,0,-836.68,303.68,-308.09,402.44,-260.26,-110.66,311.63,-119.15,-13.953,0,0
6.9339,21.44,-7.4584,33.938,-28.709,280.3,-129.23,18.169,29.059,0.1274,-416.87,239.2,221.27,-227.88,-11.691
0,0,0,0,-694.84,108.01,17.468,-263.79,-100.91,-89.803,98.631,54.19,245.28,-97.134,3.0311
0,0,0,0,17.626,106.19,250.68,27.217,216.86,-91.012,133.94,-389.63,-26.318,0,0
0,0,0,0,-897.66,386.83,-48.216,70.657,41.965,105.4,-128.81,407.29,-146.49,0,0
0,0,0,0,-181.66,426.77,-107.74,60.141,25.116,16.989,-192.71,230.65,-342.09,0,0
11.697,15.208,-24.284,-489.14,183.87,40.761,8.7839,159.85,-117.59,133.08,-228.17,178.22,163.22,-129.08,7.7942
-17.949,-11.794,-15.853,287.03,489.54,94.114,102.02,-28.483,21.914,-148.01,-207.79,-74.895,278.95,-497.76,0.43301
-12.948,-13.084,-6.5506,164.43,116.95,189.47,149.58,-50.579,-10.941,-150.46,-190.01,-90.91,188.57,-483.68,-1.7321
-1.299,9.5556,-3.7141,-573.99,53.91,469.62,24.191,215.01,-112,75.685,-4.87,202.49,-37.034,-73.184,-3.8971
12.99,17.743,-4.0556,-401.06,261.24,732.95,95.126,167.36,23.68,-86.539,54.525,-117.04,3.6339,-73.184,-3.8971
1.7321,5.049,10.049,-635.77,211.29,47.88,146.51,47.635,146.01,-234.18,118.06,620.48,-220.44,0,0
-41.295,-18.146,-84.354,-231.41,126.14,-132.84,213.52,54.954,-197.46,-7.7625,-62.204,142.14,-112.27,0,0
-1.299,2.049,-6.9707,-142.32,183.25,20.213,127.93,-58.902,41.821,-235.75,-7.3878,255.39,-241.3,0,0
0.86603,5.866,3.4085,-573.32,300.24,-49.374,22.518,-95.102,17.802,51.324,91.191,-178.57,-65.65,0,0
-19.919,1.0998,10.458,-353.29,210.08,4.9288,14.687,-138.3,203.5,-33.251,-45.039,108.27,105.6,-202.01,1.299
0,0,0,0,-161.3,204.99,-24.485,111.88,290.86,99.666,60.47,-484.81,-24.56,0,0
-13.423,0.01971,3.933,-7.0873,179.78,-90.192,33.963,-23.069,-67.24,166.21,73.776,-27.148,263.47,-94.006,-3.4641
-0.86603,6.299,-7.2386,36.288,204.44,-14.147,238.7,76.244,-585.9,14.81,-68.201,-65.475,201.44,-218.26,2.5981
7.3612,3.3349,-1.4462,462.72,0.25361,158.07,144.5,-87.322,492.82,-76.806,-20.237,156.31,140.15,-317.91,-1.7321
7.7942,15.482,7.9264,-135.68,95.484,-34.798,56.934,233.71,307.2,-36.037,-55.71,49.298,137.29,-94.006,-3.4641
-20.352,-7.4067,1.9085,-413.44,357.17,-51.313,-193.3,128.9,-124.2,72.126,133.34,-390.34,-14.196,0,0
-1.7321,27.069,-2.3792,230.76,-46.792,-106.43,276.78,-6.3506,-65.38,270.31,-20.254,-104.5,143.66,-234.53,-16.887
7.3612,5.3774,-3.4575,-538.81,-94.955,52.911,-80.211,74.66,92.265,77.747,-50.706,-20.856,90.857,-135.31,-0.86603
-14.722,-19.531,-17.529,-257.83,85.971,-7.9212,116.55,106.41,125.32,-1.5092,31.786,-196.35,175.11,-97.134,3.0311
8.2272,4.4264,-318.21,79.728,206.25,276.72,139.54,-160.18,-34.353,-24.733,101.83,-31.922,171.41,-97.134,3.0311
12.99,17.743,-4.0556,-401.06,315.82,36.837,119.63,-182.02,-52.884,141.1,-291.51,198.64,-108.65,0,0
-4.7631,3.5556,-596.86,-54.23,121.02,-28.94,-255.41,218.09,-122.54,327.04,-93.11,-4.3696,175.03,-97.134,3.0311
-3.0311,11.629,9.1764,-590.86,86.205,178.56,-115.35,31.596,34.258,203.2,-310.38,-103.68,-42.039,-47.382,2.5981
0.86603,17.044,-337.68,155.47,-143.49,32.262,-21.315,-21.425,57.93,21.601,228.67,129.35,-4.3529,-73.184,-3.8971
5.1962,18.69,-1.0622,172.78,135.45,11.46,59.142,51.988,165.26,466.31,-21.206,-491.76,-26.934,0,0
6.9282,29.337,-81.811,136.54,65.392,-40.003,135.84,100.13,-83.573,110.06,-367.42,58.614,-274.38,0,0
0,0,0,0,-729.43,-153.92,452.4,-23.536,227.46,-143.33,-177.28,-64.082,-27,0,0
5.1962,-13.825,127.94,83.298,-94.445,43.178,-8.625,90.865,0.94269,289.27,-109.07,133.11,-335.15,0,0
-5.6292,1.4575,-8.7141,377.24,16.37,-35.987,-3.9135,159.63,90.942,72.843,-26.064,-287.16,-74.722,-262.3,-15.124
0,0,0,0,-272.23,93.093,93.863,-153.31,138.2,10.466,87.495,-321.71,-19.305,0,0
-8.2272,4.4707,-5.5556,-241.18,267.54,-75.137,-259.77,176.56,22.944,-265.44,184,-406.43,-21.113,0,0
-14.289,-1.0897,11.141,-561.34,11.129,86.67,238.06,182.75,164.35,-303.41,-46.352,129.8,18.962,-73.184,-3.8971
0,0,0,0,-291.94,233.38,295.12,31.868,142.26,-174.77,-63.92,-314.86,-24.345,0,0
1.7321,5.049,10.049,-635.77,27.349,288.62,196.91,1.2201,196.14,-76.348,45.429,0.95528,-89.647,0,0
-9.0933,4.7631,-7.8481,57.867,-11.077,422.42,-56.917,-70.251,-200.87,73.089,-230.66,173.09,-29.29,-461.58,6.4952
-1.7321,11.263,-3.0867,-233.57,277.51,242.37,80.03,35.493,136.9,-191.07,62.408,66.692,-370.26,0,0
0.86603,5.866,3.4085,-573.32,113.3,292.52,229.02,213.42,-91.833,69.463,-73.292,424.95,-130.77,0,0
0,0,0,0,21.471,354.22,297.49,-389.71,-220.61,-108.49,96.62,-291.79,-21.096,0,0
1.674,1.9743,5.6552,-481.52,-126.13,316.36,98.003,107.76,-294.44,-16.678,-114.22,371.2,-147.06,0,0
19.919,22.487,-14.111,-143.36,90.795,54.313,-147.49,41.532,69.379,-68.175,90.95,-382,-26.967,0,0
0,0,0,0,-166.65,180.84,-28.494,212.94,463.32,-43.517,152.09,-303.09,-19.059,0,0
-11.691,-7.8954,3.866,-167.45,-21.515,-127.12,151.57,181.74,267.37,435.55,-465.78,13.114,-22.603,0,0
9.9593,11.243,-7.0556,-71.68,124.37,90.075,-198.61,279.83,121.1,8.9124,70.572,-387.44,-23.622,0,0
0,0,0,0,-1000,209.26,-70.047,-10.64,575.91,-85.121,377.02,-109.25,-26.967,0,0
0,0,0,0,-166.37,148.33,-154.56,24.478,-25.824,-376.95,14.358,-372.77,-19.952,0,0
0,0,0,0,-331.75,421.77,21.899,106.35,115.83,190.43,-100.17,-86.215,-17.6,0,0
2.5981,3.201,-9.1226,-587.18,70.173,136.81,-127.19,-66.205,267.75,-36.328,-174.52,-69.739,-26.513,0,0
-6.4952,11.977,-493.39,-5.1956,115.37,56.559,-79.489,-132.61,68.515,308.08,-77.42,-953.87,1665.9,-400.39,5.8244
13.856,16.926,2.5849,-463.51,220.54,-129.91,-142.46,-12.725,284.48,-267.69,274.31,-273.04,-64.603,0,0
-0.86603,27.1,7.4737,-57.09,121.26,21.215,47.826,45.569,-241.11,-85.802,78.81,265.18,-261.97,0,0
-20.352,-3.2058,-0.10289,-115.86,6.0831,342.82,-26.44,352.3,-14.45,24.193,-49.606,117,-213.97,0,0
-5.6292,14.252,-404.74,163.24,278.76,-74.779,146.49,0.81731,6.7228,-144.98,-6.9131,366.86,115.41,-69.373,-3.0736
-15.155,-0.27276,4.5,-498.89,142.5,261.19,8.5119,299.18,99.833,73.281,135.86,-43.51,-82.365,0,0
-0.43301,-7.5556,-515.73,175.26,323.78,-158.9,20.461,-126.02,-4.6283,173.98,-240.28,1.915,43.037,-73.184,-3.8971
-0.43301,17.886,3.5897,34.165,-28.405,93.324,192.87,66.59,-103.12,-175.42,144.49,150.62,-268.44,0,0
0.86603,5.866,3.4085,-573.32,294.48,461.65,-451.35,-79.648,9.399,-15.516,179.01,-89.453,-111,0,0
-4.3301,3.6651,-675.87,276.74,268.46,-97.231,76.958,-370.3,22.007,72.289,-310.94,-91.56,448.89,-176.09,6.0622
-6.9282,2.7027,-587.46,-53.312,44.884,-216.68,-0.29114,-44.136,213.36,-47.77,-84.002,145.16,41.267,-94.006,-3.4641
17.754,-28.151,-507.24,80.987,153.24,112.06,-11.115,13.525,-115.94,-109.29,76.359,128.9,13.429,-73.184,-3.8971
-5.6292,-1.9019,9.8726,-925.14,-12.047,-82.979,40.872,-120.93,-185.35,-11.921,196.1,34.06,-105.15,0,0
-18.187,-15.725,-18.451,53.214,84.379,62.689,-11.773,47.272,87.291,17.217,-239.63,418.69,-318.33,0,0
-2.5981,6.0066,-6.6716,-455.51,126.18,53.116,292.58,281.88,-24.207,-137.43,33.89,483.39,-205.3,0,0
13.856,16.926,2.5849,-463.51,147.57,-55.884,-17.248,165.99,-1.6166,-33.698,-23.076,301.85,-185.12,0,0
-6.4952,-25.471,3.7175,231.38,221.78,18.884,30.871,109.34,29.84,-10.12,-159.45,-9.3895,-319.91,0,0
-7.7942,-5.9264,0.43301,-257.86,167.09,92.23,-122.42,192.01,-55.014,135.13,212.19,-316.15,-20.716,0,0
16.021,18.469,-7.0622,-289.55,76.901,-40.583,210.86,-76.897,266.26,-148.38,-264.87,46.981,261.63,-184.49,-16.275
16.887,46.77,9.8822,-3.2769,-61.573,45.864,-225.72,215.79,-90.574,131.63,95.51,-273.69,-21.35,0,0
9.9593,1.8284,-519.93,108.62,78.109,260.36,-242.29,116.51,251.67,-56.99,65.973,41.629,234.9,-96.614,-3.0311
6.4952,12,-361.87,145.07,9.7153,134.16,-80.013,141.09,113.75,57.14,20.889,182.71,141.9,-68.55,-1.299
6.4952,11.859,-9.0131,-105.67,471.1,145.8,25.187,-72.405,131.92,98.464,-178.82,356.76,-398.06,0,0
-5.0164,-5.0323,-16.076,0.75467,101.58,132.29,-363.62,-109.58,250.77,100.38,35.074,173.14,202.2,-306.01,-8.2272
-5.1962,11.502,-262.86,39.652,224.81,-88.31,62.39,36.897,20.743,52.987,386.67,82.011,16.753,-73.184,-3.8971
-6.4952,-5.299,-597.18,225.07,140.09,-90.529,234.75,-147.67,77.352,-347.34,112.84,185.89,404.24,-140.87,-1.7321
-6.4952,-26.861,-243.74,233.83,245.93,144.98,49.135,282.26,-281.55,25.7,-31.706,115.61,120.45,-96.614,-3.0311
12.99,17.743,-4.0556,-401.06,-18.991,52.942,81.809,87.367,72.849,-146.55,208.28,153.9,-116.01,0,0
14.722,5.1077,-15.75,139.75,81.587,50.978,2.8502,-279.43,-25.399,-357.05,24.252,66.177,-213.65,0,0
-14.722,10.874,3.5114,-116.26,201.65,190.26,39.73,3.7274,164.58,-52.344,-89.764,106.95,-250.64,0,0
16.021,18.469,-7.0622,-289.55,49.931,-50.781,-227.04,6.0825,69.374,-288.2,120.87,178.27,-88.355,0,0
0,0,0,0,-75.732,68.46,4.6395,54.791,286.32,97.936,128.66,-299.23,-23.747,0,0
15.155,25.049,-174,220.5,82.529,-132.83,-50.173,89.514,97.757,81.412,-104.11,-325.58,-19.467,0,0
16.887,46.77,9.8822,-3.2769,168.99,81.767,-155.7,36.766,77.676,-146.1,-21.675,219.63,-277.98,0,0
0,0,0,0,171.6,147.1,-345.04,-153.95,-17.029,28.619,-246.44,162.85,-392.49,0,0
0,0,0,0,536.54,61.307,-285.7,76.27,125.69,-79.508,99.248,-275.06,-19.574,0,0
-15.155,-0.27276,4.5,-498.89,168.35,357.3,196.34,442.37,180.82,-87.898,-58.996,133.03,-7.6459,-47.003,-1.7321
1.299,14.489,-15.307,-210.75,-68.56,18.076,-116.44,-0.66069,108.43,348.14,-66.554,-54.675,-349.82,0,0
3.4641,26.593,-1.6064,162.25,130.9,128.1,-179.64,127.63,-157.1,-9.9173,127.33,26.187,156.25,-264.13,4.3301
-3.8971,11.886,-532.19,98.88,-24.626,553.44,-13.195,5.793,142.11,51.246,197.23,78.442,243.8,-123.31,0.86603
-4.7631,11.703,-14.796,-84.32,196.1,-127.07,248.27,-5.1041,86.699,-289.62,-60.062,370.62,-259.57,0,0
0,0,0,0,67.19,-23.222,140.02,184.89,-735.79,108.06,364.47,-159.26,-15.342,0,0
-18.187,-6.7728,1.5,-169.5,-324.17,-91.96,487.05,168.65,-106.79,-12.928,124.07,282.49,-130.88,0,0
0,0,0,0,-68.752,92.924,-40.356,697.71,230.04,-1.7102,39.804,48.95,-375.35,0,0
0,0,0,0,500.86,211.1,58.072,-17.635,-35.931,-13.301,65.819,334.76,-356.29,0,0
3.8971,5.683,9.6405,-391.83,211.61,162.08,10.876,32.636,-117.28,56.873,-57.328,106.06,-431.34,0,0
0,0,0,0,-226.07,42.531,-22.029,-120.81,43.873,-117.71,99.478,-27.725,-193.85,0,0
0,0,0,0,-0.22484,20.006,177.73,438.31,-199.63,151.69,105.3,-190.35,-21.622,0,0
0,0,0,0,-467.82,338.31,98.102,331.49,-551.61,193.94,72.493,332.96,-127.58,0,0
-6.0622,10.513,-2.3415,100.75,201.7,850.23,61.139,-256.11,157.95,-147.95,121.46,235.88,-3.3397,-303.1,13.856
3.4641,18.397,-0.49519,-319.02,225.04,303.94,-361.95,34.121,148.66,-184.8,-114.18,104.41,-433.8,0,0
-20.352,-7.4067,1.9085,-413.44,-115.17,668.19,-92.112,-15.035,197.4,-80.78,-79.845,150.22,221.18,-117.44,-2.5981
3.4641,21.995,13.402,94.963,162.71,94.248,-2.9651,-602.56,133.58,-45.683,-156.92,221.04,-493.44,0,0
0,0,0,0,-1.9866,58.007,-41.025,26.142,65.745,120.64,-16.261,105.8,-367.07,0,0
1.7321,5.049,10.049,-635.77,-23.759,-56.511,243.12,-434.46,169.95,252.09,-106.41,112.03,459.74,-167.57,2.1651
7.7942,10.609,-6.6471,-315.61,-271.92,615.58,-310.86,-311.49,442.99,-183.46,239.59,136.55,-108.35,0,0
0,0,0,0,-261.05,234.67,-218.79,-23.39,127.3,-127.5,-13.229,214.69,-391.49,0,0
-7.7942,-5.9264,0.43301,-257.86,325.7,6.7793,58.542,-92.831,69.061,-377.12,177.45,-65.66,-207.41,0,0
3.0311,6.5,3,-329.38,106.99,616.91,-308.83,-535.14,291,-370.02,351.36,131.13,-128.13,0,0
16.418,11.301,-843.28,220.63,955.54,173.77,-135.36,-239.94,108.18,122.05,-194,63.83,532.42,-195.21,6.9282
0,0,0,0,-42.474,-223.45,-157.44,147.76,-312.46,84.301,287.38,-318.29,-14.142,0,0
0,0,0,0,-835.97,464.7,-186.42,-383.59,138.23,-125.16,186.56,-57.165,-88.143,0,0
0.43301,6.799,9.0981,36.061,123.64,16.319,1.5838,67.084,-158.78,72.225,98.849,109.39,-431.5,0,0
1.7321,5.049,10.049,-635.77,118.35,332.82,-203.41,204.11,36.32,-169.3,47.197,376.48,-159.34,0,0
3.4641,11.806,21.007,-74.633,140.29,39.522,-141.02,137.36,288.88,145.92,-2.0917,99.411,-87.733,0,0
1.7321,5.049,10.049,-635.77,133.09,328.29,-156.33,52.509,-204.1,29.592,26.642,309.74,-130.28,0,0
-15.155,-0.27276,4.5,-498.89,202.36,642.44,167.34,-25.053,-210.96,33.107,158.29,171.89,-105.28,0,0
-8.6603,-1.8284,-0.33013,-203.12,30.281,240.4,-198.17,-19.107,59.985,-35.405,-2.9877,615.89,-227.95,0,0
-15.588,-3.5718,-7.6226,-756.69,300.51,-173.08,-385.38,8.1127,511.86,206.3,-27.86,467.19,-174.06,0,0
-29.445,-8.4606,4.8415,-671.82,109.34,158.89,250.57,292.18,-71.49,-155.33,43.096,18.62,-89.513,0,0
-36.373,-13.546,3,-339.01,58.632,257.97,-115.06,26.794,81.626,-143.68,85.067,-478.16,-22.53,0,0
0,0,0,0,174.43,301.03,59.944,-131,59.748,-119.96,91.613,113.49,-272.47,-82.467,4.7631
7.3612,-17.497,-24.627,194.19,-16.667,73.628,84.24,347.02,-79.68,184.46,-122.46,26.068,-314.13,0,0
-18.187,-6.7728,1.5,-169.5,168.12,195.59,-141.79,53.879,43.271,-117.03,-48.941,-392.47,-30.324,0,0
0.86603,5.866,3.4085,-573.32,100.33,77.457,-323.08,123.96,250.99,187.58,146.05,610.66,-209.7,0,0
-18.187,-15.725,-18.451,53.214,290.37,7.1445,120.29,-52.674,129.01,-154.58,29.935,347.48,-267.38,0,0
3.0311,6.5,3,-329.38,181.39,161,339.65,174.78,169.75,-9.5798,-21.216,171.73,-108.87,0,0
-0.058013,-3.0748,-4.3938,154.25,28.371,-63.048,31.354,86.682,-16.229,-98.853,48.027,-248.34,-21.173,0,0
6.9282,-6.7763,-12.768,125.79,137.41,83.218,-36.653,-54.957,240.8,315.04,-122.88,-180.31,-98.348,0,0
13.423,9.5963,-8.8236,-163.69,300.04,51.598,-99.121,65.921,152.68,-148.35,-344.99,96.05,-269.84,0,0
0,0,0,0,83.868,311.52,-13.562,-23.992,55.833,74.603,-76.045,-389.74,-21.123,0,0
0,0,0,0,249.44,120.65,401.76,87.601,91.372,-63.253,-117.12,-284.75,-20.685,0,0
0,0,0,0,-31.105,-7.7125,-211.13,143.91,352.07,65.299,-170.89,-283.01,-27.231,0,0
9.9593,-12.374,-14.201,289.3,-116.59,117.4,154.99,188.73,-131.98,-20.22,66.454,262.47,-143.05,0,0
-2.1651,7.6651,2.299,61.535,66.473,-310.56,-48.171,177.57,141.3,-101.21,120.97,15.395,-308.9,0,0
-11.258,18.039,-14.834,-371.88,247.83,-224.16,-82.082,238.48,-19.821,11.873,71.905,197.87,-116.12,0,0
13.856,16.926,2.5849,-463.51,260.02,-22.1,-44.512,-134.39,249.13,282.01,-149.34,151.85,-114.34,0,0
-9.0933,-3.0604,-6.9755,278.53,13.836,55.96,-206.79,69.878,373.94,156.32,-198.04,107.67,-380.55,0,0
3.0311,6.5,3,-329.38,195.07,160.79,328.71,349.07,62.881,-219.73,-93.871,59.636,-90.591,0,0
12.557,14.444,-16.178,-658.86,-12.507,66.191,128.86,-47.75,72.48,14.962,-19.869,170.74,-110.89,0,0
-15.155,-0.27276,4.5,-498.89,398.86,958.38,-547.36,-147.41,-28.379,-203.17,22.898,418.57,75.975,-97.134,3.0311
0,0,0,0,210.37,257.82,-49.968,95.988,-132.56,277.87,147.09,65.369,-254.84,0,0
-11.258,-1.6878,3.3415,-502.31,304.04,53.029,114.14,83.743,85.607,419.31,-46.693,-185.37,-75.218,0,0
-5.6292,-4.7745,-176.68,229.62,-684.64,222.67,304.58,134.49,149.97,-10.37,-232.7,123.36,-113.22,0,0
0,0,0,0,4.2768,191.78,29.32,91.332,177.31,-169.26,-63.205,227.25,-173.63,0,0
-36.373,-13.546,3,-339.01,10.493,236.84,-60.281,94.017,81.364,122.34,86.127,-507.44,-27.448,0,0
-7.7942,-1.1274,-9.2631,-370.06,95.898,76.462,52.248,-153.47,123.97,-154.26,-32.553,79.493,269,-117.44,-2.5981
-20.352,-7.4067,1.9085,-413.44,343.39,137.82,-15.586,120.06,139.96,-109.93,163.31,242.44,-139.69,0,0
2.1651,-17.801,-329.09,112.55,101.97,-253.78,-130.12,-64.42,236.28,171.34,-21.732,-7.558,363.78,-140.87,-1.7321
-25.115,-20.676,-258.37,128.5,92.823,56.353,41.318,-36.909,5.398,6.4199,94.725,238.88,107.82,-97.134,3.0311
-18.62,-6.5114,-14.567,-38.042,10.452,-112.01,176.9,11.897,-6.6016,197.55,357.79,-59.315,232.8,-96.614,-3.0311
0,0,0,0,124.35,311.2,141.61,-136.37,-182.01,-216.45,-203.58,-38.253,-22.472,0,0
-7.7942,6.9952,-504.35,33.33,-118.17,4.731,-73.699,13.752,62.486,-136.62,240.26,31.348,-196.27,-47.382,2.5981
3.0311,-4.5622,-9.0179,-13.114,79.704,251.88,101.84,-14.199,-45.365,187.02,312.68,-244.64,-170.69,0,0
-4.3301,-18.953,-109.54,148.88,25.045,159.14,45.187,-213.22,96.425,250.99,230.76,81.055,-301.54,0,0
6.9282,-6.7763,-12.768,125.79,-15.783,31.083,80.184,-225.66,33.402,333.45,349.28,-263.67,-25.886,0,0
1.7321,5.049,10.049,-635.77,-19.147,31.51,197.4,-150.14,97.607,-149.63,-70.187,125.74,-140.81,0,0
13.856,16.926,2.5849,-463.51,147.33,-74.661,18.565,-2.9725,-63.848,185.72,237.5,9.269,-93.974,0,0
13.856,16.926,2.5849,-463.51,304.64,-6.4882,231.85,64.274,-117.06,-59.351,37.619,-43.181,89.16,-70.434,-0.86603
-3.4641,18.52,1.8774,-47.635,52.304,82.584,214.78,-92.477,137.68,127.38,-56.221,62.021,112.04,-96.614,-3.0311
-6.0622,5.6292,-19.363,-337.62,315.22,-5.362,411.99,-117.43,244.96,-7.0448,-49.418,56.758,154.69,-264.13,4.3301
0,0,0,0,-486.15,216.94,323.51,-222.76,-30.785,265.5,-19.244,371.37,-148.72,0,0
0,0,0,0,293.63,703.15,-390.24,-417.43,653.34,-255.52,103.96,-351.64,-22.694,0,0
-10.825,-13.458,-20.074,-67.737,235.07,233.35,113.03,-46.288,16.567,264.42,-23.781,352.29,-136.91,0,0
0,0,0,0,-571.48,-127.61,-78.46,112.8,299.86,-106.28,336.82,-108.44,-18.742,0,0
1.299,39.113,16.742,-6.8177,316.29,-363.41,43.14,272.99,290.98,-82.284,109.54,-109.66,-414.26,0,0
0,0,0,0,182.05,78.033,368.47,107.56,-92.046,-201.92,198.48,265.75,-297.51,0,0
-13.423,-2.3218,3.75,-746.25,89.755,120.78,-92.684,159.29,121.97,-244.81,-100.45,270.47,-137.2,0,0
0,0,0,0,145.03,1.4264,172.07,-33.626,-228.57,208.77,-180.7,-211.22,-23.854,0,0
0,0,0,0,-768.82,181.17,72.904,88.87,-110.59,157.35,335.39,-140.6,-23.934,0,0
7.7942,11.366,19.281,-783.66,37.345,-38.393,54.999,136.32,40.694,-219.61,192.88,80.525,84.358,-73.184,-3.8971
0,0,0,0,-2.2677,82.631,-67.797,-65.567,-235.33,161.54,413.95,-289.37,-17.958,0,0
3.8971,5.683,9.6405,-391.83,198.37,-43.012,146.66,-154.16,-126.15,21.843,-36.781,-58.514,-109.51,0,0
-1.299,-33.93,-442.58,312.69,51.938,-50.952,108.45,195.08,-35.604,342.53,-288.76,53.176,360.91,-126.86,2.3448
0,0,0,0,112.09,110.12,176.27,7.4251,97.88,-50.32,-244.61,-349,-22.986,0,0
6.9282,11.817,-188.5,4.1226,158.19,166.83,-18.443,-24.298,-453.22,43.909,53.236,-379.93,-33.699,0,0
4.7631,34.892,17.346,-175.53,-1.4524,88.666,-88.59,183.42,37.336,-91.785,329.57,67.625,-223.94,0,0
-12.99,-10.701,-7.9264,61.316,88.957,-107.66,-175.51,-72.3,-403.12,147.6,150.06,-10.413,-317.94,0,0
-6.0622,-4.3595,-174.5,56.54,-27.597,148.64,55.179,66.682,108.49,-197.35,293.11,11.185,-375.38,0,0
-1.299,9.5556,-3.7141,-573.99,-13.726,48.452,-133.84,191.59,79.744,-77.447,2.8683,417.44,-181.64,0,0
10.392,20.757,0.61427,57.883,194.09,-21.968,189.58,-23.508,129.46,-63.575,238.17,-432.98,-26.181,0,0
0,0,0,0,-473.34,331.78,436.8,253.76,-125.6,134.14,112.12,-13.269,-71.713,0,0
0,0,0,0,-463.21,-55.823,-167.88,-537.38,-75.799,-47.123,87.274,438.82,-149.66,0,0
-6.0565,0.72067,3.8292,-914.77,487.01,25.594,-172.69,22.366,94.027,28.924,-6.4886,164.92,23.352,-73.184,-3.8971
-30.28,-35.522,-0.38582,-63.15,671.83,-104.61,155.13,188.26,-18.884,240.05,-78.387,-93.224,248.89,-214.05,-5.1962
0,0,0,0,-757.47,67.917,-21.622,167.76,2.1328,-14.222,28.883,69.877,-91.447,0,0
0,0,0,0,-219.22,780.39,-50.432,-195.97,126.87,-33.522,0.32849,-218.08,-16.355,0,0
0,0,0,0,-736.65,116.67,187.63,11.504,346.77,-98.31,258.81,-104.23,-18.365,0,0
0,0,0,0,-856.16,147.11,126.64,49.972,-46.586,152.55,241.15,-117.18,-17.804,0,0
0,0,0,0,-415.37,58.39,473.74,-85.965,-353.05,35.535,120.82,41.676,-84.033,0,0
-14.289,-1.0897,11.141,-561.34,373.56,165.59,56.834,141.97,68.775,-170.51,244.9,-252.86,-48.049,0,0
0,0,0,0,138.18,247.15,-60.902,-94.409,175.79,-168.82,117.67,-337.07,-26.893,0,0
0,0,0,0,-36.963,580.45,-200.28,-16.336,-195.14,133.18,94.256,-291.63,-9.6471,0,0
-15.588,10.35,11.824,-531.06,72.689,342.14,22.661,23.989,-140.33,48.802,61.092,49.503,-143,0,0
12.557,14.444,-16.178,-658.86,184.64,-46.301,-57.408,-82.802,-62.066,101.49,4.1029,155.78,62.858,-73.184,-3.8971
0,0,0,0,-569.86,285.69,-10.538,-66.852,186.53,475.99,35.945,-108.57,-17.156,0,0
-13.423,-2.3218,3.75,-746.25,3.4012,-15.181,134.64,-100.6,124.44,67.364,26.834,138.44,-107.85,0,0
-3.0311,-4.1471,-19.592,140.89,186.9,130.67,-197.5,-119.97,2.5385,-23.451,105.9,74.826,-319.9,0,0
0,0,0,0,290.57,-113.64,-274.42,68.729,-51.437,-21.988,24.804,-56.239,-416.6,0,0
0,0,0,0,80.833,582.74,185.96,-62.052,147.12,69.85,112.51,-408.55,-19.061,0,0
0,0,0,0,300.55,303.44,-94.843,-151.7,314.18,-185.65,101.72,-266.72,-21.726,0,0
-8.2272,4.4707,-5.5556,-241.18,125.26,372.31,-190.28,122.16,212.48,-34.274,98.269,-293.34,-19.895,0,0
0,0,0,0,-124.3,328.2,-162.66,297.25,-151.15,-129.29,228.87,-361.98,-14.093,0,0
0,0,0,0,-400.07,212.11,-109.13,-32.325,177.99,3.0429,407.11,-393.2,-27.916,0,0
-19.486,8.43,12.469,-236.96,-92.24,110.42,230.4,232.01,63.584,-77.199,169.16,128.8,-106.53,0,0
15.161,31.002,-603.24,151.89,485.03,85.981,-43.012,80.834,23.309,-159.09,123.34,164.29,308.36,-123.31,0.86603
27.328,10.611,-652.08,378.21,563.03,-444.23,-82.405,96.479,-33.793,372.74,4.299,80.339,433.62,-176.09,6.0622
0,0,0,0,-764.2,412.37,180.31,175.82,53.137,-96.559,405.27,-115.41,-20.708,0,0
2.9518,5.4486,-745.56,172.12,72.068,-223.47,-155.29,-517.15,74.126,-74.623,-117.6,57.781,363.06,-144.14,1.299
0,0,0,0,-1078.1,162.29,-24.434,53.302,-67.498,-80.352,35.32,-429.88,-37.274,0,0
0,0,0,0,401.79,489.81,-82.001,-112.98,-12.004,121.24,16.033,-354.83,-15.683,0,0
0,0,0,0,-60.423,442.06,-343.21,27.655,401.63,-116.57,536.82,-136.28,-19.116,0,0
0.43301,-2.5377,0.062178,5.934,82.403,562.02,-555.81,-6.4872,-186.33,24.712,-42.689,148.78,-399.25,0,0
0,0,0,0,440.11,119.27,-96.019,-211.39,177.12,95.629,-2.4696,-318.68,-19.165,0,0
0.43301,2.567,-8.7141,-831.12,411.23,146.24,-506.49,116.54,-319.82,-1.7141,22.323,74.264,-102.81,0,0
-5.4494,13.479,-143.23,-704.7,357.32,50.41,-348.9,205.07,408.61,-89.832,91.915,297.72,-159.09,0,0
0.43301,2.567,-8.7141,-831.12,-167.58,278.1,-88.667,-137.51,186.63,-118.1,23.349,360.83,-380.08,0,0
-7.7942,-5.9264,0.43301,-257.86,176.99,67.397,87.479,-71.837,85.865,13.663,206.72,-164.8,-50.479,0,0
0.43301,23.276,6.1813,-183.3,39.427,-51.067,-462.69,162.98,-352.9,0.26236,-83.185,-22.982,-190.77,0,0
12.557,6.7548,-294.17,143.72,151.01,-102.52,-119.8,133.67,234.5,55.106,-20.566,331.88,-145.98,0,0
2.1651,6.8905,-248.61,95.05,-74.407,73.302,-342.81,-60.707,-67.311,265.38,-49.058,-216.78,-65.555,0,0
-12.99,-7.3529,-15.879,-181.42,284.82,162.05,-131.37,-285.64,339.93,16.168,-490.38,23.683,-31.611,0,0
-6.4952,17.6,16.359,85.582,182.15,-303.2,188.12,91.106,-19.26,-15.129,-144.23,-363.38,-30.735,0,0
0.86603,1.384,2.7566,-203.58,86.226,133.88,-186.75,-2.6803,19.601,85.391,411.47,-210.98,-20.4,0,0
16.887,46.77,9.8822,-3.2769,118.19,-232.61,120.78,-166.2,144.38,33.538,-10.084,-346.87,-19.325,0,0
1.299,7.8905,-11.428,95.771,-296.72,473.91,38.632,-361.74,203.58,90.346,-23.985,-210.15,-23.703,0,0
3.0311,6.5,3,-329.38,221.65,91.832,-78.733,-405.14,172.11,-376.54,373.93,-63.487,-65.215,0,0
-0.86603,3.3056,-232.91,193.22,-131.51,-262.66,-38.277,159.92,171.18,113.69,195.22,-98.078,-27.185,0,0
9.5263,25.922,4.1633,-674.15,245.03,34.11,-101.19,-7.1911,93.099,79.13,121.89,214.95,-124.54,-52.361,-4.3301
0,0,0,0,-212.55,308.2,28.017,-125.57,81.739,-12.789,226.9,21.596,-93.503,0,0
-8.6603,-24.098,-591.4,89.984,-7.42,-123.31,52.668,47.301,-51.712,89.116,140.82,188.49,-107.34,-24.736,-17.479
-6.0622,-9.5981,-162.61,-334.96,268.37,37.269,-74.763,176.56,70.43,-97.299,29.478,280.02,-73.618,-48.921,2.0915
-7.7942,5.0867,-14.258,193.48,428.97,10.956,-172.63,118.17,-126.33,-107.46,180.67,-114.14,-376.3,0,0
-3.1086e-015,3.884,2.8236,464.37,244.01,-9.7636,-104.09,70.847,223.36,-142.75,25.365,217.21,-427.36,0,0
-4.7631,16.544,-392.74,288.61,60.301,177.1,353.5,-142.71,-186.36,-63.378,274.81,-225.56,-47.663,-47.003,-1.7321
5.6292,157.1,-33.914,-496.62,257.34,293.72,82.259,-141.93,8.1179,81.294,-27.256,-457.6,-17.541,0,0
-21.266,-4.462,-1.8813,397.34,19.662,8.2883,-270.74,-4.5816,161.84,-55.348,322.98,-177.14,-413.05,0,0
-1.7321,-3.0556,-9.5604,129.94,-41.049,49.133,-121.98,-156.05,184.65,108.83,59.406,-54.19,-96.398,-126.15,-5.9249
-11.691,-7.8954,3.866,-167.45,59.594,236.14,6.8129,180.86,135.44,288.4,-295.79,25.804,68.422,159.68,-226.15
-3.0311,16.422,0.67644,328.86,181.56,265.66,19.289,-70.871,247.39,4.6212,164.46,258.67,-421.95,0,0
-5.1962,8.6962,3.5,-352.25,85.264,144.51,30.87,112.77,49.454,281.23,248.32,-119.93,-21.253,0,0
0,0,0,0,191.39,204,178.72,-88.378,-241.68,113.15,90.68,-282.23,-20.636,0,0
-0.86603,6.8301,-160.76,-80.588,-660.97,239.32,105.07,178.43,-94.068,-95.981,180.32,-129.32,-18.381,0,0
1.299,-6.6896,1.866,-108.86,128.18,60.069,238.19,-106.7,153.56,97.323,-318.01,307.76,-91.189,0,0
0,0,0,0,-357.17,119.95,-234.59,34.01,-16.532,372.64,-238.72,-75.655,-22.253,0,0
2.5981,8.5736,15.415,-86.231,233.9,21.678,-63.643,76.532,-104.77,148.63,-278.77,-32.237,-20.868,0,0
0,0,0,0,-130.84,438.53,212.34,191.2,-36.684,277.72,-232.91,-9.6325,-22.069,0,0
-5.1962,8.6962,3.5,-352.25,18.023,298.62,114.01,227.75,94.69,-40.549,178.03,-387.13,-21.808,0,0
-18.187,-6.7728,1.5,-169.5,326.51,471.91,-153.15,103.68,-19.53,286.53,232.17,-231.8,-25.259,0,0
-6.9282,-20.196,-353.43,171.46,17.372,-22.233,228.73,41.299,-78.449,371.83,-75.67,9.4405,-92.391,0,0
0,0,0,0,227.66,284.44,40.751,-101.8,-77.67,74.778,134.1,-447.59,-24.267,0,0
0,0,0,0,135.4,253.78,-128.49,-103.36,-117.23,-2.4199,83.687,33.78,-308.9,0,0
1.7321,-10.837,-430.48,204.81,67.32,-40.63,-38.715,163.4,-131.05,145.17,-72.431,177.57,-344.9,0,0
-4.3301,24.783,5.6388,-40.245,126.59,-96.926,-419.38,-168.58,162.38,132.76,53.993,502.55,-278.48,0,0
-27.28,-19.511,-405.82,186.96,75.289,-292.79,-21.61,333.99,27.073,-5.3174,-35.796,107.94,-112.04,-47.382,2.5981
-22.084,-3.6077,2.5736,-180.38,290.47,107.34,-108.86,-120.19,98.183,-251.4,-208.08,-40.332,-21.13,0,0
-14.289,-11.616,-8.6388,114.01,307.75,-76.124,-319.03,71.254,279.95,168.63,-132.67,210.25,-211.37,0,0
0,0,0,0,-254.23,-159.47,29.766,113.84,77.895,-166.68,-72.179,187.59,-89.032,0,0
-9.5263,-0.52933,-5.3301,-133.92,-13.48,-40.699,240.23,-44.059,206.85,86.244,242.31,-137.35,-20.012,0,0
12.557,14.444,-16.178,-658.86,216.26,-97.506,60.03,164.25,-164.11,131.98,264.36,0.47832,-91.916,0,0
-0.86603,-4.049,-421.46,-27.126,-113.43,-36.3,85.652,115.99,-163.87,127.41,-144.21,-72.921,13.658,-73.184,-3.8971
0,0,0,0,-253.59,91.074,127.26,-301.23,-110.84,436.26,238,-144.15,-17.953,0,0
12.99,17.743,-4.0556,-401.06,-19.278,304.2,231.45,-292.76,225.07,-242.73,-188.23,201.27,-102.56,-52.361,-4.3301
0,0,0,0,7.0538,98.58,252.92,121.81,336.85,-307.35,-66.412,-15.372,-20.401,0,0
0,0,0,0,-109.66,226.69,-245.01,113.86,117.02,-211.91,210.08,-244.61,-19.607,0,0
