9.75,-5.6388,0.23334,43.356,-98.056,79.304,-319.2,-175.88,115.73,-118.89,-13.514,-71.706,19.216,0,0
-3.3651,-32.209,50.023,135.1,-76.918,94.731,29.895,292.24,129.19,96.278,-39.68,-107.22,-73.823,0,0
0,0,0,0,-25.954,148.07,-134.67,130.39,-174.6,-45.043,-118.34,-78.865,30.291,0,0
10.5,16.013,-16.964,-26.525,-98.352,3.4397,245.88,76.187,-222.1,-218.93,57.819,141.47,-100.58,0,0
0.25,-19.539,44.456,-28.453,-21.288,-281.9,-134.64,38.772,-141.26,135.1,-85.413,-69.917,215.97,0,0
-12.863,-16.672,17.599,-24.567,51.993,339.47,-76.955,169.23,13.268,105.16,-47.313,-55.547,-146.91,0,0
-28.615,-17.149,-11.76,1.4977,-62.52,-75.677,198.93,85.882,102.96,-134.76,-377.2,104.36,-182.2,-54.719,-8.25
27.75,10.227,-4.6699,-41.992,-98.131,-125.45,2.2831,-124.84,-108.51,-113.86,138.14,138.99,-34.316,0,0
2.25,-12.152,1.6077,13.969,0.35802,-26.74,-208.55,199.59,148.41,137.47,136.25,-145.71,-70.506,0,0
5.25,-7.9869,-0.52628,3.997,5.4903,-222.07,-197.47,-96.976,-200.32,306.15,-68.332,126.71,-67.117,0,0
18.135,37.873,11.883,33.058,-33.004,-41.111,113.69,59.616,194.28,475.66,8.1522,-34.858,121.39,-51.476,-7.75
0,0,0,0,-41.949,-77.436,-3.3633,174.63,-122.92,-21.272,-170.38,-200.54,-25.97,0,0
0,0,0,0,2.5209,-29.868,-278.11,-136.05,88.571,72.326,1.8187,-37.59,11.636,0,0
3.3307e-016,-6.6613e-016,-1.5543e-015,1.3323e-015,9.8948,8.6153,-256.66,274.21,182.67,298.06,-1.2003,-137.76,-9.7129,0,0
2.25,-12.152,1.6077,13.969,-49.677,66.505,-102.1,-181.57,-39.211,86.685,-123.29,40.934,84.323,0,0
13.75,1.8139,-26.755,1.0582,134.66,-139.88,101.25,20.291,-17.403,-137.92,-192.29,154.6,0.69287,0,0
-8.8818e-016,-3.9968e-015,-4.4409e-015,-1.2212e-014,48.927,-56.695,-301.26,189.88,20.921,-76.356,114.87,-47.173,-16.18,0,0
-1.2075,-23.991,0.25704,-196.79,85.815,86.493,260.5,-272.41,-167.12,70.058,-142.18,-237.34,116.25,0,0
34.25,10.222,-32.362,-82.03,42.993,-138.49,-34.617,153.14,-95.779,92.414,207.64,40.892,-131.21,0,0
-8.8818e-016,-1.3323e-015,5.107e-015,8.8818e-016,0.55408,4.2812,-168.32,121.65,194.72,77.126,158.72,16.455,-102.9,0,0
0,0,0,0,-22.844,-193.73,59.737,127.18,57.83,-21.948,-71.875,14.147,-17.085,0,0
22.25,10.876,-70.339,-92.247,146.66,277.68,76.116,73.681,-52.579,535.66,114.73,26.629,243.59,0,0
0,0,0,0,38.57,142.49,-14.212,225.63,-355.66,18.707,187.77,-144.07,-13.723,0,0
1.75,6.6208,11.752,2.4103,-22.694,-80.897,-60.12,-159.72,-15.316,-38.412,-79.155,-157.37,-10.288,0,0
0,0,0,0,33.074,103.36,-147.76,4.7128,-208.35,213.78,142.14,-18.432,7.1136,0,0
-7.5,-28.041,44.948,-59.484,38.211,-62.96,-152.71,-76.816,-18.613,-130.56,256.93,-195.59,-29.567,0,0
-0.5,1.6913,-27.655,47.166,134.64,-219.06,-322.62,-23.003,136.16,-178.98,0.78566,34.847,-16.356,0,0
0,0,-2.2204e-016,7.1054e-015,17.558,209.18,91.534,-2.4139,97.556,71.648,-134.16,-63.595,-27.016,-21.291,4.1495
7.5,2.6357,-17.381,78.822,40.92,-51.667,-89.362,107.84,68.036,-190.7,253.33,-173.12,82.52,-148.81,47.25
-3.75,4.1011,6.2513,57.473,-41.962,293.05,-241.63,-369.88,-38.574,138.05,57.023,64.357,-154.04,0,0
-2.25,-9.2877,29.321,-4.4325,-152.44,102.77,-31.683,-82.742,177.82,11.118,94.504,-25.013,-232,0,0
-9.992e-016,-5.5511e-016,4.4409e-016,-6.6613e-016,-16.689,106.03,-225.44,-241.15,-413.54,-51.586,-4.6813,11.579,7.3669,0,0
31.5,26.896,-21.708,-32.484,-23.176,131.17,12.575,-59.768,101.98,199.69,-35.618,-89.192,67.907,0,0
2.75,-1.3122,48.908,-121.2,-137,140.15,-58.659,274.41,3.3724,182.23,-233.73,53.314,67.988,26.747,-17.75
0,0,0,0,23.191,-223.25,143.71,310.96,-62.433,-47.282,260.94,-101.83,-8.7195,0,0
8.25,14.381,-37.943,27.887,-13.56,-372.25,-209.81,-100.44,48.308,268.86,173.57,326.16,-10.426,0,0
-12,2.4803,3.9054,-16.866,56.589,71.156,214.64,49.126,-182.94,-232.14,185.42,120.89,-28.709,0,0
0,0,0,0,31.446,-139.09,58.129,-31.307,35.077,120.8,93.764,-9.7455,-19.424,0,0
0,0,0,0,-47.45,-64.793,-22.773,-116.92,183.87,-86.153,16.543,6.9985,16.221,0,0
-7.0037e-012,-8.8954,-8.4904,8.6279,-24.654,-153.65,115.25,-25.026,124.44,175.29,107.77,15.885,-5.1471,0,0
-9.25,-7.0508,11.77,-15.447,-43.076,-20.04,169.72,234.98,90.29,90.39,-104.54,-90.228,9.9874,0,0
26.5,-4.4917,-32.658,115.35,137.52,86.091,131.52,52.746,-35.989,-323.92,-298.96,-110.09,-216.21,-73.24,-3.4363
0,0,0,0,44.995,37.246,74.239,-18.809,-52.254,-14.851,-139.66,-95.883,94.446,0,0
29.583,27.179,47.771,66.972,17.995,-177.91,-65.407,-12.082,-9.4036,-244.96,95.591,0.97651,70.182,0,0
0,0,0,0,-7.3837,65.045,21.733,155.52,-141.05,-97.368,-8.9737,-81.271,2.3433,0,0
-42.25,-26.111,3.655,-24.865,-115.91,-13.732,-87.231,-18.559,-55.105,-91.437,318.77,67.816,-45.931,90.47,12.25
-4.5,19.072,3.6261,-36.073,156.54,-163.03,36.079,-94.167,180.86,204.94,57.358,-47.425,-9.5131,0,0
12.042,-9.6756,9.8468,-76.115,-41.37,230.78,155.75,367.92,229.42,-129.56,-231.85,-184.86,122.67,74.192,3.25
-2.75,-2.8056,2.6716,5.6848,-72.634,-57.384,-192.57,-22.673,-47.668,-35.174,237.39,-62.067,-10.493,0,0
-3.25,6.2745,-15.155,12.758,72.035,-99.381,-209.74,20.088,197.26,207.99,79.256,158.77,82.72,0,0
-45.863,-15.286,17.894,-98.97,18.068,-67.771,-11.955,-170.92,-5.6942,230.37,73.815,-191.64,17.497,-3.2434,-0.5
-8.75,14.676,11.771,17.44,-145.64,31.044,29.728,-38.557,89.992,-85.343,83.415,-155.1,-200.43,0,0
21,35.739,0.62869,85.093,151.8,81.552,-65.312,-45.914,-238.9,-184.29,203.74,-302.53,49.999,-51.128,24.25
2.3849,-4.0718,12.825,136.52,313.05,103.84,-31.082,-30.417,-166.59,97.312,182.64,62.83,-2.8493,0,0
11.25,-4.6699,1.4851,40.315,-243.53,123.52,35.423,37.146,10.729,-226.49,158.06,79.479,-25.741,0,0
9.75,5.2583,-26.173,30.84,188.12,-77.513,10.923,60.497,-26.381,196.35,-10.33,-185.93,-76.118,0,0
9.5,15.654,-15.993,-24.217,-246.05,131.27,113.72,-200,-235.58,39.334,-126.08,-371.56,25.698,-74.192,-3.25
-31,-29.468,10.051,-68.886,27.908,84.732,65.757,-136.88,59.721,238.13,114.24,91.226,-63.176,0,0
4.5,-10.176,4.8643,27.445,-210.69,90.278,-290.89,-190.72,-106.09,8.1202,-10.248,29.532,34.279,0,0
-25.75,-22.374,37.645,-115.46,-192.94,95.744,-176.7,-218.28,143.49,-36.281,90.062,-15.141,120.79,0,0
-2.25,6.9199,5.2338,-22.104,149.3,-147.91,20.147,-399.34,139.32,148.6,102.9,1.7611,-5.0021,0,0
0,0,0,0,-25.947,98.598,41.434,-77.449,47.98,184.88,-32.066,-14.527,1.8917,0,0
3,4.1651,-2.134,-9.9724,-27.102,52.119,137.32,-248.26,-51.743,-70.829,-36.153,-113.55,-92.404,0,0
-0.75,-2.1896,5.3905,23.448,-127.88,36.673,266.2,172.59,-244.97,-102.65,-157.14,-165.48,63.212,0,0
4.25,19.312,-8.9558,-16.634,-12.926,-45.886,-116.28,-129.04,-15.148,-11.719,-294.28,-42.196,-19.736,0,0
-4.75,-0.14711,8.7811,-9.7434,85.99,-203.11,-219.46,-123.52,276,-18.131,-86.656,-214.75,-77.697,0,0
9,4.567,4.8236,-13.061,-176.4,-188.88,50.685,187.36,-26.403,206.72,27.733,-124.27,-192.1,0,0
-20.5,-18.647,14.306,-119.49,-72.631,-164.5,85.82,124.55,-132.74,57.645,111.97,-30.862,25.633,0,0
5,-21.603,9.8993,-93.986,-14.323,142,108.58,-5.3334,6.6502,105.84,-189.22,33.972,245.78,0,0
-8.25,-11.325,63.333,73.871,-355.52,21.18,365.21,77.625,292.12,-2.0703,-196.76,-178.2,21.949,0,0
10.5,25.498,8.2902,165.68,-23.476,16.303,191.91,219.93,372.23,-241.61,-68.967,80.246,21.349,-74.192,-3.25
-2.75,-2.7679,-14.294,57.481,66.852,-88.304,-299.25,-31.961,-178.94,160.75,86.376,154.85,-33.657,0,0
3.25,1.3774,14.239,-38.047,-49.567,48.971,-56.854,56.544,-79.937,-10.145,-245.95,-208.99,-102.11,0,0
6.75,13.118,-3.1226,31.223,-170.86,146.88,253.57,276.32,-344.86,68.88,-87.412,-12.431,-25.331,0,0
1,5.9216,-11.172,13.699,45.534,266.47,50.889,-80.107,30.439,217.89,-101.39,171.58,135.75,206.92,-8.1863
21.5,4.9838,51.489,98.065,211.28,34.903,-56.041,-305.58,-36.908,-31.074,-247.28,-152.24,5.3526,0,0
24.75,14.832,-10.364,12.813,-82.414,-104.47,-77.256,120.57,280.89,106.37,257.59,270.51,100.89,6.1423,1.75
-2.25,-3.1585,4.1388,26.489,-74.552,30.997,331.54,-79.078,2.6641,-241.16,-14.193,-16.06,7.4118,0,0
-0.75,-2.1896,5.3905,23.448,-131.76,-26.583,-68.612,-173.54,45.931,-66.734,-24.944,8.4165,-12.16,0,0
-4.5,-5.134,0.88221,13.013,7.2847,19.413,39.389,-324.85,120.73,58.43,-78.162,-100.72,-25.315,0,0
20.75,10.655,-53.978,-55.272,-291.62,108.83,76.06,-21.246,-85.694,-99.361,260.15,-65.912,23.504,0,0
0,0,0,0,-1.4886,-35.21,-162.27,-348.78,-21.761,37.079,234.23,-30.348,-25.675,0,0
4.25,9.5933,-20.775,-7.8612,33.98,222.56,140.14,121.36,289.87,71.622,-209.82,37.626,-19.188,0,0
-31,-26.121,19.317,83.642,-98.24,163.9,71.156,-92.581,-290.24,325.39,-301.21,-65.386,31.404,0,0
-7.75,-26.763,0.080127,-8.3905,-60.996,-21.66,140.26,-9.4468,-33.457,-128.69,159.91,90.722,-33.376,0,0
-1,-5.9216,11.172,-13.699,56.537,-249.29,-100.34,-17.329,174.37,301.34,237.46,147.56,65.888,0,0
-2.25,-4.8139,27.771,48.331,70.569,-420.95,-184.3,-141.08,63.856,205.25,471.58,-7.2557,-2.3893,0,0
-2.25,-3.1585,4.1388,26.489,-69.366,-146.28,211.12,42.394,-200.98,-389.26,-108.62,-37.857,76.062,0,0
-11.115,-22.327,17.44,-22.356,37.018,62.752,13.979,35.441,-79.738,-417.67,134.29,-58.952,232.56,46.219,-22.75
4.5,-10.176,4.8643,27.445,-176.63,-84.869,-73.787,117.98,-106.1,108.84,110.07,2.3148,-45.792,0,0
2.25,-12.152,1.6077,13.969,-102,-54.905,-339.91,-178.77,-206.12,98.754,-15.864,12.247,-23.167,0,0
3.3307e-016,-6.6613e-016,-1.5543e-015,1.3323e-015,23.018,-184.4,-68.952,-258.06,-247.88,271.78,77.853,202.1,-2.0377,0,0
0,0,0,0,5.1608,-87.017,-184.77,-139.21,145.09,-85.849,-169.42,89.428,-36.762,0,0
6.25,19.856,-33.133,9.2316,160.13,-129.18,-225.22,-335.93,50.371,277.75,56.501,-305.99,43.215,0,0
-38.5,-21.62,38.398,-190.44,164.67,-41.175,-248.69,140.87,28.315,-51.311,-111.36,116.83,7.2676,0,0
-9,-17.433,-9.5736,20.408,266.2,104.49,20.4,-16.066,55.684,120.55,-226.37,-64.938,-24.225,0,0
-16.5,-8.6357,11.969,23.646,-158.73,-66.04,-238.76,-99.874,95.213,249.69,-14.073,192.06,-14.437,0,0
5.5,1.0245,5.5197,9.5351,-189.27,215.25,474.49,85.527,-18.067,-385.05,238.6,121.11,-67.184,0,0
-24.75,-2.9037,30.806,-87.15,-124.01,-223.52,-299.04,-2.945,109.01,341.72,-167.87,-49.712,-35.849,0,0
0,0,0,0,-1.5186,-60.904,-54.862,-188.91,-10.563,150.59,-97.118,3.765,17.806,0,0
6.8873,5.5341,-5.2163,-72.282,116.52,-190.16,233.86,-135.79,32.448,93.481,-184.22,-22.821,58.955,-5.7732e-015,1.7764e-015
-2,10.261,8.8271,-21.816,-20.739,-96.467,-373.19,-222.56,67.344,163.05,-114.26,33.606,-78.371,0,0
-2.5,4.1896,7.701,-28.133,150.29,-43.674,-450.84,-17.929,126.18,214.82,89.446,-112.96,-9.3935,0,0
0,0,0,0,20.362,-174.25,142.23,67.706,29.75,14.688,40.018,27.189,0.14952,0,0
3.5,8.2272,-12.056,15.442,-100.23,-143.11,-326.59,90.142,-62.065,-165.09,52.771,95.418,-19.225,0,0
-4,22.725,34.74,-144.01,188.8,-7.8436,-228.44,-22.267,219.86,288.5,-161.82,254.44,16.867,-3.4869,-24.75
2.25,-12.152,1.6077,13.969,-78.35,126.34,-170.15,-192.72,141.53,300.64,-113.32,-93.156,-29.87,0,0
1,6.1112,-0.85465,-44.174,79.296,-65.297,-113.9,131.51,-103.87,-93.13,272.2,-75.165,77.202,0,0
9.25,12.647,1.1848,-17.259,-229.25,209.37,172.35,156.19,-55.005,-271.55,-74.02,80.878,126.74,57.471,-0.25
14.25,-1.1813,6.5998,39.338,-117.65,81.772,-154.11,-216.93,-202.68,72.801,47.1,55.431,133.09,0,0
22.049,1.9211,0.69096,138.38,-227.73,100.9,-135.23,114.41,285.02,-1.5724,24.572,-82.242,-68.126,47.989,-17
-4.75,-14.16,12.011,-44.324,-89.654,-314.53,-216.58,-262.21,65.292,149.92,-123.38,-93.33,4.1839,0,0
15.5,13.337,12.935,-118.89,-12.437,-114.41,36.509,-84.718,-17.855,-275.46,210.92,110.25,-76.806,0,0
-9.75,5.6388,-0.23334,-43.356,118.3,104.65,-54.536,0.58998,-72.822,-47.337,438.97,134.78,65.171,0,0
-0.75,-11.085,-3.0998,32.076,-143.45,-148.75,-62.892,-349.49,-81.475,-1.2088,399.33,-208.7,55.51,-1.4211e-014,-6.6613e-016
20.792,15.46,2.5687,-91.745,70.931,268.07,132.3,-7.8031,51.574,-278.07,2.7342,-301.69,-282.99,-156.96,32.299
-12.75,-46.749,153.47,-61.402,-223.23,-24.213,102.31,165.54,240.97,-3.4964,45.659,89.448,9.4653,0,0
-5.25,-17.44,5.2938,51.136,-18.054,-112.19,-207.24,-45.782,-31.143,-70.634,242.76,-41.614,7.4273,0,0
8.3849,-12.838,24.57,50.048,30.311,-259.63,65.351,-114.05,-184.23,-31.148,105.31,-42.687,26.412,0,0
-2.7075,13.326,-18.325,-45.742,10.159,187.12,252.85,79.22,-44.388,-81.086,-75.66,132.85,91.089,11.273,5.183
-30.57,-9.7102,3.6062,57.559,81.13,19.531,233.75,-16.159,-67.122,-237.84,-75.608,40.403,16.454,-14.91,-8
2.25,3.1585,-4.1388,-26.489,17.37,63.559,167.57,-128.17,-51.615,-402.62,203.06,110.4,13.105,0,0
-6.25,10.549,9.9234,5.6773,53.088,216.63,140.06,65.357,-50.623,32.193,175.13,10.06,149.8,84.883,15.25
16.5,18.376,-29.296,62.063,88.616,-28.258,-71.115,151.16,-25.34,-38.509,55.322,16.13,-2.0658,0,0
-12,-6.4151,-4.5849,-8.2386,30.077,-47.801,-254.4,-144.3,65.575,-70.759,-122.12,-151.36,-91.287,0,0
0,0,0,0,6.5216,47.152,66.439,192.35,-84.327,163.63,-19.723,172.99,-5.7913,0,0
-16,20.132,14.925,-27.155,82.501,-57.265,-125.87,54.671,31.829,-75.98,117.53,-119.11,20.059,100.79,-17.35
-18.5,9.4821,6.7123,-60.658,64.681,-124.72,-111.38,-263.76,-52.735,57.026,-45.926,58.536,153.04,-19.472,5
0,0,0,0,-0.68486,-47.629,-102.65,292.03,-24.383,-43.645,78.245,-3.6477,33.844,0,0
16,10.314,-24.593,43.955,77.914,274.16,41.26,-129.55,15.188,-88.973,5.0636,-181.06,35.325,0,0
0,0,0,0,4.9821,36.207,125.7,228.82,-122.71,-240.26,-129.16,54.308,2.817,0,0
-0.5,-3.1931,47.103,-41.45,-299.57,38.355,111.86,-210.94,-15.664,-264.3,-121.32,-146.28,32.447,0,0
-37.863,-23.984,49.301,-180.87,11.884,-152.62,-45.356,231.58,-141.8,-76.268,-93.3,83.716,-0.55681,0,0
-23.958,-36.842,13.899,-159.91,169.19,151.79,90.473,215.02,-340.68,-66.352,-255.1,-92.698,-227.47,0,0
-2.75,-2.8056,2.6716,5.6848,-67.452,157.11,211.11,244.93,279.58,-132.6,-26.754,-77.273,-13.032,0,0
-12,-6.4151,-4.5849,-8.2386,14.409,-158.77,244.74,68.256,12.851,127.29,-54.823,-108.44,-25.85,0,0
-0.5,5.0538,21.381,-102.54,40.917,139.91,25.894,271.16,137.82,115.53,56.286,-133.49,-10.797,0,0
-2.5,27.709,-33.703,52.783,18.181,5.8485,-57.952,80.644,-230.96,-106.16,148.13,48.984,-127.41,0,0
5.75,17.096,-14.971,125.09,150.87,-5.216,-95.062,82.507,34.644,153.55,-199.51,190.82,-99.322,0,0
-5.25,7.9869,0.52628,-3.997,20.259,-247.88,-42.978,-156.03,136.02,-12.887,145.82,-63.034,27.372,0,0
1.1528,8.1202,18.996,-192.79,-158.36,192.6,16.754,-138.97,-24.764,-291.41,50.06,-3.9222,-82.629,51.128,-24.25
0,0,0,0,21.13,-104.66,-213.84,-77.218,52.656,-19.351,111.8,24.176,-43.621,0,0
6,-3.1747,-37.426,151.01,-181.75,186.22,-248.57,2.3371,140.34,294.81,139.64,27.044,-151.13,0,0
5.75,12.997,-26.966,19.25,52.965,87.037,32.363,378.7,80.662,-30.314,-121.92,-18.082,92.248,0,0
-12,19.99,-38.713,-24.696,77.82,-316.6,-452.1,-201.26,87.36,108.81,8.2421,-99.622,-15.263,0,0
19,11.881,-47.156,-94.341,-318.95,42.62,203.32,-352.38,-52.91,513.27,312.64,-92.153,232.31,0,0
11.75,19.62,-39.437,-12.721,178.43,41.733,-247.57,-216.7,224.8,-52.507,-213.36,124.58,139.02,0.95216,-0.1863
0,0,0,0,-42.81,-70.978,145.58,-26.453,201.78,184.79,31.308,-8.1764,-29.359,0,0
28.25,-12.154,22.422,34.622,-145,277.09,-291.13,-75.505,437.62,505.68,-276.98,-400.43,-79.732,0.011379,8
-5.3774,7.8296,-4.2954,-16.552,-54.828,-193,-182.68,276.33,228.42,-134.93,-233.25,-216.64,114.96,-50.616,-9.25
-25.25,-34.757,8.0495,-76.899,-72.181,-188.38,-345.57,-57.697,-148.33,-197.03,-138.43,107.86,-219.51,74.192,3.25
0,0,-2.2204e-016,7.1054e-015,0.097754,-16.253,-98.694,-78.824,62.369,-84.87,25.919,-0.10667,-78.471,0,0
-6.75,7.0179,-0.72548,-0.95624,82.739,236.61,10.947,-308.98,134.23,-80.496,17.759,-4.5835,-42.899,0,0
12,-2.4803,-3.9054,16.866,-69.324,8.9703,28.159,-210.04,-116.02,-124.06,-106.26,115.36,4.8403,0,0
-3.3307e-015,-1.1102e-015,-1.2212e-015,-1.7986e-014,25.671,104.38,-38.704,89.036,7.6246,-341.49,79.16,146.11,-34.392,0,0
-14.451,13.403,-19.16,93.435,-150.39,90.347,-142.93,4.3566,-307.92,99.557,99.538,242.82,86.619,-1.843e-014,-3.3307e-016
-0.36515,-19.03,76.472,-198.25,-108.89,-46.806,209.26,107.05,-37.728,214.83,131.17,-124.97,-37.235,-74.192,-3.25
-19.5,-16.935,5.9426,20.794,64.549,-33.305,-299.26,-267.22,229.33,127.33,188.75,139.74,-261.08,0,0
11.25,2.0736,0.86603,4.9462,-64.703,74.858,248.16,208.38,31.33,-172.4,-33.6,32.07,32.614,0,0
-2.6645e-015,2.6645e-015,3.7748e-015,-7.5495e-014,28.817,-155.38,-191.81,112.76,16.041,-136.48,25.757,156.22,-13.668,-2.8644e-014,2.2204e-016
-9.75,5.6388,-0.23334,-43.356,152.37,-103.1,-127.3,19.618,177.01,147.57,46.189,80.511,24.9,0,0
0,0,0,0,-55.521,80.931,170.48,175.53,-394.37,-267.73,-99.955,83.428,-11.319,0,0
-14.613,-22.85,35.15,-31.324,132.43,71.094,137.12,-3.0482,196,-200.28,53.863,-10.671,71.441,-19.472,5
0,0,0,0,39.978,117.17,126.56,96.039,-131.97,46.385,-133.45,137.9,0.0077722,0,0
-12,-6.4151,-4.5849,-8.2386,-24.689,146.25,48.172,-170.07,55.115,-44.417,-51.905,-46.683,120.06,0,0
-2.25,6.9199,5.2338,-22.104,195.57,-149.58,-129.19,203.09,-184.52,158.53,9.5945,-119.34,26.333,0,0
0,0,0,0,-3.8517,-5.7599,-97.571,-94.865,113.91,-58.739,-133.79,161.95,-16.746,0,0
-16.632,7.8947,-10.498,-30.499,-102.81,-15.544,-221.12,269.32,147.36,-102.04,-268.37,119.81,-128.98,-36.252,-7.25
-7.5,4.0293,-3.1471,-26.408,-136.49,-71.044,-36.78,83.507,-35.812,132.14,133.46,156.43,16.095,0,0
-3.5,-8.2272,12.056,-15.442,103.15,-234.6,-312.93,-278.05,-50.629,6.6395,161.95,27.304,-88.053,0,0
0.5,-19.816,70.223,-230.66,61.867,101.23,54.467,113.18,-35.215,47.326,64.119,-91.424,-7.1471,-1.843e-014,-3.3307e-016
0,0,0,0,32.532,-65.185,6.3005,29.766,15.825,-49.659,-70.769,20.408,47.452,0,0
-54.75,-14.176,-21.901,-105.35,72.882,111.96,135.4,293.74,-223.67,221.05,-275.16,-51.975,-142.51,-51.116,32.25
-5.75,20.237,11.149,-3.0412,63.534,-186.32,-254.43,-20.381,322.03,270.6,234.38,114.82,-42.504,0,0
-14.25,10.703,-9.3923,-29.128,-119.41,140.66,418.93,140.28,208.63,-108.36,73.817,-65.412,-17.103,0,0
4.5,-19.072,-3.6261,36.073,-261.67,33.055,-60.598,-223.48,23.479,-103.84,9.6347,-98.611,-15.206,0,0
-33.78,-24.683,69.621,242,-113.86,-174.14,-183.62,-3.2179,32.582,265.09,-286.52,-20.419,3.8693,0,0
-2.25,-12.054,-4.3516,35.117,-142.68,-59.586,-121.41,-376.14,-11.186,135.63,405.19,-149.94,-4.2542,0,0
17.885,4.8498,-18.891,51.515,-74.908,9.5575,77.31,-136.78,77.678,-115.43,14.722,56.767,144.4,0,0
-21,-17.245,5.3954,42.949,72.114,-102.59,29.912,-11.101,49.714,-133.63,-185.49,-46.595,-37.076,-46.219,22.75
14.25,-0.50481,-0.64887,30.342,-148.64,-39.251,263.17,21.976,71.268,-26.004,-54.271,154.51,0.25208,0,0
32.25,45.087,18.673,-3.067,-72.227,46.845,-545.56,53.48,234.08,-10.061,-249.82,-69.542,122.35,-49.706,-2
-12,8.6029,0.93477,-24.601,148.53,-92.574,147.7,451.96,185.78,-42.895,-56.4,170.04,-32.329,0,0
0,-1.3323e-015,-8.8818e-016,9.1038e-015,-19.406,97.451,73.489,-158.86,-7.3935,29.324,139.18,158.42,99.237,0,0
0,0,0,0,-36.292,-46.286,361.01,84.398,86.627,-90.779,-183.43,-136.49,-54.051,0,0
5.75,0.92996,-5.3704,-113.8,136.11,237.94,218.71,94.421,-93.378,-185.16,-270.7,-123.3,57.755,0,0
2.25,1.9755,3.2566,13.476,-17.402,-41.039,-33.597,29.142,-13.011,-294.48,-9.9691,48.455,-34.568,0,0
-21.5,-22.809,-8.9053,-203.99,-29.297,99.731,-45.047,-43.198,-118.27,127,-56.645,-129.01,169.68,0,0
1.75,6.6208,11.752,2.4103,-63.764,-88.704,148.84,-174.5,56.448,-333.25,-3.9643,-81.052,13.774,0,0
-16.5,12.657,-0.95882,-44.312,197.01,-2.1298,-104.89,-56.147,201.13,149.2,80.878,-106.93,-61.514,0,0
-7.1151,2.137,29.638,-66.684,-155.02,158.31,174.39,104.97,-183.81,-13.552,-18.1,-41.267,-71.265,-148.81,47.25
6.75,-7.0179,0.72548,0.95624,-44.843,-132.03,102.09,127.2,-83.962,106.39,102.97,-221.53,36.081,0,0
-33.5,-31.525,-11.317,-157.22,-105.41,-61.523,-165.85,-144.56,-230.05,-250.72,-30.85,181.99,-215.08,19.472,-5
-16.25,-3.4641,19.39,-177.94,174.31,-89.631,453.79,-161.58,-239.47,-1.4988,158.49,-171.19,150.43,-1.843e-014,-3.3307e-016
-10.75,-13.704,21.051,-41.105,37.401,-170.64,-99.199,93.768,237.74,-243.15,-100.9,57.353,161.27,0,0
-1.5,-5.2859,-6.4641,6.7631,-28.235,101.79,142.3,24.407,-297.67,1.0258,14.38,137.53,-21.561,0,0
-9.75,5.6388,-0.23334,-43.356,72.775,18.943,-83.795,-278.51,-250.13,38.394,-45.935,-40.591,-79.628,0,0
-7,6.1931,-64.826,149.92,-40.657,-104.85,204.42,-72.346,-8.5233,-7.1331,-8.5051,-2.7019,71.881,0,0
13.75,15.827,-29.986,35.639,288.1,-36.893,199.97,-151.79,60.386,92.059,89.868,-45.554,4.567,0,0
-1.7764e-015,-2.2204e-015,-3.1086e-015,1.0214e-014,-45.988,51.336,-43.281,-78.475,95.45,-240.24,92.228,-95.889,59.716,0,0
0,0,0,0,19.595,-180.69,-122.24,153.25,-19.831,-16.316,-187.17,-144.46,21.477,0,0
-16.5,12.657,-0.95882,-44.312,215.85,-1.9128,-139.6,7.6993,36.391,-63.988,-36.458,-136.16,-8.0332,0,0
-9.75,5.6388,-0.23334,-43.356,99.704,-49.075,-27.624,-138.57,-86.46,-301.57,135.01,140.89,-3.5332,0,0
-3.5,-8.2272,12.056,-15.442,98.228,-51.061,-394.08,-96.228,-83.128,365.53,-127.29,0.58558,32.279,0,0
31.32,19.657,-27.646,180.96,105.5,-170.37,-102.95,183.31,72.524,218.6,74.114,-82.237,-205.51,148.82,-39.25
-13.926,-25.13,44.626,-75.589,-195.12,55.982,198.93,152.29,-191.68,-166.7,-9.8022,-86.497,-75.787,0,0
12.135,-1.1029,-8.4028,52.638,-14.291,-43.992,-275.73,234.8,27.64,41.633,-20.751,-8.7468,241.7,0,0
0,0,0,0,23.881,145.81,-338.36,179.59,-130.73,-30.241,179.54,-73.504,-21.362,0,0
0,0,0,0,27.631,-148.86,9.9865,-10.033,70.446,143.86,-123.86,-156.45,5.2631,0,0
21.75,5.1244,-9.1896,-44.741,-75.826,14.669,-198.77,58.569,-188.96,97.513,211.05,-223.8,-16.131,0,0
-4.25,-19.312,8.9558,16.634,-68.069,-262.6,-112.18,-130.21,-30.431,237.28,76.049,-68.344,-14.658,0,0
-21.75,-19.402,42.571,-72.73,110.09,-29.445,-143.02,-196.22,-2.2859,370.5,-192.32,-84.707,71.441,0,0
0,0,0,0,64.841,-125.57,141.66,420.22,336.52,-61.826,159.41,-20.336,-36.004,0,0
4.75,-4.1651,-4.299,-27.852,88.855,49.492,-94.338,-115.83,-205.13,-113.52,-82.91,145.72,-15.983,0,0
13.07,13.034,-1.9276,30.437,16.843,118.83,-94.986,175.77,55.213,-98.415,-57.975,4.4447,18.51,0,0
0,0,0,0,-18.99,179.11,237.17,165.41,-151.61,-380.48,293.34,10.355,-45.587,0,0
-14.75,11.889,4.5753,12.423,155.02,-158.08,-237.04,-323.09,163.93,121.93,69.585,-151.32,150.99,0,0
-21.25,-8.1375,22.038,-28.949,-18.645,65.796,344.55,82.497,79.948,-315.14,-140.55,91.974,76.135,0,0
0,0,0,0,12.225,36.766,-51.34,-184.07,-75.608,158.31,-50.82,-166.35,5.5131,0,0
-7.5,4.0293,-3.1471,-26.408,-88.512,-372.73,19.819,-117.55,16.168,118.32,7.3132,-122.14,-89.092,0,0
-8.8818e-016,-3.9968e-015,-4.4409e-015,-1.2212e-014,4.4139,-25.157,6.6079,-36.846,-74.67,154.09,-91.647,18.81,85.445,0,0
0,0,0,0,-21.841,197.28,66.012,-74.541,-26.702,68.432,-87.625,55.355,6.2921,0,0
-1.7764e-015,-2.5535e-015,-2.8866e-015,5.3291e-015,-61.076,-7.8729,218.44,-153.25,101.69,-122.65,-81.759,-120.81,-98.873,0,0
0,0,0,0,2.976,-5.4981,195.86,-117.95,10.689,-23.452,13.756,81.794,17.964,0,0
9,22.405,-32.443,35.655,47.123,-292.16,-17.054,173.47,-73.805,-3.3557,310.07,-170.72,-12.272,0,0
-1.7764e-015,-2.5535e-015,-2.8866e-015,5.3291e-015,-47.187,-50.194,-118.61,-259.6,101.14,340.33,215.34,102.83,-24.282,0,0
1.3849,-13.141,-7.4667,56.994,-208.87,-93.053,191.12,-129.12,-29.492,-5.8234,232.94,-107.96,-76.299,-46.219,22.75
0,0,0,0,-6.2363,-320.63,135,82.975,-132.88,-194.2,2.503,85.672,-43.633,0,0
12,6.4151,4.5849,8.2386,38.05,74.656,123.3,-261.66,-239.58,167.37,81.408,28.573,-39.914,0,0
23.25,21.224,-25.843,74.993,-55.764,-43.852,-207.1,85.275,-137.08,-74.618,52.432,-26.663,58.891,0,0
4.25,-8.866,11.054,58.217,44.657,133.78,63.332,-134.71,-178.66,69.536,122.54,-196.13,88.276,0,0
-5.8774,6.6531,8.4629,-30.734,-60.58,51.428,-117.56,189.98,-282.17,-186.89,-93.384,139.37,-16.565,0,0
11.25,-4.6699,1.4851,40.315,-200.68,159.12,96.715,84.904,123.73,219.3,193.5,-40.555,-98.503,0,0
10,2.2452,-6.0377,14.398,-86.45,-12.006,110.09,218.2,-308.31,99.448,-78.415,124.3,99.429,0,0
0,0,0,0,-1.6076,27.263,-7.5485,115.69,-252.37,-178.18,-246.82,215.65,17.144,0,0
3,4.1651,-2.134,-9.9724,23.3,-277.39,-7.0556,13.946,-12.234,-75.638,73.672,7.7562,7.2255,0,0
-1.7764e-015,-2.5535e-015,-2.8866e-015,5.3291e-015,-31.119,131.24,129.25,-123.43,154.57,76.932,366.74,67.246,-7.2464,0,0
-18.25,-26.064,17.923,-52.883,203.73,300.14,181.49,256.23,-540.98,108.5,-159.07,-129.83,70.548,22.959,19.75
-38.201,-8.8397,-80.248,-96.616,205.65,440.27,-139.38,-127.69,-245.62,0.67181,-31.5,50.925,-210.04,0,0
2.5,-4.1896,-7.701,28.133,-171.26,-244.59,-284.88,-136.67,140.07,-30.578,83.127,-44.747,31.1,0,0
3.75,1.7303,24.167,-45.968,-88.232,-19.47,-94.679,94.821,8.6703,-73.703,-346.29,-211.77,-18.071,0,0
12,6.4151,4.5849,8.2386,5.1438,-17.192,-270.47,-69.073,-92.972,-314.36,-153.55,-114.66,9.1226,0,0
-1,-2.3056,13.866,-29.815,-112.77,-70.627,78.804,-76.537,-172.5,-214.57,-25.543,39.388,39.487,0,0
8.25,6.7255,12.356,-30.958,-165.38,359.68,-313.09,-284.83,109.75,273.37,85.261,42.989,28.169,0,0
3.3307e-016,-6.6613e-016,-1.5543e-015,1.3323e-015,2.9154,50.189,74.132,-71.676,162.45,8.2757,-64.115,4.5705,-220.07,0,0
23.512,17.983,-24.129,-37.168,149.55,44.607,167.57,-126.84,-18.564,-234.85,-16.381,-296.77,61.917,0,0
22,27.178,-23.538,120.05,18.434,207.94,-214.88,-115.26,-262.24,198.19,119.15,-44.617,81.473,0,0
20,20.829,-68.588,168.31,-71.012,54.073,243.69,84.358,-189.02,-269.69,-121.04,-195.59,-139.63,-1.6098e-014,0
-5.5,-3.0131,14.165,8.3253,-21.833,-93.067,-270.5,-137.86,-0.34086,74.135,23.565,-91.197,35.597,0,0
0,0,0,0,10.61,245.17,-158.87,147.86,281.05,21.931,99.28,-0.26202,-32.722,0,0
-12,2.4803,3.9054,-16.866,29.255,-284.95,-15.427,110.94,-241.43,-153.27,-148.21,-38.058,-11.199,0,0
0.25,-12.874,23.928,23.962,-81.565,-62.292,-171.32,-277.59,-75.34,216.18,-35.392,151.02,-36.79,0,0
-25.25,-2.0814,-36.013,-163.12,183.64,244.56,83.455,-259.14,-324.35,135.81,24.159,-126.61,86.478,-3.4869,-24.75
0,0,0,0,-0.69944,-20.927,-90.987,-1.4909,69.049,112.91,-115.39,-89.395,-3.0212,0,0
-7.5,4.0293,-3.1471,-26.408,-119.4,-194.38,-400.16,119.79,-109.54,119.76,-87.368,46.903,1.6115,0,0
-21.5,-2.2189,15.164,-139.48,150.59,136.61,-54.625,-8.0751,103.76,55.857,-79.068,-58.303,-145.21,-3.2434,-0.5
-9.3651,-19.556,7.4637,-54.873,14.651,243.89,-195.15,-208.98,234.45,-28.704,-150.5,241.17,-119.09,-99.987,14.314
-3.75,5.4247,26.492,-89.25,121.99,-152.95,-186.64,-38.283,-90.983,60.139,377.51,29.648,-82.923,-74.192,-3.25
21,2.9348,-3.799,-21.293,-206.68,405.83,346.53,2.9782,-225.26,-282.31,-182.51,146.4,29.84,0,0
-44.25,-31.742,11.734,-3.1323,202.7,134.25,-205.24,-335.13,-247.58,416.16,-224.5,-142.73,25.909,-50.28,16.314
-11.5,-16.658,-3.4252,61.387,93.663,-270.19,-242.18,-158.91,110.3,94.686,204.59,-195.05,-3.2443,0,0
0,0,0,0,43.849,-227.99,-64.552,59.361,-59.601,-312.89,142.71,169.09,-5.5066,0,0
0,0,0,0,34.404,-133.47,79.754,235.53,178.45,-89.445,-100.36,-36.891,9.9417,0,0
7.75,5.1244,-25.093,42.243,43.902,-216.67,-188.62,-78.878,253.55,-152.41,238.21,-187.69,40.664,0,0
8,-0.62083,-36.345,170.16,137.53,-312.66,223.37,86.75,-104.11,18.811,70.537,-106.66,-234.09,0,0
-25.75,-4.3433,6.9689,66.546,47.846,-69.43,318.22,-106.97,38.94,95.456,53.176,-78.574,116.59,0,0
6.75,12.966,-22.77,25.069,-50.985,302.64,383.95,164.24,-126.21,-141.08,-59.625,37.955,121.51,-102.6,16.5
12,17.071,-39.2,31.838,-68.47,-9.5077,74.244,-25.485,-125.23,-382.62,-149.7,3.207,21.407,0,0
-8.25,20.578,43.563,95.434,-5.9383,172,-273.4,-66.404,171.93,-251.48,167.88,136.03,-61.258,0,0
0,0,0,0,37.079,-16.806,-124.53,-119.58,276.15,-140.33,-105.21,-15.541,-13.804,0,0
0.25,2.4019,9.8481,-20.962,155.83,-139.09,-219.75,-25.596,103.43,165.04,349.16,123.27,12.071,0,0
17.387,11.932,27.364,30.176,40.191,-173.27,70.835,-42.488,194.21,-7.3473,134.25,80.951,-1.0131,0,0
27.25,-0.69181,182.92,35.153,-1.1152,84.471,333.45,17.095,-41.085,47.152,264.91,-195.84,-54.497,0,0
-18.03,6.2082,16.277,-8.2395,-31.409,-110.66,-264.72,162.6,-220.53,61.894,169.6,96.263,14.597,-102.6,16.5
-5.951,17.624,17.677,-106.79,88.557,53.744,23.293,281.51,-109.99,-74.606,-0.66124,-191.59,154.74,102.6,-16.5
5.5,9.7141,-1.817,-5.3595,-46.404,-178.55,85.196,228.89,185.27,160.6,-6.1485,-105.78,159.89,0,0
-27.863,-3.7212,30.761,2.604,82.905,-197.97,-47.467,-417.29,-83.699,-422.96,-22.045,156.04,-82.688,99.117,-41.25
2,14.361,-13.263,-43.561,-101.97,-1.796,208.81,49.716,-222.2,21.897,-41.182,-137,-149.28,0,0
-7.5,-19.191,20.716,61.011,-110.31,284.08,78.291,-124.95,142.02,69.385,-61.909,125.24,222.28,0,0
-1.25,3.9085,21.777,-80.296,121.14,-150.63,-80.62,-95.424,156.09,-5.8096,-467.51,109.09,-166.86,-102.6,16.5
20.25,14.838,-25.108,11.59,-242.17,-296.78,-115.42,-91.886,-95.839,26.831,-157.52,-219.03,-23.034,0,0
6.5,-18.688,-14.012,26.688,-18.714,-22.561,-242.28,-4.9431,-33.666,-47.466,57.631,128.37,24.108,0,0
-9.992e-016,-5.5511e-016,4.4409e-016,-6.6613e-016,36.3,91.27,216.39,-83.96,38.379,-78.192,84.778,-233.53,-14.669,0,0
11.384,-9.0721,38.457,-78.56,255.41,93.069,-110.57,25.643,-232.48,-257.78,-13.716,-85.615,-88.641,0,0
12,-2.4803,-3.9054,16.866,-81.147,114.5,-232.44,132.54,-102.31,-178.42,222.96,59.686,-10.645,0,0
24.75,-14.296,-47.624,126.39,-266.25,99.147,-251.81,-57.611,99.833,-22.749,103.72,-126.87,-73.138,0,0
7.8849,-8.3678,25.851,27.68,-16.294,388.6,-25.472,-514.46,-64.86,240.62,-366.32,352.6,10.941,148.81,-47.25
0.75,11.085,3.0998,-32.076,192.78,17.639,-277.15,140.73,46.544,-298.61,-17.019,148.89,5.558,0,0
-14.5,-8.6502,-32.435,5.2662,52.349,54.707,141.41,-107.3,-16.108,13.797,-375.35,52.877,-69.926,0,0
-2.8627,3.32,-30.796,155.41,60.119,44.655,60.277,-0.22947,151.1,-9.7848,87.607,-129.31,-164.45,-102.6,16.5
-25,13.531,-10.31,-40.445,140.73,-225.85,263.77,285.31,87.419,-80.208,-317.36,-208.16,-139.82,-12.935,-11.75
-3.25,7.0604,0.72067,8.6878,30.959,-154.19,-176.63,-303.08,9.557,-74.376,339.05,-46.874,178.05,0,0
0,0,0,0,-3.7147,2.6012,307.52,264.34,-94.357,-92.996,-32.601,-5.2231,11.594,0,0
4.5,-19.072,-3.6261,36.073,-219.86,77.587,-213.99,-272.13,-247.91,298.67,-113.17,115.72,-4.817,0,0
6.75,6.317,30.45,-155.81,153.39,112.42,-193.08,24.291,77.419,156.79,-295.83,-88.738,14.387,0,0
-25.25,-13.861,-14.907,-21.069,-34.289,-136.97,19.279,34.573,-136.39,-259.2,-278.02,93.945,-116.02,-54.719,-8.25
7.1349,14.554,5.6791,-46.019,39.348,-91.819,-2.2327,55.752,-301.26,-84.563,87.959,-79.952,100.87,0,0
-4.5,19.072,3.6261,-36.073,136.11,82.93,-345.13,124.01,-75.189,0.10993,91.02,-11.98,27.674,0,0
13.25,-11.745,45.726,-162.98,25.717,266.02,289.82,283.09,-216.74,-260.43,-236.84,155.34,19.603,0,0
-11.365,-18.077,19.921,43.823,-76.929,28.502,-180.57,-145.15,-193.41,26.479,-39.598,-11.251,-166.68,0,0
5.25,-7.9869,-0.52628,3.997,0.049234,250.15,-76.524,-51.311,102.21,-122.18,123.39,-27.069,-11.515,0,0
0,0,0,0,-43.535,-43.441,-102.49,12.381,316.6,109.59,-2.7937,72.26,16.427,0,0
28,-8.701,11.77,-68.01,-6.5018,-92.33,335.44,85.607,-130.3,-2.2664,-19.842,-126.72,225.98,26.747,-17.75
-7.25,-29.716,29.45,-149.94,38.427,-356.7,149.51,88.746,-81.082,-27.495,-9.0952,-83.638,38.052,-22.959,-19.75
8.6585,-2.9848,-6.2398,-50.873,-227.39,-101.05,63.823,30.61,147.49,-65.244,-28.319,21.921,-125.17,-102.6,16.5
-27.75,14.342,-9.0035,74.228,137.17,-146.12,196.8,260.54,235.6,277.81,-173.14,39.945,75.46,-1.843e-014,-3.3307e-016
9.3849,-2.799,-31.26,85.972,-11.412,-111.39,127.87,-225.64,245.54,-179.61,-68.302,62.09,-74.321,0,0
0,0,0,0,-17.23,37.901,123.86,-75.335,-287.68,-10.553,155.32,79.737,10.798,0,0
-3,27.377,-189.51,-62.453,288.7,50.964,-83.146,367.67,-96.076,158.57,274.47,64.178,-12.392,0,0
5.3849,-17.964,-8.6252,5.1264,-38.281,20.171,144.91,-2.6847,304.86,98.988,-364.03,3.8601,-132.4,0,0
-10.5,-23.198,11.324,62.911,54.661,119.71,-187.32,-37.095,165.61,193.46,-212.13,-175.28,-86.89,0,0
0,0,0,0,2.3917,-81.632,-65.049,13.757,152.18,-322.03,-49.673,-11.986,-23.244,0,0
0,0,0,0,0.73654,57.672,101.43,-71.964,119.51,-123.02,48.632,-84.347,6.0577,0,0
8.5,8.2338,-16.209,32.588,239.58,-49.732,49.625,136.08,-6.9507,-183.1,56.017,-279.12,146.75,-0.011379,-8
0,0,0,0,0.081974,19.594,-7.4573,-21.401,-12.881,-195.46,-230.18,-40.542,38.052,0,0
-27,9.8546,-49.305,87.213,46.903,251.58,-0.18331,100.09,-25.37,21.518,116.02,-29.888,249.71,0,0
0,0,0,0,33.646,93.126,-333.54,-133.09,-136.11,155.08,49.859,-5.1525,-9.0478,0,0
7.25,-26.642,32.597,223.07,-41.581,-42.057,-7.6825,78.91,179.33,100.19,172.78,89.014,-254.24,0,0
0.63726,-7.0006,50.639,-140.01,140,-87.444,119.43,-237.43,-87.627,-159.15,432.06,-25.629,27.404,99.117,-41.25
-25.75,-41.405,-18.417,-211.27,61.881,-131.7,128.04,-217.5,-124.43,219.12,100.6,51.149,8.3056,0,0
0,0,0,0,3.6331,5.88,47.282,4.9919,-95.122,79.692,-55.825,19.242,-2.9796,0,0
-2.25,-12.054,-4.3516,35.117,-158.46,-258.95,-406.55,15.993,-121.68,217.09,248.07,239.25,14.192,0,0
14.25,-0.50481,-0.64887,30.342,-204.81,150.45,-157.54,173.02,48.218,-322.79,-344.8,-24.674,-76.521,0,0
29.838,28.035,-1.2515,-12.008,177.79,28.621,5.5504,-102.48,-147.3,-245.78,-9.7499,-267.69,-25.207,-0.82957,-8.8717
25.25,34.757,-8.0495,76.899,24.865,-93.95,23.586,270.4,106.98,-63.798,-45.566,95.145,-165.71,-130.85,17.75
0,0,0,0,43.611,33.714,-28.851,-9.0571,-115.38,96.971,195.61,-95.973,-18.316,0,0
-1.7764e-015,-2.5535e-015,-2.8866e-015,5.3291e-015,-10.892,69.891,-164.99,-8.2705,139.35,-166.48,-55.02,13.21,14.265,0,0
-1.5543e-015,6.6613e-016,-3.5527e-015,-7.5495e-015,44.519,77.652,-44.97,45.864,-6.8229,-166.97,-126.14,308.21,-126.13,0,0
0,0,0,0,12.97,-25.344,-72.973,-227.5,141.05,243.4,226.37,5.8181,-40.714,0,0
-10,-3.4348,14.062,-10.115,-220.72,8.0843,24.691,68.631,349.76,120.36,-68.646,284.57,-123.88,75.965,20
-33.365,-32.492,79.613,36.105,10.338,-146,15.544,195.62,-272.11,82.821,360.84,-36.607,-83.556,0,0
3.25,-23.245,-42.903,-62.686,162.61,-151.38,-94.181,-8.0895,-123.52,55.072,24.255,153.7,-64.824,0,0
21.299,28.027,-31.844,139.79,-82.813,321.25,16.606,19.063,-183.41,-49.957,66.518,193.94,2.5867,0,0
-15,19.825,-51.153,125.67,143.52,-35.733,-93.701,-407.04,214.37,135.08,146.27,-3.1658,27.201,-122.06,29.5
-12,-6.4151,-4.5849,-8.2386,31.506,-157.08,-272.09,-164.28,16.47,40.351,175.44,36.638,2.8047,0,0
13.885,-2.9952,12.365,39.212,-152.72,336.97,63.971,41.638,312.35,170.57,-154.41,224.95,21.015,0,0
-8.75,2.2058,-1.0801,-29.803,-98.179,29.004,253.8,129.58,-165.85,-364.81,-368.59,-204.04,80.188,0,0
0.5,3.5394,-24.894,81.337,-128.48,34.462,14.923,-25.478,-268.36,-35.259,159.33,223.58,69.538,0.95216,-0.1863
-8.8818e-016,-3.9968e-015,-4.4409e-015,-1.2212e-014,1.2721,49.683,-284.22,-290.53,-74.546,86.556,29.643,118.43,-120.97,-220.36,7.75
0,0,0,0,-22.254,140.77,14.559,-110.64,-11.679,-208.21,193.66,-83.51,11.047,0,0
0,0,0,0,50.724,72.254,320.28,-73.951,-85.893,-54.519,61.329,-122.16,-24.432,0,0
-4.75,-0.14711,8.7811,-9.7434,4.3678,-19.998,-173.75,-143.27,184.92,1.7245,-72.08,-81.682,-4.2365,0,0
0,0,0,0,35.62,101.49,-54.585,-14.655,433.86,90.503,213.03,160.65,-29.236,0,0
7.3849,-9.0245,-49.337,-77.899,-92.251,-52.268,131.3,-40.041,-10.96,-76.413,-133.17,63.598,-140.75,0,0
15.25,16.761,-6.2623,123.48,-20.68,172.71,-133.76,34.932,46.049,-2.5357,59.234,-149.5,-44.628,0,0
8,42.42,22.303,0.083176,-29.713,225.55,261.34,302.97,115.01,-237.09,113.77,181.74,-82.944,-3.4869,-24.75
12,6.4151,4.5849,8.2386,17.03,164.34,-12.081,-105.99,24.337,-191.47,-186.44,85.568,-81.527,0,0
-4.5,-5.134,0.88221,13.013,30.023,43.133,-61.803,-177.07,-341.62,-36.98,112.81,-95.645,-0.23205,0,0
0,0,0,0,4.2626,-26.957,-311.02,95.233,99.48,20.341,248.99,239.41,-32.122,0,0
2.75,18.332,-20.209,23.067,119.71,4.1531,-193.02,-102.17,23.774,-148.26,343.22,-123.63,-13.04,0,0
2.25,-6.9199,-5.2338,22.104,-81.889,-146.29,214.92,-229.48,321.54,-241.18,25.432,-184.34,-73.538,0,0
14.75,16.053,-65.967,220.86,47.183,186.94,149.5,-111.97,149.27,-168.61,92.934,273.89,-168.52,0,0
-2.25,-12.054,-4.3516,35.117,-203.82,78.096,-2.5536,-10.021,120.35,-74.305,-64.058,219.08,20.869,0,0
0,0,0,0,-22.828,-247.47,-17.601,-160.63,-72.791,-33.702,6.7377,72.013,3.1474,0,0
0,0,0,0,5.6262,-24.454,135.95,98.127,-214.21,-115.94,-74.643,43.605,-7.0368,0,0
-6,5.1896,-18.933,23.865,182.03,43.872,-93.581,138.6,-191.61,-205.52,-17.382,65.476,-32.267,0,0
0,0,0,0,6.8365,2.304,203.41,21.647,-273.49,-283.71,-108.02,6.9656,7.7954,0,0
2.25,12.054,4.3516,-35.117,118.26,111.59,81.173,-153.79,75.393,5.2864,-8.9512,-101.59,21.151,0,0
-9.75,-5.2224,25.821,37.917,129.71,-177.57,-254.31,10.524,146.69,302.46,142.49,-102.97,-53.869,0,0
12,6.4151,4.5849,8.2386,-30.55,158.82,105.27,-43.239,165.83,-337.94,-139.35,-150.61,-17.975,0,0
25.75,20.943,-11.219,-31.361,16.335,-188.64,125.35,63.259,94.435,-67.553,61.266,-29.492,-71.308,0,0
-7.6773,-2.2228,12.818,7.8377,-79.572,11.976,311.33,-19.727,195.39,182.61,-137.21,-29.591,137.15,0,0
-24.863,-27.556,11.393,-18.737,-78.098,-62.209,382.86,-273.99,-21.772,-108.81,-110.89,-184.24,-95.296,-3.4869,-24.75
-4.4409e-016,-2.6645e-015,-4.4409e-016,-6.2839e-014,41.235,37.275,-22.573,215.85,-118.96,179.65,-142.26,63.815,137.74,-102.6,16.5
-9,18.227,-23.222,56.445,136.67,-149.25,-182.85,109.04,426.52,307.16,-26.254,12.538,54.991,148.82,-39.25
-37.5,-37.935,-16.234,28.092,-163.19,-65.49,93.685,16.339,32.725,241.16,115.7,-143.29,-47.11,97.695,-15
-32.882,23.414,-23.387,1.6867,196.16,118.3,58.15,47.763,189.37,-384.87,-83.802,163.37,-100.94,-148.81,47.25
-22.25,-14.059,33.209,-42.648,-63.427,-144.02,-192.87,55.306,255.62,307.59,101.89,-36.412,154.98,0,0
11.5,8.9527,-7.4216,3.3708,67.621,-17.757,-164.81,-0.81123,-160.97,194.05,-150.72,-92.622,-111.67,0,0
-2.25,12.152,-1.6077,-13.969,45.877,329.64,132.83,279.21,-235.16,57.995,-117.93,6.7046,17.253,0,0
0,0,0,0,18.09,254.55,132.57,-82.322,80.739,-136,-23.494,112.35,-15.923,0,0
17.25,43.454,-39.457,158.8,46.061,-215.86,28.868,160.38,-53.444,-156.07,-18.799,295.59,-180.26,97.695,-15
13.75,-6.0048,-3.5035,-38.113,29.876,-327.65,-103.62,-226.93,88.354,-5.1043,407.76,-8.4647,-20.992,0,0
3,4.1651,-2.134,-9.9724,7.9421,-73.196,1.895,341.01,-19.445,-281.89,203.05,-22.582,15.194,0,0
-8.75,0.6633,15.002,-17.141,-173.77,120.3,461.7,262.18,-51.571,-87.24,-218.13,-188.39,176.7,0,0
-3,-4.1651,2.134,9.9724,-120.74,-273.09,-431.32,-32.87,123.8,115.53,-82.77,50.653,-1.2165,0,0
-1.3323e-015,-8.7985e-015,-2.4425e-015,-2.5313e-014,-54.385,-364.7,-164.17,187.46,190.54,107.95,79.691,-1.8563,116.04,-74.192,-3.25
21.25,8.1375,-22.038,28.949,14.853,236.78,-112.83,-71.345,-222.29,117.24,-71.109,108.54,-100.52,0,0
-9.75,-5.2224,25.821,37.917,101.42,150.01,101.86,191.04,-309.04,5.6102,-126.51,-244.75,-9.7141,0,0
17.25,8.6112,3.1673,-126.28,-245.96,-191.63,-304.02,-112.91,-208.96,44.091,-89.535,40.678,0.5012,0,0
19.75,14.531,10.975,15.426,19.635,-114.18,-168.56,-250,-5.5593,-39.761,-70.273,72.672,-273.55,-51.116,32.25
0,0,0,0,-13.347,-216.98,-258,93.997,-36.372,314.28,-130.6,-86.559,44.361,0,0
3.5,-9.9575,-2.4103,68.046,-415.31,80.087,-174.22,-81.249,-382.82,403.15,218.47,-77.854,-13.276,0,0
-28.5,-11.27,-6.6747,-18.257,258.01,-23.225,-211.9,84.585,229.27,310.32,46.853,-4.6181,-35.008,99.117,-41.25
-8.8818e-016,-1.3323e-015,2.2204e-016,5.3291e-015,12.74,241.58,183.73,21.389,-147.61,-245.15,-309.24,201.71,-96.453,0,0
0,0,0,0,13.72,-180.2,-3.3105,-397.04,19.271,52.575,12.468,-2.0601,9.3313,0,0
-5.1151,15.683,23.086,-68.086,58.229,79.124,52.592,-103.42,-321.8,279.93,-110.07,100.6,68.998,-102.6,16.5
0,0,0,0,-4.8954,-6.8307,48.967,-186.44,-73.654,80.628,55.17,46.196,-9.5804,0,0
5.2925,11.491,-36.987,55.448,-10.85,186.67,139.04,19.404,-151.73,80.522,-137.64,46.497,-16.357,74.192,3.25
23.5,21.698,-15.634,-5.4772,-15.722,-158.86,330.96,-463.47,-356.56,-91.752,-99.329,-104.31,57.793,0,0
2.25,3.1585,-4.1388,-26.489,121.25,57.041,-44.071,-160.45,-146.63,-170.02,-132.93,110.94,12.707,0,0
0,0,0,0,-25.008,176.85,-115.85,280.29,120.66,58.354,-1.1852,79.863,-11.379,0,0
11,-3.6519,11.527,-97.059,-206.59,14.931,65.548,79.426,-190.37,176.27,-138.99,-173.99,-140.82,99.117,-41.25
9.25,50.145,9.5289,138.71,93.03,-54.873,-129.24,-222.47,-18.497,-279.82,231.16,138.51,76.748,19.472,-5
-8.75,-0.24038,12.582,-19.439,175.45,-105.77,-24.076,-363.6,-102.79,168.92,138.74,-109.28,-70.02,0,0
4.3849,4.4151,-39.559,-4.3075,-52.594,-250.21,59.742,-151.81,-388,-151.99,71.052,-19.442,46.257,0,0
17.25,43.454,-39.457,158.8,47.625,-201.83,157.36,116.42,301.24,-205.66,-73.984,-219.02,-133.09,99.117,-41.25
10.25,18.758,0.33013,-61.433,-70.34,25.993,32.897,-4.5347,-3.9493,254.66,-72.935,60.35,-117.97,0,0
0,0,0,0,-35.996,248.88,-68.251,-146.39,36.764,9.6847,19.83,-6.2885,-6.6797,0,0
23.137,11.959,-0.62043,134.61,29.525,97.915,147.89,115.86,-31.071,132.17,-31.616,83.791,-151.09,-5.3291e-015,-2.6645e-015
12.5,16.196,4.0981,-2.5981,7.6656,-14.728,248.68,37.753,243.39,-165.21,-175.9,106.86,14.147,0,0
-3,-0.59151,-1.451,-2.75,-20.331,221.44,-58.942,-318.82,95.08,-25.976,66.592,139.32,121.85,-100.94,14.5
-23.25,7.6603,-45.021,143.41,108.38,227.61,16.611,25.167,115.78,-128.49,10.228,297.77,79.841,48.825,-32.936
4.25,36.077,-17.779,18.754,116.74,115.3,-22.371,227.33,-5.7578,-210.74,-81.205,-98.274,-51.565,100.77,-25.35
-15.75,-2.1357,20.646,-150.51,7.7601,-16.12,31.191,-139.17,102.11,91.83,367.56,85.168,103.75,0,0
-3,-4.1651,2.134,9.9724,-43.391,0.70255,-215.96,-96.453,208.05,-91.171,168.05,152.59,112.75,0,0
-10.75,-19.667,-4.4886,48.525,-143.92,202.92,200.91,-50.5,255.75,-32.852,45.78,-206.49,-25.762,-74.192,-3.25
5.75,-19.074,-3.6944,41.212,-37.218,236.09,164.88,-118.97,94.279,231.62,-188.87,6.7881,81.995,-3.2434,-0.5
-12.75,-15.039,-4.8175,90.054,-213.45,-57.931,-35.382,241.92,-248.96,155.98,256.67,121.22,-182.75,1.4211e-014,-8.8818e-016
22.5,24.584,-43.427,164.71,-198.39,-293.03,57.868,-205.3,526.82,-77.034,-151.82,-124.44,35.26,0,0
-11.75,9.5508,-21.423,-27.481,-131.72,-93.574,-27.212,155.4,148.68,-90.69,-152.04,-113.35,109.8,-50.28,16.314
21.25,6.7075,2.9689,57.594,112.31,-108.57,93.158,362.94,28.98,-132.75,-450.41,65.149,30.124,0,0
-4.7075,-15.802,2.7316,60.705,29.993,120.84,-45.167,249.71,-117.56,-37.149,80.763,-198.04,163.89,52.901,7.3995
-25.5,8.0359,5.9593,28.238,3.6866,-185.61,-238.37,99.801,-79.826,89.411,-190.68,-280.98,13.221,70.948,2.75
-22,-7.8253,27.65,13.257,-161.49,-40.588,-52.543,-14.076,315.71,228.91,16.002,166.67,42.672,0,0
-12.75,-26.683,0.82274,-155.42,-91.591,-389.11,-288.12,-103.87,461.13,-54.96,-228.72,-144.39,-2.7868,0,0
-13.25,1.2369,18.651,-117.58,-142.54,434.06,472.45,-166.27,-79.418,-255.89,-96.842,-294.51,49.398,0,0
-5,-24.943,-29.429,-87.581,-69.897,-166.02,289.27,-421.88,178.59,172.19,-26.249,266.5,20.926,0,0
7.7925,8.3849,-13.968,133.95,-148.76,123.35,-17.183,70.945,124.16,-98.191,84.84,19.312,-146.92,1.6687,23.9
-13.75,-19.577,-0.3665,78.966,-154.71,86.931,-141.73,37.426,-176.06,49.318,-133.83,-70.906,245.07,0.95216,-0.1863
56.25,29.544,3.1628,139.18,25.68,-119.62,-50.381,239.03,-69.122,-355.98,-78.796,78.269,-40.624,0.95216,-0.1863
5.5,-1.6992,-29.232,-22.621,-204.83,206.66,338.97,-11.295,332.73,-58.091,-96.432,-235.33,-248.29,-3.2434,-0.5
0,0,0,0,25.918,123.6,48.863,-16.955,251.7,-289.19,-12.225,198.03,13.464,0,0
-27.5,-57.428,-4.4194,-87.93,-37.477,200.13,-1.5064,141.4,19.234,-97.568,-387.61,-209.15,-3.5135,-3.2434,-0.5
28.25,16.627,30.374,-34.524,-112.25,36.149,205.5,-83.978,142.39,-154.14,-163.39,-439.98,-193.82,-130.85,17.75
-54.75,-14.176,-21.901,-105.35,114.83,194.11,-74.758,-215.08,7.6619,-107.08,234.18,242.7,183.82,70.948,2.75
26.75,5.8875,-74.533,117.72,-83.492,-63.185,38.165,421.64,-209.46,-93.78,127.9,40.497,-270.63,0,0
-1.3323e-015,-8.7985e-015,-2.4425e-015,-2.5313e-014,-68.929,13.327,147.94,313.9,334.75,-223.41,-342.2,-163.87,-40.623,-74.192,-3.25
5.5,14.696,38.873,74.891,-189.4,-238.98,50.828,77.491,216.38,133.28,57.698,-40.979,-55.347,0,0
11.5,-8.2679,12.136,20.185,150.26,231.14,392.98,266.36,124.44,-38.495,-344.01,53.967,-43.797,0,0
2.25,-8.8319,51.55,-171.7,-241.33,-265.51,74.174,-68.905,-67.773,300.97,182.55,106.57,-71.598,0,0
-43.5,-31.169,23.062,-63.751,-142.61,-4.563,203.01,292.94,9.6228,181.19,-301.99,-163.83,25.273,-130.85,17.75
-6.75,7.0179,-0.72548,-0.95624,52.48,-44.172,178.22,181.41,143.15,-78.872,-195.9,225.95,103.83,0,0
0,0,0,0,6.5986,-65.864,-215.58,91.028,-475.85,176.57,-181.22,161.59,-33.599,0,0
18.5,-12.273,-9.4269,34.927,10.684,-89.122,-281.36,-230.66,-88.802,444.39,-149.35,154.38,27.346,0,0
12,17.071,-39.2,31.838,-54.706,-171.09,-174.01,76.67,-62.891,114.94,288.2,-89.9,-57.071,0,0
0,0,0,0,-5.9244,0.72428,-48.652,224.39,-42.587,76.385,-35.599,-64.171,-7.6435,0,0
-17,-13.167,14.709,7.3162,-192.44,195.84,56.08,76.969,-113.31,71.969,-116.32,77.042,-2.7467,0,0
0,0,0,0,-26.696,-88.02,123.1,258.98,-236.84,187.82,-24.478,87.235,11.258,0,0
-12.75,-10.922,2.701,46.482,66.988,125.9,68.834,3.4249,104.68,-390.29,-252.97,134.72,-36.057,0,0
-16.5,12.657,-0.95882,-44.312,249.57,-111.82,301.26,-78.858,109.45,19.63,-115.92,83.425,-67.325,0,0
6.75,-7.0179,0.72548,0.95624,-77.034,82.915,-107.77,40.997,-13.52,-9.3679,156.53,58.26,85.841,0,0
16.5,-12.657,0.95882,44.312,-259.82,104.14,-178.4,-229.1,144.91,-10.076,-13.326,4.6375,-49.492,0,0
-12,-6.4151,-4.5849,-8.2386,63.691,-50.106,31.615,-177.61,-90.548,195.25,96.327,-102.45,18.217,0,0
-2.25,-3.1585,4.1388,26.489,-122.57,-61.794,-207.31,134.15,77.034,-21.266,-63.733,94.43,14.522,0,0
-9.75,-13.783,35.031,7.4689,15.093,-32.463,13.617,278.88,140.69,-36.589,31.554,18.842,-57.216,148.82,-39.25
-9.75,5.6388,-0.23334,-43.356,159.46,-168.58,3.655,-30.985,79.488,-354.25,-176.27,161.11,78.543,0,0
7.5,-4.0293,3.1471,26.408,136.86,93.682,-188.05,-51.377,230.28,101.3,-299.38,-38.34,43.93,0,0
3.5,8.2272,-12.056,15.442,-85.443,134.45,78.558,-28.21,53.294,28.826,140.34,-43.059,-82.911,0,0
-26.708,-10.875,21.232,-2.6117,165.02,-178.78,-288.04,84.834,186.36,139.7,-31.777,59.81,22.79,90.929,22.25
18.5,15.315,48.195,-64.973,-53.481,-332.39,-432.89,-114.09,98.574,336.07,265.81,53.062,237.22,12.935,11.75
-8.75,-9.9856,18.779,74.442,-211.94,38.705,22.96,-168.44,-22.338,-130.7,-33.322,174.57,60.548,-3.4869,-24.75
2,-4.0293,-14.088,89.768,-45.258,-401.71,-430.53,-346.63,-59.375,-435.53,112.07,-147.77,-109.92,-122.06,29.5
0,0,0,0,3.5986,-133.54,114.4,-298.12,80.164,-270.19,16.023,54.755,7.0454,0,0
-11.75,16.141,16.842,11.477,291.29,261.32,9.3005,-16.124,10.6,-459.42,-155.26,32.909,55.115,-102.6,16.5
5,2.5915,10.489,-30.325,-204.87,70.399,-215.83,-10.621,-10.907,-136.7,-26.07,19.237,-82.063,-51.128,24.25
8.75,17.245,-10.163,38.126,119.33,-113.88,-274.58,-221,-259.71,354.07,-113.84,109.62,1.5556,0,0
-11.25,-22.178,4.3954,-26.865,-65.539,257.24,153.37,45.941,-2.3167,65.458,-229.34,285.53,-54.738,99.117,-41.25
-1,-13.444,-10.9,-140.86,-264.24,108.93,125.85,-22.879,-93.311,-161.6,-23.031,-8.4667,102.94,-54.719,-8.25
-3,-4.1178,-12.716,143.22,-44.536,-85.53,-167.98,-91.569,-105.64,382.31,-166.98,26.056,-74.592,0,0
-39,-10.234,18.095,-124,229.51,-125.43,-119.89,-77.347,247.35,47.113,197.91,-63.048,-91.136,-3.4869,-24.75
-12.75,-10.922,2.701,46.482,72.845,-332.82,-174.83,-67.095,-142.59,174.68,358.8,60.19,-70.875,0,0
0,0,0,0,32.146,147.61,-70.099,-159.2,-229.27,-165.4,61.795,111.69,25.279,0,0
-16.5,12.657,-0.95882,-44.312,177.58,127.56,27.851,238.65,0.65186,27.174,13.37,67.174,35.079,0,0
0,0,0,0,46.526,-97.589,-225.2,-135.25,-318.87,-30.003,-26.359,-155.18,26.153,0,0
-12,8.6029,0.93477,-24.601,197.8,233.95,134.31,-19.914,-25.677,-148.72,108.47,-12.119,-24.841,0,0
0,0,0,0,-36.135,-82.075,-47.358,-211.52,115.34,-61.564,-107.46,41.133,-2.4139,0,0
-30,-38.285,4.4689,4.2027,10.026,-80.992,63.765,-148.55,-37.07,-42.627,-116.7,-90.551,65.982,0,0
-3.25,2.6603,-15.276,42.955,91.969,-128.53,-42.22,137.42,12.995,21.664,294.53,-245.89,-180.51,0,0
-1.7764e-015,-2.5535e-015,-2.8866e-015,5.3291e-015,-33.029,-100.6,-50.625,-79.943,-182.61,-59.57,107.05,26.277,70.027,0,0
0,0,0,0,0.73806,-21.976,43.928,-194.88,-20.754,-34.255,-168.13,42.064,-4.4384,0,0
21.25,0.19791,-30.365,-0.37002,201,-144.92,-14.975,-308.62,-50.816,70.862,95.551,-42.792,28.017,0,0
-2.25,6.9199,5.2338,-22.104,151.88,48.374,-139.04,-166.69,81.276,-43.866,108.02,190.52,60.913,0,0
-24,-22.288,-7.3774,-27.239,27.328,289.77,306.63,225.34,15.414,86.51,-1.4341,187.5,137.66,-3.2434,-0.5
-0.11515,-5.9479,18.423,-20.389,-160.25,52.308,-108.39,-240.97,172.18,271.67,36.75,42.037,146.24,-7.2609e-014,-4.4409e-016
-7.75,-5.1244,25.093,-42.243,-62.694,157.28,-183.32,140.4,-3.6662,-384.17,-36.92,268.03,20.148,172.7,-19.75
-12,-6.4151,-4.5849,-8.2386,61.414,-67.484,-116.06,54.449,-101.51,-107.52,-141.46,80.765,82.121,0,0
-4.5,19.072,3.6261,-36.073,208.92,-40.718,-122.15,-38.871,168.96,-26.038,-317.93,129.91,67.944,0,0
-40,-23.12,1.433,67.709,-128.8,46.545,14.595,-476.37,-388.64,-96.533,-164.52,128.88,-221.6,97.695,-15
-11.5,-13.709,9.3187,-16.444,-16.801,-44.128,-412.47,85.184,258.08,48.913,-260.27,52.737,60.449,0,0
25.887,17.261,-19.3,12.795,-48.36,169.3,-208.7,54.129,319.11,-291.69,-307.42,227.98,-35.1,175.5,-0.25
-3.25,-12.1,30.138,-156.95,-75.503,78.117,-149.64,-316.89,78.273,89.379,-185.49,24.433,8.8947,-3.4869,-24.75
9.6349,-18.722,-14.55,116.38,-218.77,-36.312,-103.99,-36.758,-16.959,11.458,97.646,-26.509,-17.89,-4.885e-015,7.7716e-016
-12,-6.4151,-4.5849,-8.2386,-37.995,-100.85,-67.309,95.373,285.47,-116.78,4.8778,5.486,-129.71,-148.82,39.25
25.887,17.261,-19.3,12.795,10.29,46.295,-47.41,134.49,35.304,141.02,22.145,35.535,174.25,0,0
-3.3651,-3.2877,3.1462,22.566,-91.557,50.082,115.53,-4.7104,-176.4,169.69,-88.813,-94.782,-122.15,-51.148,-15.25
-2.2204e-015,-3.5527e-015,-6.4393e-015,-1.7764e-015,-41.009,-106.4,146.36,40.256,169.45,-77.977,-68.07,13.563,-3.6091,0,0
6.9984e-012,8.8954,8.4904,-8.6279,79.327,-133.93,-87.39,-211.1,159.1,86.244,50.68,-77.844,-15.927,0,0
-1.5,6.3923,-15.479,62.181,121.45,-289.62,-286.75,-195.23,-156.7,413.53,29.478,103.55,32.852,0,0
-23.75,-26.387,-20.091,-153.21,-69.803,69.097,-52.224,-191.82,-199.69,40.579,-19.169,95.233,-91.765,0,0
-2.75,13.719,-35.13,-206.73,-189.61,255.67,-131.99,137.74,257.98,16.692,-130.92,41.142,-122.21,0,0
-15,-9.6489,95.919,-83.118,61.452,-4.9132,-85.836,-76.394,-42.791,373.07,268.39,28.561,-124.06,0,0
0.25,0.48381,-50.047,-31.817,116.72,-84.768,62.445,80.064,153.08,143.21,402,41.805,29.113,0,0
6.75,20.968,-53.079,27.316,-62.393,269.55,233.67,207.2,-190.64,-279.3,-7.0478,21.049,-12.175,0,0
18.25,4.634,75.265,-93.313,146.67,194.48,287.71,302.16,177.2,195.99,-282.4,-44.149,109.56,0,0
-54.369,-63.335,11.806,160.23,-48.824,160.1,-11.473,37.494,-51.64,-166.27,-95.044,91.786,-50.367,0,0
-12,19.99,-38.713,-24.696,29.918,17.182,108.91,-305.83,110.8,216.87,7.8552,122.23,20.217,0,0
-5.5891,2.61,-35.875,138.1,77.208,-175.14,190.04,-167.87,-91.499,215.23,-78.145,193.65,53.27,0,0
31,10.541,-19.693,81.316,-104.31,4.3754,-124.4,44.938,136.98,-48.519,29.812,100.45,7.1071,0,0
2.5,-14.815,-17.667,-39.617,-102.58,0.0019562,186.82,127.56,103.97,-138.07,9.2051,-26.035,-47.091,0,0
19.324,-14.585,16.668,22.062,-158.92,-46.961,235.89,-34.898,-209.75,70.485,-68.939,113.09,256.66,0,0
-5.75,-4.049,28.662,-147.63,333.93,-128.47,-92.802,247.96,335.51,87.816,-1.0344,4.7778,9.0466,0,0
14,-3.4361,-64.908,-13.819,-83.443,-243.07,-89.869,356.9,-104.64,-8.7214,-221.49,220.87,-26.449,0,0
-17,-21.087,34.641,109.43,-233.13,-362.02,-379.95,-74.391,223.76,64.633,157.77,-200.5,-89.98,0,0
8.5,3.9413,-20.654,25.102,-160.71,17.992,-164.37,88.209,193.91,235.89,26.178,11.026,103.41,0,0
-4.75,-6.8498,29.128,-80.63,-208.78,-121.79,-389.51,-248.87,182.24,116.79,76.444,27.828,-31.143,0,0
0,0,0,0,-25.883,179.27,-68.13,5.7167,-58.495,-27.311,85.483,-65.741,-32.66,0,0
-8.75,-0.24038,12.582,-19.439,156.62,232.95,23.326,14.378,72.247,-175.63,39.938,65.18,-7.4865,0,0
-3,-4.1651,2.134,9.9724,-32.722,27.723,-159.53,241.32,-56.005,-188.92,-33.884,232.36,-14.288,0,0
-15.5,0.61427,3.8678,-25.057,221.02,-89.212,79.751,-96.155,-58.846,-119.43,-94.761,-37.409,18.925,0,0
-20,-4.7715,3.8888,-38.215,25.912,-206.97,36.09,-118.12,-179.35,116.77,96.643,-144.09,-237.79,0,0
-24.75,-6.6178,-1.8498,-6.2718,-132.36,128.16,-289.73,-164.35,119.39,-55.073,-87.906,180.12,56.401,0,0
2.75,2.7679,14.294,-57.481,-65.16,66.847,-163.6,-461.65,82.159,-122.02,-279.2,156.64,-117.89,-26.747,17.75
-35.75,-11.151,21.002,-12.754,130.38,-244.25,-0.6697,141.17,194.77,-62.181,25.729,68.097,124.94,0,0
13.25,14.155,-7.7417,-4.3639,89.674,85.84,-174.97,65.631,187.59,202.99,-78.115,-93.408,-144.56,0,0
-1.6274,-19.88,-8.1571,134.36,-167.91,93.219,103.53,293.35,-131.41,-5.3312,-104.66,83.508,-1.567,-0.011379,-8
0,0,0,0,-7.1845,53.407,219.84,-12.99,36.126,-29.502,-93.362,15.945,-1.3893,0,0
-29.25,-15.626,25.801,-49.46,-103.81,-37.453,235.43,330.14,-231.92,41.623,86.889,-56.062,-99.983,0,0
10.564,4.874,-36.017,43.641,58.604,-56.707,378.42,136.93,-156.5,-98.472,-189.41,78.891,-250.14,0,0
13.635,9.8792,-11.563,15.25,70.532,104.07,30.072,-92.845,68.546,14.89,-99.491,-37.238,70.502,0,0
24.385,6.5215,-44.116,117.89,-211.39,229.6,-106.79,157.39,-9.8259,-10.679,-82.171,13.408,124.09,0,0
-36.865,-32.765,-10.476,-50.409,-123.6,51.596,44.262,41.919,-73.553,-80.803,-116.22,4.4046,45.222,0,0
-2.25,-39.049,-18.819,19.604,-163.22,43.024,-121.98,-10.989,-113.2,64.857,417.48,-11.025,98.098,-74.192,-3.25
-2.8816,1.6627,0.17492,-23.738,2.8936,51.15,-167.31,-77.308,-416.57,-229.14,-453.87,-167.55,-180.09,-14.91,-8
8.3849,16.332,-36.29,9.8453,-19.142,89.018,-74.634,-147.69,-195.88,-41.757,-124.32,284.81,-82.464,166.81,-13.5
0,0,0,0,-27.761,115.22,-38.772,-76.37,-392.36,-270.44,76.6,122.04,-3.116,0,0
22,30.876,-42.189,174.14,68.564,-51.88,-139.53,-73.175,390.08,48.006,75.729,21.446,144.43,-22.959,-19.75
-12,-27.881,22.301,-146.45,-92.315,19.991,-163.1,-205.88,-381.73,-108.22,98.748,-70.25,94.241,97.695,-15
-10.25,-13.974,-43.876,70.871,-68.461,-131.97,-294.23,-306.85,-69.965,8.7678,158.36,-60.199,86.311,99.117,-41.25
8.5,13.538,6.9413,-33.294,0.39623,-12.754,-43.082,-486.49,-513.14,-47.948,-408.35,45.265,69.543,-51.116,32.25
-33.75,11.422,16.627,-179.55,112.26,-92.994,-237.83,-14.697,61.468,131.1,-306.98,-133.63,-5.7478,-54.719,-8.25
8.5,13.538,6.9413,-33.294,56.336,-28.063,-210.69,-119.62,75.682,173.95,-107.34,-46.223,148.85,130.85,-17.75
-33.5,-31.525,-11.317,-157.22,-91.706,78.398,-114.32,-390.33,238.21,454.8,25.152,-54.985,0.96266,26.747,-17.75
-14.25,0.50481,0.64887,-30.342,104.53,-97.592,-202.48,223.1,182.75,-264.9,-118.73,-88.885,-6.5948,0,0
-24.25,20.407,44.295,-148.99,189.14,32.014,59.233,70.275,-14.075,-228.89,37.531,-127.01,-31.658,46.219,-22.75
20,-0.0030491,-19.637,13.892,-38.346,-48.668,174.22,140.73,32.628,109.26,-253.34,-84.97,-18.9,19.472,-5
6.25,35.856,-5.1699,14.799,204.85,-13.881,-380.12,-135.69,140.38,184.05,165.85,-19.485,49.481,-54.719,-8.25
21.5,35.053,-25.8,116.7,-80.312,-130.39,-168.41,-263.83,-187.3,-170.37,-104.57,145.25,25.436,-122.08,21.5
-51.75,-25.437,41.899,-174.55,-6.399,-0.16457,57.982,55.457,96.223,-248.86,91.038,40.418,167.83,-22.959,-19.75
6.5,31.225,56.022,-183.79,64.069,-150.31,-1.0152,544.97,282.92,-246.82,-96.116,-22.802,-140.82,-3.4869,-24.75
-12.458,-37.385,-5.6388,-28.752,-31.492,158.11,37.642,123.62,53.715,56.538,-129.4,-61.215,90.97,0,0
1.25,25.448,-12.907,-37.165,-75.341,-111.95,-136.86,-134.46,-9.0677,306.43,181.95,47.041,-18.244,0,0
-5.75,0.94263,35.856,-188.9,151.06,-7.6495,-8.1963,-155.96,117.51,254.17,-54.463,-46.622,-12.388,0,0
-8.75,2.2058,-1.0801,-29.803,-101.84,-114.25,91.261,54.09,-61.137,367.83,34.615,-121.43,-88.119,0,0
21.887,-1.2177,15.447,-0.99616,-128.72,-181.06,38.412,105.4,20.388,159.07,-148.2,36.884,-0.49959,46.219,-22.75
-12,19.99,-38.713,-24.696,22.949,30.327,-54.341,-106.34,39.483,287.92,3.0779,260.84,-14.129,0,0
25.75,20.943,-11.219,-31.361,24.524,7.7221,-149.3,-148.3,181.17,103.82,268.51,190.1,5.0801,0,0
4.25,-5.433,-12.08,48.896,-170.65,76.064,148.7,-190.69,-175.57,7.38,-143.11,171.85,12.068,0,0
-27.25,-52.102,6.317,34.038,107.07,-198,-186.63,-149.64,-59.637,-112.05,276.08,60.649,110.72,0,0
-1.25,-1.8236,2.067,-3.3954,-4.1558,64.839,-302.91,-400.56,-35.678,397.49,287.1,-63.875,-101.63,0,0
-28.75,-28.316,51.294,32.048,-144.18,27.63,-126.48,-314.87,105.13,-88.457,94.284,308.9,-60.076,0,0
-3.9575,-18.731,-0.28426,225.93,39.609,57.645,61.661,-107.48,-28.846,-138.66,-125.33,-2.0221,5.2587,0,0
-27,32.257,13.525,-127.41,129.46,-55.654,-151.2,21.224,-108.33,154.09,-12.48,-17.673,32.072,0,0
-22.5,9.9313,0.979,-44.61,165.06,-15.047,-266.88,-9.2381,98.666,413.89,144.03,-91.311,-65.334,0,0
-16.5,12.657,-0.95882,-44.312,164.35,188.07,-355.74,139.99,103.68,-24.392,-161.21,-12.49,-103.69,0,0
0,0,0,0,-22.058,190.99,46.679,-119.7,27.528,-348.73,12.432,-12.93,-26.744,0,0
0,0,0,0,1.9591,34.607,-171.57,-98.02,-89.62,237.1,-2.8651,31.36,33.537,0,0
-6.75,7.0179,-0.72548,-0.95624,62.336,-31.149,-83.148,265.11,-96.463,118.26,127.2,59.012,-46.343,0,0
-1.5,-0.96891,-1.2518,3.0407,3.0392,-102.35,-83.695,114.47,-209.72,31.437,356.23,8.3242,32.149,0,0
-8.75,-0.24038,12.582,-19.439,147.16,-44.006,162.84,-74.95,-20.441,268.03,-366.25,58.324,104.12,0,0
-12,-6.4151,-4.5849,-8.2386,-35.607,-44.487,109.97,111.85,-462.86,-58.841,-58.738,31.664,26.835,0,0
9.25,9.2649,-36.079,185.9,73.484,143.09,68.712,-14.299,-152.09,-194.47,-186.19,-28.474,107.11,0,0
0,0,0,0,37.85,60.394,-206.73,-67.363,-74.928,-438.1,60.492,66.007,21.245,0,0
0,0,0,0,-26.896,163.13,21.399,-188.18,-6.7304,222.27,-226.07,-157.32,-22.44,0,0
0,0,0,0,-66.03,113.54,200.06,48.855,-137.86,12.848,-120.71,-5.7333,2.076,0,0
-1.5,6.3923,-15.479,62.181,41.247,-81.716,40.647,-290.02,299.52,197.78,127.28,-158.91,34.63,0,0
-12,2.4803,3.9054,-16.866,-13.292,36.079,64.166,140.57,-19.079,-99.366,-13.054,7.5666,58.008,0,0
32.5,20.588,1.1699,-21.723,115.73,-251.76,-64.208,56.709,-49.623,360.49,132,17.354,135.84,0,0
-12,2.4803,3.9054,-16.866,39.648,131.63,-121.33,89.746,-99.385,-219.67,41.536,-234.86,-0.60256,0,0
-6.75,-8.8564,20.58,32.543,-193.49,-125.08,-180.41,-309.85,184.11,80.84,21.696,-64.491,71.754,-2.2913,-0.6863
-8,-17.071,47.37,-162.43,-47.002,56.607,25.932,-53.823,45.168,76.875,212.44,41.729,-64.112,0,0
-19.25,-13.807,15.884,-3.2776,-12.394,-39.065,267.13,142.65,217.23,-216.57,-100.74,-170.93,32.801,0,0
-0.75,-2.1896,5.3905,23.448,-121.53,34.247,77.111,-229.23,160.13,-42.702,86.118,-36.082,86.834,0,0
24.5,9.1441,-47.758,161.17,39.809,-118.83,-179.21,38.816,-121.81,472.09,-23.101,48.132,12.344,0,0
2,-5.2369,1.1668,-50.451,34.937,53.861,-169.08,89.899,22.213,9.1592,147.64,194.14,-68.365,0,0
-2.25,-7.5622,6.3218,51.151,-107.4,-111.84,-94.36,-97.706,-90.017,15.016,149.05,7.0328,-3.3726,0,0
4.25,-2.8643,-41.68,147.74,-189.13,107.96,-239.69,31.609,9.0233,324.12,215,-57.827,-20.877,0,0
45.75,31.497,16.884,198.02,28.779,-196.29,-168.25,55.246,-187.94,101.28,84.443,-166.23,160.17,0,0
-16.75,-23.419,-11.064,-209.91,-2.4342,-42.298,-343.9,183.88,243.19,115.55,-110.96,236.3,132.85,0,0
28,8.9396,11.751,121.48,-69.557,-137.92,-288.4,-74.709,39.634,133.64,310.45,-193.93,209.65,0,0
-1.5543e-015,6.6613e-016,-3.5527e-015,-7.5495e-015,20.45,144.97,55.826,481.1,-44.801,1.8698,-131.6,-125.15,-240.12,6.1423,1.75
17.625,3.7132,9.2838,37.735,-474.23,-183.64,-273.97,-108.63,42.933,64.831,-262.76,108.06,208.04,97.695,-15
-4,-1.7106,-52.236,41.649,-141.65,134.65,-44.998,-348.1,183.02,-175.52,141.79,171.01,-155.56,22.959,19.75
-26.25,-9.2583,5.9216,38.952,101.53,-204.39,-261.23,-147.98,113.34,-31.303,65.283,19.07,26.474,0,0
-50.75,-25.071,27.499,-181.67,110.95,-131.49,-85.442,25.091,-61.887,-32.888,-145.87,-196.74,-215.26,-157.05,9.75
-9.5915,11.023,-14.029,111.92,180.94,-69.961,87.712,-79.802,101.82,-145.28,237.65,5.1936,-10.862,0,0
-20,-4.7715,3.8888,-38.215,58.071,-12.115,-428.65,-86.354,-192.18,26.151,105.1,-22.778,140.72,0,0
3.75,-3.8857,17.562,6.7811,-0.6052,33.006,226.17,38.806,-65.38,110.97,-85.004,-247.05,5.5646,0,0
-7,-6.4085,-5.8971,10.9,98.082,111.36,-336.06,-268.29,-24.548,418.38,183.53,173.01,-83.12,129.95,5.5
30.75,10.819,11.727,-34.793,-148.46,70.421,82.297,-52.488,133.11,-0.32852,108.83,94.96,133.79,0,0
32.287,4.9123,5.3828,-175.8,6.4173,-249.85,5.0669,355.32,125.88,205.71,-46.501,-52.454,29.711,0,0
4.8873,27.155,-10.46,-83.763,13.854,140.91,13.873,-0.68677,88.901,-131.43,110.32,68.445,-34.5,0,0
-21.5,-4.229,20.588,31.212,10.364,53.95,60.322,95.409,-167.93,199.49,64.42,103.62,24.048,0,0
-26.25,-9.2583,5.9216,38.952,48.338,-134.77,-143.71,-87.497,-207.43,-43.707,61.857,-41.756,-122.31,0,0
9,4.567,4.8236,-13.061,-211.64,-154.67,-18.108,-117.98,143.24,213.26,-52.986,279.19,304.04,95.228,14.903
-10.25,-17.843,21.384,47.666,30.689,118.73,1.4865,-14.39,-299.55,-30.206,134.39,-143.16,212.58,143.83,1.558
-15.5,1.8546,-2.3949,-108.45,-119.56,2.1638,-143.85,163.75,-29.549,199.8,-334.06,-130.82,174.35,0,0
-30.5,-20.785,20.853,-11.69,74.537,96.157,326.01,84.679,-154.39,-387.57,-214.99,-60.389,73.604,0,0
31.292,21.289,-4.159,120.11,267.25,182.6,303.56,408.76,46.516,-365.76,-63.796,-173.71,-216.21,122.08,-21.5
-1,-28.404,-40.307,61.741,-243.06,-60.441,-260,-192.8,-83.07,-69.431,281.22,131.65,129.26,0,0
-22.5,-13.2,31.343,-67.225,97.728,-137.77,4.9637,282.36,42.71,109.67,170.38,-196.11,-135.7,127.66,-10.5
-17,-31.93,3.8708,77.747,-102.03,-79.455,-328.16,295.43,279.18,-39.95,26.334,27.652,-286.29,-84.883,-15.25
-29.75,-23.566,59.283,-106.99,-37.937,-37.207,40.644,-214.12,122.03,182.03,44.44,42.52,77.993,0,0
21.75,-9.497,34.62,2.8529,3.6228,-26.113,285.31,69.463,-408.34,-107.54,-290.12,115.67,-1.4571,-74.192,-3.25
4.25,-34.441,15.044,7.3832,-162.18,166.75,281.45,328.92,-113.49,-102.33,228.04,-35.985,104.26,48.825,-32.936
-24.75,-2.9037,30.806,-87.15,-129.11,-220.56,38.739,-533.9,-145.85,-105.63,135.97,-38.142,-87.711,0,0
-13.5,3.2106,0.91283,138.44,-7.3122,-84.857,-216.5,-365.48,-70.65,260.22,-115.84,279.14,197.22,163.76,27
-1.5,9.0149,-20.084,62.681,84.083,-21.927,27.334,-63.064,324.98,19.252,77.693,99.648,-96.535,0,0
42.75,36.673,28.67,180.68,-102.27,7.0878,9.6105,42.324,179.79,-50.485,-46.24,115.84,-169.04,0,0
4,-11.276,56.815,46.149,-325.73,-20.369,-499.08,-195.28,46.481,63.727,-119.56,71.52,-18.341,0,0
-12.25,2.3595,37.435,-99.261,-121.73,-206.05,9.0873,-271.19,107.87,-76.085,-34.094,135.99,204.3,87.048,11.975
-1.75,-5.8822,-52.321,-106.16,145.86,-279.76,357.25,-104.94,-332.58,-59.703,-149.54,6.4844,-32.317,0,0
-8,25.075,-25.057,51.267,150.04,-200.7,130.9,-12.31,-193.92,-4.6318,85.308,27.38,-100.23,0,0
-9.992e-016,-5.5511e-016,4.4409e-016,-6.6613e-016,-6.9216,-6.603,135.03,-144.47,-258.2,-227.32,17.761,-148.92,13.724,0,0
-2.6151,-1.0981,-2.2443,-0.88189,-61.244,-377.88,-117.66,-215.41,97.712,26.154,32.244,124.43,69.59,0,0
3,-23.835,-19.368,-21.341,-85.314,-185.2,-112.69,123.23,-14.111,-139.6,-308.11,-109.13,-101.23,0,0
-3.4821,-24.371,-38.26,-72.601,-259.85,205.51,-83.708,-265.44,-216.8,129.87,-69.429,-91.831,24.162,0,0
-40.615,-31.211,10.256,53.546,-258.33,97.527,-39.35,-21.956,-6.6136,-145.36,-127.71,198.81,-2.6696,0,0
0,0,0,0,9.4451,157.02,94.279,-70.47,-93.023,-390.55,-99.914,-72.674,-7.4396,0,0
2.25,12.054,4.3516,-35.117,83.065,63.547,90.797,83.214,-51.76,40.865,-40.782,94.781,-7.2832,0,0
2.25,-6.9199,-5.2338,22.104,-125.73,-161.28,96.094,-126.55,-2.2394,-140.85,159.56,245.42,-10.249,0,0
8.1373,-14.257,23.869,35.784,-0.519,82.149,-141.25,-179,-271.12,114.55,3.4018,-56.661,-5.4551,0,0
-2.2204e-015,-5.5511e-016,-2.8866e-015,-2.6645e-015,-40.724,-122.03,-93.352,256.56,274.53,44.16,52.225,22.845,-20.341,0,0
6.75,2.8481,3.4527,12.93,-122.11,-128.31,7.3925,128.01,-54.725,118.37,55.355,-167.45,-4.2108,0,0
2.25,-12.152,1.6077,13.969,-30.225,-211.53,124.04,-113.51,86.803,-22.381,-118.94,-90.546,-32.568,0,0
0,0,0,0,15.751,-149.65,-88.624,-85.462,-72.984,-103.58,-47.48,-9.4482,23.471,0,0
-4.5,-5.134,0.88221,13.013,38.069,-167.92,-261.85,143.8,6.5024,-69.574,-122.94,-110.24,-1.0948,0,0
1.25,11.564,-19.394,89.105,-16.886,-303.08,-314.51,-235.67,405.86,105.48,43.817,134.5,95.963,0,0
-16.25,-8.6178,-41.378,-92.738,39.281,-161.69,24.626,-357.67,-150.77,14.237,51.05,-8.1698,66.254,0,0
5.25,-7.9869,-0.52628,3.997,43.06,-85.051,80.596,-118.8,-162.72,79.808,-61.802,138.01,-3.047,0,0
4.5,-10.732,10.837,-49.492,-141,36.34,222.19,27.719,-31.618,30.907,168.86,-145.49,26.535,0,0
-13.75,-19.577,-0.3665,78.966,-88.239,9.5344,-209.69,-48.584,69.444,-166.67,394.49,5.7825,-28.67,0,0
0,0,0,0,2.6205,13.025,-168.09,-81.34,174.37,225.3,-170.69,-61.591,-40.663,0,0
-11.162,-1.462,30.458,-166.89,144.84,-0.72363,21.648,-33.925,-75.611,5.9904,-78.147,60.685,-39.533,-3.2434,-0.5
0,0,0,0,27.659,-211.46,81.344,1.954,393.97,-79.229,62.154,107.21,-5.6405,0,0
-10.4,-23.827,-0.60127,90.687,-125.64,39.596,-33.21,-11.135,-66.81,235.9,-81.747,4.6866,11.448,0,0
-4.5,19.072,3.6261,-36.073,139.84,72.147,23.606,-181.13,-236.72,-448.44,-25.054,-208.02,47.304,0,0
3,-9.3546,21.067,-13.892,-220.64,-4.0291,97.542,104.28,117.08,274.34,75.163,-58.168,9.6214,0,0
4.5,-10.176,4.8643,27.445,-112.56,-178.26,74.111,180.1,38.257,-274,-69.548,-222.98,-19.497,0,0
3.3307e-016,-6.6613e-016,-1.5543e-015,1.3323e-015,24.82,39.579,267.59,394.99,-11.17,-162.05,426.59,-175.67,123.95,0,0
-4.5,-5.134,0.88221,13.013,9.0564,-78.544,-185.99,198.32,146.33,41.873,60.845,6.9305,95.678,0,0
0,0,0,0,-46.477,-89.24,-440.86,-83.714,-14.442,273.09,146.44,-13.237,19.14,0,0
-25.75,6.7631,-35.508,74.088,28.881,-160.11,-161.55,-88.963,128.13,66.126,-6.6702,19.905,53.02,0,0
12,-8.6029,-0.93477,24.601,-137.42,64.074,-44.703,-35.327,129.21,225.75,49.546,-27.93,-22.674,0,0
-16.5,12.657,-0.95882,-44.312,161.92,-146.06,-241.82,99.033,-191.39,-8.6395,146.79,49.014,18.047,0,0
9,4.567,4.8236,-13.061,-220.99,-179.41,133.77,-233.84,1.2,-78.492,66.924,1.8319,-31.74,0,0
-4.5,-9.5377,3.0652,37.675,-30.195,-476.39,-221.97,18.915,308.99,63.065,241.5,111.03,-86.185,0,0
3.5,8.2272,-12.056,15.442,-163.06,-103.69,-57.354,-70.644,87.796,162.54,-61.493,-117.63,118.12,0,0
12,-8.6029,-0.93477,24.601,-155.41,-178.45,104.62,111.18,92.001,128.42,131.03,57.472,-29.084,0,0
-0.75,-3.8433,53.676,-156.71,-213.43,-7.7441,-24.354,-43.922,335.28,21.911,44.166,85.039,42.975,0,0
-3.5,-8.2272,12.056,-15.442,118.69,-35.119,5.5664,-299.54,26.865,216.91,206.16,69.827,-29.608,0,0
-0.75,-2.1896,5.3905,23.448,-94.129,-151.1,-66.439,-185.7,-73.158,192.22,152.85,7.994,4.433,0,0
-3,-4.1651,2.134,9.9724,-15.44,-185.34,-283.42,170.51,182.24,201.96,122.59,173.43,-105.56,0,0
6,-7.1668,21.99,-0.1226,10.493,234.02,-32.502,435.26,-221.47,-172.09,78.958,52.548,-138.84,47.989,-17
37.25,30.115,-41.428,13.74,157.83,116.37,5.1057,-190.21,-128.16,-268.47,-378.57,284.8,-20.475,0,0
-19.365,16.342,24.247,-14.305,-142.01,-21.663,-13.902,-46.606,138.57,306.75,-55.067,30.273,49.828,0,0
-7.9118,-7.2676,69.769,-85.181,338.4,188.19,198.57,25.927,28.044,26.484,-260.16,-59.174,-93.476,0,0
-16.5,-8.6357,11.969,23.646,-146.71,-445.06,-295.21,-149.49,18.046,-60.913,-52.741,-151.07,0.28229,0,0
0,0,0,0,59.6,-49.671,357.63,90.319,-141.92,115.26,-89.819,-4.5784,-8.0544,0,0
-10.912,1.6654,15.424,-141.51,314.2,203.01,64.557,364.29,-202.88,-87.57,118.39,-136.66,-92.156,0,0
4,10.569,-3.8122,4.799,-22.076,94.608,-105.1,-272.45,132.56,368.99,-90.406,121.18,100.87,0,0
-20.162,-15.9,-28.608,-7.663,-18.642,185.85,36.831,-174.91,213.2,-405.81,-205.64,-148.76,18.064,0,0
-7.9118,-11.238,-10.04,99.049,-67.285,-33.743,69.493,64.793,-96.476,-194.8,-252.53,-27.586,91.325,0,0
12.75,16.24,-17.08,0.90849,55.944,-1.2766,-28.331,-263.22,19.315,58.938,9.9851,34.504,-4.3905,0,0
-1.3991e-012,-2.6405,31.009,-128.96,6.5851,-103.95,142.44,-318.04,222.61,1.5066,35.214,90.426,-40.814,0,0
0,0,0,0,29.024,84.652,52.804,47.446,2.9576,128.91,-73.683,34.358,-23.945,0,0
-2.25,-2.9396,23.612,-75.117,109.71,-401.5,-113.6,-328.02,-158.38,164.24,220.63,-36.126,77.019,-3.4869,-24.75
-17.25,-23.855,0.70882,42.898,-34.214,13.905,-292.58,-71.296,-25.089,-83.172,78.502,-12.353,-131.95,0,0
28.643,11.362,-12.369,-55.038,-93.488,-48.467,-11.428,-70.465,-250.67,11.443,56.052,-171.97,-16.417,0,0
-9.75,-2.3319,3.3708,-40.892,51.586,16.118,-409.08,-160.89,143.89,7.8571,-58.132,-9.7574,-101.15,0,0
-1.5,9.0149,-20.084,62.681,59.995,-233.69,-289.98,27.882,441.6,54.96,-47.363,167.7,69.752,0,0
-3.25,2.6603,-15.276,42.955,25.959,-113.16,-115,-166.89,257.4,43.311,-146.59,-143.6,-95.042,0,0
-12.75,-10.922,2.701,46.482,38.696,-16.959,-197.1,-242.16,2.284,286.02,-146.56,-272.1,-74.472,0,0
-10,-12.526,8.6471,-18.424,172.43,35.019,-52.075,194.47,24.994,190.37,71.419,146.49,34.652,0,0
5.25,-7.9869,-0.52628,3.997,-37.474,-269.92,36.515,102.19,141.33,-47.256,142.93,113.97,-0.11723,0,0
-1,-2.2141,6.799,22.442,187.34,271.57,30.618,51.303,-23.467,-83.552,122,130.6,-83.706,0,0
-8.8818e-016,-1.3323e-015,2.2204e-016,5.3291e-015,16.478,-175.88,133.8,-206.12,235.01,-97.44,218.64,9.6157,-1.3023,0,0
4.5,-1.6962,12.172,-16.667,109.39,-266.25,-304.93,-185.09,-44.624,300.34,71.021,-92.819,-43.249,0,0
8.8849,20.588,-23.197,62.353,-94.514,69.107,-38.445,-87.146,-238.35,-252.86,-198.46,-117.94,132.49,-46.219,22.75
0,0,0,0,-21.836,-109.3,-114.9,-74.946,60.984,139.78,131.3,-5.9653,-14.472,0,0
2,4.9282,0.037659,-36.975,-62.364,-122.09,-79.956,-77.394,285.82,74.834,78.835,141.41,-21.53,0,0
-4.75,-13.343,20.502,-50.691,338.59,357.06,267.38,-183.9,412.18,-260.75,143.86,200.08,110.47,0,0
7,-1.9199,-3.9037,24.37,-143.49,-35.102,20.38,-138.76,169.98,-2.2839,200.43,160.34,10.496,0,0
-16.5,-10.121,-14.422,9.9592,285.73,45.784,-22.932,-231.75,-524,-105.91,-122.97,-75.887,92.517,0,0
6.3382,7.2162,-6.6683,8.1229,5.2487,243.11,-135.88,56.148,185.92,251.6,-126.76,-10.151,-15.391,-1.8182,-0.85048
25,17.574,38.316,217.27,382.86,374.37,-43.58,-173.97,-45.622,-40.752,-248.5,57.635,-161.07,0,0
-12.75,-15.039,-4.8175,90.054,-239.57,-52.116,-329.14,24.285,22.759,19.405,196.4,-122.33,118.42,-51.946,23.378
-3,-4.1651,2.134,9.9724,-75.135,-110.35,-167.94,-72.032,-14.754,388.14,-46.364,-23.107,239.77,0,0
-9.5,2.201,-2.9216,0.1694,115.09,0.72548,73.915,-17.148,74.576,-106.93,-52.768,-200.68,37.783,-14.91,-8
22.75,12.131,-22.598,9.6256,-27.82,-68.681,183.49,-461.77,0.1343,33.798,-237.03,-87.68,82.881,0,0
-14.25,5.2452,-17.296,-0.34679,140.01,37.621,192.89,-29.28,89.032,235.9,48.331,31.943,-191.16,-125.97,27.598
-1.5,-0.96891,-1.2518,3.0407,104.87,-67.22,-126.6,-290.36,381,199.56,84.861,-205.29,-104.74,0,0
-16.75,-0.54071,-49.155,212.03,11.405,-106.49,129.46,-140.53,-83.049,298.5,-26.758,6.136,-76.213,0,0
8.5,5.8905,31.613,-116.27,-196.75,-101.94,-45.862,-254.73,85.861,140.39,123.27,99.953,-111.91,0,0
-10.25,-17.843,21.384,47.666,101.3,-58.471,-34.109,281.56,-48.451,30.717,-325.33,-230.3,20.852,0,0
-1.5,-11.239,1.2745,-2.0797,-101.47,-76.935,-183.75,-177.31,-121.26,-210.41,380.84,-57.885,-71.258,0,0
22.25,27.565,55.578,-216.83,-29.027,85.448,46.03,108.06,-79.476,-239.12,-127.19,-83.358,8.2533,0,0
-1,8.25,-11.899,26.234,-13.533,135.83,130.72,126.67,-167.5,47.727,99.678,28.599,-5.7308,0,0
-19.217,-31.381,196.91,-24.683,50.896,-46.724,-178.32,-37.801,84.914,-56.239,128.98,122.82,84.826,0,0
-8.25,20.578,43.563,95.434,-80.056,65.895,-138.05,-230.92,102.47,-121.42,49.417,120.39,93.246,0,0
-14.451,-10.606,-2.5943,193.41,95.846,284.3,119.98,-88.102,-186.18,-167.86,-327.92,-82.842,152.49,0,0
-10.75,-14.716,14.038,5.0245,-17.009,-303.67,143.39,-340.94,276.67,306.94,149.53,28.335,1.1818,0,0
-12.75,-7.6046,0.90192,19.586,-158.67,-83.931,-60.208,-156.94,253.68,107.73,84.818,-161.04,-54.737,0,0
4.5,-10.176,4.8643,27.445,-138.26,-130.04,-127.33,-77.131,12.08,-24.303,-178.95,249.71,119.03,0,0
2.75,-1.3122,48.908,-121.2,-168.15,-160.7,-164.78,62.607,-408.57,-371.68,-51.28,-109.58,-246.16,-1.6875e-014,-1.7764e-015
4.5,-19.072,-3.6261,36.073,-145.63,-103.16,116.53,-10.753,-150.48,141.8,249.6,166.53,78.304,0,0
-2.1397,-1.4306,-0.80713,-4.1026,-14.209,-304.5,15.439,23.68,67.335,449.69,-54.957,173.33,-26.952,0,0
-4.75,-5.0311,3.3349,5.2242,-114.12,35.112,53.626,104.51,253.8,-204.42,143.54,5.4,-105.27,0,0
0,0,0,0,-22.973,113.26,207.04,17.278,-241.82,-290.08,-7.2811,0.33494,5.4821,0,0
9.75,-5.6388,0.23334,43.356,-161.61,-238.63,-265.07,-417.93,-137.89,143.41,60.648,-35.315,-78.388,0,0
1.25,3.366,-18.149,-9.2667,67.403,-48.08,41.428,-498.33,-168,61.303,-74.951,-10.699,97.437,0,0
3.3307e-016,-6.6613e-016,-1.5543e-015,1.3323e-015,-3.0173,53.306,-94.559,-195.44,-68.791,367.2,16.836,136.37,-6.9931,0,0
-1.5,6.3923,-15.479,62.181,85.887,-413.64,191.3,-122.28,-13.643,367.78,-137.54,41.208,220.18,0,0
-6.75,7.0179,-0.72548,-0.95624,89.659,237.31,-50.996,74.802,-66.838,-125.68,-139.75,-48.019,77.366,0,0
0,0,0,0,-69.259,25.528,-404.47,-226.71,-22.921,131.93,193.01,-123.28,-7.0413,0,0
0,0,0,0,-19.888,-246.47,7.831,-35.389,185.92,39.605,97.358,13.206,-19.505,0,0
17.25,32.374,-16.499,107.37,-91.781,-39.982,116.11,-193.14,-352.77,-340.03,313.1,-20.209,38.225,102.6,-16.5
-14.25,0.50481,0.64887,-30.342,105.7,-85.972,-135.25,-258.92,176.37,-168.99,33.081,196.2,70.031,0,0
29,0.98205,-32.988,-54.4,105.77,-175.08,2.2711,-300.97,256.65,343.42,-34.889,-23.658,-242.45,0,0
16.25,6.4247,4.5958,206.89,-55.952,-31.888,-69.449,-56.371,50.733,230.88,4.1165,8.7045,-211.21,47.989,-17
-27.046,-49.518,10.445,-149.78,66.941,97.568,-230.92,142.32,105.04,-268.67,-103.95,-7.5941,-147,0,0
-6.75,13.763,-0.42481,280.55,95.736,358.81,26.691,289.41,217.6,-107.88,200.35,-86.094,94.074,0,0
24.25,18.897,1.5981,50.147,3.7345,134.59,-269.54,-104.52,136.73,47.006,-401.66,-151.12,-29.392,0,0
5.75,-19.074,-3.6944,41.212,-43.364,-93.746,-119.71,31.155,-332.28,-5.8593,136.85,-252.56,215.46,-3.4869,-24.75
7.5,-9.345,13.444,98.394,-58.56,-227.56,-83.874,127.96,227.24,419.66,-226.07,79.548,-203.62,-102.59,24.5
33.25,5.1633,46.314,-60.833,43.19,247.42,125.43,299.01,503.15,-84.37,10.123,-20.885,115.84,47.989,-17
24.25,23.391,23.092,-4.388,195.75,28.206,-355.27,-116.13,96.608,316.38,138.27,-198.97,-168.5,-3.4869,-24.75
6.75,17.956,-47.747,-6.8761,100.93,-34.399,-200.16,-192.56,-1.9339,-47.088,48.267,77.096,69.826,46.219,-22.75
28,-0.24167,32.26,46.426,138.15,-9.7229,97.275,224,365.02,-93.124,-40.416,84.649,72.338,0,0
40.25,19.804,39.396,-4.2316,-71.324,28.489,-6.4989,-40.181,-27.098,19.254,-100.08,5.5033,-183.6,-2.8644e-014,2.2204e-016
-11,-15.662,-0.44662,155.19,-150.01,-387.3,-159.46,-308.99,257.11,178.27,190.88,-141.45,-74.769,84.883,15.25
-32.5,-14.072,-32.407,21.94,-36.77,-85.369,393.47,18.932,-194.79,95.864,-222.14,-130.41,-121.33,74.192,3.25
14.75,-13.935,-32.876,-117.98,102.25,186.73,-39.479,-337.76,214.64,70.462,107.46,-115.37,-169.3,0,0
-14.75,-5.0035,27.703,-56.534,103.57,-352.41,-79.905,231.46,-123.14,36.961,184.93,206.43,-38.473,22.959,19.75
-12.412,-30.554,7.0677,-124.14,93.548,16.518,254.72,140.27,-90.351,-199.35,-74.769,-207.75,85.121,-73.24,-3.4363
-24,-22.288,-7.3774,-27.239,38.172,102.28,61.052,-107.6,473.05,-75.945,-101.51,5.7042,5.2856,-1.6098e-014,0
40.25,22.533,38.576,67.279,-53.506,-149.84,-416.71,-138.98,-0.27772,128.5,289.26,63.341,-57.136,0,0
-4.25,41.236,-24.292,19.319,153.7,-152.17,1.6592,-280.83,44.445,-110.46,57.177,-115.46,-123.28,1.4211e-014,-8.8818e-016
5.75,-19.074,-3.6944,41.212,-63.321,56.063,228.53,264.98,103.43,-146.09,-90.562,-19.835,91.848,-3.2434,-0.5
22,27.178,-23.538,120.05,-29.547,179.38,52.748,3.4398,124.47,-261.68,-60.339,-8.6392,71.919,-22.959,-19.75
14,19.99,-19.796,-12.677,-111.97,112.01,133.81,-64.959,-17.26,22.595,-137.75,-160.74,71.95,0,0
-24,-22.288,-7.3774,-27.239,16.395,-159.76,-142.65,-232.51,-86.069,282.92,47.365,216.75,-40.25,122.06,-29.5
18.5,-8.7811,-11.399,103.7,-130.35,-178.7,-109.88,-106.62,142.14,175.5,144.95,112.94,-56.385,0,0
9.75,2.2141,25.579,-227.69,53.089,33.75,276.6,-76.231,299.29,381.9,39.261,121.95,106.26,46.219,-22.75
0,0,0,0,4.4237,-85.683,99.089,205.12,-105.74,-35.019,110.31,-90.519,24.267,0,0
-28,-28.278,-7.6559,174.81,81.721,-41.722,-103.04,-156.3,100.27,417.67,11.055,69.269,69.248,-3.2434,-0.5
-14.75,-5.0035,27.703,-56.534,98.475,2.5632,-116.45,-332.69,110.07,130.77,-78.814,8.5873,-25.698,14.91,8
-32.5,-24.087,-5.1782,-29.515,147.4,-40.363,160.75,213.01,-43.957,138.85,66.697,-144.08,-159.74,-122.06,29.5
8.5,-0.94744,-11.718,-129.62,282.96,26.225,-20.648,76.143,-168.63,-253.15,135.35,-201.5,-176.54,0,0
2.25,41.553,-12.969,0.09795,285.38,94.777,81.139,82.77,145.15,90.534,46.263,-11.121,137.37,-130.85,17.75
30.75,12.08,-52.083,40.842,22.467,-4.5206,-266.45,-284.59,-124.2,-4.1417,-370.65,55.86,-95.464,0,0
-6.5,-5.433,-2.2321,1.1405,-27.186,48.309,368.29,-88.21,-374.79,-343.44,237.61,-116.21,-64.729,-102.59,24.5
-10.5,3.0131,-8.6423,12.979,-19.331,-1.2069,281,-242.41,-310.5,-214.4,-290.49,43.335,-91.721,0,0
-13.5,40.201,37.467,-139.4,146.34,67.475,-68.538,-129.89,340.65,50.821,-41.321,-176.36,42.923,26.747,-17.75
-2.75,-2.1519,-0.084936,22.125,-152.31,-44.189,21.493,-143.28,-44.983,49.296,80.274,-77.545,6.8693,0,0
0,0,0,0,27.524,-167.33,-109.42,74.171,-304.47,-182.18,-225.72,-114.8,-1.0891,0,0
-14.25,-6.2255,-3.5687,29.409,-163.32,187.85,-58.026,-149.21,-3.4836,44.671,59.064,-157.69,-77.599,0,0
-18.115,-29.959,7.6461,317.7,-105.51,-74.743,-354.62,-80.975,407.01,219.62,-117.63,121.63,-16.661,0,0
10.25,8.7715,-15.404,-59.344,-108.71,-266.78,-233.78,49.945,-208.46,10.334,-86.782,-103.86,-78.541,90.47,12.25
-23.75,4.6292,-16.115,12.251,138.35,-198.02,-65.166,-59.765,-18.555,141.58,-65.392,81.056,-77.646,0,0
-20.5,-7.997,-1.8511,0.75176,-45.147,-24.139,-8.4305,31.27,41.738,-116.82,-117.7,-65.145,-122.64,0,0
-8,8.6979,-31.407,81.902,-78.024,-60.8,-172.73,132.99,40.466,163.93,-123.78,207.02,137.87,-48.703,23.878
11.75,6.1668,-3.454,-33.477,-148.18,-283.24,-316.92,-179.17,-128.16,250.64,94.232,-42.381,20.728,0,0
-27,-7.5083,-36.208,-4.7343,-147.46,63.715,113.91,13.575,317.03,253.79,147.88,211.15,-13.24,0,0
22.25,17.513,-7.257,138.37,30.894,68.037,80.147,-191.05,75.567,207.43,191.46,-31.508,106.85,-53.767,-8.4363
23.25,21.224,-25.843,74.993,-14.597,53.16,70.144,-106.35,-54.025,255.39,-121.77,-60.349,-29.573,0,0
12.25,-0.47724,-13.19,-83.611,145.94,133.27,-0.99143,8.8488,-217.98,-276.85,214.25,-101.14,21.74,0,0
34.542,2.282,-11.183,85.604,-26.276,-72.058,242.56,4.9266,-232.02,-182.82,-54.553,-130.96,-2.413,0,0
26.25,5.0359,68.686,132.57,42.795,-145.19,20.078,22.58,-23.396,-87.539,218.74,-4.1819,179.44,0,0
-32,-18.716,7.0889,-120.45,-112.23,-153.62,-56.389,-32.184,103.31,222.17,-12.997,72.174,67.548,0,0
-4,22.725,34.74,-144.01,300.66,176.25,180.38,369.02,9.5107,-209.07,-230.95,-342.36,-241.4,-1.4211e-014,-6.6613e-016
3.75,16.16,0.7649,-31.948,-22.724,142.95,218.97,124.8,100.47,-16.611,-405.29,183.56,68.286,19.472,-5
-22,6.6046,-34.472,149.07,145.75,295.63,117.81,-102.28,296.32,162.33,7.8598,76.225,73.642,0,0
21.75,-9.497,34.62,2.8529,-25.993,167.89,266.09,293.22,187.83,-347.92,-189.85,365.02,-125.18,-1.843e-014,-3.3307e-016
-16.5,-10.121,-14.422,9.9592,242.62,393.14,309.16,-107.92,-122.32,-36.789,-122.46,-181.36,97.275,0,0
8.75,-3.613,80.155,21.331,97.817,-263.14,96.793,301.57,81.958,-176.6,47.406,4.3641,-58.045,0,0
3,2.1489,-5.7649,14.064,-77.027,68.71,45.19,-191.83,-135.55,235.58,401.85,-79.349,35.565,0,0
-2.25,-9.2877,29.321,-4.4325,-69.377,-107.94,-167.1,226.53,-114.91,213.68,14.393,100.28,-14.811,0,0
23.118,21.086,-44.352,124.68,-73.738,33.048,-101.92,-138.37,-66.044,230.52,-115.44,60.74,-79.735,0,0
31,14.881,-1.8989,-26.037,-68.098,-137.59,33.218,143.61,176.94,-82.128,123.94,153.18,15.766,0,0
-10.75,-11.183,8.5465,-167.68,-275.74,-40.553,-97.228,253.67,68.143,201.25,184.4,16.815,-158.93,0,0
10.25,-10.178,6.4168,-27.436,166.15,158.61,-4.9765,146.76,3.1493,90.189,52.359,-149.72,164.19,0,0
1.25,32.201,20.654,-14.426,118.21,285.14,250.37,232.42,221.38,142.23,-16.377,160.29,-186.08,-102.6,16.5
44,33.146,-63.725,-75.561,-189.94,49.008,-86.045,3.021,-23.348,-74.524,-77.154,-24.602,-163.33,0,0
19.25,18.477,-28.189,155.98,-17.163,-165.11,-249.48,-234.52,-47.697,-115.01,-205.03,122.22,33.352,0,0
-29,-43.227,-0.060544,295.73,115.61,339.65,457.11,-146.65,-148.66,-98.062,158.4,-244.44,156.11,0,0
-11.25,-25.262,86.919,140.99,155.97,173.84,146.93,250.97,96.998,-86.656,-207.15,44.798,9.7321,0,0
25.25,24.868,-1.5933,63.565,98.03,-93.617,-251.31,-221.93,-316.83,119.94,-185.43,115.41,26.321,0,0
14.25,7.1244,-76.379,58.642,-104.01,67.181,-111.43,-210.79,-365.17,-253.6,4.6243,-46.378,-243.97,0,0
32.82,32.206,12.019,-52.636,-52.901,89.939,-26.571,-172.63,-67.113,-109.25,-38.464,163.75,-128.07,0,0
-0.5,-17.395,-3.2027,22.801,296.85,164.83,-76.181,430.83,-45.169,386.96,-254.27,12.231,83.462,0,0
-24.75,-8.9216,17.592,108.04,-117.35,-161.97,150.39,357.52,319.72,42.645,5.032,-106.64,185.1,0,0
5,12.142,23.927,143.86,-47.22,-119.25,-19.312,109.89,15.948,18.259,252.96,7.3304,-73.738,0,0
22.25,21.877,69.235,-1.0481,-79.424,-270.07,-230.56,-292.9,174.96,251.42,89.663,-252.87,-24.351,0,0
0.75,-6.4856,2.9878,-124.32,276.4,63.885,-333.28,-208.09,48.267,-91.241,-12.603,90.319,97.376,0,0
10.75,-18.049,-0.32837,14.381,-152.21,-278.42,-235.56,-29.179,43.208,182.35,130.31,-43.778,4.5613,0,0
-7.25,3.7649,-49.655,136.37,139.49,71.312,-16.262,65.654,137.06,2.5772,37.211,-122.57,115.15,97.695,-15
13.25,-17.137,-86.508,94.409,38.856,-110.82,-327.3,-146.91,47.957,135.48,-473.52,78.301,-260.19,0,0
-7.25,7.6226,17.881,-194.67,0.92518,161.64,-429.65,-53.549,57.216,52.979,39.684,-266.76,-27.347,134.27,28.4
0.75,4.6471,6.433,-50.395,163.7,211.65,104.29,34.223,-153.15,247.08,-212.97,-210.44,68.079,22.959,19.75
-12.5,12.123,18.092,-97.324,-47.975,25.472,233.05,60.135,-106.31,-248.44,59.232,75.822,-67.684,0.95216,-0.1863
-9.75,11.502,-16.758,-15.012,155.49,391.75,381.85,-137.83,121.86,42.29,-365.15,63.142,-408.37,-78.195,-12.176
-29.75,-21.611,-12.105,-27.063,-165.26,192.85,-121.87,-276.83,175.57,-101.37,268.05,-13.099,1.0849,0,0
3,-15.742,73.326,-220.81,20.171,-63.515,-566.26,-154.97,-127.32,-227.64,24.844,-77.552,-13.829,-3.4869,-24.75
-10.25,-13.974,-43.876,70.871,-8.4939,-72.849,-162.52,33.223,159.38,125.56,-79.558,-144.39,-11.336,-3.4869,-24.75
-35.365,-22.071,-55.731,83.246,93.046,206.62,112.58,265.23,262.15,-193.4,-120.19,-45.832,-68.716,0,0
8,-2.3446,-25.472,65.154,-85.729,71.664,-80.087,-261.46,-168.19,-325.14,-192.57,-36.397,-228.12,0,0
-21.451,2.0975,15.888,4.9186,-195.91,261.23,305.63,138.42,195.89,181.99,160.78,-115.43,222.16,0,0
19.5,-7.933,-30.685,116.05,-226.68,-222.07,-145.88,-574.5,-212.24,-165.88,100.33,-124.85,-75.423,0,0
21.5,41.16,8.7369,10.491,189.1,111.18,-135.03,-173.1,-100.27,-30.249,170.66,264.6,-144.46,-3.4869,-24.75
1.25,11.279,-40.074,22.276,96.057,-229.51,-335.63,-241.68,152.39,34.595,-142.16,20.599,43.575,0,0
20.5,18.675,-26.533,48.57,93.808,-159.49,20.825,-171.76,-234.03,-52.356,101.7,323.61,-97.589,0,0
11.885,0.29071,10.585,-39.966,56.157,71.491,-279.06,106.07,-87.995,-115.69,-242.42,-98.162,123.89,148.81,-47.25
-6.3651,10.163,-3.6025,80.421,13.435,93.999,-197.64,-303.53,-115.65,-32.885,283.73,15.559,73.122,99.117,-41.25
16.885,24.425,37.016,-39.445,-141.22,9.0276,-122.06,162.65,68.865,49.865,-248.06,146.83,39.825,97.695,-15
0,0,0,0,-57.402,46.534,166.91,-63.097,189.09,-17.459,-51.825,75.94,-96.501,0,0
-21,-9.3074,14.02,-20.742,-233.78,-312.73,33.762,-38.563,104.02,52.48,-130.52,10.864,3.1606,-1.843e-014,-3.3307e-016
-12,-6.4151,-4.5849,-8.2386,2.5392,30.919,-90.858,57.779,-41.809,-232.7,240.71,269.94,70.378,0,0
22.5,13.2,-31.343,67.225,-55.05,-83.779,-268.54,-237.72,-3.7236,61.178,40.761,120.95,-84.802,0,0
-9.75,-2.3319,3.3708,-40.892,43.57,54.393,228.82,42.365,68.085,-13.085,-118.75,-46.569,131.88,-4.3546,-10.25
12,-8.6029,-0.93477,24.601,-217.6,-179.46,-18.424,64.733,272.12,-106.02,214.5,-82.685,8.3514,0,0
-8.8818e-016,-1.3323e-015,2.2204e-016,5.3291e-015,-3.8232,78.619,-120,34.559,222.11,-40.764,180.51,12.891,50.186,0,0
2.2204e-016,-1.1102e-015,4.4409e-016,-2.4425e-015,-11.262,218.27,479.35,34.664,-164.17,-180.87,-75.749,158.08,-28.543,0,0
-11,-15.662,-0.44662,155.19,-161.34,-97.683,-178.21,-228.11,-114.61,82.098,-178.45,76.338,61.67,-3.4869,-24.75
40.75,37.592,-56.164,132.34,32.593,81.462,-417.01,-494.61,-193.3,41.521,19.698,-61.107,74.727,0,0
-17.25,-14.959,9.1992,34.27,22.121,65.717,375.93,198.31,66.785,-35.689,-21.022,-88.335,-179.02,0,0
2.5,6.9348,-1.5753,-21.906,137.76,-11.895,-5.1752,-197.56,-206.94,-208.87,-230.47,139.47,25.941,0,0
-4,-16.216,10.838,-15.021,42.313,111.91,211.2,180.19,-434.08,-175.66,65.453,-130.72,-101.48,47.884,-24.75
-19.5,-9.2224,23.819,15.986,-191.98,-110.99,-419.48,-299.09,22.635,196.44,288.22,97.587,22.992,0,0
10,-15.773,-15.123,13.408,-127.94,-327.97,-20.054,61.152,-172.02,267.35,111.14,144.64,41.566,0,0
-8.1618,-27.54,38.624,-49.299,-6.2705,55.767,116.38,-301.21,24.793,-87.095,-137.55,-153.76,145.26,0,0
-14.75,-5.0035,27.703,-56.534,12.891,-45.086,6.0502,-142.5,-70.111,262.11,-216.02,-142.7,-71.867,0,0
-16.5,-8.6357,11.969,23.646,-197.99,-6.7919,50.671,10.375,-123.82,237.29,135.14,109.44,1.0993,0,0
-9.5,-15.577,9.3524,191.91,-65.434,-84.042,-94.281,202.63,-217,-67.901,154.71,108.46,61.871,-21.291,4.1495
-3.25,-9.933,8.9313,30.429,-172.92,239.19,422.51,214.04,354.86,-119.79,-43.311,234.46,-12.679,0,0
-46.75,-19.651,38.744,-173.73,-248.01,-153.66,-29.21,-247.93,-5.2519,349.18,173.75,-83.842,-51.425,0,0
-26.25,-9.2583,5.9216,38.952,104.23,-168.34,-216.02,-247.36,36.809,-28.854,-110.15,146.93,-48.387,0,0
3.5,17.087,-4.3888,-73.759,-123.2,-128.49,-272.61,-51.118,-0.14739,381.36,142.96,-47.98,25.407,0,0
-14.75,-10.005,-44.079,148.71,213.28,-316.24,-212.61,13.996,-243.22,-26.403,159.3,-93.936,2.6316,0,0
-5,-24.943,-29.429,-87.581,-95.966,-44.673,-208.45,-169.69,253.34,264.52,139.94,-163.64,40.715,0,0
-18.75,4.5066,-25.513,44.64,86.333,-258.08,23.063,-106.07,-39.731,-32.289,101.31,143.36,-18.422,0,0
-1.5,9.0149,-20.084,62.681,64.891,-259.02,-74.155,-398.37,-19.348,292.37,203.22,72.801,-9.8558,0,0
2.75,-1.3122,48.908,-121.2,-179.95,-230.34,-167.48,92.792,-50.353,356.8,-46.066,-208.17,-95.656,0,0
13.338,7.7425,-25.876,34.096,33.353,313.51,28.57,-95.816,48.816,-88.326,-320.8,195.38,65.251,-99.987,14.314
0,0,0,0,2.6399,10.218,17.403,44.028,69.928,-59.686,43.183,174.58,37.586,0,0
0.5,-3.7272,84.598,-120.95,-15.804,-381.66,11.206,-41.724,104.5,-54.614,-54.921,252.23,-150.89,0,0
-5.25,-24.294,22.194,73.99,-110.49,-124.57,-75.53,1.6044,91.415,171.75,167.9,116.45,-8.6842,0,0
66.5,151.66,0.90673,44.092,-76.455,-210.59,-263.35,-399.99,39.59,-96.191,226.97,-109.26,-0.87708,0,0
-46.75,-19.651,38.744,-173.73,-294.5,9.2853,-137.37,-394.96,-26.131,52.982,209.53,-56.828,-103.06,0,0
-9.5,31.446,26.571,-98.233,19.983,11.575,-44.734,-156.77,182.76,-68.091,-157.78,101.89,104.43,0,0
5.5,1.0245,5.5197,9.5351,-170.99,91.938,108.69,107.7,59.27,146.41,-23.187,-209.92,-28.042,-210.57,-3.5245
1.5,8.9216,-25.264,106.26,-43.802,-292.17,62.278,160.45,97.932,-127.34,-195.82,-55.242,-96.563,0,0
16.5,8.1064,-22.721,43.771,107.31,26.267,106.94,-56.328,-193.71,-185.63,244.27,57.743,24.691,-180.91,-16.25
-18.25,-14.99,16.776,3.9208,-191.49,-215.41,-208.29,-239.49,88.674,-202.09,-8.1788,-27.541,39.954,0,0
-32.412,-10.542,16.601,-144.54,210.83,204.88,-176.89,-165.67,-18.992,-225.28,-145.48,-117.46,-67.83,0,0
-2.6151,-12.969,-20.029,87.978,-19.406,14.469,-110.85,-177.38,-46.569,-94.055,331.33,-18.123,183.52,51.128,-24.25
-2.25,4.884,6.25,35.5,-115.44,-199.6,58.627,-23.151,-7.8517,38.104,140.23,-10.288,-28.582,0,0
8.5,3.9413,-20.654,25.102,-180.75,-255.88,-220,-137.56,-165.77,188.21,81.605,-19.3,-5.1549,0,0
13.792,6.3328,-30.474,54.883,-15.239,32.283,311.21,-272.87,184.23,-133.18,-26.096,62.425,67.851,130.85,-17.75
-12.75,-10.922,2.701,46.482,15.525,-270.95,-276.96,81.658,-160.02,68.421,-23.275,163.82,31.825,0,0
41,-2.0832,45.996,74.426,2.3664,-103.4,-112.79,1.0886,1.4887,78.774,81.26,-60.78,57.373,0,0
0.25,-24.187,5.8393,175.1,-136.32,116.18,-76.274,-28.879,2.2811,-233.97,147.53,-30.743,17.149,74.192,3.25
-3,16.614,19.624,14.912,-140.09,-33.123,216.04,-40.846,369.86,58.92,-73.326,-129.36,-106.41,0,0
17.25,15.33,20.889,179.68,199.93,-231.32,219.97,56.215,44.785,96.387,-277.85,-168.71,-79.189,0,0
-15.75,-1.2596,-46.492,-11.499,-111.91,80.742,17.902,-321.34,-169.6,229.23,-171.53,-123.24,-160.19,26.747,-17.75
-2.6618,20.158,-5.6188,-141.13,77.522,364.31,-93.506,110.75,3.7364,-109.74,-234.73,-207.46,-27.399,48.825,-32.936
-11.75,11.204,-69.708,152.68,-37.662,98.804,354.62,134.71,8.4119,-90.328,-75.665,-302.2,-89.211,0,0
-7.25,3.7649,-49.655,136.37,127.25,107.37,363.36,-2.4821,188.03,113.48,23.766,-224.31,-143.99,-50.28,16.314
5.75,-2.2224,23.401,-9.9886,-44.271,-147.82,23.201,66.445,117.27,393.53,-91.103,-132.79,82.463,-1.6098e-014,0
6.25,12.779,19.062,30.962,-154.11,142.87,96.023,142.39,-16.438,-209.52,-177.23,171.94,93.645,-51.116,32.25
32.25,16.214,-18.081,190.53,-66.958,50.056,-23.852,251.64,-321.27,189.39,68.93,-112.9,-131.52,47.989,-17
-4.6151,-16.736,28.279,-49.936,-239.95,212.39,22.384,82.187,-170.9,208.48,163.32,-170.53,108.46,19.472,-5
10.5,28.232,26.95,-124.27,16.939,-57.887,22.717,243.8,135.67,-130.31,80.942,-21.25,-60.939,47.989,-17
-3.9575,10.476,13.082,-40.983,140.2,218.49,223.34,137.04,38.316,-305.36,-204.84,-192.33,90.646,1.4211e-014,-8.8818e-016
-39.115,-18.356,5.5744,16.748,159.5,-171.76,37.533,486.35,87.516,196.33,-317.77,-9.0397,80.394,46.219,-22.75
43.75,33.059,-38.267,134.31,-4.0849,74.544,306.09,234.26,32.205,-288.98,306.99,47.311,-83.219,-22.959,-19.75
-10.25,-0.25657,-21.014,106.22,32,-6.2178,-351.73,221.66,154.97,69.91,30.91,-143.39,-6.3153,-74.192,-3.25
-16.5,19.822,-4.366,-2.9633,273.95,-256.14,-339.89,-245.05,-262.82,-143.9,384.06,-64.274,-72.883,0,0
17.75,18.853,-6.0258,-132.56,19.484,-177.83,-143.64,-198.82,-359.35,-172.96,65.876,-239.13,9.596,0,0
-9.25,6.0442,-15.979,36.637,-170.66,101.52,149.1,-244.14,-244.36,98.427,-258.3,-166.5,-40.091,130.85,-17.75
-21.25,-18.523,38.077,-71.806,-101.45,7.0961,-182.37,186.23,52.534,-7.2203,-111.35,123.87,-8.9085,0,0
-4.25,2.2942,-48.194,148.31,-127.42,22.984,91.033,-32.043,-82.178,190.86,-211.97,118.93,-166.19,-3.2434,-0.5
-24.25,-23.845,60.001,-208.6,-41.424,-54.66,68.171,260.57,295.98,128.63,286.13,4.6107,-110.13,47.989,-17
-11.951,-3.1782,14.062,5.6402,15.77,-175.28,162.43,70.471,-1.5291,-152.81,-171.32,-97.353,-86.33,-26.747,17.75
13.792,6.3328,-30.474,54.883,11.907,118.88,81.062,140.63,76.576,-76.665,75.672,-6.2356,114.63,0.95216,-0.1863
29,7.4575,-1.8796,87.477,-128.98,-114.06,-275.94,313.75,-197.37,360.32,-299.35,150.1,-22.984,74.192,3.25
-28.75,-28.316,51.294,32.048,-171.23,-186.29,214.91,-310.03,-210.65,-111.47,-178.07,-140.42,52.638,0,0
8.5,-20.067,-1.3546,-20.06,-314.02,-12.371,-284.79,-170,-270.75,151.5,-47.807,-136.34,78.789,0,0
18.5,1.7404,-12.657,69.508,111.64,-25.437,66.618,25.23,237.36,-204.06,-220.93,-12.334,-218.53,0,0
30.5,20.785,-20.853,11.69,-149.85,58.589,-333.4,-220.79,-5.5647,150.14,86.725,-16.211,-27.017,6.549,0.75
-15.5,-28.731,25.051,45.473,101.47,-222.82,-95.572,95.825,-206.7,107.15,71.95,24.62,-55.833,0,0
-20.75,11.69,-0.81218,-22.778,-215.34,-15.123,-27.753,188.26,299.99,78.402,101.95,7.9635,33.139,0,0
45.042,23.369,31.936,-24.611,93.644,56.17,235.54,380.28,-90.622,-213.89,-191.22,-53.431,-173.63,0,0
-31,-15.683,11.744,-118.11,18.195,-162.74,-4.917,-53.424,-19.956,96.121,-214.92,23.921,123.47,52.901,7.3995
-10.5,6.5915,-26.656,205.18,-121.92,-133.11,-84.37,278.7,-178.06,211.9,22.786,90.218,56.787,0,0
20.792,15.46,2.5687,-91.745,-20.886,45.09,257.76,227.73,-173.95,-240.98,-189.09,146.19,-111.94,0,0
17,23.832,-0.26971,35.233,50.583,-136.13,-176.39,-306.67,185.33,-193.58,81.382,170.67,257.85,74.192,3.25
5.5,13.353,31.216,240.91,-255.66,-223.89,-416.01,-62.617,15.865,95.976,77.636,87.721,37.691,0,0
-5.3291e-015,-1.5543e-015,-1.3323e-015,-4.3077e-014,-63.015,48.799,-105.89,-192.33,-94.442,227.51,40.052,88.363,-110.7,74.192,3.25
2,2.2811,0.23862,-8.4904,-53.91,28.503,-196.26,154.84,-75.644,-69.44,24.709,240.86,61.118,0.95216,-0.1863
-24.75,0.13878,23.562,-76.366,60.276,-45.307,-228.56,237.42,343.03,227.93,-174.8,23.406,-40.587,0.011379,8
-19.75,-34.319,-9.6878,-8.7968,-117.5,-130.74,-17.074,3.2803,83.323,71.353,-108.57,102.79,121.43,0,0
-18.25,-2.6962,28.648,-140.93,-94.628,-198.78,-336.91,-135.12,53.263,90.539,388.65,347.59,-71.706,-12.935,-11.75
12.25,11.739,3.6537,-37.115,-118.47,12.175,16.568,-393.61,155.75,-191.91,154.62,-84.61,9.5209,0,0
3.75,2.4199,-30.051,103.22,-286.64,-308.07,-428.79,-82.433,-89.791,-93.606,147.97,-24.919,89.986,0,0
14.5,31.489,8.5687,-36.367,-32.788,-94.685,-144.58,-329.41,-409.4,317.25,135.35,-325.54,124.55,70.948,2.75
-32.25,-27.435,2.5245,-13.835,57.732,-70.348,-118.73,17.138,115.91,122.01,82.385,-136.73,-126.33,-1.4211e-014,-6.6613e-016
17,23.832,-0.26971,35.233,37.455,32.536,-156.86,-290.75,47.938,-151.37,118.18,-59.938,40.481,46.219,-22.75
24,22.288,7.3774,27.239,-48.012,231.53,-181.52,-105.84,233.56,421.44,2.2367,180,-52.373,-102.6,16.5
6.75,-11.721,28.079,-161.46,-255.26,279.75,100.16,-122.59,171.12,-362.59,-7.115,-26.335,121.18,-102.59,24.5
-5,19.938,29.013,14.796,193.16,-336.4,-240.09,-241.77,-308.08,235.32,276.21,-75.867,23.369,-3.4869,-24.75
0,0,0,0,9.2462,57.406,78.994,-113.65,-21.637,-121.27,104.33,32.667,-13.221,0,0
7.1349,6.9527,-4.5153,-58.018,69.731,266.71,256.88,-13.858,-279.25,-166,10.766,-137.19,-15.381,19.472,-5
-6.75,7.0179,-0.72548,-0.95624,132.53,-120.93,163.92,136.87,-179.05,-1.8769,-327.9,69.719,69.762,0,0
0.072677,-0.62292,-18.401,23.99,91.335,-17.022,-120,215.36,176.8,-49.738,-410.09,135.84,-70.291,51.476,7.75
19,4.0819,-11.441,-78.873,59.781,65.146,-248.51,-99.467,-61.197,-124.33,-1.0341,-88.363,3.1136,0,0
57.5,21.113,-29.149,130.86,-14.156,-0.73716,199.85,-16.698,-131.09,93.582,4.9515,96.785,-151.86,0,0
10,31.178,-15.488,139.43,-90.555,-152.58,-56.654,-10.033,211.45,-5.564,-126.72,-83.205,95.186,97.695,-15
-22.865,-35.932,93.69,-50.994,-115.29,167.93,2.5313,205.74,-87.888,-153.74,161.02,149.74,10.955,0,0
5.5,-2.5622,8.4186,-6.7543,-79.753,-37.483,120.41,258.22,70.129,-144.36,-48.107,178.32,130.42,14.91,8
22.75,17.497,-46.713,185.46,76.001,-369.54,-165.67,156.33,220.88,50.625,-325.24,-52.958,131.65,0,0
3,-14.235,-13.591,-128.5,3.301,-16.126,-142.85,-457.16,-59.228,239.55,155.99,-37.051,0.67196,-3.4869,-24.75
0,0,0,0,25.852,-136.93,19.011,143.49,298.08,-6.7105,12.626,15.719,-5.9187,0,0
-46,-70.066,14.585,320.46,-108.34,-299.91,48.735,-196.13,-82.66,276.52,290.62,224.25,-39.93,0,0
-3.75,-14.057,78.926,-87.589,-149.76,-51.912,-179,161.07,-138.29,-88.834,3.8383,259.53,238.92,0,0
5.5,-0.38878,-14.544,43.846,46.524,-249.62,-80.012,-210.86,271.8,-160.93,-18.456,-192.37,-69.702,0,0
40.25,28.688,30.427,9.4646,76.005,216.56,288.59,-131.12,-82.571,-266.9,142.19,98.419,-89.567,0,0
-4.75,0.65673,16.458,42.238,-178.42,-201.93,-1.1092,-102.75,-165.94,-25.882,-23.352,-35.833,-33.103,0,0
6.0425,-0.38966,5.2321,-8.2881,105.33,-43.366,65.991,100.28,-159.38,-239.11,-69.782,154.91,-56.899,0,0
0,0,0,0,48.24,81.127,-230.96,-271.84,-94.027,152.23,257.61,66.667,-23.43,0,0
-11.5,25.725,17.017,-35.541,28.789,-144.51,-36.014,-190.03,83.351,330.28,194.99,54.186,40.924,0,0
-3.25,-9.1668,-13.385,-107.63,-244.03,-264.12,69.617,-20.684,124.38,80.132,206.86,-132.82,-0.60136,0,0
2.5,-25.075,16.895,30.816,-472.75,-225.33,-365.63,194.22,-57.475,-180.97,-51.571,-123.15,-44.747,0,0
-12,-6.4151,-4.5849,-8.2386,2.0595,-47.064,-241.9,-151.02,31.508,124.73,26.696,171.81,-78.837,0,0
14.75,6.1489,-15.56,-13.232,-108.79,19.511,227.36,-28.471,137.23,241.09,399.94,-106.87,-148.61,0,0
3.75,-3.8857,17.562,6.7811,-43.7,-109.15,-50.973,93.525,56.936,-89.057,-77.231,56.121,-33.718,0,0
0.58822,2.3729,32.014,-146.24,51.78,11.987,-42.851,447.32,154.54,-387.25,-117.48,81.37,9.0655,0,0
-11.241,-0.4246,21.142,204.02,46.717,-13.171,175.33,-366.1,200.49,149.79,363.51,-124.7,-249.52,0,0
35.25,7.2518,-20.401,151.11,-0.02991,-319.5,-191.62,17.111,-140.4,336.46,186.82,-88.118,-139.05,-130.85,17.75
-30.162,-8.5667,19.857,-131.07,129.55,269.85,-41.752,177.32,31.382,-364.7,-149.86,-229.83,223.44,-12.935,-11.75
16.25,17.088,-5.0718,-66.662,144.99,-159.43,123.56,-34.326,88.537,323.96,-65.842,66.138,-51.196,0,0
15.25,-24.219,-37.024,128.13,-240.36,-221.21,-155.96,-141.24,-76.17,305.14,217.01,-127.2,111.23,0,0
2.75,20.688,-18.504,-79.716,294.75,-94.85,326.94,304.28,-34.513,190.27,-192.97,-187.53,49.833,0,0
25.542,16.545,-0.71058,-29.082,15.122,270.63,124.53,25.01,-213.52,-309.55,49.393,-160.28,-23.958,0,0
3.5,8.2272,-12.056,15.442,-107.03,-141.22,-195.43,229.34,-92.667,67.767,85.953,78.925,-30.6,0,0
-6.5,-4.6046,3.75,-32.594,-49.321,-111.4,494.93,332.85,272.69,-242.22,-279.02,51.13,-11.259,5.4462,5.5
-18.25,-14.99,16.776,3.9208,-157.5,205.87,383.63,-245.11,-301.97,74.984,-92.746,22.695,0.67973,0,0
-13.75,-19.577,-0.3665,78.966,-98.787,-245.36,-66.236,94.001,-274.24,-386.23,27.601,97.672,164.59,-7.4127,-7.7386
0.58822,6.5625,36.453,-146.5,67.955,-17.725,117.76,-37.798,178.92,-79.875,-110.29,-13.574,-145.52,-38.011,35.878
-7.25,10.944,-4.5784,24.2,-203.3,-68.286,-253.04,186.47,-239.3,37.205,199.42,195.52,101.95,0,0
-11.75,9.5508,-21.423,-27.481,-86.757,-125.27,-220.32,107.56,-26.983,-86.795,220.77,240.73,-0.45985,22.959,19.75
6.5,9.4168,-15.843,6.4462,-11.326,-214.1,-135.49,-182.71,207.25,82.354,40.538,76.115,-6.7999,0,0
-7.5,16.356,-0.39664,-150.12,-104.97,-458.53,-129.28,46.993,-9.8294,-70.086,352.38,-36.215,131.73,-1.8182,-0.85048
2.25,-8.8319,51.55,-171.7,-272.66,-418.09,181.61,-41.792,-125.77,197.68,-137.62,-27.753,256.88,48.837,-24.936
-11.75,9.5508,-21.423,-27.481,-93.832,-75.984,-394.19,153.05,52.685,211.81,-35.456,183.13,1.0691,0,0
16.5,12.77,-3.8087,-10.821,-174.37,118.19,63.73,193.72,182.92,-24.758,-256.83,150.75,-3.3493,0,0
10.5,-0.11779,22.258,-18.662,-278.57,49.475,-45.362,-14.246,44.854,399.28,-326.72,-60.616,34.813,0,0
-3.6618,-4.4327,10.987,-23.594,4.3264,232.87,-75.087,312.17,-254.17,-219.18,-137.19,-50.743,-13.154,-82.248,29.507
9.3382,17.01,-30.516,-32.92,165.94,89.591,171.84,-117.19,97.177,-16.061,-159.01,-2.5042,10.533,0,0
-6.951,-4.5311,-8.1219,122.8,183.74,189.43,139.84,-21.017,9.8688,-221.68,-312.3,95.117,-275.56,-48.038,21.9
12,-8.6029,-0.93477,24.601,-217.99,-115.6,-325.28,161.62,-229.39,111.46,245.57,37.83,25.535,0,0
4.25,36.077,-17.779,18.754,53.275,224.16,-56.643,136.47,-104.48,-239.7,62.539,-17.527,-111.34,84.883,15.25
-3.3627,-4.7392,24.041,10.962,4.8233,22.675,98.972,38.656,-47.782,-98.319,-212.68,-94.743,4.2129,0,0
-0.75,-11.085,-3.0998,32.076,-191.42,81.384,26.578,-108.4,-81.45,230.6,-34.027,10.807,15.727,0,0
9.0425,3.7754,3.0981,-18.261,171.91,112.33,23.275,322.86,12.054,-154.19,-40.598,-310.67,-32.98,0,0
31.25,27.974,-13.405,6.9054,-22.724,-242.14,19.018,-188.44,-73.278,65.364,-50.835,-65.284,4.9073,0,0
4.5,-10.176,4.8643,27.445,-150.45,100.56,-13.739,-257.31,-163.46,-204.66,-102.33,-61.954,4.1438,0,0
-10.75,-10.071,33.557,-73.65,63.043,-88.766,-197.39,-3.1995,117.31,98.127,-36.21,54.925,-78.825,0,0
-10,-26.347,51.725,-133.68,-261.16,-271.27,112.41,-223.27,63.721,158.09,-32.114,174.68,-132.89,0,0
2.75,2.8056,-2.6716,-5.6848,11.599,-221.39,172.1,-124.6,-132.48,89.984,81.911,130.78,9.8032,0,0
25,-3.1782,95.475,-62.404,109.47,123.21,97.214,-142.01,-0.11098,-67.505,17.563,-316.01,-13.522,0,0
8.5,3.9413,-20.654,25.102,-185.49,-112.05,-310.35,-89.88,142.49,110.53,70.391,397.28,109.61,1.4211e-014,-8.8818e-016
-19.701,4.6699,-30.456,185.14,158.64,193.18,46.054,-144.65,-193.11,146.38,-133.02,-19.577,1.5335,0,0
35.542,24.743,-40.86,95.398,13.469,64.588,212.97,-310.99,101.33,-34.164,63.15,-25.205,134.89,-1.6098e-014,0
33.549,16.837,-45.749,78.269,261.49,340.59,84.676,89.465,-332.37,-247.9,-161.52,422.57,-151.71,0,0
0.75,-15.319,5.0067,-279.5,-212.46,-423.06,92.848,118.13,-180.18,382.11,241.24,161.47,80.573,0,0
-21.25,-8.1375,22.038,-28.949,-71.527,139.31,-17.734,-83.764,208.49,-73.772,-295.24,21.405,228.43,0,0
-30.5,-27.141,80.178,107.79,158.42,-86.863,-259.39,-215.35,-264.39,-44.724,22.162,59.627,-67.422,0,0
-14,-9.2583,10.69,-42.123,-125.57,-42.479,-288.75,-255.13,131.45,226.68,-122.26,-94.018,274.19,22.959,19.75
3.5,8.2272,-12.056,15.442,-110.6,231.14,197.98,170.16,336.72,-43.973,-319.92,-73.682,8.4841,0,0
