-7.3612,3.9952,12.982,-894.15,306.03,-199.49,160.96,-14.058,449.94,285.42,-144.6,397.23,-157.81,0,0
5.2018,-10.495,-9.4131,691.93,-49.487,-143.93,92.496,-81.622,192.71,-113.51,365.14,99.375,-465.22,0,0
0,0,0,0,-736.64,282.48,166.81,-56.884,-415.08,296.53,208.78,-134.6,-28.695,0,0
-6.9282,0.91506,-3.7811,412.42,202.78,-187.62,-93.375,429.28,85.339,44.35,233.04,84.988,-585.26,0,0
-12.557,-9.183,-338.57,408.38,11.29,-138.54,-118.23,-51.72,-58.025,467.39,-722.41,405.83,-547.07,0,0
-30.607,-21.272,-17.579,210.32,249.93,-138.57,28.842,33.511,-145.81,173.9,42.168,414.41,-495.37,0,0
28.152,7.4851,-684.52,52.561,192.15,171.44,-84.865,-160.85,144.04,-97.78,-38.897,455.58,445.49,-202.44,-8.2272
-3.8971,9.8612,-10.124,-726.02,487.49,-384.61,52.259,-139.88,-170.07,368.58,235.7,-640.55,-23.651,0,0
-15.155,-0.27276,4.5,-498.89,409.85,-46.464,-109.06,-247.66,-166.75,26.668,155.47,113.9,-138.46,0,0
3.0311,6.5,3,-329.38,65.352,244.46,-6.3868,-89.309,135.88,-136.34,518.49,-236.61,-91.575,0,0
22.522,21.275,-838.05,195.7,536.76,-249.25,200.4,-165.39,-225.31,-104.63,-299.93,190.78,-190.12,-73.184,-3.8971
0,0,0,0,326.86,135.99,264.2,-542.5,203.29,201.25,-319.41,-557.31,-24.511,0,0
0,0,0,0,155.92,655.34,-389.51,-207.88,-36.021,62.669,816.21,-291.59,-30.65,0,0
-5.1962,8.6962,3.5,-352.25,30.126,311.42,3.2391,64.511,-218.47,237.4,424.31,-80.979,-70.226,0,0
-15.155,-0.27276,4.5,-498.89,346.08,696.61,-197.85,-93.332,29.98,-226.53,307.98,-143.21,-92.879,0,0
-22.084,-29.257,-3.9851,-65.59,124.1,-352.77,149.19,-115.06,-60.884,-11.338,584.91,594.74,-245.87,0,0
5.1962,47.821,11.546,121.27,125.65,-57.649,-13.962,-117.35,-3.3726,-288.82,41.3,107.29,-487.24,0,0
24.322,30.158,-346.44,108.02,493.02,29.965,261.72,-175.49,88.236,20.027,586.43,265.5,-641.87,0,0
-7.3612,3.9641,-245.63,-100.78,138.83,-14.212,-78.011,-178.07,-53.926,-297.48,221.75,315.19,-495.08,0,0
-2.5981,30.405,21.938,-134.91,429.85,-92.285,138.61,-253.3,-39.579,-54.906,351.63,604.56,-237.42,0,0
0,0,0,0,-464.32,504.88,164.56,157.75,134.5,-106.81,402.21,-169.57,-22.34,0,0
-16.887,-0.13221,-109.94,25.335,204.25,141.52,36.906,214.36,-26.22,20.277,366.96,60.765,-502.04,0,0
0,0,0,0,258.47,821.49,-442.76,326.25,436.13,-268.83,340.36,-558.81,-28.795,0,0
-22.084,-3.6077,2.5736,-180.38,91.985,510.94,180.67,-123.56,-175.87,-296.41,297.64,-549.36,-19.708,0,0
0,0,0,0,39.184,292.57,20.713,-85.611,-82.935,337.87,76.384,-440.12,-24.913,0,0
-17.321,-10.944,5.1357,138.17,-118.09,846.89,-13.447,-159.31,-80.825,401.96,529.77,-383.23,-21.992,0,0
1.7321,13.348,1.1519,-386.59,281.39,133.46,71.782,-178.63,-11.049,-232.32,258.79,385.27,-205.92,0,0
-3.4641,-1.2679,9.4641,-681.21,241.63,230.49,-285.08,-41.007,55.23,109.35,-24.067,93.96,-126.43,-40.772,-7.2296
-5.1962,-13.19,-511.61,290.18,374.89,-3.6215,-115.21,145.96,-81.276,22.606,-337.72,59.548,579.22,-226.22,10.825
-14.289,-2.7793,88.344,129.54,-89.23,-234.18,295.66,-468.67,54.123,-12.286,6.6574,168.62,-523.58,0,0
-3.8971,22.685,4.4378,336.25,566,-59.517,50.982,-145.97,-57.893,-233.13,-532.03,614.47,-511.33,0,0
-36.373,-13.546,3,-339.01,263.09,658.76,-113.48,-144.26,-19.749,-154.97,42.939,-680.07,-26.2,0,0
-6.9282,24.222,3.5521,-253.39,13.902,187.15,28.053,-213.92,-16.318,-16.293,431.26,455.04,-222.86,0,0
-15.155,-13.116,-761.1,125.99,-137.13,45.344,519.66,-162.8,373.88,-71.15,-164.92,592.57,-239.76,-97.134,3.0311
0,0,0,0,-293.83,586.81,-437.67,-14.78,-24.4,85.67,670.87,-321.72,-21.572,0,0
-3.0311,16.422,0.67644,328.86,345,-207.08,153.2,-259.97,-637.2,270.39,6.1975,-767.79,-19.913,0,0
13.856,16.926,2.5849,-463.51,213.71,255.19,31.159,376,-98,205.24,380.27,-227.69,-22.67,0,0
0,0,0,0,777.76,27.628,-365.66,14.996,-6.8442,539.35,69.107,-275.72,-23.433,0,0
0,0,0,0,334.34,167.45,186.93,-585.59,-470.15,132.93,435.98,-530.78,-27.439,0,0
7.7942,10.609,-6.6471,-315.61,339.39,196.71,-311.03,113.55,-59.026,320.93,-25.166,231.17,-156.49,0,0
-5.6292,-3.2255,4.2386,329.48,345.75,-134.12,9.3072,84.366,44.028,212.05,-598.36,242.39,-489.52,0,0
-4.3301,15.459,-580.37,388.74,479.22,-40.247,48.793,-5.8156,-71.934,-40.146,-341.09,143.77,494.36,-224.93,6.2419
0,0,0,0,448.06,99.187,26.549,-262.04,-0.58889,-91.229,422.79,113.92,-267.75,0,0
-26.081,-15.58,90.056,355.13,86.959,-143.19,-166.06,-112.3,78.469,49.929,512.33,-27.721,-750.16,0,0
0,0,0,0,-1000.2,694.18,-70.463,-40.003,-231.83,227.66,258.77,-143.65,-25.062,0,0
16.021,2.1567,-846.06,29.159,178,-89.142,-22.958,175.69,-181.62,-143.9,-44.82,192.7,-143.78,-68.55,-1.299
0.86603,5.866,3.4085,-573.32,-17.493,549,-217.49,105.77,-245.39,67.812,411.06,432.92,-195.54,0,0
-13.35,12.887,-911.29,287.1,-80.52,-96.694,-173.84,123.53,39.503,220.08,-109.58,233.34,323.84,-155.43,-6.4952
2.1651,10.141,-3.2386,-354.7,430.11,46.848,-4.2394,55.25,-424.47,47.834,212.11,-503.5,-23.475,0,0
-24.682,-7.9982,0.16506,106.11,-316.42,306.68,-318.03,-35.307,129.91,-632.23,568.81,353.04,-432.31,0,0
-2.8938,-4.1752,-922.82,198.7,-327.86,29.964,43.155,60.622,190.28,-21.907,20.697,394.51,372.39,-181.61,-8.6603
-8.2272,-1.4264,2.6962,160.33,529.1,-61.708,-196.65,-15.482,-4.3862,-79.192,368.38,246.96,-423.98,0,0
-10.392,2.8678,-751.78,295.7,316.71,139.75,-110.32,77.77,-16.567,130.43,-39.578,228.64,-152.95,-96.614,-3.0311
-9.0876,-2.6388,-1.6518,503.1,-229.47,-316.64,74.076,-93.817,-150.12,-300.49,392.75,640.94,-248.81,0,0
-6.4952,1.1471,-5.2386,-910.35,684.94,-58.225,-44.982,17.136,189.56,-494.11,259.98,-381.43,-68.919,0,0
3.0311,35.807,2.2776,70.998,-6.8923,531.56,-41.59,-57.505,-74.972,90.545,487.99,269.54,-295.96,0,0
7.7942,7.9623,-10.975,-10.737,148.62,-57.58,112.87,-49.831,-19.68,-61.075,-339.92,267.36,410.01,-155.43,-6.4952
1.7321,7.366,313.91,100.24,33.354,-13.316,-147.02,94.446,-242.15,-119.94,-360.57,257.93,-711.58,0,0
12.99,17.743,-4.0556,-401.06,304.43,189.94,-298,-232,-132.44,689.78,349.9,-602.18,-24.103,0,0
-1.299,-22.423,392.52,17.209,189.84,-190.77,-0.85722,-37.339,77.006,58.683,100.37,-91.694,-471.02,0,0
-20.352,-7.4067,1.9085,-413.44,11.217,529.83,-63.634,-264.42,588.52,537.41,-783.51,-11.855,-17.605,0,0
0,0,0,0,379.38,276.4,350.68,-112.86,44.124,-270.79,475.58,-603.59,-31.233,0,0
-18.187,-6.7728,1.5,-169.5,413.38,66.233,112.79,-290.88,-188.67,70.39,255.46,208.47,-180.24,0,0
6.4952,9.9755,2.4085,-752.89,215.43,25.151,-423.22,93.274,298.94,-64.223,-33.781,619.36,-223.83,0,0
0.43301,2.567,-8.7141,-831.12,571.56,-269.74,-132.1,27.469,115.87,-208.44,692.37,-233.57,-113.14,0,0
2.1651,16.964,-14.941,-257.73,420.92,60.612,-208.46,-97.997,-142.2,-63.634,675.91,292.59,-184.73,0,0
8.6603,-3.2272,-14.525,249.86,493.06,-363.05,68.486,28.411,-55.016,69.931,-547.57,634.29,-370.71,0,0
-24.249,-24.219,-17.867,-40.434,8.286,207.47,9.706,-212.84,-177.52,36.807,528.98,312.84,-407.18,0,0
-6.0622,4.4462,-432.71,16.834,355.88,-321.77,-57.926,-9.4219,-84.603,-21.417,-73.525,487.54,-593.73,0,0
-9.9593,-12.384,173.88,522.08,-214.38,85.306,-130.03,-33.476,-22.702,-37.595,530.17,108.72,-481.46,0,0
-12.99,-9.6274,-443.14,122.94,-99.58,138.9,-2.533,79.549,226.94,-123.62,89.193,190.82,453.17,-155.43,-6.4952
-1.299,-20.977,-679.99,101.53,565.12,-5.9345,44.93,195.93,-32.634,-84.026,740.25,-51.753,-154.39,0,0
-5.6292,0.32356,7.1226,-685.58,466.03,368.64,70.179,198.93,-125.93,-432.87,301.15,722.1,-273.41,0,0
-3.0311,23.417,-3.8989,-65.492,220.02,-363.41,24.062,56.844,-1.8444,286.24,309.55,-353.93,-22.635,0,0
-2.5981,33.332,1.3822,238.15,-18.42,-392.76,-408.52,324.28,-245.67,-209.53,115.4,500.31,496.25,-481.96,-1.1193
-19.053,-9.7303,452.06,336.5,-308.94,-86.561,12.705,86.133,-21.281,-100.31,371.08,154.52,-892.9,0,0
4.7631,-1.7877,-11.873,367.62,369.3,-215.47,-62.8,-7.2714,497.03,23.653,15.889,39.143,72.705,-400.31,-16.887
-1.299,9.5556,-3.7141,-573.99,30.911,366.3,12.627,-121.44,-41.357,-296.57,510.15,-631.41,-21.82,0,0
6.4952,9.9755,2.4085,-752.89,329.31,47.913,-97.12,-336.55,-28.042,-263.22,227.74,-256.16,-66.927,0,0
-29.445,-8.4606,4.8415,-671.82,261.33,640.86,-137.96,-70.983,-189.2,110.54,457.55,-181.3,-24.601,0,0
-14.289,-10.152,163.96,190.28,-179.27,-104.13,-57.249,-158.79,-230.65,93.572,300.03,21.122,-563.01,0,0
0,0,0,0,202.67,672.4,-176.03,44.45,-557,804.48,-751.32,33.508,-22.193,0,0
21.218,12.554,-496.82,-92.17,470.72,243.8,-84.777,78.932,88.17,-873.27,290.3,267.3,-205.63,0,0
-2.5981,12.672,271.99,-98.263,280.38,-237.41,-46.733,51.05,226.71,-230.85,109.8,236.6,-484.99,0,0
-19.486,-13.518,8.7927,341.12,105.32,-40.696,-65.72,-0.035254,-175.7,-169.63,385.33,617.61,-375.72,0,0
-2.5981,33.332,1.3822,238.15,10.413,-178.83,-130.18,74.826,-179.2,30.308,125.33,564.17,-668.22,0,0
-9.9593,-21.123,40.069,-98.434,282.99,-141.5,-391.05,-69.208,-413.12,-290.35,133.65,292.75,-484.52,0,0
-1.299,9.5556,-3.7141,-573.99,217.43,350.02,-74.462,19.133,-49.577,-234.64,330.12,-79.212,-136.1,0,0
4.7688,17.69,-21.197,-12.677,83.746,52.555,52.672,-210.02,144.93,32.235,-30.996,258.63,231.07,-144.14,1.299
12.99,17.743,-4.0556,-401.06,666.43,662.03,-22.164,-116.1,8.0315,269.84,-642.32,-43.107,-23.222,0,0
-15.155,-0.27276,4.5,-498.89,190.22,603.27,21.594,19.561,-453.9,261.84,24.63,-126.24,-31.806,0,0
-5.1962,8.6962,3.5,-352.25,91.317,459.04,165.42,-184.02,-68.796,-117.28,562.56,-628.09,-20.301,0,0
0,0,0,0,359.6,509.77,240.34,82.917,81.409,-396.28,306.88,-702.69,-24.411,0,0
-25.548,-19.634,-12.407,227.21,-94.81,200.4,1.5801,60.548,-83.432,173.99,82.256,-152.23,-374.27,0,0
-1.7321,-9.116,-245.01,219.66,129.06,313.71,-177.23,-149.96,-197.27,67.331,669.4,-702.89,-21.491,0,0
-19.053,-8.5897,256.37,-612.66,84.437,-101.98,219.91,84.514,284.35,24.787,28.708,-0.31061,-567.42,0,0
-4.3301,3.2745,-507.18,-8.5239,300.88,-192.7,-178.29,-79.259,-128.29,-134.58,-393.82,221.02,-771.91,0,0
-1.7321,-3.0556,-9.5604,129.94,356.35,-90.742,-134.96,79.19,-149.98,-117.91,-351.83,200.62,-424.49,0,0
1.299,-0.23862,-583.31,73.491,554.8,-41.254,75.152,-83.906,-76.66,150.92,360.76,15.511,-632,0,0
0,0,0,0,18.929,-693.3,1072.8,-660.89,-157.61,584.7,-654.19,-22.16,-22.89,0,0
-30.174,-13.283,-679.02,183.77,525.14,-42.943,60.079,4.5414,-29.738,120.09,-100.68,92.199,653.93,-258.16,15.588
1.7321,8.2566,8.3905,-787.41,298.43,233.1,209.49,-172.2,-73.694,-75.792,146.12,47.011,-142.61,0,0
-7.7942,-5.9264,0.43301,-257.86,45.288,-18.206,-22.594,29.45,-240.42,747.63,-431.98,-63.868,-28.13,0,0
0,0,0,0,-497.5,332.74,-140.7,-213.67,310.99,-107.71,-215.92,-423.27,-28.551,0,0
2.5981,3.201,-9.1226,-587.18,278.97,229.05,-204.05,1.2484,-102.51,396.7,524.37,-182.01,-18.841,0,0
-9.5263,-17.792,-751.66,148.48,139.21,254.31,-91.645,-55.071,-1.7488,-129.42,-138.36,234.18,421.69,-183.82,-0.43301
-15.155,-0.27276,4.5,-498.89,140.92,386.85,-324.63,55.323,-106.95,122.6,395.2,-605.62,-26.362,0,0
-6.0622,11.16,-9.863,-49.136,579.5,-134.21,147.1,-84.698,95.636,-115.97,20.992,658.07,-224.4,0,0
-5.6292,11.562,-6.8367,314.32,52.722,-123.61,-78.029,-24.356,35.499,-104.6,-179.09,-134.69,-4.689,-401.27,-5.6292
-1.299,-5.1537,-10.761,506.44,391.29,266.02,-77.726,40.822,-191.26,-176.23,-178.41,309.38,-645.19,0,0
14.405,-17.788,-1089.7,453.19,105.72,27.047,382.24,-278.45,98.347,-73.804,114.2,-106.98,364.25,-162.99,-0.86603
-1.299,-5.7811,-4.3595,-285.27,787.72,-142.8,-96.326,24.808,-93.079,106.6,727.66,826.47,-297.42,0,0
-11.258,13.868,349.57,303.33,-224.16,-60.329,-213.26,-56.937,118.77,206.09,-176.93,184.15,-504.59,0,0
-7.3612,3.9952,12.982,-894.15,484.77,556.03,-317.14,-54.609,-195.12,14.516,195.01,410.08,-176.32,0,0
-5.6292,-1.9019,9.8726,-925.14,490.06,628.64,-124.42,17.444,5.5725,61.15,234.37,47.195,433.08,-118.01,-14.722
-4.2566,2.9387,-14.792,256.97,40.135,-386.1,-181.28,-197.61,54.837,124.21,-40.991,104.75,365.49,-428.73,8.5442
-2.1651,-412.2,179.6,165.42,-218.43,-279.01,174.45,-35.714,-244.86,-630.05,363.1,380.11,-203.42,0,0
1.299,-0.68958,2.4396,-394.63,745.47,-108.26,-91.661,-89.087,-43.345,-439.11,534.91,-541.71,-21.643,0,0
13.429,-6.9413,-375.67,243.25,395.96,-7.9038,-62.358,11.532,-125.51,-200.17,-148.23,242.14,-668.54,0,0
3.5377,-19.65,-22.577,406.28,-128.37,-299.44,-109.33,-202.45,-141.01,173.71,91.099,84.692,329.27,-284.06,12.124
-10.847,-12.189,-1014.1,82.262,-20.399,76.052,-402.77,89.656,-133.82,-82.112,-138.49,131.4,-252.04,-47.382,2.5981
-1.299,9.5556,-3.7141,-573.99,242.5,-93.809,-28.884,-128.26,-134.48,345.21,681.65,-257.81,-28.011,0,0
-16.021,-9.2058,-664.97,267.85,241.89,-247.68,34.466,-423.27,217.39,282.3,43.57,168.41,-131.96,-65.605,-3.0311
-5.1962,11.404,-13.167,-115.77,209.11,-72.137,-14.922,-32.968,-215.9,250.88,319.64,-514.64,-28.169,0,0
1.7321,5.049,10.049,-635.77,368.58,534.31,-188.95,-21.572,-92.875,-95.078,-3.922,370.12,-180.22,0,0
0,0,0,0,192.69,810.96,-77.89,-57.112,-33.336,462.53,130.42,-385.97,-23.929,0,0
-10.392,19.68,-494.88,216.69,155.21,94.232,80.132,-208.88,71.858,-107.35,-332.81,615.59,151.29,-111.21,-8.0957
1.7321,0.75,-328.8,51.627,233.35,-49.661,-120.76,94.925,-162.95,91.321,-447.86,678.53,-313.51,-47.003,-1.7321
0,0,0,0,18.397,383.74,1014.6,-48.217,-597.39,647.7,-624.67,-7.0807,-24.316,0,0
-2.5981,10.306,-512.51,244.79,108.68,75.726,-196.71,56.775,197.96,136.01,-642.21,376.77,-482.59,0,0
0,0,0,0,-63.743,121.84,153.78,48.182,-254.8,377.62,170.87,-306.63,-22.562,0,0
-5.1962,9.8056,-337.32,55.73,-165.5,-84.896,-30.806,86.151,-154.97,13.83,548.62,-164.17,-110.78,0,0
-11.554,-14.535,-753.01,239.11,72.662,-208.11,-231.12,-150.16,119.98,157.92,-527.16,702.38,-251.16,0,0
10.033,18.47,-167.88,43.008,-98.795,-211.64,125.88,35.096,47.346,-231.57,-16.045,304.86,-344.99,0,0
2.1651,10.141,-3.2386,-354.7,-119.86,502.59,-38.036,156.52,-80.936,-430.5,350.23,-325.54,-75.447,0,0
1.7321,5.049,10.049,-635.77,360.52,151.74,-40.647,-139.2,212.03,411.23,43.503,452.83,-202.83,0,0
-0.86603,15.812,-4.9838,-23.523,48.098,46.693,182.16,-99.639,-128.39,786.8,-72.747,-521.1,-26.506,0,0
-30.311,-8.5946,-572.79,-69.062,630.3,-169.98,-104.72,-38.922,-67.919,-37.739,-91.427,96.36,-532.46,0,0
6.4952,9.6764,305.25,-27.407,114.64,499.85,122.51,-101.07,53.304,162.08,38.574,453.32,-425.48,0,0
-0.43301,5.2321,12.464,-1010.6,176.56,-5.2935,-271.32,-332.97,-329.62,374.33,423.85,-404.7,-25.636,0,0
-20.833,-17.442,-930.8,418.89,-326.01,155.15,-126.15,280.79,12.253,106.01,4.5602,-52.659,-76.32,-96.614,-3.0311
0,0,0,0,-887.64,338.66,-265.39,-351.42,101.32,642.34,-245.57,-1.0413,-26.434,0,0
-3.1086e-015,15.714,-281.86,241.31,180.51,41.04,124.32,76.734,25.749,-327.29,275.38,-40.402,-403.59,0,0
3.8971,-7.4037,-333.57,290.99,317.64,-93.994,-273.19,168.45,-296.18,-485.27,500.76,-400.73,-90.298,0,0
-4.3301,-14.794,-16.536,238.99,415.7,-5.1635,83.407,-201.87,-31.057,90.374,78.37,-670.15,-26.763,0,0
-8.6603,-19.288,165.32,242.39,177.73,-180.81,-6.1761,131.18,-25.676,57.039,293.71,161.37,-669.04,0,0
-9.0933,4.7631,-7.8481,57.867,296.15,93.622,-209.93,-159.57,-72.707,-117.45,185.04,210.61,324.19,-185.16,-7.1815
0,0,0,0,-395.95,282.07,71.814,-418.95,-292.69,155.03,118.89,-107,-26.408,0,0
-5.6292,-18.44,-840.62,267.96,206.66,-98.294,-127.72,216.42,10.791,336.17,-542.29,226.29,534.31,-199.52,6.9282
-1.8056,-8.0054,-2.14,980.11,202.23,-136.39,-130.8,-147.4,15.353,-75.298,-27.524,98.626,-52.145,-388.45,-11.691
-3.0311,2.0066,-766.41,121.65,-14.207,289.96,-228.42,102.39,-252.83,-68.84,38.102,19.822,407.17,-155.43,-6.4952
-3.4641,-1.2679,9.4641,-681.21,405.46,697.06,-326.15,-39.172,-94.954,55.003,58.84,-258.86,-97.153,0,0
-8.2272,4.8122,6.3415,-831.7,418.67,-317.9,-80.292,32.318,-140.12,-405.09,391.82,372.46,-201.64,0,0
13.856,16.926,2.5849,-463.51,304.25,-189.9,-55.643,-61.624,140.54,36.502,363.2,-542.98,-22.441,0,0
-0.86603,4.2811,-4.8923,273.6,866.54,-92.449,-42.951,344.4,-498.36,17.392,173.58,-2.3998,-499.24,0,0
-26.298,2.0047,-724.47,320.12,177.06,38.818,-89.476,54.528,-180.48,119.99,-381.69,-10.23,262.91,-140.87,-1.7321
2.6038,-19.008,-780.92,208.2,254.67,-140.27,-246.45,-172.24,-59.538,-165.97,-62.05,90.2,391.99,-155.43,-6.4952
-20.785,-13.145,-5.701,-172.3,273.41,-204.63,259.86,-57.164,-7.6316,204.04,190.56,204.36,-423.13,0,0
-11.691,-7.8954,3.866,-167.45,-456.99,215.7,24.426,125.62,-218.95,114.89,-67.696,-170.17,-23.295,0,0
-14.722,6.8433,-676.55,138.66,443.33,-72.82,51.981,-1.0587,-48.988,-330.74,73.11,373,-345.77,-26.423,-16.454
-7.3612,3.9952,12.982,-894.15,397.52,421.74,-153.54,-69.615,-187.9,-215.72,174.7,-72.199,-113.66,0,0
0,0,0,0,219.67,-316.11,16.241,-6.1999,-490.66,475.75,325.32,-304.98,-21.131,0,0
-31.04,-1.9594,-175.37,103.85,-292.48,509.55,-34.333,-140.71,-10.893,-153.75,117.16,496.49,-243.33,-47.003,-1.7321
0,0,0,0,298.4,-91.016,-150.72,-250.86,-138.74,344.64,425.91,-332.72,-25.42,0,0
1.7321,5.049,10.049,-635.77,167.37,456.02,-21.364,-95.687,-54.894,-96.107,477.49,194.94,-178.55,0,0
-20.352,-7.4067,1.9085,-413.44,432.72,307.27,-151.12,10.17,-308.66,29.437,201.35,-548.74,-22.219,0,0
0,0,0,0,134.3,447.3,-251.16,-187.17,152.64,201.15,27.497,-602.56,-20.943,0,0
-4.5466,-5.0646,-8.4232,536.62,871.2,-377.67,-183.28,306.34,-294.17,57.627,-26.343,-395.15,339.81,-578.14,-3.8971
-6.0622,10.672,-4.8301,285.98,188.43,193.79,170.17,20.116,-55.243,-472.18,407.22,726.18,-245.88,0,0
2.5981,3.201,-9.1226,-587.18,250.08,-230.36,-71.776,53.901,23.428,-131.82,499.94,374.93,-180.57,0,0
-1.7321,-12.312,-572.45,347.19,314.3,125.4,7.6548,54.73,-16.07,-38.447,211.9,222.97,140.35,-140.87,-1.7321
0,0,0,0,190,177.54,-55.143,-263.29,221.76,906.61,-817.73,0.77364,-24.033,0,0
21.218,-24.358,-594.39,201.71,413.1,-196.47,-175.23,-82.705,-2.2619,86.571,109.33,149.57,345.6,-155.26,5.6292
7.3612,0.2859,-343.05,591.82,150.38,313.76,198.31,119.68,-152.71,320.27,-24.02,-459.66,-528.8,0,0
4.7631,10.342,-9.4282,24.009,255.99,-118.63,121.24,-233.95,87.345,250.72,94.026,-557.38,-21.438,0,0
0.86603,5.866,3.4085,-573.32,508.69,102.2,-70.378,-175.73,-412.76,299.43,948.99,-282.03,-21.041,0,0
-9.6055,16.542,-361.85,-0.12932,106.31,-618.32,115.39,-32.637,65.381,-164.97,185.15,95.294,-607.37,0,0
-13.423,-2.3218,3.75,-746.25,239.75,232.32,247.14,-74.297,80.322,152.54,84.772,748.18,-243.98,0,0
9.099,33.386,-0.55649,45.997,300.3,126.76,-284.77,-235.13,65.204,525.37,-2.0731,-53.973,-646.17,0,0
10.392,18.049,-10.466,-553.09,-126.29,525.09,39.45,-0.91451,559.9,-188.34,-316.88,85.112,336.42,-144.14,1.299
-14.289,-1.0897,11.141,-561.34,610.61,52.15,-202.78,-170.73,-155.48,168.33,246.98,43.494,-160.31,0,0
-15.155,0.21586,-679.03,114.22,171.31,71.652,197.96,-211.92,-58.31,41.136,-260.73,-201.86,715.57,-233.95,4.3301
-4.3301,2.2631,10.025,-388.62,131.38,400.2,-338.43,308.65,-43.295,466.54,101.02,-184.96,-68.038,0,0
7.7942,11.366,19.281,-783.66,540.47,844.92,-239.89,38.437,-182.88,-311.88,546.09,-375.95,-45.493,0,0
0,0,0,0,267.52,214.71,-175.42,32.241,-2.5949,195.02,244.78,-512.53,-25.053,0,0
-6.4952,6.1896,-256.07,230.67,-89.567,-223.52,-22.879,-242.26,-73.295,-201.64,-366.4,157.85,-694.05,0,0
-8.2272,4.4707,-5.5556,-241.18,266.4,200.7,100.65,-240.58,53.789,219.25,79.943,-599.76,-24.064,0,0
-15.588,-2.0652,-423.23,66.238,71.453,-70.89,208.45,111.67,-432.07,103.63,-38.192,89.466,-398.67,0,0
-22.084,-3.6077,2.5736,-180.38,517.7,469.23,60.265,-181.2,-53.789,-353.2,299.63,-604.32,-23.1,0,0
6.9282,12.183,12.641,-721.22,68.599,218.64,-137.19,58.88,-292.61,448.75,326.84,-474.49,-49.741,0,0
-8.2216,-8.8104,-860.25,165.96,-44.588,124.44,22.269,66.97,201.47,10.94,258.66,537.59,568.49,-226.22,10.825
-8.2272,4.8122,6.3415,-831.7,513.4,754.24,-352.54,-1.938,79.353,-98.769,272.75,529.91,-202.06,0,0
11.258,7.8595,-580.75,308.93,341.44,-45.458,92.574,130.31,-52.079,-234.29,-206.48,372.02,631,-242.21,5.1962
-5.6292,3.049,-456.59,163.24,252.59,-58.935,23.629,77.78,-128.82,295.23,-108.16,58.65,153.79,-140.87,-1.7321
-0.43301,16.214,-1.9575,339.93,202.56,-160.4,113.45,-59.067,-165.89,-92.554,-285.02,281.11,-443.23,0,0
-26.847,-18.054,-12.17,-567.99,119.19,125.68,-28.328,-339.43,357,148.36,27.664,373.63,-203.56,0,0
-7.3612,3.9952,12.982,-894.15,833.29,158.95,-131.39,1.7075,50.673,66.776,483.12,-51.003,-139.7,0,0
-7.1054e-015,-3.2566,-577.26,7.4025,382.86,-135.74,159.96,-100.45,-219.85,51.259,392.5,94.315,-137.85,0,0
-18.62,-6.5114,-14.567,-38.042,182.53,-356.98,62.301,-93.958,-40.844,-164.32,136.65,-64.395,-110.45,0,0
-22.517,-3.3756,6.683,-1004.6,885.18,-170.59,91.327,120.87,-188.01,149.43,567.81,-124.7,-113.44,0,0
0,0,0,0,228.55,638.99,-268.64,38.69,-415.93,-98.595,34.402,-384.94,-17.768,0,0
6.9282,12.183,12.641,-721.22,-244.46,361.22,24.013,-213.02,-314.91,32.013,352.48,-286.92,-17.587,0,0
-7.3612,3.9952,12.982,-894.15,431.02,372.35,-311.65,-32.745,-189.27,173.52,352.59,-187.15,-21.497,0,0
2.5981,3.201,-9.1226,-587.18,333.8,6.052,-188.15,1.8355,-54.533,454.17,598.79,-197.94,-22.666,0,0
15.293,9.1127,-914.03,414.45,28.719,-144.35,152.54,-88.137,-42.602,-24.133,-543.61,-18.342,200.25,-167.57,2.1651
-11.649,17.48,-254.73,-211.33,310.32,-225.73,67.904,-104.21,-290.72,82.539,189.63,681.23,-346.7,0,0
15.594,14.255,-20.952,344.27,65.348,-190.51,-233.02,-197.68,-26.721,152.85,549.25,83.072,-666.91,0,0
0,0,0,0,381.71,456.02,-48.803,6.8475,-129.61,69.022,610.05,-741.96,-30.085,0,0
0,0,0,0,135.62,460.8,-191.28,152.59,85.745,41.19,9.2697,-504.62,-28.152,0,0
14.289,13.219,-18.649,-255.58,61.914,116.1,-63.211,-70.72,14.078,401.03,221.82,-316.35,-23.85,0,0
0.43301,2.567,-8.7141,-831.12,258.14,585.13,-26.533,-223.23,79.992,9.94,12.132,449.11,-196.21,0,0
5.6292,9.4755,-4.9462,264.03,127.87,121.11,-75.163,2.6671,-168.44,9.7335,229.93,575.05,-228.68,0,0
0,0,0,0,414.58,638.28,-305,115.92,4.6412,199.92,385.1,-293.8,-23.214,0,0
-1.299,-1.616,-16.129,-335.55,243.74,168.98,-216.45,-161.07,194.8,-60.469,530.84,154.47,-280.01,0,0
-0.72877,4.7533,-139.32,398.92,-269.15,-160.99,-49.171,105.66,-125.19,166.26,328.85,-11.637,-556.57,0,0
0,0,0,0,-24.921,571.96,-77.746,85.885,-237.72,-123.3,303.76,-562.94,-27.548,0,0
-7.3612,31.821,200.81,224.22,226.36,-76.36,-7.1773,114.14,-50.895,72.924,271.61,192.83,-526.47,0,0
-6.4952,24.624,6.5784,110.06,222.89,-276.51,-12.027,-185.07,-142,-25.239,70.326,22.485,-133.74,0,0
0,0,0,0,-662.37,254.54,24.262,136.52,-508.46,-319.1,333.62,-502.11,-17.817,0,0
-6.0622,10.672,-4.8301,285.98,342.49,-275.55,-44.931,-92.621,-63.115,-135.04,260.23,202.3,-375.27,0,0
5.1962,47.821,11.546,121.27,222,-187.36,-181.62,-87.494,-35.186,79.34,57.734,520.9,-629.92,0,0
0,0,0,0,-569.99,284.54,20.716,-189.21,-109.72,151.66,249.82,-147.09,-20.479,0,0
6.0622,13,6,-658.77,342.6,69.168,-90.699,-38.267,-31.576,-515.94,44.253,54.69,-134,0,0
0,0,0,0,-982.98,18.241,-155.3,142.63,-360.77,466.42,527.69,-191.69,-21.33,0,0
-12.124,-1.7189,-11.007,149.49,222.65,184.62,-224.89,-114.41,-133.73,631.68,60.227,-548.55,-19.705,0,0
6.0622,13,6,-658.77,231,97.288,-12.001,-49.694,238.98,-123.8,224.38,-490.43,-19.122,0,0
-11.686,-1.9313,-5.5924,-484.44,631.61,867.49,-169.07,-61.489,-160.31,-203.1,27.325,68.455,275.43,-144.14,1.299
0,0,0,0,253.59,419.31,-451.02,18.952,-339.86,617.35,9.1226,-580.86,-14.227,0,0
1.7321,5.049,10.049,-635.77,395.35,-149.89,-21.071,13.464,-28.074,503.05,627.25,-212.36,-32.321,0,0
-0.43301,-4.4216,-19.098,104.69,-49.782,312.03,-326.91,-222.73,86.292,3.7011,308.45,455.78,-206.19,0,0
13.423,30.281,-10.972,290.54,238.7,598.25,-194.33,-225.27,-249.5,-37.674,386.67,262.22,-175.68,0,0
16.381,27.349,-7.1794,297.6,6.7316,31.426,-201.53,-41.378,-60.642,98.546,28.75,3.7294,-560.54,0,0
3.8971,5.683,9.6405,-391.83,40.837,197.39,269.31,-22.177,214.6,-192.77,173.49,-1.8754,-419.36,0,0
-19.053,6.1734,11.092,-454.08,13.218,114.15,-42.686,-147.23,-2.1274,191.31,356.48,314.39,-303.17,0,0
0,0,0,0,-98.717,711.05,-372.03,36.804,-140.14,-231.07,365.15,-421.14,-19.476,0,0
-18.187,-6.7728,1.5,-169.5,408.51,-13.353,-393.79,-34.289,142.06,618,253.04,-674.49,-24.18,0,0
6.0622,13,6,-658.77,306.38,9.2222,-260.46,124.56,26.9,-144.07,458.1,656.66,-245.4,0,0
-6.4952,-32.216,-844.73,393.13,22.253,-411.12,238.09,59.198,210.68,-64.725,-220.78,443.51,128.5,-136.81,1.299
-17.669,4.7715,1.7146,482.16,-62.346,-7.585,159.64,-95.006,-94.892,-269.01,812.13,753.37,-681.63,0,0
-7.7942,-5.9264,0.43301,-257.86,277.75,131.7,-91.554,276.35,-127.25,-259.26,223.7,-126.56,-98.39,0,0
9.0933,-9.1668,-14.158,-393.96,120.35,64.786,-295.39,-116.13,-154.38,-118.09,206.82,-662.67,-23.978,0,0
1.7321,5.049,10.049,-635.77,383.69,551.18,-104.59,-40.054,-291,17.69,351.59,-192.35,-25.373,0,0
5.1962,17.239,9.7189,127.9,567.12,-175.86,-15.337,-127.08,25.556,-32.627,563.96,539.28,-225.66,0,0
2.1651,26.051,3.3266,197.44,292.94,-548.17,91.953,-153.41,-102.56,-87.806,796.74,-401.78,-25.848,0,0
-5.1962,8.6962,3.5,-352.25,168.6,159.24,355.33,-80.029,-10.613,186.04,-55.976,-206.57,-207.96,0,0
-10.313,2.6136,-19.361,58.018,1026.8,-363.26,-99.481,-13.893,59.947,-103.79,419.07,42.885,-301.12,0,0
10.392,1.8349,-416.32,256.01,18.584,-175.03,-169.46,-5.9676,-373.62,-60.26,518.16,-84.403,-133.4,0,0
8.6603,12.067,-750.87,137.05,-223.93,80.941,79.688,-99.514,25.299,8.8298,40.491,500.12,-172.94,-93.752,5.1962
-15.588,17.137,7.2728,-108.87,84.14,278.26,246.08,-124.68,-56.581,554.97,120.41,-509.6,-26.156,0,0
0,0,0,0,-56.489,927.24,-123.27,-11.483,22.595,-117.41,238.46,-446.67,-27.147,0,0
13.856,16.926,2.5849,-463.51,420.57,786.65,-234.62,-177.97,470.61,-221.82,315.56,-708.67,-22.766,0,0
1.299,6.6651,-177.86,167.78,199.55,-97.399,-0.24862,66.059,211.11,367.72,129.73,-513.24,-23.143,0,0
9.9593,-23.004,-765.41,195.29,-149.19,20.167,-246.84,48.061,184.44,54.224,89.518,152.83,560.02,-183.82,-0.43301
0,0,0,0,261.85,0.085442,-189.09,-64.143,-158.98,-111.32,402.84,-333.98,-20.012,0,0
-6.0622,10.672,-4.8301,285.98,118.72,-104.31,-98.651,-137.06,-538.33,556.1,118.99,-625.57,-19.428,0,0
-20.785,-17.023,-767.58,215.73,-97.566,2.788,110.76,-65.133,186.03,9.362,-436.2,348.89,403.57,-181.61,-8.6603
20.79,25.092,-916.96,235.74,224.21,52.844,-101.91,-116.82,-183.51,-19.184,-139.04,347.84,891.81,-322.06,9.273
-23.816,-17.572,-853.11,230.02,502.29,-129.18,-80.444,1.8857,-120.69,-224.24,426.41,38.747,223.67,-155.43,-6.4952
24.249,24.462,-25.704,-327.26,658.03,6.5106,-61.248,6.7347,137.01,-311.62,300.9,-550.51,-20.901,0,0
2.1651,-0.1226,-681.01,323.22,368.11,-4.5136,492.84,-208.46,-100.25,-190.1,116.8,323.28,309.83,-166.54,0.61274
-2.5981,1.5066,-2.0377,-107.13,227.21,-292.18,-40.144,15.694,-39.449,496.73,686.9,-259.65,-20.923,0,0
0,0,0,0,877.73,35.989,-130.72,-92.633,245.54,-397.82,219.37,-491.46,-24.94,0,0
0,0,0,0,-749.08,241.86,-31.189,-251.52,236.59,378.46,436.76,-206.33,-19.134,0,0
4.7631,13.549,6.384,483.61,36.373,-209.4,49.728,28.858,-25.232,-16.558,-43.097,-719.7,-22.393,0,0
-2.5981,-26.709,-585.57,459.17,504.83,-283.12,1.4374,-92.379,-81.337,24.024,284.38,-258.59,-704.66,0,0
-2.1651,-5.866,-7.8481,-653.04,162.9,163.28,136.34,-93.93,-316.68,248.14,106.88,-209.93,-281.67,0,0
7.3612,22.654,-479.74,23.554,422.94,-78.744,-230.03,-34.449,-17.672,86.396,-208.49,173.98,222.9,-117.44,-2.5981
-1.7321,5.567,1.0981,438.03,594.94,-197.14,12.369,-64.411,73.619,-95.694,-139.91,-692.17,-27.446,0,0
-15.155,8.8187,55.926,22.796,-31.744,129.51,-6.9786,16.853,-306.49,-3.6589,69.653,-159.26,-377.61,0,0
0,0,0,0,318.87,122.67,-70.738,75.385,-200.85,551.5,-611.84,-10.327,-13.474,0,0
-2.1651,-1.817,-2.9821,-1095.9,415.36,-63.645,-5.1437,-221.4,7.2619,-62.974,-53.58,746.17,-248.83,0,0
4.4674,-5.0413,-821.84,475.34,-16.887,-71.462,-30.895,77.993,-2.4262,-88.063,434.69,396.01,-200.87,0,0
-19.486,-267.06,-22.845,-381.65,33.128,300.21,151.14,148.63,-206.39,483.37,132.21,-172.65,-94.803,0,0
-2.2443,7.9127,-823.84,25.832,160.6,25.343,-87.821,179.99,-144.44,-10.94,-122.17,318.35,16.967,-117.44,-2.5981
19.602,16.995,-733.87,538.22,596.45,-228.26,-73.011,-5.2434,34.004,-224.99,-237.22,173.53,102.09,-117.44,-2.5981
-0.86603,-1.25,-14.392,-14.879,918.43,-41.137,-152.16,4.9309,-170,-41.527,-227.46,324.2,-449.28,0,0
-17.616,18.585,-831.99,276.79,-36.988,-66.272,-193.7,-153.74,-4.349,-127.16,-291.3,282.72,490.8,-207.25,0.43301
-6.9282,16.776,1.4199,108.14,-42.518,103.04,-292.79,-7.8493,-188.2,167.34,-138.27,307.57,-649.26,0,0
-7.7942,7.0801,-20.783,-467.57,193.69,78.4,-75.43,-116.97,-71.89,127.19,641.81,27.801,-428.15,0,0
-16.021,10.796,-571.68,15.991,-271.35,-38.148,28.624,-118.91,-44.071,-5.6329,78.398,-49.919,139.59,-117.44,-2.5981
18.62,5.5407,205.69,235.83,436.61,175.43,-109.89,95.583,-1158.3,347.62,188.38,-876.99,-23.186,0,0
-5.1962,-11.482,7.4952,-261.12,559.02,-79.529,-294.9,14.714,245,-465.2,422.71,-557.76,-28.352,0,0
-36.373,-13.546,3,-339.01,276.07,423.7,-217.42,-104.77,22.948,325.76,218.73,-645.29,-19.759,0,0
0.11603,11.103,247.54,303.14,434.96,-199.86,-18.895,-240.64,-152.86,-50.108,405.52,218.87,-549.93,0,0
13.856,16.926,2.5849,-463.51,257.76,184.38,-54.941,-51.614,-62.858,-116.77,188.99,309.07,-197.16,0,0
9.9593,13.433,-747.97,500.84,-7.1915,-49.423,-90.625,9.1369,168.13,-127.55,406.8,459.04,-173.29,0,0
11.697,6.7925,-673.92,359.77,460.22,-46.357,91.381,341.41,-92.949,-33.756,-40.41,493.44,437.27,-226.22,10.825
-2.1651,-0.63397,0.40849,-243.93,337.42,135.48,-235.76,-211.87,-30.476,99.627,348.61,329.01,-203.66,0,0
-21.651,13.711,334.31,162.87,-264.28,-205.49,111.72,-44.207,6.3959,-155.13,-761.41,271.28,-750.85,0,0
-29.741,-23.863,-931.8,229.62,186.27,342.42,-242.4,-96.524,-67.288,-266.83,198.32,-20.022,25.342,-117.44,-2.5981
-14.722,0.0083302,-657.61,340.54,216.05,152.4,-36.683,96.06,-168.18,-225,245.71,452.15,-44.229,-83.946,-3.0311
4.7631,-3.3726,330.35,179.69,-15.804,-5.841,-50.554,119.25,-82.51,28.237,101,118.72,-640.92,0,0
0,0,0,0,561.07,589.9,-278.71,500.32,-201.62,-328.81,290.97,-552.16,-28.593,0,0
0.86603,5.866,3.4085,-573.32,116.16,225.16,-132.04,184.78,-140.37,-306.74,195.6,196.17,-160.3,0,0
2.1651,-9.4282,125.68,224.61,-116.26,32.767,-13.906,142.41,231.34,19.746,-31.452,4.4089,-562.81,0,0
12.557,-1.2763,-677.38,116.62,86.322,-136.71,11.712,74.823,-29.241,-179.6,-149.29,169.63,622.88,-202.44,-8.2272
12.13,-6.3433,-14.195,13.541,359.22,-78.069,12.411,-83.589,88.145,-357.54,-142.93,343.32,-505.58,0,0
0.86603,5.866,3.4085,-573.32,226.49,593.51,37.413,90.645,-39.809,217.68,-45.962,-656.53,-28.071,0,0
-10.825,-5.317,-49.332,-176.81,93.555,-62.791,19.891,269.5,99.982,2.2515,544.75,194.94,-609.67,0,0
-14.717,-17.074,-353.13,226.68,92.285,-185.26,-132.29,-75.224,113.25,-4.3513,472.97,462.03,-619.28,0,0
3.0311,6.5,3,-329.38,-205.87,133.65,-304.33,8.933,-215.71,40.694,268.95,-559.12,-24.046,0,0
0,0,0,0,173.56,254.7,-329.83,-128.2,-103.44,124.79,-273.47,-357.94,-21.889,0,0
-0.86603,14.678,-673.97,319.43,-169.61,215.25,-272.3,155.62,41.137,152.23,-191.14,350.01,-83.907,-97.134,3.0311
-14.289,-16.391,-774.82,208.83,522.25,-110.34,100.04,3.0923,144.49,42.473,-306.68,184.16,130.63,-136.81,1.299
-14.1,-8.328,-682.47,4.0859,378.32,-81.074,37.675,-4.6086,-262.71,130.87,85.794,184.35,-19.06,-117.44,-2.5981
0.43301,14.971,-507.54,294.03,305.9,-192.86,104.1,-119.47,17.132,146.94,-111.01,254.78,127.96,-140.87,-1.7321
11.697,-0.74519,236.09,159.1,-209.34,55.81,-207.98,222.67,66.69,-148.67,-99.607,303.07,-512.24,0,0
0,0,0,0,303.18,263.01,-283.16,-105.15,12.835,246.97,142.57,-473.64,-25.242,0,0
-12.99,-261.62,-203.01,-1.9307,-80.584,107.12,-176.16,-241.08,-166.65,-339.66,135.81,219.51,-148.72,0,0
7.3669,7.3349,-4.4387,96.265,373.64,-143.85,-205.51,44.921,-101.15,-243.06,224.45,517.75,-413.77,0,0
-23.383,7.5819,-182.39,-68.213,309.39,-102.15,-15.413,-2.7293,40.13,-189.35,-293.93,228.72,-591.25,0,0
0,0,0,0,-3.9455,269.77,517.29,-221.59,-686.21,692.23,-558.55,14.581,-21.699,0,0
0,0,0,0,-643.18,505.61,305.84,-355.17,-93.527,881.92,310.1,-189.18,-24.08,0,0
-19.053,1.6178,-496.33,167,-45.641,-120.47,-122.76,11.307,47.371,-242.09,-88.816,318.06,311.68,-199.52,6.9282
0,0,0,0,297.7,872.25,-207.47,353.01,-338.7,-4.1682,148.35,-588.7,-22.135,0,0
-6.0622,-36.582,242.97,382.15,161.4,-71.501,-167.26,307.81,-560.97,143.6,-533.39,403.78,-670.25,0,0
0,0,0,0,12.422,540.77,-271.74,-163.45,-45.144,450.96,-758.42,23.186,-32.628,0,0
-17.754,-27.482,91.643,-16.887,-46.367,-68.478,-90.258,93.227,-104.33,0.40794,576.41,229.41,-675.31,0,0
-11.554,-2.3631,-911.62,186.94,465.08,-314.7,-112.09,-51.756,104.75,19.157,-267.38,193.81,502.35,-207.25,0.43301
-12.557,-5.2058,-44.533,-44.847,74.412,110.48,-310.12,163.89,-234.74,357.75,130.32,309.78,-533.94,0,0
0,0,0,0,-662.67,513.07,351.32,-205.99,-159.85,647.02,225.26,-184.41,-20.4,0,0
-13.423,-2.3218,3.75,-746.25,583.25,531.84,-246.49,71.604,-204.31,-447.76,391.72,422.61,-204.98,0,0
-14.289,-1.0897,11.141,-561.34,69.138,-176.45,-129.42,-4.5855,-16.321,52.466,664.66,-718.6,-45.037,0,0
2.1863,3.0266,-839.66,253.33,365.94,-147.1,-83.632,19.16,-387.88,-168.87,-324.63,-97.308,401.39,-197.45,5.3914
-3.0311,2.0066,-766.41,121.65,196.45,-68.809,-65.545,267.02,-80.7,271.52,-290.3,59.369,-23.541,-125.37,6.4952
0,0,0,0,-268.41,590.27,43.095,-22.453,207.83,115.08,1027.8,-273.08,-27.517,0,0
6.0622,13,6,-658.77,408.67,572.07,-156.98,-146.85,150.64,-176.34,195.89,624.19,-252.45,0,0
10.392,-7.8564,-18.853,461.64,13.442,54.087,159.27,31.243,157.74,-62.623,527.88,155.75,-446.18,0,0
0,0,0,0,81.109,305.09,-281.82,141.21,-28.855,201.8,-278.27,-423.18,-24.613,0,0
0.86603,-12.27,-4.0718,838.65,513.98,116.84,-196.01,154.96,-100.71,6.5831,-146.83,78.83,-75.226,-388.63,-0.86603
15.594,7.2793,370.27,524.98,-247.01,-138.25,87.562,-281.78,-274.25,151.65,246.33,200.68,-588.18,0,0
1.299,-12.062,61.269,188.09,167.43,-82.576,120.03,223.6,60.307,-60.647,381.49,98.234,-753.71,0,0
4.4462,23.478,388.23,199.38,90.86,-54.735,-14.214,-82.107,-61.442,39.064,-212.58,319.77,-603.56,0,0
-27.713,-19.59,-933.68,61.25,-23.414,70.021,-274.49,-206.04,81.877,77.831,344.42,310.35,86.493,-129.08,7.7942
1.7321,5.049,10.049,-635.77,313.12,65.843,-96.903,7.9743,-10.414,803.28,518.18,-204.16,-16.887,0,0
15.161,-10.941,-188.97,414.9,497.63,-107.01,-178.72,-21.212,44.4,-272.79,162.15,-118.31,-115.73,0,0
-13.423,-0.35289,-1.4689,174.74,136.79,-266.84,-43.073,-276.7,-115.18,165.37,-145.44,-397.56,-259.55,0,0
6.0622,20.049,-505.03,145.6,185.84,-32.12,-5.3397,79.165,-395.44,70.801,-244.03,403.18,345.07,-185.16,-7.1815
5.1962,47.821,11.546,121.27,64.15,-150.89,-127.6,61.078,-108.53,136.25,-70.414,25.032,438.41,-313.28,-10.825
0,0,0,0,-356.03,235.11,-327.13,-31.299,-139.08,735.09,511.13,-203,-27.217,0,0
0,0,0,0,-565.99,641.04,293.25,-285.04,-296.71,307,-60.902,-428.65,-25.254,0,0
2.1651,16.964,-14.941,-257.73,228.05,-236.27,69.505,141.67,-251.11,365.57,701.34,-256.11,-20.469,0,0
0,0,0,0,-390.56,457.87,-227.74,223.97,-212.28,-88.051,690.83,-454.66,-18.723,0,0
14.295,3.4623,297.04,131.12,-80.313,-105.11,-123.27,9.9085,0.42541,286.55,331.02,101.2,-769.52,0,0
-2.1651,10.538,292.23,-27.975,20.804,99.484,-216.05,71.693,-8.7331,-84.351,-262.62,145.39,-682.74,0,0
0.86603,17.044,-337.68,155.47,-77.898,0.20633,-0.63397,-134.82,147.1,-99.574,-346.42,430.16,522.74,-183.82,-0.43301
1.7321,5.049,10.049,-635.77,184.83,668.72,-246.35,-190.46,59.922,-120.24,217.75,-282.65,-91.289,0,0
-29.445,-8.4606,4.8415,-671.82,143.81,-123.32,-66.81,-160.42,359.6,705.21,608.09,-215.11,-24.222,0,0
0,0,0,0,139.34,551.9,-34.489,-319.82,-140.63,22.114,123.28,-428.45,-20.029,0,0
-6.4952,-14.69,-345.68,2.4462,45.417,125.8,-86.294,-61.031,-107.39,-143.18,308.28,249.5,-161.01,0,0
-20.352,-7.4067,1.9085,-413.44,547.18,406.29,-363.43,37.773,73.937,187.82,114.31,392.26,-182.99,0,0
-4.7631,-11.781,-256.26,282.71,241.06,134.55,-100.57,-61.515,6.7406,-418.64,194.74,-63.213,-528.03,0,0
-13.423,-2.3218,3.75,-746.25,399.42,103.13,-139.72,-235.98,-276.91,119.88,325.49,-561.98,-23.023,0,0
0,0,0,0,-767.42,96.835,-47.672,-162.16,321.11,398.91,800.98,-213.16,-20.075,0,0
0,0,0,0,1.649,368.55,302.86,-268.25,89.259,15.614,-654.04,-2.8672,-16.684,0,0
-6.9282,-15.306,-13.067,-319.53,148.49,-25.651,-184.14,137.13,-78.205,-37.188,336.57,154.35,-159.2,0,0
0,0,0,0,358.76,493.9,-201.51,-368.1,29.131,-90.969,481.03,-164.34,-23.762,0,0
-13.423,-2.3218,3.75,-746.25,286.43,553.46,-308.71,147.86,210.99,486.91,270.07,-462.58,-21.95,0,0
-6.4952,-0.63397,-1.3529,-281.88,565.9,-186.94,-34.803,68.613,-90.408,-92.228,307.06,349.9,-380.94,0,0
1.7321,5.049,10.049,-635.77,14.631,79.44,-127.7,-175.32,300.86,66.424,345.54,-565.64,-32.637,0,0
-0.43301,5.0915,-16.843,44.881,261.97,-55.68,-78.277,25.133,-23.581,194.53,369.8,42.04,-466.22,0,0
-21.614,-1.9872,622.47,22.516,-97.054,-85.98,53.799,-68.4,-82.766,-370.7,208.4,81.095,-651.75,0,0
-24.544,-5.7273,-663.53,88.712,52.025,335.24,-86.393,-149.83,-82.994,12.323,34.225,223.84,470.61,-183.82,-0.43301
-12.124,-15.915,-674.47,265.53,373.74,151.94,-30.951,-190.63,-68.63,-298.19,150.37,414.4,184.73,-117.44,-2.5981
-4.3301,3.6651,-675.87,276.74,238.01,-155.77,63.449,109.84,44.62,42.302,-175.33,205.37,356.75,-167.57,2.1651
9.5263,-4.5867,-514.39,290.16,262.21,56.327,-143,13.864,-71.182,50.554,-40.49,112.91,239.06,-123.31,0.86603
-8.4437,-8.125,-864.01,338.57,802.41,-129.72,-223.39,241.67,148.09,-57.693,-517.22,169.47,556.73,-226.22,10.825
1.299,39.113,16.742,-6.8177,318.24,-148.57,-91.57,-0.60737,-92.069,92.339,-285.36,433.61,-367.68,0,0
6.9282,22.788,-0.68477,-148.79,149.32,542.19,-300.28,89.189,-187.68,-474.49,191.48,309.47,-303.74,0,0
-15.155,-0.27276,4.5,-498.89,296.86,506.12,53.366,2.7331,-31.283,-275.85,-268.71,205.72,-489.02,0,0
0,0,0,0,-15.654,1019.8,-127.06,-1.1227,-134.5,-346.79,493.89,-676.87,-25.659,0,0
-11.691,-8.3529,-596.61,162.05,-101.07,70.801,-11.378,178.63,-81.061,172.07,-280.77,540.43,190.61,-123.31,0.86603
-17.754,2.7404,9.1699,-39.939,60.015,-7.2177,-266.53,354.04,-59.17,493.61,92.033,-240.01,-21.309,0,0
-18.187,-6.7728,1.5,-169.5,370.36,1010.9,-456.73,18.158,-116.47,-137.74,-90.929,-236.42,-68.349,0,0
-4.7631,21.319,-7.8857,187.88,441.09,-390.84,92.851,-108.78,134.55,-133.01,-321.46,180,-652.35,0,0
-18.187,-6.7728,1.5,-169.5,356.97,840.12,-66.489,-104.81,-499.21,676.89,34.879,-140.76,-23.967,0,0
6.9282,-30.321,-505.66,262.83,106.02,52.078,4.0964,-159.07,-41.926,35.362,-24.148,220.3,426.7,-155.43,-6.4952
-6.4952,24.624,6.5784,110.06,746.21,-88.585,29.27,77.325,-841.64,450.74,-40.765,121.7,-337.26,0,0
-6.4952,-0.63397,-1.3529,-281.88,709.88,119.78,-26.1,-140.09,96.928,-232,366.29,431.03,-208.57,0,0
2.1651,-11.611,-746.98,463.97,403.93,107.43,10.095,-53.601,-139.04,-292.87,89.386,270.68,-199.6,0,0
-9.0933,-19.58,-651.82,455.7,133.18,463.59,-122.71,47.104,-62.319,-90.313,236.68,-157.81,284.47,-155.26,5.6292
0,0,0,0,530.29,54.017,117.15,-138.51,127.11,-55.685,408.68,-666.24,-21.651,0,0
-7.7942,-5.4264,1.116,-491.48,265.35,405.4,-219.09,-4.8631,-32.169,29.427,-260.66,-58.16,-23.312,0,0
-1.7321,-5.9575,-483.57,582.53,32.54,137.98,23.602,-18.179,-169.58,117.18,226.1,0.12708,565.08,-207.25,0.43301
-10.392,-4.5359,-14.879,-518.51,-158.14,171.62,-56.439,-160.05,211.07,-107.47,114.6,43.471,-136.35,0,0
0,0,0,0,253.51,407.24,-317.75,219.04,-37.695,26.508,498.97,-153.99,-21.409,0,0
22.955,7.2728,-742.64,263.96,-163.57,-35.464,-73.077,-18.74,86.822,58.517,-169.76,115.82,208.08,-117.44,-2.5981
0,0,0,0,-831.94,923.58,-11.523,-247.27,-85.024,645.25,-56.523,-146.37,-26.683,0,0
-2.5245,2.6887,-831.96,329.35,749.9,-324.6,-175.14,-126.3,81.659,-565.96,13.725,283.61,233.43,-155.43,-6.4952
-3.5527e-015,8.5066,-15.441,-141.32,660.5,108.28,-240.42,-58.671,-55.434,71.193,-4.8771,299.57,-504.75,0,0
-1.299,9.5556,-3.7141,-573.99,-410.12,281.19,7.3799,278.39,13.564,-211.25,231.76,632.39,-248.05,0,0
0,0,0,0,-662.91,338.38,10.374,-116.67,-88.19,-128.57,353.13,-712.1,-25.16,0,0
-6.9282,-8.9821,-746.46,322.96,-439.27,400.38,-124.18,10.148,-24.644,162.77,-88.187,460.76,552.64,-207.25,0.43301
-3.8971,20.948,-591.66,-44.123,27.636,281.46,359.44,-270.22,-68.031,146.34,-100.51,406.97,711.54,-242.21,5.1962
5.6292,9.701,-6.1226,-916.57,354.67,-201.92,-189.89,-154.54,108.28,-157.14,588.68,272.62,-180.67,0,0
-9.0876,22.789,-166.58,562.75,-355.58,39.335,217.58,46.583,-182.09,87.669,8.5127,202.15,-550.77,0,0
-11.691,-8.3529,-596.61,162.05,425.7,-283.8,-39.36,-41.187,144.15,-128.73,-270,108.64,597.28,-207.25,0.43301
-10.825,18.441,-11.807,-8.4254,81.13,-49.46,-50.48,0.11723,92.66,28.103,626.85,452.42,-550.26,0,0
0,0,0,0,-1143.8,507.48,766.31,-581.07,82.111,235.57,399.57,-193.82,-29.984,0,0
-30.607,-9.9038,-927.6,111.33,588.69,90.557,-17.736,-98.505,4.6609,74.803,-256.4,36.579,455.47,-194.27,6.0622
5.1962,6.7189,-12.415,-324.21,141.54,116.22,332.32,-645.76,274.72,185.63,-741.64,-6.5701,-21.875,0,0
16.454,32.306,-686.45,73.877,492.23,-152.29,-16.542,-174.42,-47.156,2.4823,-165.24,260.36,767.24,-252.57,-3.4641
9.9593,-7.3923,-615.16,120.39,-10.837,-140.3,-2.8397,-150.25,-63.597,127.33,-171.47,224.63,72.186,-158.8,7.1079
-11.691,1.0197,-506.2,239.69,166.56,-42.765,211.83,141.88,-194.19,-89.65,-245.02,166.51,373.39,-169.85,0.56458
9.9593,-11.301,120.34,-63.449,231,73.831,97.17,-104.85,32.413,31.675,419.16,676.23,-475.03,0,0
-30.311,-6.0276,-494.7,98.377,181.27,83.591,-239.37,-158.15,227.08,-87.934,64.375,472.45,-224.9,0,0
-5.6292,-8.4396,-522.57,303.99,137.46,-39.11,-178.81,-6.2692,30.854,115.35,-420.93,185.57,345.86,-155.43,-6.4952
-13.423,-6.2482,-691.72,50.503,161.08,-88.09,-91.226,-165.78,215.78,-11.445,-408.54,268.03,434.08,-181.61,-8.6603
5.6292,13.781,-571.68,129.59,201.62,8.9565,4.7028,182.39,-72.817,-92.958,-64.68,518.34,423.74,-195.21,6.9282
-13.856,-2.5048,-58.291,88.323,-94.102,-7.7353,4.7096,208.3,204.41,-14.244,433.65,276.07,-611.11,0,0
5.6292,-16.301,-684.75,153.65,289.74,-20.409,67.172,76.108,-356.55,144.85,-377.13,82.341,291.06,-166.54,0.61274
9.9593,22.69,37.463,681.56,4.4792,-103.28,31.648,-28.263,-79.474,99.836,-139.27,293.99,-557.26,0,0
21.724,22.975,-581.23,262.26,201.37,-107.03,-42.062,-107.53,-65.875,48.093,-11.763,370.91,570.8,-196.21,-13.725
-27.713,-29.67,-690.42,152.75,315.51,256.82,187.33,-143.42,178.05,87.668,-164.52,239.71,578.33,-221.39,4.7631
-7.7942,-1.384,197.55,53.67,241.69,-33.284,41.85,-120.74,74.068,-1.7892,490.7,162.82,-546.86,0,0
-0.43301,-1.5,-379.51,105.01,89.27,-119.64,41.103,80.279,212.61,-242.3,-158.6,94.933,-681.02,0,0
-3.8971,-1.201,137.42,52.276,66.056,-286.17,145.31,238.49,123.84,-329.13,-43.682,125.92,-755.34,0,0
-16.454,-0.84632,-235.86,216.31,217.59,-296.91,-30.591,-136.11,-63.118,-274.06,183.46,326.54,-530.16,0,0
-2.5245,15.769,-432.99,251.41,-12.348,-23.44,149.64,138.24,-63.587,46.138,-194.48,71.663,470.87,-177.59,-5.9306
13.423,15.592,-578.93,332.09,233.86,-203.59,-59.5,76.086,-22.719,-59.417,173.56,360.02,419.24,-185.16,-7.1815
2.1651,-9.5311,-602.69,45.481,135.31,-204.74,150.54,116.76,-75.165,-90.287,14.158,380.29,558.96,-185.16,-7.1815
-12.124,-0.96234,-652.16,397.51,-13.992,-42.587,-285.12,400.65,-227.93,-276.19,-43.177,-183.94,649.95,-181.61,-8.6603
0,0,0,0,641.21,47.421,-139.48,-49.68,-148.08,84.653,480.96,-454.26,-24.678,0,0
-12.99,3.0263,-597.64,98.62,74.373,100.8,171.58,91.059,-280.77,-82.803,-99.112,455.21,363.51,-181.61,-8.6603
7.3612,-6.3546,-327.33,211.73,346.68,-91.735,-85.726,-142.13,-122.8,-122.48,-192.21,245.47,114.31,-125.37,6.4952
21.218,-24.358,-594.39,201.71,-9.1229,-368.61,16.691,-45.156,64.832,-13.987,-128.95,333.43,575.92,-221.39,4.7631
-4.7631,-2.0179,143.1,27.83,6.7699,-45.479,-51.883,174.03,37.785,-296.12,-123.06,364.76,-668.27,0,0
6.9282,-30.321,-505.66,262.83,36.724,25.092,-27.213,24.865,-34.674,-102.17,54.317,123.66,385.15,-155.43,-6.4952
0.86603,3.634,-86.027,-34.586,181.22,104.69,111.55,-6.9455,189.15,161.44,408.81,86.354,-257.54,0,0
16.454,26.317,-21.912,59.751,-29.172,253.04,25.819,-63.396,1.812,-37.402,103.39,211.95,-611.58,0,0
3.0311,-8.5687,-443.6,67.819,165.61,-37.677,-187.45,94.209,-336.46,100.56,-55.653,252.14,-550.35,0,0
2.5981,10.165,-506.21,-57.993,283.53,-99.019,25.141,193.92,-138.63,-63.165,-38.66,489.02,-42.017,-125.37,6.4952
-8.2272,4.8122,6.3415,-831.7,190.96,406.02,-226.05,-11.363,63.662,27.933,81.624,-20.181,-133.73,0,0
0,0,0,0,-158.39,495.93,-42.83,-182.14,-23.082,-518.62,454.17,-321.55,-24.318,0,0
0.86603,-5.1651,16.727,-409.02,52.864,252.5,-116.29,-213.87,-46.87,-126.48,134.51,442.67,-201.27,0,0
-1.7321,5.567,1.0981,438.03,161.04,67.715,170.68,-177.17,-14.079,-158.54,548.87,498.99,-396,0,0
0,0,0,0,301.2,195,654.96,-415.3,-473.7,312.38,370.47,-525.09,-29.532,0,0
-0.86603,-2.5736,-10.964,331.9,178.86,433.07,-251.78,57.112,-87.7,188.07,333.1,258.31,-404.76,0,0
0,0,0,0,570.19,53.022,-49.474,-11.861,-110.82,-20.574,539.22,-506.63,-23.269,0,0
-19.486,-21.243,-5.9689,152.03,168.55,277.44,-305.19,-29.359,334.89,-37.055,-59.071,664.03,-250.98,0,0
6.9282,12.183,12.641,-721.22,279.89,426.23,70.319,-209.68,71.412,145.9,267.46,65.373,-137.08,0,0
-8.2272,4.8122,6.3415,-831.7,331.16,421.48,-312.83,-149.46,102.85,-299.88,97.938,526.12,-226.28,0,0
6.9282,12.183,12.641,-721.22,290.18,296.18,-40.832,-77.27,59.192,-86.435,147.69,257.18,-204.73,0,0
1.7321,5.049,10.049,-635.77,311,-45.334,-242.37,65.355,63.259,-191.38,308.9,652.89,-249.91,0,0
-1.299,9.5556,-3.7141,-573.99,-142.86,592.89,46.302,-207.38,-136.43,569.94,249.3,-723.88,-21.022,0,0
2.1651,18.69,13.214,-35.049,94.377,-142.11,51.153,-285.55,43.868,-102,105.04,308.27,405.22,-167.57,2.1651
-7.3612,3.9952,12.982,-894.15,191.14,486.24,75.294,60.944,-282.07,-398.44,210.73,209.89,-179.74,0,0
-6.0622,10.672,-4.8301,285.98,4.2545,168.04,137.09,19.9,-250.53,-425.5,294.45,-167.09,-625.87,0,0
2.5981,3.201,-9.1226,-587.18,60.151,-295.23,67.457,-454.57,0.6419,291.03,371.29,-160.09,-93.772,0,0
28.652,21.955,-5.817,-363.67,349.89,202.05,431.02,202.53,-61.813,-12.556,-387.27,201.84,5.1727,-308.54,-6.4952
-18.187,-18.408,-855.39,40.063,-39.71,105.64,121.4,-92.157,-251.56,44.664,-46.88,317.53,60.124,-83.946,-3.0311
-3.0311,1.433,-359.34,503.02,508.7,135.38,26.408,162.02,-108.92,-59.608,-66.939,240.19,429.74,-183.82,-0.43301
-1.7321,-14.538,-486.17,372.32,-39.042,67.367,5.1754,-32.461,5.34,-67.685,-132.85,118.14,96.197,-129.08,7.7942
0,0,0,0,67.749,473.1,11.375,-200.42,-331.73,386.75,293.83,-429.96,-19.512,0,0
-14.289,-18.609,-327.34,353.2,482.28,-126.82,-2.9482,4.5446,146.67,-22.135,-182.7,-79.035,214.55,-117.44,-2.5981
-6.9282,1.3056,-663.08,534.67,-12.964,140.89,-79.267,6.7503,-259.1,-296.39,12.949,214.27,167.34,-96.614,-3.0311
8.2272,2.5718,-6.4264,-98.564,819.12,-157.4,-200.68,37.525,217.77,202.29,15.323,162.48,-163.3,0,0
11.691,4.8349,-482.99,348.61,243.06,-52.048,1.3672,-54.258,135.94,22.657,102.79,179.74,572.4,-207.25,0.43301
-12.124,-4.0114,-588.69,518.96,449.18,79.924,38.661,348.81,-98.107,-165.07,53.883,80.417,617.54,-202.44,-8.2272
-19.053,-0.68125,-245.57,204.43,320.61,-119.35,-46.993,143.69,-48.815,245.3,272.28,-1.3678,-499.96,0,0
17.321,-6.9838,-422.47,709.02,455.53,14.569,-14.701,198.03,-99.048,-114.01,40.157,46.139,519.61,-183.82,-0.43301
-19.486,-21.243,-5.9689,152.03,93.44,-10.626,-150.84,98.408,49.622,-32.685,90.816,581,-385.36,0,0
0,0,0,0,161.22,121.67,-305.63,152.4,-60.141,227.62,340.65,-565.76,-25.898,0,0
6.9282,12.183,12.641,-721.22,448.9,-47.828,-15.657,-259.79,191.57,6.2383,67.043,145.92,-159.52,0,0
0,0,0,0,134.26,149.41,-209.18,-309.68,-21.4,419.68,122.93,-404,-22.381,0,0
-4.3301,2.2631,10.025,-388.62,331.34,-25.726,-104.85,-186.89,-247.41,386.37,-39.789,-109.36,-21.323,0,0
0,0,0,0,-542.94,445.13,66.22,-153.83,-137.59,240.1,217.94,-427.57,-28.945,0,0
-8.6603,18.624,-327.31,1.8774,67.006,62.256,-28.163,-84.955,-96.796,-369.17,285.57,143.62,-186.71,0,0
-20.352,-32.879,-18.541,273.13,-47.095,-123.88,124.94,-115.45,-26.451,-43.14,121.45,246.84,-569.45,0,0
6.0622,13,6,-658.77,234.37,839.66,-367.76,-78.299,-251.54,165.17,105.44,198.64,-136.33,0,0
0,0,0,0,-2.6423,173.32,-107.5,-312.18,-25.449,196.98,-757.78,5.677,-23.072,0,0
1.299,-11.971,0.62917,-226.61,-35.651,935.41,-225.33,112.57,-204.52,-172.44,552.14,-87.825,-681.03,0,0
-20.352,-7.4067,1.9085,-413.44,329.48,6.0072,-162.96,-127.91,-123.11,571.37,161.41,-406.72,-85.732,0,0
-22.517,1.845,-675.93,119.81,477.66,-156.57,199.31,165.17,-73.062,-171.12,128.8,171.41,453.21,-181.61,-8.6603
-4.7575,-24.118,-25.676,209.07,120.39,-2.9489,-120.17,-152.23,5.2887,-84.844,123.95,-29.689,307,-450.27,-9.5263
4.7631,13.549,6.384,483.61,56.864,17.899,116.57,-132.12,18.883,-26.848,-353.54,-43.114,168.11,-497.76,0.43301
1.7321,5.049,10.049,-635.77,328.28,120.98,-295.09,291.72,-241.31,-223.84,357.56,313.01,-176.61,0,0
0.86603,5.866,3.4085,-573.32,413.84,277.54,71.4,-80.256,-79.709,-95.889,248.46,315.45,-184.65,0,0
2.5981,-12.91,-354.11,117.91,37.875,258.69,-79.792,78.915,-124.48,-73.06,-139.93,-99.622,288.45,-123.31,0.86603
-4.3301,0.41506,-6.8726,40.361,203.4,206.3,-56.664,-120.73,29.94,-88.977,158.3,175.04,-387.44,0,0
-20.647,-6.582,0.66418,77.795,181.61,340.02,342.24,-114,-58.941,-241.69,-279.08,-102.34,339.79,-330.36,-17.754
-0.43301,-1.0915,-727.63,480.83,612.77,-220.7,43.192,85.335,-88.646,-280.92,-67.604,182.76,371.32,-183.82,-0.43301
6.0679,-11.178,-246.2,254.55,107.35,-290.85,149.75,-277.72,65.317,-264.53,192.4,41.258,-68.178,-94.006,-3.4641
1.7321,5.049,10.049,-635.77,513.07,728.39,-79.579,-188.58,-41.595,-103.07,-283.4,221.77,319.77,-167.57,2.1651
-20.647,-6.582,0.66418,77.795,104.44,248.97,-235.69,-157.99,-74.045,75.267,85.015,162.1,-656.51,0,0
-3.4584,-5.5066,-15.841,30.946,224.44,-253.48,161.4,185.14,-118.34,-309.43,43.864,489.02,43.674,-227.88,-11.691
-6.0622,-21.696,14.173,-34.371,257.16,-209.86,-194.24,-56.935,-189.64,-347.03,26.11,221.98,-737.32,0,0
7.7942,10.609,-6.6471,-315.61,372.19,579.61,-355.23,-181.58,-75.701,327.16,393.19,-373.86,-68.93,0,0
-6.0622,1.6471,-12.118,10.674,463.95,-112.4,-73.714,147.08,-396.39,456.36,-115.56,-293.26,-26.165,0,0
2.1651,-12.312,-227.92,344.13,-212.37,108.14,-176.6,40.5,-89.728,-144.38,392.56,512.58,-233.81,0,0
-17.754,-492.87,-15.374,166.61,-67.633,-8.1707,-84.41,-106.69,-5.8317,-103.41,310.97,364.15,-222.58,0,0
0.86603,-6.2386,388.91,122.36,125.53,65.394,18.726,106.91,100.2,173.29,122.24,63.391,-648.58,0,0
-8.2272,-6.2925,56.231,70.601,139.94,-350.51,60.502,105.24,145.2,-141.69,537.45,258.19,-610.43,0,0
-11.691,1.4151,-182.75,228.02,234.04,-7.251,143.22,-170.98,-23.786,-77.502,619.12,-446.54,-69.906,0,0
3.0311,9.5981,386.44,39.189,435.15,-46.546,-160.75,53.994,-229.73,-486.31,561.43,-54.81,-749.51,0,0
11.237,14.32,-613.67,-74.733,379.8,2.6779,91.764,-324.61,-137.44,-847.13,434.1,416.01,-346.98,0,0
-4.3301,-14.794,-16.536,238.99,70.304,-186.47,25.125,-5.7015,-274.32,234.22,536.88,-432.01,-26.92,0,0
9.9862,10.847,-72.496,-541.55,125.15,70.212,3.1872,170.86,-193.47,865.63,112.81,-297.01,-96.161,0,0
2.5981,20.886,20.609,-459.29,78.792,-113.69,77.329,-107.84,48.259,717.72,210.6,-274.02,-29.955,0,0
-7.7942,-10.141,-527.82,359.54,81.908,332.31,-43.253,98.285,-261.15,-395.22,807.21,-476.52,-64.872,0,0
1.7745,-28.532,-24.015,37.49,137.45,454.26,-286.13,52.773,99.558,-53.642,376.59,31.275,-754.22,0,0
-11.691,-12.853,238.3,436.93,-51.033,-15.375,94.771,9.3539,-265.26,87.033,326.75,17.935,-565.03,0,0
-2.5981,-4.6405,471,273.61,124.71,-13.996,159.28,-165.22,-63.13,157.42,-79.241,160.64,-689.98,0,0
-7.7942,1.0066,157.11,-16.368,38.7,-106.27,38.384,-243.58,66.163,188.42,46.701,101.23,-345.14,0,0
2.5981,24.745,-155.46,474.62,29.961,-266.77,18.423,-348.02,193.57,334.35,-6.4417,-72.732,-129.63,0,0
-11.691,4.1357,-492.55,165.53,90.068,-242.27,-227.19,158.85,21.161,274.25,405.13,-226.69,-19.836,0,0
0,0,0,0,-919.19,382.97,861.31,-429.55,-106.7,110.26,-24.424,-87.248,-22.227,0,0
5.6292,9.701,-6.1226,-916.57,-74.997,-89.818,-151.92,-192.67,-83.273,488.25,638.79,-228.57,-18.366,0,0
-21.651,-8.0407,10.964,-850.71,205.61,552.22,-217.08,179.88,-511.36,530.61,119.59,420.51,-200,0,0
3.4641,11.806,21.007,-74.633,891.01,180.39,-382.02,-136.64,274.12,767.28,169.75,-706.97,-23.682,0,0
-7.7942,13.977,9.634,208.16,66.724,-103.72,-145.75,-64.976,-78.634,94.703,447.62,17.916,-546.77,0,0
-14.289,4.1848,-1.4886,-235.3,-351.84,204.91,-54.334,-191.5,152.45,-80.811,472.51,289.55,-179.74,0,0
-1.299,-20.977,-679.99,101.53,528.75,48.589,-71.991,19.798,-277.88,125.6,66.979,166.66,-58.305,-97.134,3.0311
-8.2272,-2.0849,27.134,103.33,-277,279.77,171.25,-34.548,40.15,-63.101,410.04,-43.224,-629.55,0,0
-3.8971,5.9462,-499.8,368.03,436.59,-209.31,61.564,-107.94,35.768,215.09,383.1,259.63,-568.82,0,0
14.216,5.8738,-744.46,579.09,47.739,-75.912,181.24,-184.78,-208.98,-24.734,103.45,-286.46,516.04,-199.52,6.9282
0,0,0,0,608.53,400.81,71.835,-290.83,-538.21,277.03,514.33,-213.82,-23.085,0,0
5.6292,-13.167,-17.926,483.86,82.664,179.12,134.95,27.948,-206.92,16.621,68.384,-39.126,-138.16,0,0
4.5099,10.254,-0.94647,758.18,116.74,337.11,216.87,15.372,-164.14,348.37,-82.351,321.5,-347.22,0,0
14.728,6.1878,-18.099,267.84,324.89,347.75,34.8,-187.2,-32.301,-188.43,-86.891,17.192,-423.4,0,0
26.419,30.232,-587.31,84.638,510.04,343.62,-422.82,-99.28,53.127,-195.99,246.52,249.24,-568.17,0,0
9.532,21.422,-346.83,-1.3859,145.49,480.39,-63.396,5.9598,-145.74,290.41,184.48,802.42,-273.53,0,0
-6.4952,11.977,-493.39,-5.1956,33.042,112.23,-195.68,-17.888,26.229,-181.8,-3.4904,161.06,437.83,-155.43,-6.4952
-4.1136,-17.48,-675.91,387.08,518.97,-282.49,110.07,1.6809,39.08,-249.44,249.75,21.021,-208.97,-47.382,2.5981
6.5009,13.525,-14.983,-6.1953,1.7527,354.9,-41.926,107.81,-136.06,-45.039,-152.39,-30.404,3.1963,-264.13,4.3301
0,0,0,0,-51.03,38.714,-194.57,-131.34,-218.85,487.43,567.03,-348.24,-23.37,0,0
-8.6603,-21.489,-604.82,138.09,41.649,261.17,-163.86,247.31,276.21,-230.54,-105.14,145.9,225.1,-136.81,1.299
-8.6603,-4.5425,-423.87,275.82,144.57,25.184,-146.18,137.89,49.275,-110.57,86.796,99.214,113.69,-123.31,0.86603
-13.423,-4.5359,-675.51,202.09,-31.951,-169.62,36.19,238.49,-62.684,-61.892,-380.97,202.38,574.86,-207.25,0.43301
-15.588,3.2649,-511,38.021,-77.587,99.618,73.775,-135.11,32.287,129.58,17.909,86.767,241.4,-155.26,5.6292
-5.6292,-9.5604,-750.16,285.03,72.204,-166.96,55.383,334.59,-55.205,-241.07,69.618,-105.22,571.26,-202.44,-8.2272
-15.588,3.2649,-511,38.021,-5.1389,240.79,-198.91,-54.879,-186.64,90.215,392,31.18,-43.44,-125.37,6.4952
11.258,7.8595,-580.75,308.93,-4.635,-299.53,-122.7,-63.054,396.17,-144.31,388.82,166.32,-138.28,-97.134,3.0311
-14.289,-1.0897,11.141,-561.34,405.85,992.53,-31.03,-233.2,-129.81,-196.05,116.66,-564.13,-21.595,0,0
-0.43301,3.3971,-921.85,190.73,13.882,50.247,-21.49,-21.666,-74.934,46.749,339.33,30.15,145.87,-144.14,1.299
7.7942,25.038,-843.78,279.02,16.652,117.44,-146,-79.53,-130.02,-162.41,-71.564,122.87,632.5,-242.21,5.1962
-16.887,-10.523,-667.17,31.42,138.51,360.17,-195.54,128.4,-286.03,-45.296,-145.62,95.921,534.2,-202.44,-8.2272
-7.7942,-15.183,-410.52,202.22,119.26,362.03,-205.06,-90.967,-212.48,-305.45,348.11,361.95,-191.19,-70.434,-0.86603
8.2272,6.6519,-582.34,24.023,301.26,-142.91,17.276,21.098,-90.885,-139.12,42.198,147.6,274.14,-136.81,1.299
-32.909,-32.145,-762.27,220.07,96.311,-59.294,-146.19,108.96,-167.02,60.13,142.02,27.762,524.82,-183.82,-0.43301
15.229,19.896,-833.22,189.93,-36.734,-297.66,-314.71,361.36,-209.53,237.47,-13.859,124.66,-185.9,0,0
-11.691,-2.0114,148.16,-75.497,265.06,119.89,124.91,-63.743,-68.583,36.322,307.89,50.167,-690.46,0,0
-7.3612,1.5801,-402.13,336.99,402.43,-165.26,-89.776,57.202,134.53,-102.06,-79.371,613.14,-249.15,0,0
-13.423,-0.35289,-1.4689,174.74,41.214,-19.816,271.78,206.51,-97.3,-94.845,191.17,323.79,-179.04,0,0
-11.121,-3.1866,-506.58,-10.763,465.64,-52.264,1.9475,-41.429,-163.61,-104.73,-243.87,146.8,210.69,-144.14,1.299
-4.3301,-14.794,-16.536,238.99,251.79,356.94,-78.861,43.54,-562.59,441.57,374.94,-365.66,-19.08,0,0
-0.43301,5.0915,-16.843,44.881,181.49,63.137,70.355,-173.98,70.367,523.36,165.97,-801.77,-23.106,0,0
-4.7631,-15.982,-345.66,204.13,600.43,94.291,-82.291,141.01,-238.29,-205.55,255.01,257.89,-603.78,0,0
-9.9593,-24.013,-144.32,120.2,81.468,-219.44,16.95,-120.73,-405.53,198.58,580.3,560.89,-612.19,0,0
-6.4952,12.77,-3.6292,-90.518,9.3705,168.86,-111.42,-192.19,-82.524,316.91,185.05,317.78,-176.3,0,0
-4.7631,-9.7631,304.84,90.896,265.63,-273.16,-210.09,-117.01,-153.12,375.34,170.5,503.26,-509.69,0,0
15.229,-5.2526,-25.851,132.98,381.53,-168.67,63.836,108.4,188.73,388.04,61.023,385.09,-211.49,0,0
-15.588,-12.761,-596.8,28.183,295.09,-160.47,-127.73,333.83,-102.45,-541.78,325.72,313.8,-200.52,0,0
-10.392,-5.2303,-499.75,-5.939,261.84,251.43,-84.809,78.162,-455.23,130.48,164.69,361.79,-225.09,0,0
6.9282,12.183,12.641,-721.22,170.19,597.78,-160.18,83.534,-318.7,-199.77,125.86,-56.844,-136.84,0,0
0,0,0,0,-888.2,377.39,211.49,55.418,-362.63,741.83,712.52,-290.55,-25.142,0,0
0,0,0,0,1.66,184.29,645.99,3.5553,-185.39,612.27,-641.43,-4.6088,-25.4,0,0
-8.2272,4.8122,6.3415,-831.7,33.815,566.19,-24.586,-113.85,-126.36,139.56,243.17,696.65,-246.06,0,0
-11.258,-1.6878,3.3415,-502.31,484.48,-1.2593,-150.14,177.06,204.33,272.8,298.59,87.532,-158.85,0,0
5.6292,9.701,-6.1226,-916.57,380.8,752.98,-188.15,-94.858,-246,-150.57,207.88,98.715,-136.34,0,0
1.7321,5.049,10.049,-635.77,109.41,88.943,-194.92,134.29,68.165,-299.7,112.49,-71.324,-110.67,0,0
-9.0933,1.9886,-247.46,471.03,396.76,-119.62,220.22,91.804,-335.15,26.017,162.51,89.008,-716.17,0,0
0,0,0,0,-260.87,395.1,167.93,-120.09,-533.3,-148.02,-5.4125,-546.39,-21.04,0,0
0,0,0,0,467.51,345.95,-431.62,159.54,-401.12,-91.331,500.68,-361.07,-24.19,0,0
0,0,0,0,250.72,-45.197,-94.582,-163.78,23.623,390.35,235.9,-366.47,-33.942,0,0
-6.0622,1.6471,-12.118,10.674,211.24,-80.705,-97.191,99.378,-53.037,-12.089,332.32,588.78,-510.2,0,0
13.856,16.926,2.5849,-463.51,222.75,774.85,88.59,-258.24,-120.53,-442.55,610.07,67.39,-177.78,0,0
12.124,22.415,37.481,129.69,518.42,31.344,-323.78,19.76,-18.927,-316.61,308.97,575.27,-414,0,0
13.856,16.926,2.5849,-463.51,114.16,791.75,119.72,181.95,-48.369,-160.81,298.26,-790.51,-29.625,0,0
-3.8971,-11.964,-853.32,283.93,555.35,-274.79,83.168,-40.68,93.328,-35.866,-374.88,125.42,612.81,-251.11,4.0768
-6.0622,-1.25,-181.99,143.52,-243.64,188.51,-126.38,-21.421,-54.11,20.811,497.46,512.81,-388.11,0,0
-7.3612,3.0131,-2.5801,35.922,30.271,191.51,-7.9623,-33.064,-186.97,-310.17,339.77,-699.74,-26.266,0,0
7.3612,15.658,-338.6,-24.208,224.93,-143.22,-57.486,138.36,39.158,-550.91,237.39,41.367,-147.52,0,0
3.4641,-152.95,-487.44,142.03,102.57,82.138,181.87,145.01,-156.8,-87.531,385.67,644.93,-245.12,0,0
-26.847,-0.34456,-489.84,86.027,180.98,-73.401,-8.7647,-95.064,-481.7,106.45,22.636,-256.69,-87.956,0,0
-1.299,3.817,-341.98,267.47,-155.24,-55.128,48.685,259.15,-254.54,102.87,884.49,-395.95,-12.672,0,0
16.021,30.556,-569.54,283.72,154.02,128.92,-267.1,67.612,-460.05,444.31,482.75,-542.73,-67.274,0,0
1.299,6.1716,270.1,-62.183,-319.62,-129.2,-52.333,5.8179,91.535,207.12,118.78,88.541,-447.17,0,0
-11.691,-0.65673,292.32,126.34,-100.34,85.271,103.64,105.1,81.883,-68.361,572.71,202.71,-440.96,0,0
3.4641,-2.4216,103.48,96.802,-191.12,13.371,62.621,-35.74,33.217,-171.94,170.19,98.682,-544.38,0,0
10.392,-7.8564,-18.853,461.64,577.49,-230.13,-93.908,174.64,118.69,35.847,-204.5,97.821,109.52,-400.31,-16.887
-3.6071,30.57,-328.29,621.09,119.32,103.42,-251.95,18.169,-10.766,-171.25,-438.54,242.62,91.685,-123.31,0.86603
-4.3301,-7.1651,-676.04,343.11,-451.42,60.574,34.562,-102.51,160.1,145.32,-34.01,159.04,281.08,-136.81,1.299
7.3612,11.549,-13.466,-223.7,-314.43,-126.49,163.62,-10.693,-77.743,142.25,534.2,665.88,-246.43,0,0
16.021,1.8218,-589.26,-53.569,170.23,30.906,175.21,-208.05,-99.28,75.362,-65.366,124.83,504.1,-140.02,0.43301
-8.0687,18.782,401.85,384.49,-281.1,-167.07,35.203,-36.447,-343.7,227.02,371.21,89.944,-685.74,0,0
-7.7942,13.977,9.634,208.16,472.04,-419.85,13.926,91.698,-253.56,-184.11,106.94,62.676,-397.9,0,0
3.0311,1.5114,-12.866,-65.15,178.26,-299.74,-26.778,-55.271,-168.73,610.49,-240.47,-487.58,-20.1,0,0
6.0622,29.27,5.6388,-4.253,335.09,-81.849,-167.12,45.32,-36.997,-200.66,-34.165,531.36,76.735,-176.45,-4.0523e-015
-3.0311,4.5066,-667.69,37.92,-341.03,-228.2,-106.9,-196.97,142.06,-3.083,537.35,471.19,-234.18,0,0
5.697,-4.7072,-252.17,780.43,-390.18,-16.85,132.75,80.594,-260.88,149.01,426.5,-164.24,-26.908,0,0
-29.308,-14.515,-6.7132,-366.22,113.81,217.31,-42.024,-117.85,-55.816,83.35,202.85,167.07,-156.57,0,0
4.3301,12.623,11.268,-1029.5,324.46,-173.57,20.069,146.14,-575.98,316.98,482.62,-221.47,-23.635,0,0
7.3612,11.549,-13.466,-223.7,-54.134,268.53,-31.733,-170.55,-39.732,-83.415,383.18,306.14,-184.01,0,0
8.6603,-3.2272,-14.525,249.86,38.101,0.98862,5.2811,151.3,-328.99,163.94,300.38,-122.62,-91.505,-203.51,-21.583
-2.1651,-3.2811,-3.9199,60.944,303.3,39.288,-58.614,4.1152,47.571,265.3,-49.482,-18.038,-37.609,-273.31,-7.1022
-10.392,-8.7745,295.38,18.116,106.94,95.747,130.93,-63.582,-170.32,-221.51,16.981,103.79,-395.42,0,0
-1.7321,17.343,8.5228,69.349,75.326,552.63,236.61,49.49,-138.56,-363.04,381.85,284.97,-504.48,0,0
-8.5867,-5.4208,-756.37,-0.43581,172.82,48.369,-147.82,-246.4,-348.36,-143.79,183.3,202.01,-227.97,-70.434,-0.86603
-9.5263,-5.3595,244.47,-0.4133,73.221,-89.825,287.22,-81.796,-126.22,-2.7425,476.23,175.39,-773.98,0,0
8.6603,13.719,-7.4151,284.07,307.02,-106.17,-70.574,114.03,-259.28,160.58,117.42,72.873,46.389,-343.75,6.0622
-14.722,-5.8104,-522.05,162.98,127.34,-26.744,37.349,-256.2,406.01,-165.94,1.512,180.31,25.529,-65.605,-3.0311
-16.021,-20,-285.13,137.38,373.15,30.453,-67.215,-209.77,189.35,-438.92,148.26,520.68,-222.06,0,0
16.887,-21.845,-667.49,139.48,340.6,-131.56,81.63,-164.09,36.896,-65.818,-164.79,183.73,409.71,-155.43,-6.4952
5.6292,-21.075,-683.42,206.73,118.67,-225.53,189.13,156.69,-125.83,-381.86,13.555,166.06,153.45,-158.8,7.1079
1.299,-0.23862,-583.31,73.491,65.996,-201.22,234.97,-100.87,-15.2,-241.71,347.62,-385.91,-89.366,0,0
-24.249,-6.9917,-600.34,184.16,177.59,-92.258,74.368,-103.97,-26.425,-4.6613,622.92,159.71,192.62,-134.52,-0.86603
-16.454,-16.007,-518.12,43.952,-100.88,-81.701,-100.96,0.030099,40.212,94.032,97.626,655.53,-271.11,0,0
-16.021,-20.268,111.02,136.88,41.662,-147.14,-23.953,359.55,193.18,314.99,35.347,567.93,-738.94,0,0
-1.7321,3.799,-527.06,46.028,173.94,146.43,-70.237,-2.1941,-10.171,-99.726,-29.762,379.83,-200.77,0,0
-5.6292,-4.2075,-595.17,233.81,13.533,-123.7,259.57,-50.748,1.3579,319.54,72.561,283,75.577,-69.373,-3.0736
-3.0311,19.002,359.48,530.68,109.12,187.63,169.63,-51.279,-105.33,-259.8,-386.06,341.44,-729.86,0,0
-5.1962,0.59808,-492.35,58.237,-1.5671,-153.1,152.05,53.043,-120.98,291.11,373.05,-45.659,-585.73,0,0
-36.373,-13.546,3,-339.01,293.74,251.23,16.692,-142.27,-14.848,-456.81,254.73,-735.28,-17.981,0,0
25.553,20.005,-14.19,-135.74,833.09,38.512,180.99,-305.99,-491.61,325.26,186.21,-127.72,-91.978,0,0
3.4641,20.959,-505.01,185.26,131.41,-136.62,-57.978,-104.25,-15.716,-603.35,282.25,679.7,-268.22,0,0
-16.423,12.168,613.99,49.522,-423.55,88.052,3.003,13.474,28.357,288.8,75.038,-172.86,-559.69,0,0
5.6349,-4.2566,-345.59,-152.01,386.63,628.45,-205.88,-146.83,-267.52,426.83,154.39,-639.37,-20.067,0,0
0,0,0,0,87.372,588.93,-184.23,132.01,83.496,108.99,277.4,-468.18,-23.453,0,0
-13.423,-2.3218,3.75,-746.25,156.73,763.69,-86.383,-51.728,-499.51,167.9,606.5,-254.66,-19.886,0,0
-20.352,-7.4067,1.9085,-413.44,287.14,688.31,-261.32,-8.4104,-274.12,-290.35,199.58,-627.63,-22.427,0,0
-15.884,-20.883,-18.037,-212.92,-566.45,95.17,225.16,-301.72,-215.78,139.4,332.99,-203.99,-26.741,0,0
-4.3301,-1.2679,0.81699,-487.87,223.64,-7.4933,-32.833,-173.06,42.813,301.96,-1087.5,17.569,-20.89,0,0
5.6292,7.9689,-12.922,241.18,359.46,100.94,-88.075,-14.885,86.291,6.737,106.74,-601.4,-24.639,0,0
-15.155,-0.27276,4.5,-498.89,263.34,673.19,-479.15,-168.58,-410.13,213.76,536.24,-195.96,-26.341,0,0
0,0,0,0,-1216.8,512.36,222.47,-27.209,-522.25,200,9.6341,-121.21,-24.123,0,0
-29.445,-8.4606,4.8415,-671.82,181.71,368.55,-161.36,-278.36,-458.18,346.17,685.56,-229.16,-21.505,0,0
-3.0311,1.9085,-516.72,-33.771,345.03,30.295,-54.987,-144.07,45.681,-533.37,172.49,-145.06,-137.85,0,0
-17.754,-19.609,-117.04,376.01,382.95,35.244,-0.67956,41.526,-21.032,-767.97,156.83,376.93,-550.52,0,0
3.0311,6.5,3,-329.38,86.478,235.53,149.26,172.23,-484.86,213.31,205.84,-672.67,-24.444,0,0
-15.588,-12.951,-5.1454,-519,-30.258,-177.28,212.65,-210.43,172.37,159.44,454.53,-445.13,-23.602,0,0
13.423,15.592,-578.93,332.09,148.66,251.87,-125.36,31.8,-121.28,76.333,240.01,678.02,-252.12,0,0
0,0,0,0,78.489,294.4,4.3052,121.2,-158.66,570.68,269.92,-267.14,-24.07,0,0
11.713,15.636,-749.22,148.46,273.3,158.43,27.995,325.37,-89.414,-128.75,-302.5,187.52,440.85,-181.61,-8.6603
0,0,0,0,632.9,351.75,44.531,-273.66,95.325,38.855,133.35,-607.43,-19.953,0,0
-0.76554,20.668,9.0984,-407.76,137.36,50.505,-293.33,-136.42,-113.49,41.121,487.07,-218.02,-23.207,0,0
0.86603,5.866,3.4085,-573.32,198.28,289.41,-160.67,-347.57,-234.37,80.568,146.89,352.04,-176.73,0,0
11.258,-8.5328,-14.567,-150.02,-2.2007,-18.369,-105.6,182.11,95.335,-54.118,382.46,-541.31,-19.101,0,0
12.99,17.743,-4.0556,-401.06,347.39,529.89,-118.95,-12.198,-523.75,-335.61,249.25,-632.49,-26.082,0,0
-5.1962,8.6962,3.5,-352.25,343.34,128,-4.04,82.344,-85.111,131.12,510.92,-232.42,-91.433,0,0
-29.445,-8.4606,4.8415,-671.82,261.86,267.03,106.58,440.8,-98.69,-149.7,258.77,301.56,-180.22,0,0
0,0,0,0,647.33,284.01,-295.65,373.68,-7.1335,-183.19,406.77,193.4,-362.47,0,0
-7.3612,-15.946,-525.13,-18.758,-24.495,-58.692,-4.5123,74.83,-81.529,153.14,20.999,386.97,-188.06,0,0
-4.3301,2.2631,10.025,-388.62,151.08,179.92,-177.01,-274.56,233.83,464.11,-746.35,25.944,-22.589,0,0
6.9282,12.183,12.641,-721.22,368.32,-249.22,112.17,-11.386,-110.98,-94.058,685.61,205.49,-203.03,0,0
8.6603,-3.2272,-14.525,249.86,22.68,-157.08,285.96,78.25,-301.4,-39.229,116.44,-788.84,-26.933,0,0
-29.445,-14.199,-333.42,169.65,312.54,2.6751,-334.16,253.87,-173.31,97.455,82.437,201.57,-132.74,0,0
2.5981,3.201,-9.1226,-587.18,52.223,201.01,-38.112,46.281,-226.61,465.83,209.39,-364.17,-48.877,0,0
-4.3301,2.2631,10.025,-388.62,353.74,-115.71,53.519,241.76,-407.88,297.44,376.47,-193.3,-18.491,0,0
3.0311,20.196,-253.03,150.35,-55.916,-59.214,28.306,64.644,-14.932,-177.79,417.84,-553.45,-29.179,0,0
2.5981,3.201,-9.1226,-587.18,210.58,194.61,-19.471,-90.194,-66.685,-326.65,374.79,-607.51,-25.148,0,0
6.4952,9.9755,2.4085,-752.89,186.32,79.103,-369.31,168.38,-192.34,138.12,-446.74,-22.978,-24.142,0,0
-25.115,-20.237,-3.5718,343.23,79.524,290.64,-262.96,-160.97,193.54,-175.75,192.76,767.39,-273.32,0,0
-0.86603,-16.306,-823.31,350.97,-27.795,-108.19,159.11,-42.073,249.29,161.42,-23.787,498.9,384.86,-162.99,-0.86603
1.299,-11.66,193.99,251,-166.3,-218.63,92.855,-75.748,-51.719,-117.28,-220.49,44.169,-440.45,0,0
-4.3244,-5.9264,292.2,-38.788,-123.93,29.591,9.0763,204.74,-253,-308.14,146.71,18.804,-502.69,0,0
-20.763,12.499,381.33,581.96,-71.988,-36.988,39.254,162.99,-49.97,-97.392,-355.39,280.59,-706.11,0,0
-4.3301,3.2745,-507.18,-8.5239,447.33,23.168,-118.25,95.451,83.528,-257.52,471.42,-361.8,-69.149,0,0
0,0,0,0,-34.731,457.36,-283.78,-268.43,358.64,-119.26,337.01,-99.705,-16.545,0,0
1.7533,22.955,126.57,173.31,-58.995,134.08,162.93,2.2888,-62.639,-344.94,210.75,384.75,-434.72,0,0
-16.454,5.5018,-5.299,12.231,148.42,17.943,-85.357,-137.45,-81.824,99.555,732.53,259.82,-385.93,0,0
9.9805,31.832,-338.91,181.58,136.61,-150.87,-128.79,57.676,-76.786,-264.13,117.53,347.89,-203.53,0,0
6.0834,21.216,-573.52,194.04,256.36,6.974,163.11,125.49,-72.958,329.19,-61.342,269.12,-185.65,0,0
-29.878,-2.9426,-395.64,77.433,-145.02,10.446,81.189,161.13,29.437,-52.719,521.44,-167.71,-766.82,0,0
-2.5981,3.3056,-230.06,380.87,211.44,-278.34,-66.135,196.76,-65.721,-53.863,444.42,-718.85,-29.623,0,0
0,0,0,0,17.522,60.258,422.6,-64.627,-300.47,545.65,503.88,-424.52,-22.168,0,0
-15.155,13.863,-755.19,234.49,224.7,-220.75,152.72,27.866,-133.09,43.468,63.729,486.02,434.94,-183.82,-0.43301
-4.7631,-7.0066,-6.7925,-246.73,89.497,-165.79,-122.78,155.44,92.902,-94.02,441.52,285.77,-442.84,0,0
14.231,10.144,-23.043,-101.33,182.75,237.98,-140.25,2.849,-216.42,439.5,220.06,-527.16,-19.252,0,0
-5.6292,1.4575,-8.7141,377.24,98.03,-197.92,20.441,-114.31,-18.82,-48.172,125.34,419.65,-423.73,0,0
-16.454,-16.007,-518.12,43.952,-47.419,68.382,-2.0772,-57.959,25.832,285.41,-103.87,391.5,-505.98,0,0
-20.352,-32.879,-18.541,273.13,43.463,-30.922,-101.04,32.055,130,244.37,-133.57,34.338,-458.67,0,0
-19.486,-21.243,-5.9689,152.03,224.15,20.339,166.41,188.46,-235.55,-65.266,363.33,645.86,-224.33,0,0
-2.5981,9.2321,-5.817,-280.13,-17.581,-98.051,231.14,-108.26,-442.09,582.23,165.37,-36.588,-232.22,0,0
3.0311,6.5,3,-329.38,228.99,38.236,-249.56,195.47,-118.81,-58.051,109.29,-547.3,-19.96,0,0
-12.99,-1.7728,-342.77,88.856,3.5789,-74.598,231.81,-87.538,65.968,290.62,-89.353,-410.81,-45.933,0,0
-10.392,-4.5359,-14.879,-518.51,138.21,49.86,-262.15,53.658,-330.57,-59.184,-12.588,238.93,-159.19,0,0
-6.9282,-9.7321,-5.8104,6.5305,158.97,-53.695,193.74,259.93,-696.54,251.75,-50.07,68.599,-361.27,0,0
17.759,16.335,-663.76,231.89,91.654,-87.334,127.21,-86.283,-5.2404,73.154,-103.17,97.325,292.1,-144.14,1.299
0,0,0,0,615.72,17.403,379.73,87.745,-715.12,223.54,637.64,-453.89,-21.07,0,0
-6.9282,-5.451,-14.886,135.6,73.647,322.12,99.321,51.74,185.36,-263.29,208.84,422.87,-203.8,0,0
7.3612,-9.3433,309.7,346.25,-85.169,35.139,-187.75,335.25,297.41,-30.673,-3.9589,190.51,-529.35,0,0
-0.86603,12.946,9.5915,-284.58,355.3,154.13,-183.8,42.514,-159.4,386.79,326.48,-537.87,-19.061,0,0
4.3301,24.928,203.79,-85.319,152.98,135.99,244.84,118.36,280.51,-90.267,113.06,256.9,-511.63,0,0
-9.9381,14.229,-494.15,416.53,14.597,8.6912,45.935,435.82,195.26,-200.79,177.89,298.94,141.17,-87.776,-8.9617
0.86603,-9.7877,248.41,-42.202,81.529,146.19,-18.439,-158.07,112.68,111.04,151.74,373.03,-644.47,0,0
5.6292,13.781,-571.68,129.59,265.26,329.89,29.605,-126.22,-34.981,127.31,-208.1,47.863,-4.5443,-94.548,-4.5679
-25.115,-20.237,-3.5718,343.23,11.186,-62.56,38.713,-24.336,-8.9098,82.1,432.33,138.92,-419.57,0,0
-19.053,-20.969,-334.5,-40.929,120.99,149.98,12.09,109.63,243.82,118.39,-54.652,48.371,55.141,-47.382,2.5981
1.299,7.2075,-13.892,-131.29,732.78,-333.45,-68.814,1.0095,-31.879,183.83,405.99,455.29,-227.04,0,0
10.825,-22.137,-192.7,309.83,59.422,-381.96,-149.66,-113.78,161.17,302.56,116.45,-52.008,112.78,-136.45,11.892
-11.258,-1.6878,3.3415,-502.31,3.5412,298.51,-107.79,-365.32,44.654,601.24,59.514,109.09,-141.24,0,0
-36.806,-13.979,-434.46,-32.979,45.65,-217.45,156.08,-86.484,130.8,-285.68,342.05,511.93,-220.31,0,0
12.124,19.542,-253.98,-1.0066,154.59,-114.6,22.166,-328.6,47.769,-181.82,135.25,377.26,-185.69,0,0
-2.1651,-3.2811,-3.9199,60.944,15.761,44.807,-118.6,-169.23,-258.66,253.15,382.77,-437.84,-24.12,0,0
-23.383,2.6489,-2.8905,8.0098,70.094,388.6,-52.836,162.08,-167.26,-315.69,449.42,625.54,-357.61,0,0
-7.3612,19.283,-80.164,135.65,44.873,158.08,-241.36,96.394,123.17,318.6,392.57,-566.17,-18.992,0,0
3.4641,10.018,-8.3905,203.94,108.96,194.1,-108.05,55.187,-371.13,131.89,62.157,-109.8,-23.726,0,0
4.6627,-77.113,-494.08,-23.775,29.976,-213.61,-20.123,-221.64,-53.05,416.96,-6.2587,164.07,-181.13,0,0
-15.155,8.8187,55.926,22.796,-3.1209,11.392,-96.612,-204.4,-10.238,-307.23,561.58,331.26,-628.15,0,0
-15.504,15.071,-57.658,323.68,-197.27,-130.92,-195.07,62.632,147.7,-55.299,304.26,301.91,-579.97,0,0
7.3612,20.475,-12.873,-351.81,305.49,281.68,33.877,136.84,165.11,51.505,223.52,-158.24,-22.01,0,0
-19.486,3.7828,-174.17,160.12,122,5.1703,38.886,86.274,-194.14,-322.24,227.33,257.76,-180.06,0,0
12.99,17.743,-4.0556,-401.06,385.79,47.209,-62.871,-251.15,101.71,89.951,409.03,374.21,-181.58,0,0
-15.155,-13.116,-761.1,125.99,41.502,-138.96,41.27,90.562,-67.303,-22.647,-278.94,214.09,-249.54,-52.361,-4.3301
0.86603,5.866,3.4085,-573.32,231.84,515.63,-132.38,-49.204,249.14,-416.58,-22.424,259.83,-175.89,0,0
36.653,24.136,-169.46,-770.79,195.22,179.83,-147.65,-23.89,-196.91,416,127.12,-472.86,-62.031,0,0
-9.0933,-2.7859,-4.1651,-271.67,-120.37,809.07,37.262,-66.276,-198.8,-268.04,64.836,414.29,-371.23,0,0
0,0,0,0,215.19,887.15,-184.75,-58.356,-143.13,42.093,138.62,-458.34,-15.165,0,0
-7.3612,3.9952,12.982,-894.15,474.44,293.89,-468.27,8.9686,85.622,-30.582,231.92,392.31,-183.97,0,0
-11.691,8.1962,-5.7255,453.13,430.19,-308.18,-277.25,-151.75,36.476,189.09,339,-189.91,-478.38,0,0
-5.1962,8.6962,3.5,-352.25,42.629,464.98,-230.69,-79.55,-111.09,-275.04,177.13,-631.64,-22.609,0,0
-6.0622,1.6471,-12.118,10.674,407.16,-54.372,-310.5,-39.377,-6.6528,155.99,113.76,260.47,-350.24,0,0
-8.2272,4.8122,6.3415,-831.7,249.22,594.51,71.523,-173.05,122.72,-243.75,116.65,180.31,-133.69,0,0
0,0,0,0,405.38,827.52,-67.922,-113.2,21.978,497.79,-95.969,-471.11,-23.849,0,0
0,0,0,0,-82.6,471.68,176.77,-301.69,-60.612,3.3292,-32.636,-666.68,-24.18,0,0
-18.62,-2.7596,-576.13,134.84,377.26,-62.223,44.799,-120.41,-259.83,161.94,-38.698,90.837,66.321,-117.44,-2.5981
-14.289,-1.0897,11.141,-561.34,441.34,84.321,-259.36,163.45,-2.6112,265.57,200.4,0.86439,-135.46,0,0
8.6603,0.73686,366.11,123.88,-109.4,200.24,179.58,31.398,-248.78,-12.374,179.81,92.058,-537.88,0,0
-15.155,-15.085,-616.12,114.86,46.653,-125.44,68.219,89.254,-39.568,-91.938,249.76,163.3,400.22,-162.99,-0.86603
-13.286,18.355,129.24,98.016,-70.652,168.78,-188.85,-64.489,-156.12,-153.01,426.53,28.939,-528.76,0,0
-9.9593,9.8253,273.61,221.58,167.84,168.37,27.797,-39.824,181.47,77.964,129.24,77.765,-582.29,0,0
-17.754,-12.371,14.294,-860.74,331.35,-28.207,-121.13,63.56,-275.97,-52.391,203.26,543.19,-255.69,0,0
-13.423,-6.2482,-691.72,50.503,2.0297,-90.669,-15.869,140.45,-101.74,-94.323,-127.54,-55.07,481.81,-183.82,-0.43301
16.454,-24.608,-433.48,408.26,-263.8,24.792,385.33,-174.06,-369.53,-101.33,42.902,-61.781,299.93,-176.09,6.0622
3.8971,-11.636,-507.57,157.03,7.7144,100.67,-63.546,197.9,32.5,-106.41,4.7219,47.407,362.73,-162.99,-0.86603
11.691,7.9444,-508.97,168.24,59.877,-95.929,84.946,54.953,-25.669,64.295,-370.05,299.26,532.4,-183.82,-0.43301
-13.423,-17.19,-521.01,226.41,-68.124,351.16,50.513,-40.765,-3.6397,63.67,249.23,34.545,273.69,-144.14,1.299
4.4409e-016,-16.745,80.715,-43.882,-135.39,111.77,-81.363,106.39,-36.045,101.09,66.323,105.5,-458.79,0,0
-8.2272,-8.451,-496,132.23,-56.49,201.3,-213.04,-69.385,4.7488,-21.717,76.364,74.428,-209.7,-26.423,-16.454
5.1962,3.6764,-755.32,324.12,242.98,-104.08,-152.16,-174.76,-131.57,165.39,37.732,182.92,-187.2,-65.605,-3.0311
2.5981,-12.745,-678.49,238.09,204.43,-32.097,-94.029,3.3443,115.43,-290.54,168.79,37.17,388.11,-155.43,-6.4952
3.8971,-14.319,178.85,117.82,9.23,251.31,197.76,-131.85,-133.01,204.57,79.512,76.149,-653.57,0,0
-27.28,-3.0946,-501.64,156,232.85,70.771,89.445,98.183,159.52,-104.05,544.55,77.816,173.89,-136.81,1.299
-1.7108,4.3077,-930.75,284.02,115.95,-65.871,-94.974,83.207,-6.3448,-40.825,168.92,-95.977,553.56,-224.93,6.2419
-22.517,1.845,-675.93,119.81,38.755,48.51,18.567,112.63,164.4,15.826,45.512,5.0607,42.124,-93.752,5.1962
15.155,10.145,160.25,-106.74,4.1293,176.56,-122.7,59.231,205.88,87.485,-28.794,61.733,-587.03,0,0
-21.218,-24.585,-845.45,319.2,-62.093,-25.774,244.63,18.82,-206.66,-81.635,150.87,-106.96,524.92,-195.21,6.9282
-13.423,-6.2482,-691.72,50.503,131.74,-125.44,508.1,-19.201,79.486,-42.402,45.035,-34.868,518.49,-181.61,-8.6603
10.392,1.8349,-416.32,256.01,87.541,241.32,11.55,98.457,-17.121,185.82,61.877,-80.639,211.73,-136.81,1.299
2.5981,-0.68301,206.75,152.44,63.598,186.92,-62.619,-24.538,-0.20304,-77.529,172.19,60.249,-494.01,0,0
-22.517,1.845,-675.93,119.81,108.74,221.5,-121.65,80.671,-155.58,59.932,92.077,99.195,7.0421,-129.08,7.7942
2.5981,-1.8301,527.86,226.7,16.137,-60.772,21.445,-85.011,-130.64,-230.49,210.86,-58.071,-619.97,0,0
-14.289,-29.044,-620.32,233.15,-149.02,-223.55,250.93,-29.326,-143.39,-55.06,-183.25,104,270.83,-144.14,1.299
0,0,0,0,292.29,605.86,-340.48,-190.53,-11.881,410.05,271.21,-559.21,-23.027,0,0
-6.9282,-21.636,-591.96,347.28,160.49,-23.29,-39.961,-8.4237,-58.411,-190.6,99.284,150.7,468.82,-181.61,-8.6603
-27.28,-3.0946,-501.64,156,34.853,-96.566,267.85,73.675,-163.49,-79.421,283.55,3.0526,-381.42,-47.382,2.5981
12.124,33.203,-500.3,103.52,-25.419,435.31,54.176,-65.431,-147.89,-147.44,-14.843,161.52,10.862,-129.08,7.7942
4.3301,-7.4772,265.37,136.66,218.32,-341.93,395.58,40.292,-47.593,-389.6,-71.307,-123.99,-602.91,0,0
-34.208,-35.036,-519.29,138.04,114.97,-264.86,54.773,132.43,-180.81,-266.24,456.58,-60.715,-20.117,-125.37,6.4952
-0.43301,1.884,256.2,23.792,198.77,-199.61,11.31,-194.98,41.209,-79.54,285.96,-76.25,-667.77,0,0
1.7321,1.2141,-674.29,119.81,257.63,-91.151,-200.5,140.41,-389.29,79.359,78.235,-45.513,460.8,-176.09,6.0622
-19.053,-11.523,31.976,48.626,-112.88,313.38,173.6,-90.544,69.066,-79.121,160.12,64.889,-581.18,0,0
-8.6603,0.81218,-586.53,312.62,17.188,5.0504,-91.482,93.117,-73.419,-247.14,165.47,60.415,5.5817,-97.134,3.0311
1.299,13.714,-4.8301,432.66,41.022,-77.063,126.21,117.73,-167.89,101.68,169.64,319.51,-322.69,0,0
0,0,0,0,79.046,95.168,167.39,-406.22,325.36,-316.34,149.05,-672.98,-22.339,0,0
-15.155,2.1357,445.72,82.352,189.11,23.816,46.965,43.716,-38.009,-513.1,150.14,215.5,-637.47,0,0
-5.6235,0.14711,216.24,71.219,291.67,-50.664,72.23,-158.07,-122.24,527.92,-61.335,118.49,-604.68,0,0
10.825,11.634,-649.11,-57.331,29.524,70.322,-10.224,52.228,-198.09,378.29,224.97,-174.03,-278.93,-68.55,-1.299
-7.3612,-12.299,-18.696,-500.14,148.14,-49.303,520.84,-369.47,64.325,206.39,143.52,572.13,-345.35,0,0
-11.258,11.551,15.458,-383.07,220.77,-175.95,104.32,-117.69,-59.563,187.1,123.99,-40.469,-458.85,0,0
-3.4641,-5.5556,-844.28,225.12,-23.676,-34.13,133.9,-82.75,23.973,81.753,71.472,97.979,634.61,-223.8,-8.898
-11.691,5.1848,459.32,87.071,150.07,279.81,-104.67,31.937,-110.13,150.59,233.18,254.34,-795.59,0,0
-12.124,-19.531,184.68,-29.958,172.26,-68.004,93.144,364.75,-36.957,-123.1,25.478,7.99,-693.82,0,0
-16.887,-12.804,-754.06,69.392,483.67,-228.85,14.902,-26.469,51.399,17.969,-387.9,373.81,749.21,-271.93,4.5099
-0.43301,-4.4216,-19.098,104.69,119.23,-99.584,-179.97,-102.07,133.54,-122.11,-1.1492,62.847,-567.96,0,0
-17.754,-6.0718,56.901,284.54,35.196,68.357,196.95,46.235,-147.02,-526.89,-280.97,492.22,-531.12,0,0
3.1046,-1.5075,-176.78,-15.284,441.62,88.557,7.5163,52.902,-123.54,-389.25,28.167,628.21,-256,0,0
3.8971,3.4019,43.638,180.71,171.67,-52.337,-40.419,-80.254,189.51,260.77,31.181,-89.667,-610.93,0,0
-6.0622,7.0867,115.56,42.253,67.039,102.75,93.523,-201.34,71.411,-196.69,-373.66,164.96,-627.65,0,0
-9.5263,-17.792,-751.66,148.48,282.9,-75.541,-56.102,142.08,133.51,-138.77,-121.93,462.18,221.71,-118.01,-14.722
-14.289,-8.0718,-663.33,111.91,443.2,-197.39,-186.93,-76.559,-89.606,-210.32,-2.3694,370.4,708.11,-242.21,5.1962
4.3301,-10.319,-20.556,17.892,37.7,-74.886,-51.578,289.02,-217.86,-152.8,562.8,315.04,-629.29,0,0
16.887,-21.845,-667.49,139.48,419.29,-201.71,-132.93,52.644,226.09,-256.73,-101.93,104.29,157.5,-140.87,-1.7321
4.3301,24.928,203.79,-85.319,-142.22,-22.372,165.15,205.35,-180.36,-372.99,174.94,183.56,-644.17,0,0
-9.9593,-17.458,58.671,104.99,340.66,3.7337,-92.279,-327.07,-252.08,52.967,353.94,245.8,-543.27,0,0
-16.454,27.046,22.443,-91.021,295.01,29.416,-117.56,169.3,-248.57,-422.89,564.83,402.55,-650.9,0,0
-3.8971,22.685,4.4378,336.25,18.286,35.764,73.018,-203.3,29.97,-21.673,628.84,-80.587,-691.29,0,0
-5.8457,-21.547,-420.56,76.386,196.11,-66.269,426,-65.614,50.881,119.94,-89.234,229.53,-551.83,0,0
6.9282,-15.082,191.15,23.115,-189.39,-208.56,-81.841,-269.81,59.562,-539.39,-296.55,196.76,-687.46,0,0
-1.299,18.928,156.61,-7.321,101.35,100.56,-151.76,24.869,65.731,352.58,215.5,217.24,-399.89,0,0
1.299,3.433,510.6,28.89,41.461,-79.496,-70.436,197.2,-123.27,168.55,191.48,495.78,-613.38,0,0
-5.6292,15.044,-676.9,213.31,19.562,19.731,-20.396,-173.66,478.12,20.729,-169.16,-24.631,274.33,-117.44,-2.5981
-13.856,4.4103,56.236,119.15,76.865,104.34,-50.651,0.48381,144.13,-51.416,77.425,403.98,-446.27,0,0
4.7631,-16.856,145.8,-79.533,113.96,-21.002,9.2745,73,162.1,-68.694,-119.77,140.74,-561.75,0,0
-17.321,2.4593,132.92,-41.842,114.76,53.589,79.023,162.28,-78.899,-94.376,-325.82,180.35,-522.3,0,0
3.0311,-5.5131,174.79,241.12,-113.45,-44.259,52.094,-95.664,-141.36,-69.107,-94.929,96.667,-684.4,0,0
-2.1651,4.2386,14.982,-63.996,135.44,-6.81,99.13,260.65,-526.8,386.24,-189.45,-169.06,-20.397,0,0
3.8971,-20.49,268.34,103.94,-70.871,-140.04,51.828,-48.303,7.3284,-110.8,422.1,495.95,-510.58,0,0
-2.0278,18.59,-41.219,537.72,93.633,-308.95,155.68,-140.99,-37.49,-301.92,605.9,347.96,-373.01,0,0
3.4641,31.234,43.541,-26.827,-288.42,-60.833,-233.2,83.891,-78.403,-44.529,-726.79,351.64,-834.19,0,0
-14.289,-11.194,233.35,81.556,24.555,-86.971,-180.81,48.756,-89.235,197.84,-173.57,80.523,-606.58,0,0
-3.5527e-015,15.214,-83.692,88.225,60.414,-27.035,-54.814,28.111,2.6409,-239.4,377.81,735.77,-273.15,0,0
-9.0933,-24.458,209.63,228.98,-186.19,-2.4363,-2.5756,145.37,113.63,136.24,-82.094,399.37,-689.21,0,0
3.0311,3.067,216.11,272.21,183.53,-48.885,-69.253,42.348,-94.362,69.012,-28.238,215.29,-585.22,0,0
1.299,22.477,81.642,111.27,-6.4403,149.49,-147.27,-30.085,-47.509,-422.62,-318.4,141.25,-563.72,0,0
3.0311,-9.6357,-428.61,94.799,213.25,49.456,63.705,65.917,24.732,-146.68,-92.475,97.95,201.15,-123.31,0.86603
-3.0311,31.1,134.47,264.11,253.33,-13.693,210.89,203.36,-201.72,184.92,451.39,185.53,-429.59,0,0
-5.6292,-17.52,-433.61,62.648,11.526,261.62,-85.396,1.663,-31.383,-253.11,391.01,92.633,242.53,-132.68,-2.4665
-6.4952,21.99,-346.53,90.702,-109.89,12.65,-253.85,-151.29,-71.409,-122.31,-137.64,246.53,122.59,-136.81,1.299
-5.1962,-10.542,-569.86,310.99,432.32,-95.072,-166.39,67.45,-9.7169,-107.44,177.16,235.58,430.32,-185.16,-7.1815
7.3612,-8.5687,-359.47,221.73,176.46,-179.68,19.45,-20.132,135.79,-174.07,-442.1,562.08,-615.69,-29.012,6.1046
-2.1651,-10.415,-346.53,-40.419,466.57,120.47,31.608,-341.35,219.06,-65.611,42.603,197.49,-483.53,0,0
-12.99,-27.77,-773.78,272.26,104.37,-82.585,-193.07,124.37,-180.09,-295.67,93.036,42.785,501.29,-183.82,-0.43301
-13.423,-4.5359,-675.51,202.09,364.52,-183.4,-25.997,-142.74,-10.327,-339,-285,127.23,497,-183.82,-0.43301
6.9339,-10.66,-487.28,358.54,67.073,10.056,-136.13,19.518,-23.551,467.69,173.17,711.01,-395.39,0,0
6.9282,8.701,-259.41,20.054,191.43,-39.35,-80.214,18.878,-227.63,-233.61,183.36,228.47,-549.64,0,0
2.2811,45.413,334.02,365.1,123.08,-353.77,-174.32,0.066492,-162.38,-475.26,187,-271.78,-824.63,0,0
-0.86603,-11.665,-79.895,181.38,-102.68,853.65,-365.32,171.78,-410.39,245.88,205.86,-501.75,-96.823,0,0
6.9282,12.513,-830.92,259.76,-31.599,-153.87,-6.288,-92.633,17.511,-82.097,259.96,15.62,466.82,-183.82,-0.43301
-21.218,-3.3822,402.36,11.92,441.07,-241.24,-86.171,6.9068,-128.7,-325.79,276.03,-30.718,-746.22,0,0
-13.856,-22.337,-20.498,182.41,219.42,305,177.31,-69.505,197.75,-41.16,652.62,-78.594,-421.99,0,0
24.687,4.0276,-854.17,14.565,64.686,414.76,-34.814,-17.774,-71.497,-748.38,194.71,110.42,474,-226.22,10.825
-6.0565,14.265,-916.12,292.87,612.84,-254.88,-155.58,118.92,144.83,-71.093,-107.1,142.12,386.51,-207.25,0.43301
3.0368,-11.446,-703.05,104.73,476.28,-14.394,-43.7,26.578,165.72,-236.4,-424.73,178.56,49.627,-123.31,0.86603
0,0,0,0,534.61,296.4,184.65,-49.352,49.952,-133.53,-538.31,580.86,-427.83,0,0
11.258,10.268,-647.81,211.6,-79.264,-108.09,73.86,14.386,-19.041,31.62,-272.89,415.85,153.87,-140.87,-1.7321
1.7321,5.049,10.049,-635.77,265.46,559.52,-16.886,-71.95,-94.325,-110.91,-47.567,344.02,-185.85,0,0
8.6603,13.719,-7.4151,284.07,-33.967,-114.67,176.1,84.898,-177.3,-137.82,564.96,395.73,-426.28,0,0
-5.6292,1.4575,-8.7141,377.24,94.693,-133.71,-194.1,-139.22,-235.55,-110.07,232.53,-13.576,-56.907,-299.01,1.299
-4.3301,2.2631,10.025,-388.62,75.793,4.6671,-25.214,-79.675,108.16,-35.614,479.02,-362.49,-70.884,0,0
-10.392,-4.5359,-14.879,-518.51,216.67,92.676,-276.05,252.24,-49.519,481.57,393.35,-48.121,-133.89,0,0
-12.99,-7.3529,-15.879,-181.42,290.56,-17.328,-145.42,81.583,-23.107,390.24,-12.858,-490.03,-18.315,0,0
5.1962,3.6764,-755.32,324.12,-26.774,-107.21,-66.095,61.24,53.425,-88.528,-162.32,287.21,434.19,-183.82,-0.43301
-6.4952,16.392,-252.8,216.17,33.65,-269.52,207.27,214.17,138.3,-14.581,311.43,-241.94,-87.931,0,0
7.3612,4.8708,-14.257,-74.474,51.482,152.12,-77.193,189.95,-236.18,188.44,-23.081,324.13,-446.21,0,0
2.5981,8.5736,15.415,-86.231,136.68,-303.63,25.409,-10.484,-77.065,-28.058,330.93,421.59,-200.05,0,0
18.187,11.743,-814.99,192.5,-64.756,28.336,-93.746,149.69,-46.315,-130.84,-115.54,585.48,763.19,-225.87,-7.3612
-16.454,-13.768,-662.05,51.935,423.86,36.494,-34.366,146.86,31.782,-446.86,120.55,805.44,-299.58,0,0
-7.7942,13.874,-74.513,-57.132,310.37,-40.825,186.13,178.06,20.526,-103.23,152.72,-167.02,-438.01,0,0
-0.41178,21.089,78.109,111.07,-153.27,-23.106,159.55,280.71,-99.785,-135.02,237.01,197.79,-657.02,0,0
-27.28,-3.0946,-501.64,156,-78.308,-255.35,-32.85,98.631,24.365,354.01,45.085,380.47,-228.31,0,0
-4.3301,3.2745,-507.18,-8.5239,356.27,-39.728,-62.597,119.32,-232.98,354.52,217.07,-671.72,-21.249,0,0
-22.517,-20.359,-769.56,164.45,191.45,-170.52,-155.88,187.58,233.4,157.78,303.21,166.56,-520.25,-40.772,-7.2296
0.43301,23.276,6.1813,-183.3,75.097,140.78,-76.607,88.928,-228.65,463.78,420.61,-813.03,-25.648,0,0
9.0933,-2.0131,-426.97,177.78,-109.38,-89.658,-126.19,-290.58,-134.76,-306.17,49.475,591.64,-255.42,0,0
7.3612,11.549,-13.466,-223.7,156.06,141.51,173.76,-131.99,-269.41,150.86,426.02,-314.53,-23.379,0,0
-12.99,25.278,-324.8,-140.92,221.85,147.04,32.216,-41.358,-20.623,343.28,86.574,570.1,-250.45,0,0
-18.62,-30.812,-419.26,205.23,337.04,-78.047,154.72,112.24,166.89,210.81,148.24,340.64,-201.81,0,0
-16.454,-0.84632,-235.86,216.31,339.88,-254.57,62.863,-38.872,-52.46,-160.51,307.17,262.48,-386.12,0,0
-0.43301,-27.283,-519.73,43.043,110.65,-185.1,-22.436,35.675,73.764,327.69,159.83,616.09,-253.08,0,0
-16.454,-16.007,-518.12,43.952,120.03,-41.028,-26.675,-112.63,-54.118,414.28,143.75,-769.87,-21.98,0,0
-15.155,-13.116,-761.1,125.99,551.04,36.306,-341.46,-25.798,-329.64,-188,279.87,455.79,-232.22,0,0
7.3825,22.35,-669.37,307.98,184.95,-209.49,-137.64,-84.342,-97.155,78.589,30.302,-1.4873,65.511,-126.86,2.3448
0,0,0,0,166.06,203.87,-310.4,124.28,-401.4,1043.3,422.01,-468.3,-25.717,0,0
-11.258,-0.55385,272.81,169.48,-275.52,16.723,-86.82,-123.98,-123.66,-75.478,308.73,17.949,-525.56,0,0
-11.691,-7.7679,-3.9444,-196.43,189.57,58.522,268,-42.426,-487.98,228.88,140.38,-583.59,-23.594,0,0
-129.04,-48.347,-5.7631,-507.23,107,348.15,-29.033,-14.637,-427.87,158.55,773.66,-257,-17.395,0,0
9.0933,-2.0131,-426.97,177.78,357.92,3.6543,-40.091,88.326,-55.048,171.17,257.09,-258.8,-93.783,0,0
-26.847,-12.907,-439.61,92.095,310.73,21.265,-98.582,376.52,-66.468,590.91,70.218,503.69,-231.12,0,0
-1.7321,-3.0556,-9.5604,129.94,-106.16,-61.585,368.93,-65.81,-276.81,578.78,40.82,423.33,-17.322,-190.31,3.6226
-28.579,-21.962,-742.01,-88.779,496.88,-92.863,-19.359,-55.34,99.602,-385.29,196.37,523.03,-222.45,0,0
7.7942,19.982,-3.6537,291.46,345.63,99.309,17.969,60.873,-72.632,-163.87,124.73,294.7,-867.62,-267.41,-11.691
-8.2272,-13.598,-7.6029,220.66,14.566,-107.98,17.531,-240.66,-152.3,418.41,123.03,-780.97,-25.513,0,0
-5.1749,1.3992,-413.27,177.59,320.46,275.23,101.2,-25.633,-76.567,112.06,7.828,290.14,-184.21,0,0
10.831,1.4378,-515.33,138.73,353.14,-131.51,15.946,-265.06,-8.2265,42.387,-27.817,149.45,65.392,-96.614,-3.0311
4.7631,20.665,-11.446,105.83,22.412,-8.6827,-13.278,12.353,-219.98,221.35,749.05,-544.31,-27.792,0,0
6.9282,14.915,-667.54,243.53,-265.06,263.79,131.41,129.74,-58.743,-400.3,14.79,-255.71,-117.96,0,0
7.0018,28.293,-492.71,249.83,497.51,-43.051,-465.9,-20.92,-50.476,159.19,106.83,161.15,150.07,-125.37,6.4952
-19.486,-21.243,-5.9689,152.03,-46.645,22.05,-6.9233,189.94,-57.995,554.87,348.32,-673.97,-142.62,0,0
12.124,21.19,72.297,12.533,132.25,-32.305,-234.52,317.66,-141.11,-23.451,308.66,103.23,-626.09,0,0
-1.299,-33.722,-606.26,143.75,404.95,-147.77,102.64,87.888,-29.675,-78.93,53.491,359.07,345.18,-155.43,-6.4952
6.0622,15.574,-77.493,-38.699,174.64,-158.69,-104.61,59.734,-106.2,20.67,660.78,393.86,-556.54,0,0
-9.9593,-7.3529,267.73,165.56,-220.63,88.433,-71.765,195.71,-78.731,213.49,-121.76,89.128,-620.25,0,0
3.8971,-12.776,-354,173.71,145.81,88.701,13.749,-66.496,-15.603,-25.586,-246.42,251.54,68.307,-97.134,3.0311
15.177,6.7748,-588.58,258.3,98.359,-46.574,-143.15,108.81,-114.21,3.0328,140.52,128.83,301.42,-158.8,7.1079
-4.7631,-4.616,-261.17,185.41,546.41,-102.39,-119.6,-50.134,-110.39,-172.11,134.24,-258.52,-97.928,0,0
3.0311,-9.6357,-428.61,94.799,-20.812,-36.78,-20.017,41.905,-3.3847,97.039,-26.252,158.81,544.04,-166.54,0.61274
17.754,-28.151,-507.24,80.987,62.844,-53.704,8.0575,281.19,128.91,-142.69,168.98,178.68,-23.065,-93.752,5.1962
-9.0933,-8.4934,-508.61,2.3487,202.23,-109.41,-105.56,11.694,-54.116,-19.383,-294.09,346.46,292.44,-155.26,5.6292
-5.6292,-1.8349,-1091.9,113.69,233.25,95.894,-44.562,-56.884,-61.558,163.1,-31.444,2.0066,305.46,-162.99,-0.86603
21.223,1.8577,-1015.2,305.91,344.84,-79.066,-233.13,-51.013,172.69,-477.08,54.151,140.51,675.6,-242.21,5.1962
7.7942,-13.941,-574.41,475.92,-50.081,-140.38,-196.99,119.99,-37.645,44.044,327.61,-28.498,362.4,-162.99,-0.86603
20.425,6.486,-651.3,205.22,218.65,294.28,-22.508,298.11,-194.91,5.3336,-35.482,160.09,488.46,-195.21,6.9282
18.625,2.3218,-663.71,420.64,389.55,-77.74,-46.674,-132.72,-84.457,275.57,-53.82,91.64,268.59,-144.14,1.299
2.1651,20.636,-589.92,-0.066389,-58.122,185.72,-43.401,-79.792,-37.089,69.267,273.03,34.535,255.22,-136.81,1.299
-14.289,-16.359,-760.16,228.22,285.9,-138.63,188.51,-111.83,159.78,108.87,-45.093,130.82,402.02,-155.43,-6.4952
-14.722,2.0933,211.63,269.12,75.589,49.269,-60.19,-9.8332,56.381,131.13,-234.78,257.93,-791.27,0,0
5.6292,14.342,-576.23,121.19,472.12,-54.719,-153.01,69.245,-17.452,-171.74,-97.77,161.13,-485.49,0,0
8.2272,-8.6782,-329.9,68.589,308.1,129.6,19.621,-132.07,200.64,15.435,87.004,75.794,209.98,-125.37,6.4952
-3.8971,4.5736,-21.118,-394.22,449.03,166.43,86.191,-449.97,-296.71,383.08,92.427,430.9,-202.59,0,0
6.4952,4.951,-908.79,363.23,549.54,-198.65,-11.961,-7.695,31.115,21.887,37.508,-34.529,579.99,-181.61,-8.6603
-8.2272,-6.2255,-760.13,76.521,392.09,-142.81,178.85,-87.266,56.423,-9.8401,-39.573,101.13,425.16,-162.99,-0.86603
2.683,15.093,-657.16,154.31,79.088,176.82,-250.6,65.942,26.711,-169.62,42.614,210.51,-4.4332,-97.134,3.0311
7.0018,28.293,-492.71,249.83,13.572,-83.773,78.129,123.06,-223.83,-24.698,-431.13,46.865,449.76,-185.16,-7.1815
22.517,9.2303,-741.89,254.74,25.02,264.34,49.966,-111.37,-99.546,84.921,17.492,180.18,408.22,-155.43,-6.4952
-4.7631,-9.7631,304.84,90.896,195.1,91.548,-334.94,144.95,-162.05,4.5834,243.84,72.476,-745.28,0,0
1.7321,7.433,309.96,-55.621,-38.714,-142.07,4.9247,-81.162,256.52,-255.28,-53.13,459.56,-467.18,0,0
4.3301,17.58,6.1454,-381.47,191.1,-401.78,173.1,-101.57,125.99,102.72,-52.603,342.7,-472.43,0,0
-1.7321,17.343,8.5228,69.349,402.25,285.77,-139.01,-66.771,-82.573,-4.4625,-215.26,-132.61,-50.301,-427.84,6.4952
-9.5263,-22.312,-106.57,206.03,241.52,-83.165,125.28,-156.64,37.348,194.38,-255.53,151.5,-626.27,0,0
9.9593,-9.6848,162.87,179.31,243.92,-171.96,-43.99,-31.44,-69.447,-128.88,230.24,7.5532,-629.66,0,0
11.765,21.231,21.036,-0.0082039,270.62,79.07,-305.6,172.61,131.27,-131.56,80.917,273.93,-570.83,0,0
-5.1962,-3.451,-939.39,113.57,314.67,11.181,-80.515,39.947,-394.83,79.741,-567.33,52.277,562.42,-196.21,-13.725
-2.5981,-150.75,-671.12,124.21,109.28,-28.902,46.911,36.562,-103.97,-160.79,170.65,693.02,-252.23,0,0
-4.2566,2.9387,-14.792,256.97,115.77,-190.81,-6.6531,157.73,275.56,-89.78,-29.351,250.61,-583.06,0,0
0.86603,0.72548,-675.32,90.948,-147.69,128.03,45.535,-5.3596,-73.168,554.01,-144.24,441.77,275.6,-155.43,-6.4952
5.1962,16.232,375.84,84.464,-43.741,81.526,119.24,-68.647,-165.77,549.47,-273.99,322.23,-623.67,0,0
19.053,14.134,-483.89,197.19,165.41,-193.58,-124.99,176.29,115.75,52.859,-37.828,112.78,432.34,-155.43,-6.4952
-14.722,1.2942,-863.07,516.3,-110.15,-11.397,89.757,36.786,141.29,77.096,101.3,354.25,423.33,-185.16,-7.1815
2.1651,12.714,-844.35,112.22,143.83,-121,-11.94,101.26,31.105,-162.34,99.689,307.76,472.63,-199.52,6.9282
-22.084,-23.395,172.02,491.22,-167.85,-113.28,-136.53,354.94,67.213,-63.363,56.6,227.93,-649.22,0,0
-4.7631,-0.85289,-577.87,441.75,-0.0038892,-109.94,-172.73,159.56,19.668,-323.72,-276.03,65.874,-59.842,-83.946,-3.0311
-12.557,-24.221,303.6,596.57,-236.2,-20.286,-5.7785,76.823,-178.93,13.068,-193.5,265.89,-613.64,0,0
-22.084,-10.639,71.112,747.75,-104.13,50.806,-180.21,-75.451,-145.72,-134.25,-133.06,306.2,-505.76,0,0
-16.454,-10.163,-824.75,344.15,-279.05,40.618,-109.34,32.47,159.75,-89.783,219.66,433.76,468.56,-221.39,4.7631
-5.6292,-4.0604,-827.73,169.39,138.82,-11.508,81.987,59.147,-248.48,-53.608,-306,186.51,169.2,-118.01,-14.722
0.86603,0.72548,-675.32,90.948,307.02,-105.35,53.849,201.55,-86.524,-112.65,299.9,328.79,165.52,-144.14,1.299
-22.517,1.845,-675.93,119.81,214.38,139.81,-199.76,-73.411,20.177,97.704,248.73,-153.82,231.12,-117.44,-2.5981
-16.021,-14.725,-592.85,243.97,-433.09,113.63,-117.8,97.489,258.24,116.51,-143.04,-19.123,422.35,-176.09,6.0622
3.4641,12.415,-677.43,354.32,315.04,-181.66,25.739,32.263,15.383,-64.042,-91.349,-34.071,539.6,-183.82,-0.43301
0,0,0,0,-388.97,156.96,341.46,-516.89,-313.78,534.03,296.12,-462.58,-25.363,0,0
3.4698,2.7925,-683.32,295.99,63.373,-307.9,-194.94,62.987,-94.99,314.85,149.52,-248.84,-209.04,-47.003,-1.7321
-8.2272,4.8122,6.3415,-831.7,217.89,947.26,-228.25,-108.47,82.965,28.373,254.37,513.23,-223.26,0,0
-10.789,-8.2389,-805.24,186.11,2.7077,-238.16,-117.15,23.476,269.56,17.124,118.47,21.001,-168.37,-73.184,-3.8971
-8.6603,-1.8284,-0.33013,-203.12,593.12,-321.3,-116.24,33.57,-112.32,756.56,162.27,-180.39,-27.172,0,0
14.722,29.703,-578.68,285.26,802.83,-161.2,-233.88,120.43,36.475,-6.1715,70.878,-172.08,-601.61,0,0
0.86603,-7.5311,-599.36,15.56,183.08,-58.384,-61.087,89.966,-104.57,-101.52,37.71,32.981,192.47,-123.31,0.86603
4.3358,19.41,90.547,201.66,60.478,136.97,-26.906,-189.4,-52.164,-342.36,204.3,458.8,-450.35,0,0
-3.3307e-015,13.781,-165.89,162,210.27,-324.79,73.574,-37.293,146.68,-48.279,404.24,328.34,-195,-47.382,2.5981
3.8971,4.9755,-575.77,143.96,-179.44,-131.44,37.169,0.022287,58.509,-26.247,468.19,224.58,-701.98,0,0
-18.187,-0.083176,-757.93,108.36,93.38,17.415,41.67,-93.582,114.25,-140.4,-182.38,56.161,539.19,-183.82,-0.43301
0,0,0,0,252.15,50.883,180.03,-81.48,-427.4,374.62,224.07,-493.82,-22.061,0,0
-38.105,-19.01,204.82,-87.49,-348.37,-56.93,75.857,-100.82,-44.183,-379.21,544.71,168.85,-612.49,0,0
-5.6292,8.7141,254.24,82.81,49.443,-222.01,187.53,106.66,230.97,157.54,226.17,81.784,-377.21,0,0
-0.86603,-23.709,-15.969,574.57,242.67,-22.423,37.64,-78.801,91.036,-38.093,4.9428,-14.773,-333.73,0,0
3.0311,-0.92163,65.08,91.62,200.78,-263.3,124.55,31.577,-274.68,-125.08,216.87,268.46,-501.11,0,0
-9.9593,-11.415,337.9,87.895,163.97,-1.4724,-123.08,-19.483,-308.54,37.059,421.59,-238.65,-640.35,0,0
-2.9575,30.405,3.6699,-34.401,126.82,361.46,-191.14,108.61,-164.93,68.921,-191.24,-8.9124,-171.61,0,0
0,0,0,0,38.206,134.66,210.18,-374.33,636.81,659.92,144.98,-166.59,-18.605,0,0
-14.722,-4.7303,-511.71,196.8,262.38,-78.915,123.58,-176,130.24,52.345,-57.407,291.34,-150.33,0,0
-17.754,-12.511,333.78,95.47,-158.71,111.07,-84.272,84.306,-5.2766,45.515,138.42,223.21,-609.2,0,0
0.86603,1.5,49.678,220.33,-147.78,-99.605,163.72,-12.986,146.26,-95.084,-230.89,392.45,-604.87,0,0
1.7321,5.049,10.049,-635.77,272.36,558.29,-103.67,-49.328,11.633,-199.9,421.18,122.52,-183.16,0,0
-24.682,-9.9803,-4.6274,-183.18,587.96,56.425,-69.356,70.037,43.934,256.83,-566.98,347.83,-443.15,0,0
3.0311,1.5114,-12.866,-65.15,220.98,-427.18,44.061,241.26,-9.817,220.39,-155.92,-448.69,-23.472,0,0
6.0834,21.216,-573.52,194.04,277.12,118.55,190.83,139.4,-133.18,-206.86,144.03,-163.5,-110.12,0,0
-15.731,-13.215,308.53,-566.97,1.3878,16.968,235.74,-179.81,426.23,-242.55,78.923,362.27,-545.83,0,0
-2.1651,-9.6585,-425.34,109.15,320.12,-97.217,87.06,95.611,-237.71,0.14366,-97.462,-9.1736,170.92,-125.37,6.4952
22.971,19.415,-421.83,275.41,-88.04,-102.09,-169.01,153.84,-202.41,105.27,-82.632,257.63,49.089,-83.946,-3.0311
9.9593,-3.7942,325.21,-45.387,-98.811,50.529,-275.07,207.22,-82.04,-24.957,439.4,28.749,-746.97,0,0
2.1651,16.745,-435.59,68.819,43.405,-48.07,166.35,-277.01,52.804,228.04,131.21,-40.082,-92.66,0,0
-9.0933,3.3122,-51.586,128.15,-179.77,-215.99,4.0366,-35.028,40.894,-292.33,69.234,31.237,-136.91,0,0
5.7027,1.0105,-9.5048,-72.621,166.22,-1.3122,107.63,34.451,-222.75,-297.65,444.59,-466.05,-26.084,0,0
2.5981,3.201,-9.1226,-587.18,672.92,649.04,198.65,-23.627,-370.58,375.47,546.49,-720.42,-25.591,0,0
20.785,11.596,-333.16,183.53,376.2,47.797,359.92,-35.149,-247.13,-79.218,351.46,-47.744,-137.63,-46.454,1.3323e-015
-8.2272,-13.598,-7.6029,220.66,51.78,-249.33,26.131,5.3539,-60.984,37.164,92.265,242.25,-163.17,0,0
13.423,15.592,-578.93,332.09,265.91,86.389,5.5698,79.051,248.8,-81.807,55.432,349.19,-65.59,-48.921,2.0915
-4.3089,-1.9064,-759.51,396.18,-192.6,84.634,-37.495,-75.728,-96.281,-6.4475,-133.82,47.999,175.55,-133.97,-5.4339
7.3612,25.355,-216.41,129.37,65.842,-34.632,191.03,-91.747,51.236,-75.874,47.252,618.4,-228.81,0,0
-9.9593,-12.824,-511.4,231.25,-59.9,-99.803,-95.968,11.938,266.05,-120.72,-42.955,148.24,189.13,-136.81,1.299
-15.588,-21.141,-680.62,141.88,274.36,95.619,-80.916,178.71,-41.976,-44.259,105.01,420.31,-207.32,0,0
14.722,-0.66025,-586.75,193.84,173.52,-144.93,-143.17,126.83,75.277,-15.486,-231.62,3.4252,25.689,-87.776,-8.9617
3.0311,-8.5687,-443.6,67.819,194.91,67.952,-35.348,147.15,-8.1205,-100.67,86.837,290.37,-38.059,-100.16,-1.5523
5.6292,-16.301,-684.75,153.65,231.04,-295.01,-245.01,77.33,-179.29,107.65,-30.807,-75.12,-112.78,0,0
-2.5981,-6.3726,-7.201,-2.7931,169.57,-185.07,19.992,-222.75,-696.85,296.7,-233.28,-286.64,-19.22,0,0
8.6603,-5.7697,200.03,113.17,9.4375,67.994,9.9685,96.025,-29.383,17.585,131.88,31.806,-435.87,0,0
-13.402,-5.1564,-7.0392,476.3,-87.804,115.82,33.684,-14.895,-93.204,-146.08,84.926,136.03,-16.629,-465.6,-8.3008
-9.072,0.30112,-6.1863,111.96,111.81,-148.37,-217.66,71.103,292.48,33.535,156.8,347.71,-290.36,0,0
-25.896,-2.1974,-576.39,121.63,4.9062,229.64,-36.174,-162.69,86.89,-168.8,-125.34,205.86,278.53,-137.91,-4.1986
-4.3301,2.2631,10.025,-388.62,114.23,253.26,279.23,-371.41,143.33,-360.23,254.39,-546.08,-21.303,0,0
-11.691,1.0197,-506.2,239.69,144.99,-3.9185,158.36,-48.349,77.366,138.21,-12.488,71.903,-21.23,-65.605,-3.0311
2.2174,7.0861,-51.975,142.35,182.19,8.2599,-60.153,244.65,-61.526,-196.19,204.37,169.5,-357.04,0,0
-2.1651,-0.63397,0.40849,-243.93,88.674,3.3479,174.38,-180.23,-52.104,32.505,546.41,-178.57,-23.031,0,0
4.8367,6.1151,7.1603,-751.04,242.99,119.97,112.61,-35.837,-13.905,158.87,257.56,575.93,-230.45,0,0
-26.414,3.8809,188.92,154.66,-181.47,63.906,-90.691,-238.95,122.45,-268.98,601.02,431.98,-529.54,0,0
12.99,17.743,-4.0556,-401.06,337.08,342.09,-184.12,-79.358,206.69,-423.57,73.498,-616.63,-18.838,0,0
-11.691,9.5933,177.51,226.57,-133.45,-38.29,-195.6,-39.443,371.2,38.169,-179.81,-60.158,-543.16,0,0
-12.124,-5.0359,417.57,323.09,15.429,146.67,-23.543,-98.844,102.34,-260.25,94.536,225.53,-652.64,0,0
2.1651,10.141,-3.2386,-354.7,80.515,223.08,-140.07,280.88,-270.71,-162.05,189.66,-622.98,-24.205,0,0
0.86603,7.299,142.34,152.54,186.94,-21.893,-153.5,-46.461,-24.632,-95.103,-206.44,183.32,-693.51,0,0
6.9282,14.915,-667.54,243.53,-178.06,82.252,-249.58,-151.91,308.38,-291.96,62.709,83.39,570.81,-195.21,6.9282
-12.472,-6.8888,-0.066383,34.484,-103.97,-187.88,86.753,-17.709,-189.06,278.26,290.51,493.84,-208.45,0,0
26.487,-9.0714,-444.35,172.2,207.2,-16.379,182.13,-252.33,-30.525,-55.271,-354.42,50.853,-126.73,-93.752,5.1962
-3.3792,-15.975,69.384,97.001,-124.95,-236.43,-27.061,323.41,113.9,-21.584,-268.53,328.36,-647.41,0,0
5.6292,-0.70272,-152.63,-57.637,108.35,259.65,-98.046,-46.83,117.07,-208.1,346.08,376.82,-466.4,0,0
-6.4952,24.624,6.5784,110.06,-135.28,-85.29,-304.07,101.14,-45.11,-36.445,533.82,169.84,-672.06,0,0
3.4641,-0.83013,45.779,40.034,-35.69,-124.93,16.221,4.4689,-104.31,162.23,176.62,135.14,-494.22,0,0
-6.9282,-3.183,-505.62,498.7,9.2856,-4.0644,-33.307,70.155,-267.88,69.57,218.34,52.871,131.99,-136.81,1.299
2.5981,3.201,-9.1226,-587.18,270.26,378.69,-115.57,-148.09,48.5,-447.98,221.55,517.07,-206.76,0,0
