4.4112,4.8847,29.454,9.471,6.7022,14.02,10.909,4.0477,-1.0846,2.4916,8.8712,-10.329,-13.941,1.1733,-68.544,4.1173,4.3233,-1.1584,15.693,-16.33,277.37,199.24,49.705,649.06,50.799,6.144,-1.6463,17.367,-61.309,620.12,361.31,107.8,985.06,324.39,23.981,-6.4256,13.48,-34.444,326.95,881.63,448.3,740.9,806.08,71.834,-19.248,9.2439,3.5605,129.58,1093.7,672.59,744.5,130.57,4.063,-1.0887,8.4554,8.8147,65.224,175.19,614.46,857.01,34.513,3.6257,-0.97151,1.9649,2.1401,2.6069,3.6166,9.0416,27.468,5.3543,0.75389,-0.202,-0.5265,-0.57343,-0.69851,-0.96906,-2.4227,-7.36,-1.4347,-0.202,0.054127
10.465,8.7834,13.935,6.5086,10.117,11.413,23.378,3.1882,-0.85427,7.7088,6.9896,16.644,17.469,19.19,-44.469,-46.213,3.5509,-0.95146,8.7903,12.048,-2.1647,-32.661,-75.464,481.87,581.34,15.178,-4.0668,9.4765,-48.028,433.11,971.06,339.39,138.97,912.31,122.05,-32.703,8.3879,14.93,-18.435,740.07,497.43,90.148,714.08,119.95,-32.141,13.498,18.314,-44.418,768.98,1159.6,326.18,853.79,106.57,-28.556,13.082,22.996,-37.465,903.48,409.09,665.73,368.58,1.8577,-0.49776,3.759,2.73,-6.1532,70.225,3.2355,6.0839,3.5141,0.75389,-0.202,-1.0072,-0.7315,1.6488,-18.817,-0.86696,-1.6302,-0.94159,-0.202,0.054127
0,0,0,0,-0.94082,11.162,22.073,5.3456,-1.4324,0,0,0,0,-1.4813,14.077,-37.216,5.9386,-1.5912,-3.3288,3.5732,-46.587,4.9601,-57.564,31.939,507.23,4.7874,-1.2828,17.597,-35.597,402.85,-81.92,446.45,19.416,776.9,105.99,-28.4,15.609,-59.687,581.51,323.06,1037.1,-26.739,769.5,122.64,-32.86,16.394,-56.392,471.88,766.77,806.66,753.13,675.83,17.147,-4.5946,29.124,-40.162,450.01,248.89,150.09,321.54,56.045,4.5,-1.2058,4.8616,5.1261,5.0054,6.8199,3.3544,2.348,5.8697,1.979,-0.53026,-1.3026,-1.3735,-1.3412,-1.8274,-0.89881,-0.62915,-1.5728,-0.53026,0.14208
14.507,17.679,11.818,15.17,8.161,14.666,12.211,3.1347,-0.83993,18.111,28.236,-41.389,12.328,14.002,-21.392,-11.576,3.2186,-0.86242,10.931,-39.843,400.3,51.597,7.4145,246.38,166.24,6.0359,-1.6173,12.228,-70.492,700.58,209.7,925.69,916.72,784.78,20.767,-5.5645,10.961,-67.522,612.55,775.87,586.68,798.38,710.53,7.2898,-1.9533,10.169,-71.286,727.25,1047.8,506.29,641.23,1007.7,88.107,-23.608,11.605,3.5744,102.93,45.169,875.43,594.47,135.34,17.572,-4.7084,1.547,1.8662,4.319,-6.7329,92.655,42.298,1.8506,0.69271,-0.18561,-0.41453,-0.50006,-1.1573,1.8041,-24.827,-11.334,-0.49587,-0.18561,0.049735
7.7699,11.681,10.722,2.7026,-1.734,8.2772,7.8801,1.8647,-0.49964,9.2987,12.001,5.3004,2.3115,-1.8136,-3.3173,-19.631,1.5507,-0.4155,9.9147,1.06,88.276,16.618,-24.866,124.77,282.27,-4.218,1.1302,14.09,-74.677,759.97,107.05,124.24,102.69,1008.6,82.686,-22.156,4.7498,-75.474,617.57,478.55,915.9,91.442,1069.5,127.91,-34.274,17.84,-54.26,481.03,1005.4,1043.1,846.61,959.04,42.104,-11.282,14.675,12.933,50.114,289.66,180.92,474.12,227.23,7.553,-2.0238,3.2524,3.7285,5.2642,4.0682,11.085,3.3416,7.8898,1.0881,-0.29157,-0.87148,-0.99904,-1.4105,-1.0901,-2.9703,-0.89539,-2.1141,-0.29157,0.078125
10.789,11.108,20.726,9.1872,7.1788,5.8249,9.7943,3.8312,-1.0266,11.342,13.496,16.688,5.6365,5.5461,10.293,-51.739,4.6621,-1.2492,10.825,14.227,2.1849,78.591,16.067,-9.7429,546.58,-4.3842,1.1747,7.5536,-44.728,437.5,572.02,48.076,-63.621,754.26,84.418,-22.62,17.785,-67.799,751.92,32.395,650.74,156.11,738.75,107.16,-28.714,10.211,-77.248,695.23,746.76,988.73,202.88,784.5,2.0172,-0.5405,13.798,7.2577,107.08,551.51,571.67,972.28,380.55,4.8763,-1.3066,2.2647,2.171,8.935,4.0438,5.6929,5.0605,6.2113,0.84812,-0.22725,-0.60683,-0.58173,-2.3941,-1.0835,-1.5254,-1.3559,-1.6643,-0.22725,0.060892
12.576,13.866,11.864,10.603,6.1248,7.771,15.273,1.9032,-0.50996,13.057,20.049,-29.79,11.477,7.7081,-28.478,-29.45,2.4533,-0.65735,14.267,-16.407,256.75,4.8635,15.137,270.58,400.86,6.8016,-1.8225,17.231,-59.391,592.96,137.41,467.59,570.25,719.66,4.257,-1.1407,16.418,-60.007,556.13,342.66,530.01,708.85,548.39,-0.28311,0.075858,13.548,3.9772,109.01,906.2,679.17,774.02,1010.7,95.298,-25.535,13.365,13.431,26.385,-44.962,656.08,785.78,189.58,5.3991,-1.4467,6.1761,6.9,4.5801,3.0657,24.453,45.283,5.567,0.50034,-0.13406,-1.6549,-1.8488,-1.2272,-0.82145,-6.5521,-12.133,-1.4917,-0.13406,0.035922
21.366,20.353,8.8572,12.677,12.797,1.7913,21.067,2.6222,-0.70262,22.431,26.82,-44.468,1.5782,10.939,6.5793,-38.22,4.9398,-1.3236,18.06,-45.116,524.96,60.556,68.628,17.986,541.88,1.8597,-0.4983,14.415,-63.89,528.77,413.72,688.73,-72.684,724.05,114.01,-30.55,8.8595,-68.488,652.39,1126.9,587.57,-91.376,669.07,71.353,-19.119,11.773,-72.611,773.25,637.95,650.65,172.71,630.31,2.6529,-0.71084,17.664,-5.3409,198.99,-44.806,539.49,901.27,153.38,6.0296,-1.6156,1.31,1.989,7.258,2.4538,5.9876,2.7914,4.918,0.75389,-0.202,-0.351,-0.53295,-1.9448,-0.6575,-1.6044,-0.74794,-1.3178,-0.202,0.054127
0,0,-0.95603,9.3751,13.93,16.988,13.331,3.2678,-0.87562,0,0,-1.0813,9.5692,15.788,-45.977,12.737,2.7112,-0.72647,-0.61615,-0.15607,-6.1064,10.742,-9.0126,564.91,26.038,7.0844,-1.8982,8.5431,-1.2813,92.951,-12.522,17.885,869.06,162.12,3.5528,-0.95196,8.5495,-77.668,686.37,812.65,471.62,626.01,286.39,-1.8165,0.48673,19.178,-23.113,318.63,768.3,775.38,756.22,743.72,41.797,-11.2,8.2862,8.6638,24.849,-8.8927,188.88,517.8,42.485,5.1283,-1.3741,1.5606,2.4967,2.4134,4.3315,6.2151,2.3004,5.4956,1.3058,-0.34988,-0.41815,-0.669,-0.64668,-1.1606,-1.6653,-0.6164,-1.4725,-0.34988,0.09375
9.4784,11.268,17.153,9.2507,16.158,8.67,16.164,1.8597,-0.49832,8.0948,9.7425,6.8161,-61.954,19.158,18.87,-25.845,3.6737,-0.98436,21.895,11.814,98.007,651.47,15.494,-38.613,402.5,1.0345,-0.2772,4.4358,-75.35,685.66,438.09,52.131,-36.407,719.2,108.76,-29.142,-2.8527,-85.612,803.86,207.8,680.52,205.09,721.18,119.02,-31.892,15.538,-54.9,520.62,906.99,1059.7,632.75,857.11,106.02,-28.408,14.675,12.933,50.073,323.83,385.38,950.26,549.72,7.1132,-1.906,3.2524,3.7285,5.073,5.4081,5.7936,1.6452,7.1132,2.7204,-0.72892,-0.87148,-0.99904,-1.3593,-1.4491,-1.5524,-0.44083,-1.906,-0.72892,0.19531
19.614,17.372,9.8709,22.311,11.944,4.5428,9.1304,1.2886,-0.34528,17.813,15.929,8.1386,-18.441,9.6544,12.747,-29.135,-7.6946,2.0618,14.436,18.672,18.784,260.98,-19.52,-117.19,327.21,81.952,-21.959,7.5092,18.19,42.033,448.77,203.49,457.94,505.54,119.59,-32.045,5.1539,-43.03,365.33,744.14,966.3,352.32,730.05,118.07,-31.637,17.181,-62.862,615.69,906.28,900.77,-12.427,799.38,124.42,-33.338,13.079,-13.907,284.59,93.134,319.77,926.49,564.52,17.951,-4.81,2.9336,2.5751,6.3222,7.0621,1.9224,108.95,16.405,1.432,-0.38371,-0.78605,-0.68998,-1.694,-1.8923,-0.51512,-29.192,-4.3957,-0.38371,0.10281
12.064,10.397,23.952,4.2784,0,0,0,0,0,10.857,17.099,-34.679,-5.3571,0,0,0,0,0,9.7753,-45.224,435.81,100.93,-2.1663,-9.0487,-86.752,-8.8723,2.3773,2.8434,-76.684,721.69,316.58,52.183,47.807,665,50.897,-13.638,-0.93292,-82.948,779.52,313.13,924.72,21.344,788.14,128.2,-34.351,5.963,-80.907,748.98,962.45,938.19,126.09,695.22,39.916,-10.695,8.5987,-34.057,358.91,421.25,297.64,928.97,228.19,7.4941,-2.008,2.4944,2.3397,3.2667,8.4997,10.366,57.48,6.7444,1.9042,-0.51024,-0.66836,-0.62692,-0.87532,-2.2775,-2.7775,-15.402,-1.8072,-0.51024,0.13672
16.083,15.131,19.703,6.7107,-0.87517,7.6602,10.682,3.8777,-1.039,19.542,24.095,-17.166,-2.1506,-0.64929,5.8847,5.9107,4.3043,-1.1533,11.513,-38.719,289.87,60.024,-60.531,-9.7488,65.31,13.546,-3.6296,14.609,-69.67,478.99,52.165,506.96,-9.8899,459.55,119.31,-31.968,9.9334,-68.904,443.67,331.7,758.4,-48.319,642.62,127.13,-34.065,11.118,-70.742,632.85,744.19,743.03,20.933,832.44,17.705,-4.744,12.068,-10.508,197.82,31.442,378.74,883.76,233.68,7.2702,-1.9481,2.8905,3.1134,4.7506,5.7614,1.812,93.722,6.1982,1.1202,-0.30015,-0.77452,-0.83423,-1.2729,-1.5438,-0.48552,-25.113,-1.6608,-0.30015,0.080424
12.597,12.26,16.154,13.122,29.93,5.5981,26.634,3.4975,-0.93714,15.83,20.233,-6.2172,18.042,-27.881,-27.476,12.239,3.9303,-1.0531,11.011,-15.079,148.51,-21.446,410.27,215.61,64.31,3.0176,-0.80857,7.7429,-68.58,395.52,355.06,603.44,540.96,466.55,-7.9712,2.1359,13.074,-57.127,362.93,988.63,524.56,293.64,913.79,58.951,-15.796,11.532,-75.053,785.31,597.85,709.52,370.33,386.17,16.66,-4.464,14.151,-6.9693,255.99,22.777,585.8,648.06,37.814,9.3129,-2.4954,3.6176,3.2265,4.4153,4.5044,9.2545,25.95,7.0492,1.602,-0.42926,-0.96933,-0.86453,-1.1831,-1.207,-2.4797,-6.9531,-1.8888,-0.42926,0.11502
21.031,26.602,19.369,5.2031,-0.30792,4.2475,20.307,4.4824,-1.201,17.828,30.741,-39.949,-5.077,-0.33933,10.294,-28.38,3.3216,-0.89003,13.59,-42.494,466.02,107.53,-59.428,-42.73,426.15,14.281,-3.8266,8.703,-64.365,615.17,257.3,358.59,-76.576,730.16,129.08,-34.588,16.815,-55.232,453.66,868.34,657.34,-70.43,758.82,39.514,-10.588,10.982,-69.45,698.15,1011,749.89,195.24,915.27,3.8809,-1.0399,11.605,3.5744,103.87,9.597,628.95,1023,359.57,4.0157,-1.076,1.547,1.8662,4.049,3.6043,18.624,107.48,7.5438,2.8292,-0.75807,-0.41453,-0.50006,-1.0849,-0.96578,-4.9904,-28.799,-2.0214,-0.75807,0.20312
10.857,10.205,12.816,4.7633,0,0,0,0,0,11.344,17.914,-25.046,-6.8612,0,0,0,0,0,17.404,-37.779,335.26,102.78,1.2478,-0.92451,-4.7676,-1.0759,0.28829,13.745,-60.351,519.62,341.49,-30.968,32.028,63.057,14.218,-3.8097,7.5967,-69.443,469.93,100.45,745.28,146.83,460.41,122.58,-32.845,17.836,-70.442,613.35,810.41,780.67,-144.64,667.57,106.84,-28.626,13.108,-12.03,252.07,41.663,426.04,728.03,491.12,5.9298,-1.5889,6.7116,7.6304,3.7408,4.1615,-4.8086,71.67,5.2207,2.2307,-0.59771,-1.7984,-2.0446,-1.0023,-1.1151,1.2885,-19.204,-1.3989,-0.59771,0.16016
0,0,0,0,-1.7882,13.307,9.3111,2.1643,-0.57992,0,0,0,0,-1.558,19.548,-43.924,-7.1607,1.9187,-0.78402,5.6362,-57.924,-10.097,-0.6696,-49.364,499.29,81.906,-21.947,9.3247,-48.106,442.3,44.019,32.121,-77.796,732.85,118.82,-31.838,12.265,-74.271,701.41,335.13,633.76,-80.359,759.42,129.3,-34.647,11.02,-79.838,744.98,980.88,634.12,-11.792,684.21,41.683,-11.169,14.151,-6.9693,253.13,33.918,730.93,831,200.88,7.9187,-2.1218,3.6176,3.2265,4.0217,-2.7631,63.024,39.761,6.0027,1.1425,-0.30614,-0.96933,-0.86453,-1.0776,0.74038,-16.887,-10.654,-1.6084,-0.30614,0.082031
21.366,20.353,7.5557,12.326,12.725,9.2631,13.843,4.9359,-1.3226,22.431,26.82,-45.224,10.086,-48.005,-12.953,15.935,7.1661,-1.9202,17.401,-45.458,509.82,33.321,455.73,178.98,9.6511,-0.23079,0.061839,17.748,-61.171,630.88,142.02,569.38,425.93,160.72,104.3,-27.948,14.656,-55.446,558.04,182.49,137.32,646.81,638.32,125.53,-33.636,6.4081,-76.026,659.88,857.74,-21.937,403.57,929.94,17.992,-4.821,20.613,18.202,105.44,350.37,8.8628,150.25,543.76,5.9452,-1.593,9.444,8.4337,4.0482,2.9443,2.4465,4.7604,5.4436,2.0732,-0.55551,-2.5305,-2.2598,-1.0847,-0.78891,-0.65554,-1.2755,-1.4586,-0.55551,0.14885
9.4784,11.268,17.582,5.4163,0,0,0,0,0,8.0948,9.7425,1.1287,-19.943,0,0,0,0,0,21.475,11.006,174.38,216.23,-2.7172,-2.098,0.58348,0.70453,-0.18878,7.9673,-68.547,517.7,334.78,-30.563,19.362,-21.7,-2.3225,0.6223,5.0203,-72.905,511.12,335.25,330.95,-10.986,303.21,115.14,-30.853,15.853,-60.621,493.73,725.64,936.44,-14.431,784.33,44.436,-11.907,28.684,-41.724,573.33,162.59,518.03,906.98,357.66,5.7185,-1.5323,2.6733,2.0549,6.286,6.633,1.3924,94.415,6.4674,0.5839,-0.15646,-0.7163,-0.55061,-1.6843,-1.7773,-0.37308,-25.299,-1.7329,-0.15646,0.041922
10.465,8.7834,14.692,1.6111,-0.69619,5.4052,13.118,5.1192,-1.3717,7.7088,6.9896,18.299,5.4279,-1.4912,4.1029,-22.283,6.3398,-1.6987,9.0321,13.935,-18.389,8.7016,1.5995,29.038,327.71,6.2791,-1.6825,11.527,-61.917,591.64,143.45,11.186,68.307,334.8,5.8751,-1.5742,15.366,-63.182,629.53,-93.123,345.57,507.97,574.41,4.3601,-1.1683,9.0971,-40.419,459.83,350.88,913.14,531.61,728.82,2.9601,-0.79315,19.806,19.213,16.884,18.102,62.259,976.91,555.52,5.3878,-1.4437,2.3244,2.6185,4.1195,3.3081,-3.3456,88.491,20.123,1.6866,-0.45193,-0.62281,-0.70163,-1.1038,-0.8864,0.89645,-23.711,-5.392,-0.45193,0.12109
8.4802,10.724,10.007,7.2976,-1.7882,13.307,9.3111,2.1643,-0.57992,7.6712,9.2216,12.459,7.5921,-1.558,19.548,-43.924,-7.1607,1.9187,22.021,22.502,-22.632,-5.9295,-64.474,-50.863,498.18,81.185,-21.753,18.294,-52.867,490.32,21.182,492.53,-72.783,731.67,121.27,-32.493,9.4309,-66.12,538.37,481.98,907.64,-78.819,747.35,121.66,-32.6,17.437,-69.879,789.37,594.07,662.26,-0.29622,615.61,25.511,-6.8356,15.777,-6.0088,219.93,-11.664,572.45,896.65,144.17,2.6756,-0.71692,4.231,5.587,4.8159,2.9455,26.697,69.245,4.2922,1.1678,-0.31291,-1.1337,-1.497,-1.2904,-0.78925,-7.1533,-18.554,-1.1501,-0.31291,0.083844
5.0545,7.9308,24.356,5.8878,-0.045838,2.7,9.1304,1.2886,-0.34528,6.3448,10.661,2.1347,5.1555,-0.12943,10.677,-29.135,-7.6946,2.0618,10.687,0.86509,160.91,14.759,-62.618,-75.976,328.82,81.9,-21.945,9.7404,-60.988,583.16,-93.862,511.3,152.53,470.8,129.25,-34.632,18.66,-56.949,589.36,501.33,829.27,59.167,541.42,40.003,-10.719,15.108,-69.25,789.95,509.43,527.76,134.55,716.9,6.0579,-1.6232,12.253,-8.5775,165.99,4.5368,294.26,934.66,294.72,4.2875,-1.1488,4.752,5.1745,6.8987,3.5151,0.091948,93.543,2.6134,0.6344,-0.16999,-1.2733,-1.3865,-1.8485,-0.94188,-0.024637,-25.065,-0.70025,-0.16999,0.045548
0,0,0,0,-0.78553,8.3729,11.207,0.7979,-0.2138,0,0,0,0,-1.8758,13.563,-49.27,0.5597,-0.14997,-0.61532,0.40533,-10.801,-71.111,3.2605,39.662,516.24,19.115,-5.1219,6.4751,-4.0177,54.403,511.55,-41.215,-81.116,755.05,119.76,-32.091,17.641,-60.054,715.41,276.78,693.27,9.4798,727.07,128.92,-34.545,18.221,-48.435,507.31,849.97,1021.6,197.94,926.87,69.878,-18.724,17.029,16.35,42.948,15.791,552.7,1029.4,323.07,5.4847,-1.4696,3.6917,2.8767,6.61,4.1685,20.73,107.29,6.0499,1.7905,-0.47976,-0.98918,-0.77082,-1.7712,-1.1169,-5.5547,-28.749,-1.6211,-0.47976,0.12855
2.665,4.7788,20.307,4.4824,-0.87517,7.6602,10.682,3.8777,-1.039,3.4306,11.263,-28.38,3.3216,-0.64929,5.8847,5.9107,4.3043,-1.1533,9.3957,-38.363,426.23,14.045,-6.0182,-2.4912,65.628,13.605,-3.6456,2.7981,-84.803,735.04,115.31,77.573,-49.549,486.28,129.69,-34.75,-0.31006,-91.154,739.95,42.122,819.16,-9.4824,450.73,71.409,-19.134,13.878,-68.432,708.33,756.7,937.89,37.492,633.99,3.8459,-1.0305,15.923,-57.028,601.49,210.71,592.23,759.49,178.25,2.0654,-0.55342,2.3455,2.4649,3.134,4.7333,5.8986,5.0231,9.245,0.56541,-0.1515,-0.62848,-0.66047,-0.83975,-1.2683,-1.5805,-1.3459,-2.4772,-0.1515,0.040595
13.76,15.056,15.063,6.3844,-1.7034,9.2152,14.411,6.175,-1.6546,13.673,16.001,19.699,5.9441,-1.5375,-3.6999,-9.1544,5.7744,-1.5472,14.257,16.249,-24.626,-18.353,-4.4196,129.02,211.6,5.0272,-1.347,15.867,-51.397,641.67,122.42,-38.614,55.407,524.42,-3.4048,0.91232,10.12,-70.928,710.58,785.91,743.87,-70.622,724.11,109.65,-29.379,21.054,-62.373,723.79,1100,738.84,-146.4,823.25,111.86,-29.972,17.365,7.275,103.7,297.53,959.53,759.79,450.95,4.7451,-1.2715,0.72187,0.50151,6.4165,-0.28708,106.41,107.3,5.3233,0.5839,-0.15646,-0.19342,-0.13438,-1.7193,0.076924,-28.511,-28.752,-1.4264,-0.15646,0.041922
5.7557,6.4004,7.8607,13.26,8.2451,5.6993,0,0,0,5.7755,7.4495,-6.1052,-8.547,8.8491,4.6332,0,0,0,10.738,7.7307,155.41,205.83,22.007,-25.466,-3.3599,-0.60106,0.16105,4.9167,9.6883,57.561,586.31,-80.751,237.95,-12.406,2.77,-0.74222,15.927,22.167,-129.74,620.88,538.23,704.46,288.64,14.749,-3.9521,12.781,-36.538,417.9,664.47,873.19,19.315,762.38,125.24,-33.559,11.634,6.8413,76.748,-14.216,486.95,825.91,526.61,18.248,-4.8895,5.301,7.371,3.2761,8.259,1.1097,111.54,18.205,2.2851,-0.61229,-1.4204,-1.975,-0.87782,-2.213,-0.29734,-29.887,-4.878,-0.61229,0.16406
13.76,15.056,15.063,6.3844,-0.88833,10.433,10.799,2.9317,-0.78555,13.673,16.001,19.699,5.9441,-0.83416,16.973,-26.086,-3.9666,1.0628,15.567,18.569,-20.971,-3.8217,-2.3644,-35.033,344.3,52.945,-14.187,14.629,-55.455,591.62,78.616,-52.168,-66.51,552.62,120.04,-32.165,11.399,-68.358,654.12,-34.539,574.91,123.12,687.28,124.63,-33.393,15.209,-75.505,776.01,629.9,1009.9,45.334,705.56,16.313,-4.3712,21.56,-23.291,340.59,67.645,452.13,822.09,280.98,7.4058,-1.9844,8.9273,7.227,6.1963,5.6646,0.42258,94.848,3.6713,0.42068,-0.11272,-2.3921,-1.9365,-1.6603,-1.5178,-0.11323,-25.415,-0.98372,-0.11272,0.030203
16.557,18.122,12.532,4.5986,-0.85157,4.0475,10.619,2.2916,-0.61403,13.915,17.018,9.9703,3.4729,-1.0926,11.603,-36.706,3.304,-0.8853,21.629,13.903,61.582,35.213,-7.0571,-54.299,403.38,2.0301,-0.54398,14.355,-63.559,754.72,297.05,26.19,44.576,602.88,16.587,-4.4443,12.54,-67.082,544.74,570.47,366.71,770.29,728.87,118.41,-31.727,13.979,-13.016,229.78,1078.3,965.79,799.77,700.28,117.82,-31.571,9.1356,10.52,23.758,336.6,69.273,663.16,991.6,109.71,-29.397,7.6104,7.7399,3.7983,4.0537,-3.0822,51.985,106.3,0.18847,-0.050501,-2.0392,-2.0739,-1.0178,-1.0862,0.82588,-13.929,-28.482,-0.050501,0.013532
0,0,0,0,-0.61944,10.281,13.172,2.5498,-0.68322,0,0,0,0,-0.88,12.142,1.1565,-6.1876,1.658,-3.3417,-2.7417,-4.8522,-1.0177,-0.77867,5.6941,93.293,82.768,-22.178,20.304,11.893,70.722,19.254,-28.32,-65.397,376.39,118.69,-31.803,12.203,-62.532,585.78,-99.888,417.58,150.3,516.75,128.14,-34.336,12.412,-66.345,638.95,313.21,790.13,-20.791,676.61,41.03,-10.994,15.069,-8.1949,251.19,4.4888,432.33,779.58,447.75,5.1864,-1.3897,6.7129,6.8714,5.1595,2.3362,1.9916,93.543,3.986,1.6962,-0.45451,-1.7987,-1.8412,-1.3825,-0.62598,-0.53365,-25.065,-1.068,-0.45451,0.12178
0,0,0,0,-1.3892,9.6572,14.45,7.8541,-2.1045,0,0,0,0,-1.9244,18.085,-23.508,-1.9945,0.53442,-1.7323,4.3258,-56.116,-12.232,3.8415,-42.683,273.97,56.065,-15.023,15.399,-18.828,310.14,42.484,-28.23,-83.705,525.19,17.418,-4.667,10.734,-76.727,684.76,148,710.26,197.33,578.33,4.6104,-1.2354,17.952,-24.573,343.42,673.66,25.74,768.09,789,2.7414,-0.73456,8.2862,8.6638,24.284,21.044,-37.144,664.57,709.61,4.678,-1.2535,1.5606,2.4967,2.0198,6.3667,8.8155,25.823,72.766,0.55474,-0.14864,-0.41815,-0.669,-0.54121,-1.706,-2.3621,-6.9192,-19.498,-0.14864,0.039829
13.599,15.069,13.208,7.1187,12.727,9.724,8.7109,4.252,-1.1393,14.457,21.95,-40.409,-1.3502,8.908,6.0919,10.823,3.5367,-0.94767,10.343,-25.854,354.98,77.866,46.157,76.828,31.419,6.2176,-1.666,15.251,-72.672,744.74,14.686,684.18,176.64,545.23,-0.57357,0.15369,11.829,-60.986,596.21,397.52,1010.1,41.775,706.73,115.76,-31.018,14.501,16.064,13.635,501.29,1036.3,101.95,886.23,69.81,-18.706,11.175,13.942,13.443,-6.5863,196.02,867.88,444.31,5.2046,-1.3946,5.8003,4.0242,3.036,4.4296,-6.8452,70.167,4.9177,1.1202,-0.30015,-1.5542,-1.0783,-0.81351,-1.1869,1.8342,-18.801,-1.3177,-0.30015,0.080424
10.043,14.412,22.454,5.0108,-0.54266,10.393,8.2451,5.6993,-1.5271,10.611,23.194,-33.443,-5.9678,-0.92305,13.188,8.8491,4.6332,-1.2415,24.116,-35.38,445.2,139.19,-31.34,-27.339,5.1784,3.7832,-1.0137,6.0596,-82.695,734.13,84.455,206.2,514.19,105.48,4.3754,-1.1724,14.36,-76.878,752.76,167.55,815.41,52.078,732.11,17.643,-4.7274,17.904,-17.562,248.39,792,945.68,-55.717,952.37,123.02,-32.964,13.172,12.71,17.284,-9.6863,249.2,789.99,448.56,16.984,-4.5508,3.7788,2.6662,4.3263,2.2377,-0.71254,40.086,6.2162,1.9683,-0.5274,-1.0125,-0.71441,-1.1592,-0.59958,0.19092,-10.741,-1.6656,-0.5274,0.14132
0,0,0,0,-1.2004,6.5833,13.052,2.6186,-0.70165,0,0,0,0,-1.4316,8.2385,-54.974,-5.8672,1.5721,-1.547,4.2404,-37.213,-5.395,-36.377,-38.212,468.53,54.076,-14.49,7.9617,-28.673,246.56,82.14,213.17,85.482,921.7,119.26,-31.955,18.645,-53.109,549.43,202.17,598.04,392.73,984.63,128.46,-34.42,16.309,-74.793,703.85,343.43,995.84,1099.7,948.67,39.916,-10.695,24.67,-42.667,447.68,960.02,217.66,331.98,147.72,7.2151,-1.9333,9.1391,8.5243,26.909,69.417,4.5355,2.4081,7.5459,1.7905,-0.47976,-2.4488,-2.2841,-7.2103,-18.6,-1.2153,-0.64524,-2.0219,-0.47976,0.12855
10.789,11.108,19.841,14.816,12.16,5.182,23.666,6.0568,-1.6229,11.342,13.496,15.669,15.424,15.027,10.827,-21.701,3.9773,-1.0657,11.039,14.604,-14.26,43.77,4.1911,-24.646,410.76,15.993,-4.2852,5.0427,-49.756,540.94,453.13,675.17,387.61,911.25,123.6,-33.118,15.732,-66.723,624.58,503.23,1111.9,628.55,929.33,105.93,-28.384,9.9423,-5.7908,135.05,830.29,310.48,1016.1,670.93,5.1319,-1.3751,7.8614,8.1567,10.133,15.886,-20.359,463.01,384.1,3.0859,-0.82685,3.0525,2.5024,1.6363,5.4615,3.7523,2.5847,4.37,1.1056,-0.29624,-0.81792,-0.67053,-0.43845,-1.4634,-1.0054,-0.69256,-1.1709,-0.29624,0.079377
16.857,11.562,11.968,9.4928,10.065,13.095,14.874,1.8066,-0.48407,13.21,9.9971,8.0278,8.1629,4.9048,18.069,-41.695,-4.7009,1.2596,3.7725,-4.2542,46.635,30.843,70.418,-20.056,463.5,54.218,-14.528,10.339,-66.539,707.07,282.29,868.58,51.178,718.7,120.91,-32.398,11.204,-69.062,685.17,124.51,917.53,-36.848,880.1,131.06,-35.119,14.697,-51.744,481.81,880.56,869.44,291.13,910.96,44.955,-12.046,17.029,16.35,43.106,19.608,415.59,1084.2,328.24,3.6567,-0.97981,3.6917,2.8767,6.129,7.8269,-0.56344,93.056,3.3764,0.84812,-0.22725,-0.98918,-0.77082,-1.6422,-2.0972,0.15097,-24.934,-0.9047,-0.22725,0.060892
16.857,11.562,13.31,0.74168,-0.22946,5.7337,17.439,10.684,-2.8629,13.21,9.9971,9.0854,-0.68175,-1.1622,8.5952,-38.064,9.3189,-2.497,4.0208,-3.7177,67.459,36.769,4.2506,-10.697,364,21.053,-5.6411,10.501,-61.152,505.08,321.21,-31.198,-35.836,899.36,118.62,-31.783,13.467,-64.123,630.18,312.61,843.4,199.52,871.65,128.04,-34.308,9.4398,-67.201,707.5,918.12,1076,684.23,990.09,40.841,-10.943,13.979,-56.514,594.2,778.67,221.68,855.85,272.88,4.8867,-1.3094,4.9127,4.7612,29.905,39.88,5.936,2.4936,5.9343,1.1493,-0.30796,-1.3163,-1.2758,-8.0129,-10.686,-1.5905,-0.66815,-1.5901,-0.30796,0.082517
24.001,24.217,13.023,6.5228,16.353,4.9616,0,0,0,20.089,21.459,5.8462,-62.47,19.972,5.24,0,0,0,9.77,15.143,30.078,620.75,23.672,6.156,-15.354,-8.8361,2.3676,6.5478,-48.2,402.03,514.35,-30.264,21.105,132.89,51.291,-13.743,5.175,-72.129,516.65,268.96,728.37,352.71,728.41,121.14,-32.46,7.1022,-69.437,485.88,843.65,1061.1,256.41,712.53,126.55,-33.908,14.402,-66.067,634.66,768.33,78.121,799.76,960.52,68.871,-18.454,5.7174,-2.4674,60.585,42.217,-4.8171,54.86,107.01,0.6344,-0.16999,-1.532,0.66113,-16.234,-11.312,1.2907,-14.7,-28.672,-0.16999,0.045548
10.546,12.919,18.67,6.4546,-0.23996,6.0611,11.015,3.0337,-0.81287,10.789,12.319,15.667,5.5819,-0.11514,-0.89722,-73.448,-5.3768,1.4407,24.489,15.695,47.246,3.0225,-10.146,80.278,730.85,52.832,-14.156,10.019,-72.039,467.96,67.741,77.453,15.739,362.63,118.16,-31.66,9.6102,-72.226,439.35,393.17,921.32,-27.291,507.51,124.69,-33.411,15.399,-56.039,476.8,601.08,719.28,230.74,647.07,17.109,-4.5844,14.277,-66.394,622.56,77.611,276.32,496.05,86.048,8.5804,-2.2991,6.097,-3.2686,68.215,3.8932,8.1038,4.2735,4.6514,2.4483,-0.65602,-1.6337,0.87582,-18.278,-1.0432,-2.1714,-1.1451,-1.2463,-0.65602,0.17578
11.778,11.795,13.498,4.8438,0,0,0,0,0,12.453,18.678,-23.906,-20.959,0,0,0,0,0,21.781,-13.918,285.57,231.5,-1.2022,0.29983,-13.987,-9.217,2.4697,14.292,-61.592,493.42,230.85,-34.1,-4.6614,85.279,52.088,-13.957,12.272,-67.273,457.8,232.2,237.96,-74.319,652.48,129.59,-34.722,14.721,-67.686,726.38,748.32,718.02,-88.192,697.96,41.473,-11.113,21.031,-24.08,439.06,149.42,198,814.49,447,5.0559,-1.3547,5.2116,5.0608,5.2475,1.7066,-3.5931,87.247,18.423,0.94236,-0.2525,-1.3965,-1.356,-1.4061,-0.45727,0.96278,-23.378,-4.9365,-0.2525,0.067658
0,0,0,0,-2.1964,11.703,12.697,3.0914,-0.82833,0,0,0,0,-3.0495,16.399,-63.248,-5.6001,1.5005,-1.1868,-1.2597,-1.7889,-1.7154,-0.39004,-11.091,616.01,53.351,-14.295,7.0805,7.3982,11.735,9.3071,-27.759,1.0658,303.73,119.12,-31.918,12.739,15.693,-17.662,7.7166,210.88,-49.072,374.9,128.82,-34.516,9.8214,-61.033,462.63,292.79,756.86,-135.27,514.48,41.505,-11.121,21.831,-55.371,732.99,392.53,317.83,557.19,372.98,3.7174,-0.99607,4.6144,-5.5253,90.952,16.828,-2.1402,111.44,18.227,0.86661,-0.23221,-1.2364,1.4805,-24.37,-4.509,0.57347,-29.861,-4.8839,-0.23221,0.06222
13.25,13.989,14.874,1.8066,-1.7492,18.074,19.827,1.9501,-0.52252,10.744,18.519,-41.695,-4.7009,-2.3359,19.707,-52.051,-7.2192,1.9344,20.68,-31.696,482.55,55.266,-1.4209,-28.742,619.69,82.469,-22.097,16.638,-66.582,629.3,71.916,87.686,-83,732.98,119.42,-31.998,15.226,-61.363,472.75,530.16,896.49,-88.463,728.02,127.46,-34.154,9.7431,-67.073,460.56,968.26,883.15,-10.143,860.78,71.818,-19.244,12.78,-31.273,360.8,435.72,366.21,1022.6,417.44,5.6945,-1.5258,3.1091,2.9101,5.478,3.0284,2.2576,92.049,10.804,2.0732,-0.55551,-0.83308,-0.77975,-1.4678,-0.81146,-0.60493,-24.664,-2.8949,-0.55551,0.14885
7.7699,11.681,10.013,11.828,14.869,17.61,14.416,4.9667,-1.3308,9.2987,12.001,4.5032,8.6295,15.017,-58.604,6.051,4.7055,-1.2608,9.7522,-0.070895,106.72,29.48,-104.49,592.59,60.465,-3.1812,0.85241,18.799,-66.343,634.17,113.66,593.86,168.36,731.27,53.249,-14.268,17.404,-61.455,456.84,808.81,497.04,-72.844,732.38,120.22,-32.212,9.0304,-60.285,419.6,1081.3,460.47,-158.67,776.43,124.33,-33.314,18.435,-62.552,653.31,435.34,543.39,769.92,763.54,19.222,-5.1506,2.3937,-7.2773,90.612,17.225,0.47434,116.26,45.986,2.8271,-0.75751,-0.64139,1.95,-24.279,-4.6154,-0.1271,-31.152,-12.322,-0.75751,0.20297
8.8502,9.3049,15.311,16.244,10.078,16.01,10.38,1.8028,-0.48305,9.1017,10.181,5.4397,-29.819,10.411,22.946,-36.046,2.7821,-0.74546,24.176,20.179,134.52,396.73,22.136,-29.178,462.65,1.9194,-0.5143,13.909,-55.977,425.71,183.58,-9.3196,-64.922,433.53,107.61,-28.834,15.48,-54.124,457.43,-62.075,396.48,65.454,297.6,129.29,-34.643,11.193,-63.343,438.59,11.433,743.01,12.15,452.79,40.874,-10.952,14.659,8.7091,61.018,691.6,286.12,612.23,321.68,6.2583,-1.6769,1.5367,2.368,4.5099,4.5991,-2.3293,40.166,4.964,2.5571,-0.68518,-0.41176,-0.63451,-1.2084,-1.2323,0.62414,-10.763,-1.3301,-0.68518,0.18359
0,0,0,0,-1.5476,6.2983,16.681,2.7729,-0.74301,0,0,0,0,-1.156,-8.9887,-25.532,3.4295,-0.91892,-0.79576,6.433,-61.3,-8.0065,-2.868,145.37,410.16,4.239,-1.1358,4.2339,-56.461,511.16,69.363,-41.321,-18.762,692.99,15.407,-4.1284,13.318,-60.434,553.7,413.47,707.49,-72.01,730.75,119.91,-32.129,11.17,-68.078,718.7,1004.2,915.08,-165.43,695,121.29,-32.499,20.654,-47.618,605.08,363.33,618.59,725.33,957.76,107.64,-28.842,3.7164,3.6517,3.6593,4.5172,18.257,121.19,105.76,0.43526,-0.11663,-0.99581,-0.97847,-0.9805,-1.2104,-4.8919,-32.474,-28.338,-0.11663,0.03125
20.121,19.477,9.9558,17.941,12.881,4.2661,0,0,0,19.623,27.661,-29.746,-29.775,18.941,3.0431,0,0,0,13.953,-36.681,372.56,432.63,36.922,21.257,-74.253,-9.8559,2.6409,0.14098,-79.916,692.72,934.64,947.16,81.605,631.45,81.912,-21.948,-0.16571,-82.818,694.96,970.7,1044.2,143.59,1046.3,130.06,-34.849,3.8275,-82.974,763.02,996.47,1038.4,705.4,975.47,70.139,-18.794,10.922,-14.222,256.46,91.147,603.08,968.84,448,7.2952,-1.9547,1.8811,2.0234,2.9106,4.9958,5.2633,4.1209,8.1764,1.0366,-0.27775,-0.50404,-0.54216,-0.7799,-1.3386,-1.4103,-1.1042,-2.1909,-0.27775,0.074424
10.569,12.169,11.95,2.2544,-0.30792,4.2475,20.307,4.4824,-1.201,9.6085,11.104,7.2861,2.0949,-0.33933,10.294,-28.38,3.3216,-0.89003,18.04,11.081,76.89,-5.9286,-4.5765,-43.949,447.87,14.527,-3.8926,17.095,-64.249,588.06,39.345,65.251,-60.143,563.04,119.96,-32.144,13.809,-64.757,440.5,419.4,981.89,37.794,481.66,121.05,-32.435,7.7536,-64.266,487.45,614.77,606.23,-162.82,689.07,104.87,-28.101,13.451,6.2197,55.239,-50.161,555.99,783.8,613.32,7.6175,-2.0411,1.4138,2.0235,4.7389,4.1946,-2.0511,118.57,42.939,2.6659,-0.71434,-0.37883,-0.54218,-1.2698,-1.1239,0.54958,-31.771,-11.506,-0.71434,0.19141
16.022,16.147,12.774,6.5477,0,0,0,0,0,20.894,26.486,-33.871,5.8624,0,0,0,0,0,11.715,-42.267,416.37,2.0774,-1.1651,-1.3883,-3.2792,-0.42563,0.11405,6.9627,-6.5997,299.38,8.309,-4.9561,-9.9169,92.774,3.5502,-0.95126,-0.03206,-5.749,257.26,3.5473,147.76,11.564,14.535,-1.0767,0.28851,7.0057,-12.599,336.42,689.78,530.98,-91.615,177.51,93.882,-25.156,15.296,-31.142,445.52,98.764,299.82,400.37,333.13,4.2172,-1.13,4.792,5.437,6.5007,4.8738,2.3673,33.114,9.308,1.6322,-0.43735,-1.284,-1.4568,-1.7419,-1.3059,-0.63431,-8.8729,-2.4941,-0.43735,0.11719
8.5079,15.383,21.573,0.53702,-0.045838,2.7,9.1304,1.2886,-0.34528,10.348,21.946,-17.906,-7.6434,-0.12943,10.677,-29.135,-7.6946,2.0618,9.2837,-28.018,252.75,66.834,-35.927,-57.755,328.86,81.964,-21.962,8.0348,-69.868,624.47,2.8965,184.83,-37.067,460.53,119.48,-32.016,14.507,-69.013,653.28,-73.493,837.58,125.23,649.59,127.41,-34.141,7.0201,-35.689,316.16,689.14,838.92,256.8,744.39,41.943,-11.239,21.58,23.004,-10.578,281.24,42.818,719.7,463.69,4.7279,-1.2668,9.4986,8.8995,2.9728,7.3616,-2.798,56.755,17.256,2.5241,-0.67632,-2.5452,-2.3846,-0.79655,-1.9725,0.74973,-15.207,-4.6236,-0.67632,0.18122
9.8743,9.1785,12.174,4.1992,-0.21176,4.3411,12.768,2.6771,-0.71733,12.43,18.421,-21.398,-4.5557,-0.083682,13.137,-44.409,-5.8872,1.5775,13.046,-23.548,206.49,62.063,-1.9948,-46.505,479.97,54.321,-14.555,5.6226,-79.412,550.3,81.548,-66.11,-81.338,506.25,119.48,-32.014,10.788,-14.258,388.94,-29.073,656.12,-30.693,477.69,118.94,-31.871,11.309,-59.756,458.49,435.19,461.32,168.64,448.57,129.07,-34.584,13.049,-9.9948,145.91,292.76,-7.5038,294.98,696.23,72.56,-19.442,5.7241,6.6975,4.8343,1.7174,8.0099,20.303,109.26,2.4501,-0.65651,-1.5338,-1.7946,-1.2954,-0.46019,-2.1462,-5.4402,-29.276,-0.65651,0.17591
0,0,0,0,-0.40769,6.2098,12.174,4.1992,-1.1252,0,0,0,0,-0.82007,14.559,-21.398,-4.5557,1.2207,-0.88431,4.5904,-34.606,-67.794,-1.5369,-29.003,212.99,53.768,-14.407,10.814,-21.544,229.54,438.92,-30.108,-118.22,503.93,121.6,-32.583,17.802,-58.875,635.86,476.74,248.64,284.04,699.78,118.25,-31.684,9.9798,-56.68,492.05,373.25,774.94,866.39,873.87,130.73,-35.029,9.6249,12.938,9.3997,539.69,435.95,364.2,1005.4,72.707,-19.482,2.7914,3.8447,3.6278,7.966,7.7774,1.3686,95.037,1.2251,-0.32826,-0.74796,-1.0302,-0.97206,-2.1345,-2.084,-0.36672,-25.465,-0.32826,0.087956
0,0,0,0,-0.2219,8.0896,14.895,3.0621,-0.82048,0,0,0,0,-0.50489,11.672,10.146,-6.1072,1.6364,-1.2958,-1.8693,1.8756,0.070894,-1.8113,6.391,65.196,53.783,-14.411,9.0996,12.742,-15.777,9.1212,-0.72207,-69.445,441.81,120.09,-32.178,12.217,-56.973,534.24,60.626,-64.495,-82.272,457.02,119.47,-32.012,9.3401,-62.471,593.6,-54.266,431.29,-101.81,637.96,125.46,-33.617,9.8311,-55.141,439.19,566.07,243.4,431.1,805.98,71.236,-19.088,7.1661,9.0072,9.1707,55.572,-2.9056,83.017,107.01,0.84136,-0.22544,-1.9202,-2.4135,-2.4573,-14.89,0.77856,-22.244,-28.673,-0.22544,0.060407
0,0,0,0,-0.60305,10.464,19.703,6.7107,-1.7981,0,0,0,0,-0.57812,18.25,-17.166,-2.1506,0.57626,-0.80175,5.4439,-35.363,-3.4164,-37.273,-51.817,288.02,54.305,-14.551,6.2934,-29.308,194.64,31.838,203.35,-20.814,515.85,128.7,-34.484,12.021,-68.797,602.49,-7.7702,489.13,50.927,652.56,42.006,-11.256,15.775,-66.321,577.23,88.836,984.39,109.66,307.55,3.3649,-0.90163,20.45,14.765,76.359,545.77,468.12,545.2,238.68,2.7427,-0.73492,5.1288,4.5646,4.3604,4.5141,3.0188,95.099,4.2651,1.602,-0.42926,-1.3742,-1.2231,-1.1684,-1.2095,-0.80888,-25.482,-1.1428,-0.42926,0.11502
6.9313,11.384,18.739,13.57,16.518,8.22,12.957,2.0602,-0.55203,9.8292,20.071,-33.937,-58.529,13.839,9.057,11.327,1.5928,-0.42679,14.75,-36.435,430.37,570.38,10.1,10.347,51.892,16.655,-4.4626,16.605,-62.652,759.91,444.84,52.001,-78.343,681.83,119.38,-31.988,15.805,-64.081,774.24,266.49,598.48,483.83,803.5,117.21,-31.405,11.695,-29.664,351.64,677.97,948.09,964.41,1017.4,126.26,-33.83,14.988,18.879,-15.44,550.12,497.96,354.46,977.7,70.128,-18.791,3.7235,3.6704,6.7697,4.2067,9.2422,-4.2977,68.592,0.97933,-0.26241,-0.99772,-0.98349,-1.8139,-1.1272,-2.4764,1.1516,-18.379,-0.26241,0.070312
9.9084,15.18,9.8249,1.5705,-1.362,10.728,15.063,6.3844,-1.7107,8.8833,20.083,-44.753,-7.0858,-1.7927,11.75,19.699,5.9441,-1.5927,11.756,-43.237,440.11,81.543,-1.2052,9.86,-0.1837,-3.9997,1.0717,13.335,-72.729,741.88,129.41,17.971,-0.39163,413.9,84.899,-22.749,18.101,-68.633,538,77.522,436.05,222.56,142.71,118.01,-31.62,17.904,7.9638,112.44,245.84,713.41,195.03,283.31,129.41,-34.675,11.175,13.942,4.8693,83.055,82.463,470.86,648.74,69.111,-18.518,5.8003,4.0242,3.5046,2.5875,-3.963,82.783,107.22,1.1425,-0.30614,-1.5542,-1.0783,-0.93907,-0.69333,1.0619,-22.182,-28.731,-0.30614,0.082031
13.045,12.354,18.935,15.497,14.953,22.683,15.225,3.3776,-0.90503,16.689,14.817,18.363,12.889,14.417,-48.305,3.1119,3.4542,-0.92556,11.603,21.873,-32.904,3.2552,-12.126,457.79,89.304,2.8853,-0.77312,12.518,-42.358,493.04,254.83,-85.811,237.27,812,15.844,-4.2454,14.112,-68.949,753.12,282.31,405.68,139.81,1042.8,120.69,-32.339,12.078,-52.094,414.26,849.99,1090.7,361.47,1073,106.53,-28.545,30.031,31.031,9.7835,67.753,535.1,1057.6,540.64,3.4498,-0.92436,5.0407,3.8801,5.2376,4.0778,-0.96591,91.995,7.3179,1.3086,-0.35065,-1.3506,-1.0397,-1.4034,-1.0926,0.25882,-24.65,-1.9608,-0.35065,0.093955
20.142,16.118,16.904,5.9455,-0.87517,7.6602,10.682,3.8777,-1.039,26.18,28.72,-22.196,-4.8222,-0.64929,5.8847,5.9107,4.3043,-1.1533,11.68,-45.239,414.71,151.65,-60.55,-9.3792,65.61,13.609,-3.6466,20.61,-26.195,473.87,-38.538,507.31,4.7244,463.51,119.17,-31.93,13.6,-59.312,604.73,193.4,1007,29.897,593.61,125.53,-33.635,7.6055,-20.655,195.27,994.5,1073.4,216.24,639.48,17.257,-4.6241,14.719,15.146,-12.454,137.93,203.62,932.13,451.24,6.9279,-1.8563,3.1621,3.4153,5.9309,7.4508,3.9966,7.3165,4.9773,0.7617,-0.2041,-0.84728,-0.91512,-1.5892,-1.9964,-1.0709,-1.9604,-1.3337,-0.2041,0.054687
0,0,0,0,-0.045838,2.7,9.1304,1.2886,-0.34528,0,0,0,0,-0.12943,10.677,-29.135,-7.6946,2.0618,-1.7377,4.8089,-60.937,-25.2,-3.2398,-49.484,329.82,81.977,-21.966,8.7185,-46.578,470.49,197.02,56.295,-59.52,480.53,120.05,-32.166,7.4771,-68.844,649.11,17.609,715.17,46.327,479.47,120.67,-32.334,10.296,-58.848,472.99,570.17,162.09,180.37,679.6,107.36,-28.767,5.8002,5.9416,14.147,17.675,-2.7682,283.44,593.08,3.443,-0.92255,5.1375,3.438,3.658,3.2196,6.5176,7.3815,59.693,1.602,-0.42926,-1.3766,-0.92122,-0.98017,-0.86268,-1.7464,-1.9779,-15.995,-0.42926,0.11502
0,0,0,0,-1.7089,9.8385,19.356,5.972,-1.6002,0,0,0,0,-2.7687,15.39,-36.753,7.7142,-2.067,-1.9119,-1.3437,-1.7294,-0.50353,1.0241,-4.1359,402.71,-2.7845,0.7461,10.761,9.0897,-0.70769,-35.583,21.092,-39.244,920.77,105,-28.135,15.205,8.2217,107.24,245.75,50.589,-68.699,931.77,118.93,-31.868,15.222,-67.918,663.62,519.79,923.31,487.96,990.14,125.52,-33.634,9.872,-32.458,327.3,1031.5,801.28,894.49,977.24,70.672,-18.936,0.46079,2.5131,1.2088,116.32,33.39,61.547,71.695,2.0131,-0.5394,-0.12347,-0.67339,-0.32389,-31.168,-8.9468,-16.492,-19.211,-0.5394,0.14453
12.103,10.939,14.63,1.9522,-1.8221,11.559,10.791,6.4018,-1.7153,11.408,17.552,-42.042,-21.885,-2.1803,11.846,13.465,6.3074,-1.6901,12.976,-37.79,521.73,183.07,-5.1709,4.5312,49.318,27.08,-7.2559,8.2504,-74.984,762.95,238.86,37.747,9.6024,99.624,64.722,-17.342,18.99,-70.015,532.35,22.285,590.02,103.68,135.61,108.59,-29.097,10.226,-32.663,357.19,402.32,742.59,189.18,452.83,105.83,-28.358,21.58,23.004,-25.973,362.78,108.17,481.07,572.09,5.8991,-1.5807,9.4986,8.8995,3.4225,2.3993,2.6792,27.954,40.854,0.48966,-0.1312,-2.5452,-2.3846,-0.91705,-0.64288,-0.71789,-7.4902,-10.947,-0.1312,0.035156
0,0,0,0,-0.91911,15.179,11.124,2.1372,-0.57267,0,0,0,0,-1.9301,16.95,-48.981,2.7533,-0.73775,-0.38353,-0.99898,2.6555,-1.5267,7.088,8.1796,460.8,-1.9129,0.51257,2.9043,5.5268,-28.732,-3.4766,-8.4383,-82.684,741.68,104.89,-28.105,11.911,-58.123,615.62,150.27,489.06,47.365,737.25,118.76,-31.822,12.404,-83.135,781.33,249.51,585.51,172.83,731.98,128.48,-34.425,25.986,-2.2998,223.75,406.45,49.653,159.65,715.42,71.201,-19.078,9.0014,7.3504,4.8995,2.8927,4.738,7.9536,57.022,1.7954,-0.48108,-2.4119,-1.9695,-1.3128,-0.7751,-1.2695,-2.1312,-15.279,-0.48108,0.12891
10.465,8.7834,14.149,12.005,6.0936,18.517,11.72,4.1355,-1.1081,7.7088,6.9896,17.376,18.616,7.8099,8.3249,-66.312,-4.8032,1.287,9.4497,14.143,-18.105,-42.777,-70.978,42.668,569.83,54.006,-14.471,2.4726,-68.257,586.45,769.04,701.05,270.56,1048.3,119.12,-31.919,-0.80996,-83.736,716.07,1008.3,1067.7,335.59,1067,128.14,-34.336,4.8691,-76.756,549.92,1076.1,1057.3,679.6,993.35,40.606,-10.88,16.736,-7.8664,197.94,405.7,609.95,1081.1,562.42,2.6118,-0.69983,4.1852,3.5744,3.3076,4.2906,-3.3384,110.2,17.684,1.4971,-0.40115,-1.1214,-0.95776,-0.88627,-1.1497,0.89453,-29.528,-4.7384,-0.40115,0.10749
6.8248,10.956,10.797,12.098,8.9812,21.032,22.403,7.5957,-2.0353,9.9018,19.761,-51.127,-11.484,9.16,19.241,-0.48994,6.7895,-1.8192,20.17,-33.836,521.81,275.09,1.0935,-8.0365,203.38,3.4904,-0.93526,11.027,-75.309,730.67,106.45,138.04,82.825,569.37,107.7,-28.859,17.423,-65.727,556.77,81.905,499.14,95.836,476.5,119.02,-31.89,15.243,5.8535,127.39,660.31,946.23,179.17,708.47,124.34,-33.316,13.365,13.431,15.505,70.575,36.951,691.1,668.99,15.68,-4.2014,6.1761,6.9,5.0126,3.5487,-2.6629,61.805,41.549,1.2076,-0.32358,-1.6549,-1.8488,-1.3431,-0.95086,0.71352,-16.561,-11.133,-0.32358,0.086704
10.465,8.7834,14.692,1.6111,-1.0429,9.6511,17.671,3.3117,-0.88737,7.7088,6.9896,18.299,5.4279,6.264,-48.7,-47.1,4.191,-1.123,9.2537,13.432,-3.4078,-9.5515,-58.828,479.25,533.64,-0.47234,0.12656,8.3418,-58.652,489,299.96,-76.546,135.54,1034.4,105.97,-28.395,11.467,-73.358,773.09,299.86,410.28,113.69,1055.6,119.26,-31.957,9.1755,-32.182,295.27,960.28,1078.5,466.7,1084.5,108.88,-29.175,21.58,23.004,8.0659,83.935,345.19,1030.2,544.69,4.3132,-1.1557,9.4986,8.8995,3.2088,3.2209,-1.7811,68.285,6.1623,1.6322,-0.43735,-2.5452,-2.3846,-0.85979,-0.86304,0.47726,-18.297,-1.6512,-0.43735,0.11719
0,0,0,0,-0.30792,4.2475,20.307,4.4824,-1.201,0,0,0,0,-0.33933,10.294,-28.38,3.3216,-0.89003,-2.2808,3.2537,-42.569,-22.026,-36.44,-49.95,426.24,14.517,-3.8897,11.25,-21.414,316.71,192.81,211.46,-31.39,736.7,119.38,-31.987,16.735,-67.557,670.25,164.1,997.71,19.971,737.41,119.71,-32.077,9.4162,-60.511,535.87,868.26,363.62,233.97,751.35,107.27,-28.743,10.051,11.484,40.939,79.67,5.1699,580,634.59,6.079,-1.6289,5.1412,5.5357,5.2389,3.0178,4.9535,26.769,42.413,1.3019,-0.34883,-1.3776,-1.4833,-1.4038,-0.80863,-1.3273,-7.1727,-11.365,-0.34883,0.09347
0,0,0,0,-1.8506,11.618,11.346,7.8615,-2.1065,0,0,0,0,-1.5326,19.48,-39.467,-0.1345,0.03604,-0.74434,-0.64893,-6.6801,-2.5863,-74.678,-63.427,392.88,51.947,-13.919,11.156,2.7231,99.392,51.075,419.95,99.304,908.76,127.6,-34.191,7.8956,-75.159,757.51,727.13,1043.4,359.96,963.99,41.818,-11.205,9.1128,-72.185,548.34,1088.3,1034.2,988.71,527.29,3.0991,-0.8304,16.736,-7.8664,197.91,430.04,828,1085.4,237.15,5.5852,-1.4965,4.1852,3.5744,3.3802,-3.8337,51.687,108.86,6.5528,1.1425,-0.30614,-1.1214,-0.95776,-0.90572,1.0272,-13.849,-29.17,-1.7558,-0.30614,0.082031
0,0,0,0,-1.7089,9.8385,19.356,5.972,-1.6002,0,0,0,0,-2.7687,15.39,-36.753,7.7142,-2.067,-1.7832,-1.8456,-1.5528,-0.76729,1.6632,-5.5535,403.86,-2.4154,0.64722,10.336,11.876,-0.3708,-4.4456,18.551,-28.701,918.81,103.42,-27.712,7.8058,1.6126,109.96,78.478,-32.467,-59.266,929.36,122.13,-32.725,16.395,-65.958,766.28,302.68,892.55,321.27,1040.7,128.31,-34.379,19.228,-44.434,542.56,946.07,764.53,865.75,969.45,70.761,-18.96,1.9964,2.9071,-0.91377,110.76,8.64,59.758,70.284,1.5778,-0.42277,-0.53493,-0.77896,0.24484,-29.679,-2.3151,-16.012,-18.833,-0.42277,0.11328
0,0,0,0,-0.87851,5.9346,18.343,1.8293,-0.49015,0,0,0,0,-0.42848,-2.1807,-57.955,1.6925,-0.45352,-1.2395,4.4583,-39.557,-40.314,-43.092,83.868,649.05,16.844,-4.5134,5.0949,-26.689,251.77,353.97,221.39,-10.238,770.84,118.25,-31.685,18.773,-61.674,632.72,153.26,807.18,20.369,741.14,118.68,-31.801,11.973,-65.827,598.87,527.75,1125.1,160.61,744.89,128.17,-34.342,22.982,10.585,71.674,473.78,240.57,802.08,836.43,73.028,-19.568,3.4601,3.5406,3.4602,4.7273,-1.0522,59.346,73.048,1.197,-0.32072,-0.92714,-0.94869,-0.92716,-1.2667,0.28194,-15.902,-19.573,-0.32072,0.085937
10.045,14.908,17.163,3.7128,-1.7055,9.1418,18.67,6.4546,-1.7295,10.968,20.875,-20.528,-6.3033,-1.4235,8.5712,15.667,5.5819,-1.4957,16.703,-30.796,288.61,87.097,-5.8484,0.97278,72.648,2.3648,-0.63364,7.4022,-68.617,621.07,261.98,59.977,-6.8153,224.66,107.39,-28.774,20.595,-59.286,417.6,82.214,489.01,86.178,286.23,119.36,-31.983,10.815,-54.232,501.08,348.68,863.92,14.127,687.59,107.02,-28.676,13.46,14.762,23.534,659.35,148.32,545.71,539.38,6.0556,-1.6226,3.3553,4.1123,3.7142,2.6788,-3.0177,93.573,39.77,0.32644,-0.08747,-0.89905,-1.1019,-0.99521,-0.71779,0.80859,-25.073,-10.656,-0.08747,0.023437
0,0,0,0,-2.0377,15.245,12.914,2.6287,-0.70436,0,0,0,0,-2.3357,15.78,-42.934,3.6018,-0.96511,-0.95421,-1.3093,1.2982,4.5768,-23.518,2.6624,428.44,0.3573,-0.095738,5.5614,6.8777,-8.7315,-0.5866,139.74,-68.572,716.68,104.75,-28.066,15.467,-61.639,628.92,129.65,719.03,36.577,736.72,118.89,-31.857,13.423,-82.09,766.47,339.47,631.07,408.61,725.57,127.87,-34.264,25.986,-2.2998,198.31,527.77,40.348,338.39,821.4,40.211,-10.775,9.0014,7.3504,4.5373,3.6869,5.8639,6.4577,58.121,0.6344,-0.16999,-2.4119,-1.9695,-1.2158,-0.98791,-1.5712,-1.7303,-15.573,-0.16999,0.045548
0,0,-1.4661,7.5233,21.552,2.561,0,0,0,0,0,-1.337,14.07,-35.359,-6.8625,0,0,0,-0.95474,-1.9547,-0.083778,-46.354,482.07,57.915,-2.8218,-0.41782,0.11195,11.056,15.331,-20.416,-99.169,515.09,437.9,16.527,2.8982,-0.77656,14.956,-57.444,419.81,546.39,114.34,596.23,-24.723,7.9033,-2.1177,19.932,-18.96,368.41,543.17,615.51,615.08,394.5,-7.8647,2.1073,8.2862,8.6638,24.883,11.601,20.151,-58.582,616.21,86.876,-23.278,1.5606,2.4967,2.5988,2.3842,4.6088,-5.2201,59.106,14.2,-3.8049,-0.41815,-0.669,-0.69634,-0.63885,-1.2349,1.3987,-15.837,-3.8049,1.0195
5.2184,8.1907,9.2144,14.524,7.8316,5.9711,32.946,6.5723,-1.761,5.6424,6.8362,12.874,15.565,7.8486,10.757,17.534,-2.2323,0.59814,8.5606,14.02,16.062,77.231,-19.514,-21.604,198.34,81.834,-21.927,18.77,-51.393,551.54,288.83,272.44,63.21,150.78,122.44,-32.807,19.984,-60.519,603.37,83.133,760.88,-28.331,472.41,120.82,-32.374,18.403,-24.106,380.33,532.43,450.91,-124.25,756.91,109.92,-29.453,8.2862,8.6638,24.923,0.61307,160.33,836.46,660.49,5.3543,-1.4347,1.5606,2.4967,2.5235,4.7985,-2.7788,93.294,43.554,2.2617,-0.60601,-0.41815,-0.669,-0.67617,-1.2858,0.74458,-24.998,-11.67,-0.60601,0.16238
0,0,-0.62707,5.3026,14.091,16.704,20.144,1.6572,-0.44404,0,0,-0.79107,11.619,-16.412,-52.824,16.08,1.9421,-0.52037,-2.1828,-2.718,-2.3666,-22.861,235.58,472.77,6.3297,3.3066,-0.88599,21.024,28.504,-11.783,-101.23,457.43,403.04,104.5,3.6859,-0.98763,11.614,-28.024,290.97,393.9,84.266,533.8,52.629,5.2272,-1.4006,14.731,-55.436,527.29,400.97,496.58,821.87,83.271,-5.7346,1.5366,18.185,17.161,16.874,5.3592,57.84,-27.544,643.29,87.066,-23.329,3.4521,4.5942,4.5865,5.7293,5.1083,-7.2147,88.389,14.062,-3.768,-0.92499,-1.231,-1.229,-1.5352,-1.3688,1.9332,-23.684,-3.768,1.0096
13.76,15.056,14.283,15.073,4.1252,17.115,16.331,1.4146,-0.37904,13.673,16.001,19.011,16.373,-16.328,25.125,-17.41,-8.166,2.1881,16.173,18.406,-11.995,2.1597,170.05,-12.511,300.11,85.328,-22.864,8.1401,-55.158,528.49,-68.868,746.63,32.705,182.28,118.73,-31.814,13.476,-62.491,541.57,331.28,841.71,-91.647,647.99,129.04,-34.575,10.711,-54.939,406.82,648.25,584.42,169.82,877.45,41.174,-11.033,5.8002,5.9416,14.362,-15.244,199.44,1009.2,387.58,5.9361,-1.5906,5.1375,3.438,3.1394,5.0629,-3.4785,71.932,5.4201,0.37694,-0.101,-1.3766,-0.92122,-0.84121,-1.3566,0.93206,-19.274,-1.4523,-0.101,0.027063
8.5527,11.819,13.626,9.8385,19.207,14.218,8.2818,2.6152,-0.70073,11.12,14.646,5.8588,-54.844,17.06,10.977,-12.093,3.0731,-0.82343,5.4326,0.89155,82.425,548.55,10.568,25.595,216.2,2.9804,-0.79859,11.516,-67.076,576.01,647.37,85.267,149.51,715.05,-4.2418,1.1366,10.319,-75.388,803.02,361.71,862.41,-44.906,783.51,83.109,-22.269,8.8976,-33.042,326.14,890.72,927.9,-75.261,902.23,107.76,-28.874,21.58,23.004,7.9071,66.976,338.65,755.01,485.86,6.156,-1.6495,9.4986,8.8995,3.04,3.2308,3.0238,4.6024,7.7549,3.1556,-0.84554,-2.5452,-2.3846,-0.81457,-0.86569,-0.81024,-1.2332,-2.0779,-0.84554,0.22656
11.143,9.586,21.156,15.495,7.2383,14.419,21.813,3.1099,-0.83328,10.794,15.787,-14.446,7.3084,13.411,-20.774,-48.062,3.9267,-1.0521,9.3557,-22.026,216.23,94.817,-28.59,299.19,560.59,3.8176,-1.0229,5.7707,-69.673,514.53,380.66,-63.887,-52.322,794.99,106.83,-28.625,4.6912,-73.01,500.8,427.74,682.42,-35.413,741.66,128.91,-34.54,16.52,-61.417,479.03,992.92,1021.3,161.19,924.59,70.358,-18.852,22.866,-44.233,581.99,473.24,487.98,838.55,176.27,3.778,-1.0123,3.0068,2.7342,3.6866,4.8673,23.599,71.234,7.2476,1.2873,-0.34493,-0.80566,-0.73262,-0.98783,-1.3042,-6.3234,-19.087,-1.942,-0.34493,0.092423
0,0,0,0,-0.87863,10.275,14.873,1.8521,-0.49628,0,0,0,0,-1.637,14.841,-59.926,-6.0052,1.6091,-2.053,-2.4862,2.3505,-0.54903,4.1378,-24.781,560.05,56.512,-15.142,14.597,19.959,-12.648,-10.658,-39.994,-86.685,758.9,118.12,-31.651,8.6124,-55.611,540.43,703.25,770.21,444.4,716.74,121.2,-32.475,11.854,-64.813,610.49,1061.7,849.34,396.42,819.67,108.18,-28.985,12.076,4.48,86.852,320.18,57.26,848.38,639.95,4.577,-1.2264,4.7912,4.3731,3.9935,3.3145,-1.0545,93.625,42.851,0.75779,-0.20305,-1.2838,-1.1718,-1.0701,-0.88812,0.28254,-25.087,-11.482,-0.20305,0.054407
19.494,18.844,14.067,10.736,19.366,7.3428,0,0,0,22.621,26.83,-22.267,-56.096,16.876,6.2901,0,0,0,17.596,-31.513,313.2,584.21,18.752,5.8366,-61.141,0.012205,-0.0032702,6.0962,-72.38,729.52,498.48,-47.202,-18.332,483.15,-9.1869,2.4616,11.99,-54.467,507.53,537.17,462.29,-45.465,806.37,84.48,-22.636,0.45946,2.0566,-7.4081,443.56,698.55,-163.41,722.44,110.04,-29.485,0,0,-0.24185,-57.522,561.28,581.89,609.23,3.3175,-0.88892,0,0,-0.33683,3.8031,0.863,114.09,41.595,0.87051,-0.23325,0,0,0.090254,-1.0191,-0.23124,-30.57,-11.145,-0.23325,0.0625
12.868,10.26,12.929,13.923,9.4154,7.9116,19.86,9.2684,-2.4835,9.2458,8.1963,10.404,16.503,17.045,13.399,-22.34,10.347,-2.7726,15.056,6.4383,70.322,-31.141,-30.741,-18.146,305.26,-5.4484,1.4599,10.69,-65.818,478.36,608.85,909.15,17.62,685.4,83.592,-22.398,5.1304,-71.566,406.23,1102.5,657.29,-90.931,715.86,124.76,-33.43,8.9808,-74.176,648.21,653.14,769.82,179.43,858.92,17.416,-4.6667,23.743,11.629,69.815,21.902,594.85,818.97,226.8,5.5232,-1.4799,7.1695,6.8337,3.7276,6.0819,10.875,28.127,3.9212,0.6344,-0.16999,-1.9211,-1.8311,-0.99882,-1.6296,-2.914,-7.5365,-1.0507,-0.16999,0.045548
4.7204,5.1413,12.251,10.808,12.148,14.922,9.8249,1.5705,-0.42081,2.398,4.3052,14.682,22.707,12.648,19.632,-44.753,-7.0858,1.8986,8.4678,14.09,-17.697,-18.836,-45.95,-72.141,442.06,82.481,-22.101,16.657,-35.136,359.74,841.75,536.28,164.42,718.18,119.34,-31.976,24.447,-42.729,445.24,988.41,1071.9,482.93,855.21,119.64,-32.057,5.4531,6.0882,7.1099,299.76,438.01,869.85,1012.5,105.93,-28.384,0,0,-0.92998,12.664,-25.325,844.86,751.91,4.5798,-1.2272,0,0,-0.41935,2.2734,-3.0698,59.385,40.096,0.59848,-0.16036,0,0,0.11236,-0.60915,0.82256,-15.912,-10.744,-0.16036,0.042969
5.3819,5.6861,8.7834,4.7695,-1.9515,11.052,20.501,5.02,-1.3451,8.7679,9.1684,16.054,7.4351,-2.1662,1.2923,-23.224,6.3783,-1.7091,12.413,14.599,-11.049,-17.065,-3.8443,118.59,363.35,-6.0566,1.6229,7.376,-61.07,448.71,244.61,-19.594,-71.564,753.18,82.186,-22.022,5.3478,-72.456,507.57,396.24,770.62,-45.082,736.38,127.79,-34.241,8.1336,-64.266,406.86,1019.1,976.74,-8.4052,714.99,41.93,-11.235,16.629,-63.284,627.82,590.8,183.25,817.26,384.89,3.6684,-0.98295,2.332,-6.1675,93.961,40.754,-1.7468,71.1,4.5468,1.2183,-0.32644,-0.62485,1.6526,-25.177,-10.92,0.46806,-19.051,-1.2183,-0.32644,0.08747
5.2184,8.1907,8.0646,16.675,6.1402,19.265,14.266,2.8313,-0.75863,5.6424,6.8362,10.898,22.927,13.835,-18.031,-56.251,3.1271,-0.83792,10.076,13.878,29.361,46.107,-27.364,286.45,495.41,16.657,-4.4632,18.206,-48.589,462.42,696.39,-25.72,86.352,961.03,120.36,-32.251,10.98,-67.719,587.09,503.65,777.13,1014.1,1051.7,120.06,-32.17,15.968,-6.2401,144.97,577.04,322.14,706.68,1054.9,108.37,-29.037,11.175,13.942,13.325,16.64,-68.782,734.02,670.35,5.9824,-1.603,5.8003,4.0242,3.3471,2.9299,-5.174,60.584,42.078,1.9217,-0.51491,-1.5542,-1.0783,-0.89686,-0.78506,1.3864,-16.233,-11.275,-0.51491,0.13797
0,0,0,0,-1.2629,7.5129,22,2.0719,-0.55515,0,0,0,0,-2.1968,12.441,-37.225,2.8269,-0.75746,-1.8936,3.7039,-36.756,-10.766,0.42357,-12.747,409.78,-1.9494,0.52235,11.849,-24.39,259.65,66.273,19.021,-75.722,613.56,104.97,-28.127,7.5784,-64.061,360.01,322.78,617.7,-66.069,463.41,118.52,-31.758,16.255,-54.052,417.11,754.29,514.86,-153.63,754.3,106.18,-28.451,15.368,-56.735,584.8,92.642,556.91,709.92,340.15,6.1907,-1.6588,0.7089,1.481,5.6278,-6.6809,63.987,71.519,5.6182,1.1308,-0.303,-0.18995,-0.39683,-1.508,1.7901,-17.145,-19.164,-1.5054,-0.303,0.08119
0,0,0,0,-0.47551,7.1001,13.68,6.4829,-1.7371,0,0,0,0,-0.19896,-4.5969,-29.406,6.3415,-1.6992,-0.9627,4.2735,-39.514,-26.202,-6.367,102.93,330.67,2.3433,-0.62788,13.136,-17.683,261.32,198.34,-33.203,-72.962,565.17,105.46,-28.259,15.6,-59.84,498.34,129.49,285.96,-80.643,468.46,127.72,-34.222,23.576,-57.336,427.55,503.46,593.65,-145.11,600.6,68.853,-18.449,14.256,-71.164,715.83,298.58,574.88,618.86,277.81,6.7345,-1.8045,5.7424,-1.7099,68.921,-4.9212,55.032,106.69,4.264,1.1425,-0.30614,-1.5387,0.45818,-18.467,1.3186,-14.746,-28.587,-1.1425,-0.30614,0.082031
0,0,0,0,-0.50183,7.6642,12.145,2.3385,-0.62659,0,0,0,0,-0.36505,-4.3189,-31.153,3.4824,-0.93311,-2.6547,3.1416,-39.656,-21.427,-29.399,111.85,367.15,-2.1762,0.58311,15.623,-18.243,260.18,138.79,151.25,-63.842,751.69,105.09,-28.158,9.8388,-70.247,449.91,158.34,794.6,-73.144,485.58,127.25,-34.096,18.237,-65.428,590,484.52,674.15,-108.62,661.06,69.975,-18.75,10.812,-40.496,434.67,36.579,412.75,765.74,305.88,5.0109,-1.3427,5.353,5.5455,3.3024,3.2085,8.1533,58.938,4.4447,1.0551,-0.28271,-1.4343,-1.4859,-0.88489,-0.85972,-2.1847,-15.792,-1.191,-0.28271,0.075751
0,0,0,0,-0.65743,10.393,14.874,1.8066,-0.48407,0,0,0,0,-0.3956,15.757,-41.695,-4.7009,1.2596,0.050687,-0.3537,0.76507,4.3086,-1.74,-39.68,450.09,54.328,-14.557,2.4511,6.2853,-8.8114,58.216,22.933,-56.111,845.44,109.43,-29.32,15.293,-48.536,392.58,642.52,113.06,184.32,892.81,1.9912,-0.53353,8.1171,-80.219,684.4,303.7,897.78,847.98,655.85,6.1787,-1.6556,13.995,-29.639,278.33,493.39,616.14,371.14,146.39,2.2091,-0.59192,8.3364,7.4212,3.4024,2.4223,20.763,20.772,4.4145,1.469,-0.39361,-2.2337,-1.9885,-0.91167,-0.64906,-5.5634,-5.5658,-1.1829,-0.39361,0.10547
13.76,15.056,15.063,6.3844,-0.61944,10.281,13.172,2.5498,-0.68322,13.673,16.001,19.699,5.9441,-0.88,12.142,1.1565,-6.1876,1.658,14.232,17.658,-21.762,3.1229,-60.742,-3.994,95.296,82.629,-22.14,18.221,-54.47,600.26,18.53,497.78,38.439,279.36,121.77,-32.627,7.1524,-73.905,469.48,283.59,848.92,-71.912,556.88,108.39,-29.044,14.378,-56.677,485.62,596.17,527.2,-70.738,675.15,2.3036,-0.61724,12.105,-66.995,516.16,209.61,297.46,888.27,286.31,4.7555,-1.2742,3.8634,-4.7319,56.215,20.03,-1.3391,111.56,19.596,1.0551,-0.28271,-1.0352,1.2679,-15.063,-5.3669,0.35882,-29.893,-5.2509,-0.28271,0.075751
11.268,14.381,14.832,3.2644,-1.7882,13.307,9.3111,2.1643,-0.57992,12.163,15.404,17.88,5.5816,-1.558,19.548,-43.924,-7.1607,1.9187,18.953,9.9925,51.967,7.9588,-76.361,-59.582,498.69,81.984,-21.968,5.4012,-76.458,744.66,272.18,620.97,4.4598,742.59,127.38,-34.131,-0.62829,-83.45,778.62,349.02,1006.8,49.248,666.72,71.09,-19.049,3.5086,-80.63,709.45,936.66,1074.7,-4.2607,583.2,4.3645,-1.1695,15.809,-5.9412,168.35,225.27,288.93,805.9,331.87,5.6375,-1.5106,6.5546,6.5046,3.3136,4.8837,-0.86327,109.33,19.03,1.1425,-0.30614,-1.7563,-1.7429,-0.88788,-1.3086,0.23131,-29.294,-5.0992,-0.30614,0.082031
0,0,0,0,-1.7348,11.615,12.384,2.5191,-0.67499,0,0,0,0,-2.507,14.615,-43.691,2.817,-0.7548,-1.6392,-1.8187,-2.0912,-0.88879,3.4637,-17.652,414.08,3.9152,-1.0491,8.3284,10.802,-2.685,-34.536,-65.95,604.72,198.51,-4.2899,1.1495,6.0811,1.8102,116.69,370.06,-123.57,591.71,128.41,92.657,-24.827,10.038,-72.96,678.89,131.67,486.32,59.535,644.65,40.51,-10.855,12.036,-49.209,428,409.58,554.7,551.55,216.45,2.3252,-0.62304,5.3578,3.5681,25.705,69.742,16.575,108.04,5.1684,1.0658,-0.28557,-1.4356,-0.95608,-6.8877,-18.687,-4.4413,-28.951,-1.3849,-0.28557,0.076517
5.6136,6.0718,10.257,16.379,19.244,15.3,20.029,4.005,-1.0731,8.1794,14.034,-51.795,-10.928,19.791,-40.389,-46.445,6.1293,-1.6423,8.5844,-44.035,530.91,218.83,33.186,497.66,534.44,3.0531,-0.81807,2.6845,-79.511,704.54,965.94,502.17,675.44,1067.6,115.04,-30.825,-2.6131,-86.107,711.09,1113.8,526.55,235.56,831.36,39.886,-10.687,18.489,-51.301,563.11,806.72,882.66,860.87,501.49,2.5742,-0.68976,14.741,16.239,20.044,-38.866,559.7,763.96,121.24,4.8493,-1.2994,5.5099,5.9363,3.5527,5.0882,5.909,4.169,3.6762,0.60915,-0.16322,-1.4764,-1.5906,-0.95195,-1.3634,-1.5833,-1.1171,-0.98505,-0.16322,0.043735
8.31,8.6695,14.694,16.091,18.627,3.4674,0,0,0,10.664,9.8783,9.0447,-20.87,17.714,3.7611,0,0,0,8.4075,18.608,19.528,308.31,20.004,3.9234,-0.067277,0.81801,-0.21919,12.978,-40.43,404.95,402.13,-3.6875,5.1945,7.0089,-4.0268,1.079,11.131,-58.439,459.07,-40.611,465.29,109.6,122.86,106.72,-28.596,10.482,9.1832,253.65,106.26,687.17,70.596,424.3,107.43,-28.787,8.5156,-47.696,425.85,437.2,-2.6943,577.41,513.93,3.9483,-1.0579,2.4267,2.8161,2.5638,8.1607,6.1737,6.8311,9.3864,0.94236,-0.2525,-0.65023,-0.75458,-0.68697,-2.1867,-1.6542,-1.8304,-2.5151,-0.2525,0.067658
11.714,9.6291,11.521,27.523,9.4926,25.757,9.463,2.0391,-0.54637,9.4008,15.545,-20.81,-17.667,-1.5356,-42.053,9.053,1.375,-0.36843,20.092,-9.643,235.22,269.06,89.724,444.95,17.781,25.288,-6.776,13.529,-60.927,568.31,320.28,529.84,914.01,65.167,214.94,-57.593,15.957,-61.242,482.32,854.2,967.92,880.38,14.505,23.459,-6.2859,19.559,12.846,58.471,1019,861.54,946.73,933.24,113.65,-30.452,14.796,18.103,-5.6096,243.79,11.787,842.18,832.74,42.096,-11.28,6.0328,5.2132,4.1713,4.194,-3.7958,63.922,69.412,1.7905,-0.47976,-1.6165,-1.3969,-1.1177,-1.1238,1.0171,-17.128,-18.599,-0.47976,0.12855
28.532,27.158,10.477,9.9285,13.354,13.027,10.791,6.4018,-1.7153,30.945,27.689,15.296,-50.635,17.217,13.599,13.465,6.3074,-1.6901,14.374,21.079,-7.9845,494.42,17.709,8.6799,35.049,17.198,-4.6082,12.121,-56.273,441.25,237.26,5.9664,7.7063,186.31,127.46,-34.152,12.085,-68.898,607.63,77.214,166.46,205.67,518.89,72.126,-19.326,16.93,-58.03,443.11,-94.275,668.76,415.99,391.29,1.8154,-0.48645,10.773,-11.58,172.55,591,142.93,278.41,81.485,1.7098,-0.45813,5.4287,5.7909,4.0771,2.258,8.343,3.3414,6.6095,0.54016,-0.14474,-1.4546,-1.5517,-1.0925,-0.60502,-2.2355,-0.89533,-1.771,-0.14474,0.038782
3.0342,2.5354,18.039,6.4701,-1.6578,7.5673,8.6011,1.1949,-0.32016,3.7627,9.4967,-41.851,-19.8,-1.1844,12.488,-24.271,-8.8447,2.3699,21.962,-12.35,375,192.24,-60.976,-34.873,257.73,119.43,-32.002,17.441,-66.099,768.74,128,512.67,16.977,489.66,233.85,-62.659,27.395,-38.365,460.41,856.93,1088.6,9.4356,685.18,119.72,-32.078,8.8425,10.183,-16.577,436.69,745.85,579.22,962.06,105.42,-28.248,0,0,-0.997,10.809,17.163,990.07,670.45,5.7572,-1.5426,0,0,-0.16176,2.9119,-5.5353,90.935,42.699,1.4135,-0.37876,0,0,0.043344,-0.78024,1.4832,-24.366,-11.441,-0.37876,0.10149
