0,0,-2.4266,16.839,22.446,14.011,9.0799,1.5632,-0.41887,0,0,-3.2876,11.367,4.9207,18.942,-51.239,-23.745,6.3624,-1.2153,-0.76195,-22.557,81.006,155.35,-39.724,607.21,242.12,-64.876,7.222,-0.78975,69.949,1000.7,587.77,3.5083,477.98,154.55,-41.412,13.369,-62.71,607.29,592.12,887.34,-40.312,23.814,2.546,-0.6822,8.5223,-77.423,737.42,833.46,1074.6,956.08,1048.3,115.5,-30.948,13.452,-31.175,324.04,878.55,364.58,323.12,346.48,41.724,-11.18,2.4254,2.5047,5.1715,4.756,5.7293,4.8302,3.4618,1.5078,-0.40401,-0.64987,-0.67112,-1.3857,-1.2744,-1.5352,-1.2943,-0.92757,-0.40401,0.10825
28.532,27.158,8.9478,16.2,10.909,4.0477,0,0,0,30.945,27.689,15.652,-56.021,4.1173,4.3233,0,0,0,13.264,20.658,-47.005,621.59,54.05,6.9935,0,0,0,17.371,-53.959,572.23,628.84,250.64,2.618,0,0,0,9.5293,-60.947,507.78,581.43,62.564,-75.167,-82.204,-8.9978,2.411,19.562,-47.191,414.62,1094.2,809.32,699.88,688.5,60.744,-16.276,14.675,12.933,49.959,327.73,343.81,859.29,849.23,39.216,-10.508,3.2524,3.7285,5.4657,2.5598,6.2734,2.888,4.7128,1.1308,-0.303,-0.87148,-0.99904,-1.4645,-0.68589,-1.681,-0.77383,-1.2628,-0.303,0.08119
9.309,7.7912,5.9958,12.024,15.91,12.027,17.909,3.6926,-0.98944,9.5464,7.7721,12.43,-43.992,-55.366,16.466,5.9866,-3.1147,0.83459,8.3629,16.516,-74.239,473.44,563.73,9.761,111.52,52.49,-14.065,9.1307,-17.425,262.76,541.25,785.19,60.36,508.6,120.12,-32.186,13.97,-75.371,710.68,296.01,701.06,-35.145,717.25,117.79,-31.562,17.716,-4.0708,151.62,992.87,762.07,-129.03,857.88,124.31,-33.309,13.365,13.431,-0.97377,148.44,718.66,841.4,690.88,20.108,-5.388,6.1761,6.9,4.6303,3.8574,15.828,126.31,42.146,0.82287,-0.22049,-1.6549,-1.8488,-1.2407,-1.0336,-4.241,-33.845,-11.293,-0.22049,0.05908
0,0,0,0,-1.3658,7.8635,16.732,7.8251,-2.0967,0,0,0,0,-1.7851,16.195,-9.7015,8.0163,-2.148,-0.52506,-1.2649,2.5198,-3.8579,-1.7892,-23.857,226.86,0.63212,-0.16938,5.368,11.517,-13.469,147.7,1.14,-11.993,181.61,107.85,-28.899,28.702,-42.55,428.4,626.61,197.35,7.7141,131.47,119.85,-32.114,16.192,-59.708,444.96,139.91,427.69,41.565,615.99,107.99,-28.936,22.866,10.048,91.022,900.5,845.04,407.52,186.3,4.1073,-1.1006,2.889,2.6816,-2.2404,71.96,5.2106,3.2936,5.2199,1.0697,-0.28661,-0.77411,-0.71852,0.60031,-19.282,-1.3962,-0.88251,-1.3987,-0.28661,0.076798
0,0,0,0,-0.39955,8.7454,16.569,3.1085,-0.83293,0,0,0,0,5.5136,-31.852,-10.199,3.4185,-0.91599,-1.2751,-1.4193,-2.131,3.238,-46.745,314.45,205.27,4.0776,-1.0926,9.1457,16.881,-22.745,18.353,10.16,-0.73761,631.14,19.752,-5.2926,10.409,-46.079,412.3,718.82,12.292,-86.596,751.92,130.94,-35.084,13.757,-61.722,633.29,715.21,-88.75,163.5,675.73,41.836,-11.21,25.879,-42.891,495.27,1016.1,755.39,760.7,145.24,7.0036,-1.8766,5.7918,6.2316,17.668,119.57,131.1,41.126,1.979,0.80153,-0.21477,-1.5519,-1.6697,-4.7341,-32.038,-35.129,-11.02,-0.53026,-0.21477,0.057547
27.977,29.445,10.825,8.4842,32.217,5.9434,0,0,0,26.821,27.15,-2.4547,-1.5986,31.18,6.2906,0,0,0,11.95,-4.7201,178.85,152.25,49.211,3.1194,-1.3631,-0.42696,0.1144,14.226,-31.94,434.34,-19.813,307.42,13.796,-27.147,-6.0117,1.6108,8.6287,-7.5383,183.55,-101.42,605.23,-40.408,452.19,90.283,-24.191,5.9622,-21.943,226.48,659.21,992.27,777.07,522.99,41.71,-11.176,15,19.826,-30.034,712.48,340.6,23.112,10.89,2.7055,-0.72493,4.6131,6.0381,4.131,4.5655,2.0547,3.6291,2.858,0.81611,-0.21867,-1.2361,-1.6179,-1.1069,-1.2233,-0.55056,-0.97241,-0.76581,-0.21867,0.058594
28.532,27.158,8.9478,16.2,10.279,8.1451,17.227,3.9076,-1.047,30.945,27.689,15.652,-56.021,3.1504,4.5873,-16.868,5.1921,-1.3912,15.423,21.596,-43.351,561.15,71.883,36.503,265.59,-7.5556,2.0245,11.084,-55.731,484.69,1016.3,144.32,-43.182,760.59,82.642,-22.144,6.9637,-69.319,651.79,847.1,32.135,-75.362,720.45,119.38,-31.988,15.391,-55.063,624.41,1098.4,208.43,-116.97,836.67,128.62,-34.463,10.693,9.7909,14.455,228.84,816.17,962.02,785.47,43.467,-11.647,3.0466,3.672,6.3196,-4.4047,82.537,127.88,42.554,1.6962,-0.45451,-0.81633,-0.9839,-1.6933,1.1802,-22.116,-34.265,-11.402,-0.45451,0.12178
2.353,0.63569,19.047,19.743,12.019,16.653,18.416,4.5845,-1.2284,2.9696,2.5842,9.7072,-50.811,11.39,16.941,-4.9162,4.8611,-1.3025,14.5,0.6627,113.26,618.14,27.173,7.4781,218.92,3.5398,-0.94849,5.3748,-68.65,450.25,768.35,139,-54.648,604.54,17.068,-4.5734,15.197,-68.926,581.56,709.05,76.706,-81.903,730.96,130.32,-34.918,13.933,-53.815,494.35,893.97,-51.316,-90.65,737.22,41.943,-11.239,14.866,20.207,26.351,832.12,610.52,674.56,323.37,4.9503,-1.3264,5.2896,4.8745,4.9781,4.1485,6.8553,2.6946,4.2039,1.1425,-0.30614,-1.4173,-1.3061,-1.3339,-1.1116,-1.8369,-0.72202,-1.1264,-0.30614,0.082031
14.805,19.611,15.362,9.5354,24.261,1.8378,0,0,0,14.775,18.064,20.806,-46.528,3.6709,2.786,0,0,0,13.873,17.268,-33.217,509.57,177.5,4.1136,0,0,0,12.952,-60.772,468.72,259.5,481.88,2.0419,0,0,0,12.589,-69.803,667.09,35.719,407.36,5.9542,-1.259,-0.088797,0.023793,18.337,-19.017,262.43,884.52,701.57,-20.404,-81.173,-6.3373,1.6981,13.172,12.71,9.4859,78.234,565.13,517.15,737.71,72.93,-19.541,3.7788,2.6662,4.1341,3.6481,3.5324,16.269,107.27,0.84812,-0.22725,-1.0125,-0.71441,-1.1077,-0.97751,-0.94651,-4.3593,-28.742,-0.22725,0.060892
16.857,11.562,11,11.639,15.845,17.362,21.573,0.53702,-0.1439,13.21,9.9971,13.055,-39.984,-66.665,13.953,-17.906,-7.6434,2.048,1.2547,-4.7461,9.3747,434.85,730.38,24.133,240.05,52.288,-14.011,18.028,-64.068,601.76,394.55,660.02,32.815,735.86,118.67,-31.797,10.024,-72.636,555.09,17.287,453.04,7.0108,721.65,119.09,-31.909,14.293,-71.477,521.24,220.69,638.59,218.96,844.02,126.66,-33.939,18.6,-0.48969,170.77,865.28,897.03,897.78,890.62,71.755,-19.227,4.1721,4.0915,5.6292,2.7591,4.5855,3.9306,5.7353,3.2644,-0.8747,-1.1179,-1.0963,-1.5083,-0.73931,-1.2287,-1.0532,-1.5368,-0.8747,0.23437
8.8502,9.3049,15.277,16.109,20.029,4.005,0,0,0,9.1017,10.181,11.005,-66.289,-46.445,6.1293,0,0,0,24.507,20.547,54.885,768.71,543.28,2.4282,-0.81696,-0.16644,0.044596,11.676,-58.63,559.25,531.25,949.44,47.616,-69.141,-5.4369,1.4568,17.497,-65.48,735.82,257.18,954.89,534.98,526.81,62.719,-16.806,7.7134,-72.752,598.85,1045.9,977.7,755.71,612.04,69.825,-18.71,25.895,-1.307,283.16,601.26,73.077,20.773,14.61,4.3416,-1.1633,7.3468,7.8187,6.86,4.3231,3.9267,2.6954,2.4718,0.91711,-0.24574,-1.9686,-2.095,-1.8381,-1.1584,-1.0521,-0.72223,-0.6623,-0.24574,0.065845
8.8502,9.3049,16.94,10.227,12.033,1.5669,0,0,0,9.1017,10.181,12.658,-78.115,-14.873,2.5175,0,0,0,23.882,20.054,53.464,791.87,231.8,1.5501,-0.81696,-0.16644,0.044596,11.486,-59.372,626.73,671.23,275.96,-63.039,-69.141,-5.4369,1.4568,13.182,-59.93,576.4,291.82,682.89,434.21,490.47,62.878,-16.848,7.3481,-70.894,520.24,1000.4,994.42,930.47,750.43,41.82,-11.206,21.514,14.002,114.79,613.67,153.18,13.556,21.391,6.3565,-1.7032,5.3534,5.4094,5.5107,2.2531,5.489,5.436,3.6614,1.059,-0.28375,-1.4344,-1.4494,-1.4766,-0.60371,-1.4708,-1.4566,-0.98106,-0.28375,0.076032
9.309,7.7912,6.3916,13.041,11.775,8.6892,20.307,4.4824,-1.201,9.5464,7.7721,12.905,-48.149,-10.451,14.432,-28.38,3.3216,-0.89003,8.7022,13.435,-53.239,592.95,181.44,-37.904,447.23,14.517,-3.8897,8.9163,-2.9741,172.75,416.8,431.92,-76.502,559.88,119.38,-31.987,19.313,-54.341,399.21,39.148,378.82,-159.96,433.55,118.8,-31.831,9.3774,-72.429,628.44,685.99,717.56,412.94,865.06,130.9,-35.074,19.15,-26.792,320.13,898.76,924.47,739.02,348.95,43.14,-11.559,4.6623,5.0663,5.9762,3.9592,2.8541,4.5074,3.7491,1.197,-0.32072,-1.2492,-1.3575,-1.6013,-1.0609,-0.76474,-1.2078,-1.0046,-0.32072,0.085937
5.2184,8.1907,8.8802,9.64,20.699,2.4065,0,0,0,5.6424,6.8362,18.856,-32.788,-10.357,1.7481,0,0,0,8.7307,13.46,-28.914,391.91,317.25,4.8341,-0.98566,-0.23241,0.062275,17.74,-49.956,556.36,534.96,673.79,10.867,13.241,2.3043,-0.61745,19.106,-70.577,738.18,41.824,670.77,-16.008,-27.375,-5.3073,1.4221,8.7633,-71.664,703.3,864.85,1038.6,676.35,679.01,68.427,-18.335,14.863,-55.334,498.39,741.97,301.5,12.016,12.566,3.7551,-1.0062,0.90539,1.5714,5.6286,6.3245,3.1707,3.6611,2.8576,0.68881,-0.18457,-0.2426,-0.42107,-1.5082,-1.6947,-0.84958,-0.98099,-0.76568,-0.18457,0.049454
27.167,25.192,9.3374,19.1,13.331,3.2678,0,0,0,25.37,24.206,18.411,-41.127,12.737,2.7112,0,0,0,12.99,25.179,-46.006,529.98,26.318,6.5465,0,0,0,11.719,-25.057,170.14,701.5,146.37,5.53,0,0,0,12.045,-58.939,380.8,270.58,108.06,-3.1077,-7.5215,-0.80941,0.21688,19.693,-55.276,427.59,911.75,203.14,104.7,189.89,22.623,-6.0618,18.906,11.92,79.641,527.17,710.98,1026.6,654.59,71.157,-19.067,3.3347,2.4865,6.0956,6.4662,-2.0028,94.939,6.9094,1.5234,-0.40819,-0.89354,-0.66627,-1.6333,-1.7326,0.53665,-25.439,-1.8514,-0.40819,0.10937
13.079,15.225,11.132,10.034,18.627,3.4674,0,0,0,11.162,13.591,0.77751,-33.334,17.714,3.7611,0,0,0,14.23,19.003,84.474,376.14,16.792,2.9136,-0.63692,-0.71385,0.19128,8.9363,-57.136,505.05,590.4,20.492,14.957,16.036,5.6941,-1.5257,14.2,-67.996,695.93,741.72,-13.155,-25.312,-25.826,-1.0799,0.28936,6.7587,-71.363,545.91,1011.2,967.77,965.05,996.68,112.12,-30.042,21.514,14.002,70.626,814.61,363.56,332.48,327.24,23.604,-6.3245,5.3534,5.4094,5.3274,3.7679,5.12,5.0398,4.0076,0.16322,-0.043735,-1.4344,-1.4494,-1.4275,-1.0096,-1.3719,-1.3504,-1.0738,-0.043735,0.011719
15.333,21.735,16.727,13.126,13.959,2.5746,0,0,0,13.175,17.311,20.173,-57.572,-60.093,-5.8278,0,0,0,17.253,29.618,-26.21,633.69,662.51,83.231,0,0,0,11.612,-19.779,306.24,377.27,517.58,130.7,0,0,0,13.092,-70.529,661.21,62.333,233.94,25.057,-9.2678,-2.6482,0.70958,11.739,-72.24,708.02,722.89,974.04,260.4,200.2,22.03,-5.903,7.5216,-33.247,297.62,937.62,578.19,334.65,319.31,19.396,-5.1972,2.1521,2.5155,6.3856,5.073,6.0913,3.5138,4.2911,0.65965,-0.17675,-0.57665,-0.67402,-1.711,-1.3593,-1.6322,-0.94152,-1.1498,-0.17675,0.047361
27.167,25.192,9.9399,13.339,21.916,5.6772,0,0,0,25.37,24.206,13.623,-21.78,21.264,4.8344,0,0,0,14.045,26.426,-9.251,338.43,17.897,5.4641,0,0,0,8.6704,-44.762,286.51,542.13,21.033,4.7854,0,0,0,8.7224,-59.906,294,400.48,-0.74634,7.1737,6.9367,0.65842,-0.17642,7.5357,-68.585,459.08,903.87,257.64,39.034,-39.377,-4.3539,1.1666,17.822,-3.4547,148.33,334.75,284.83,695.11,971.43,111.77,-29.949,5.3704,6.9531,7.2827,4.0169,-4.9568,53.65,125.96,14.711,-3.9419,-1.439,-1.8631,-1.9514,-1.0763,1.3282,-14.376,-33.751,-3.9419,1.0562
15.333,21.735,16.837,13.011,22.868,4.4465,0,0,0,13.175,17.311,20.509,-61.237,-50.451,4.9552,0,0,0,17.253,29.618,-24.594,666.46,555.56,1.5761,0,0,0,11.612,-19.779,309.48,382.6,705,115.59,0,0,0,13.092,-70.529,656.58,86.078,236.49,35.503,-9.2678,-2.6482,0.70958,11.739,-72.24,756.48,466.77,564.83,185.28,200.2,22.03,-5.903,7.5216,-33.247,296.79,897.19,919.77,401.81,319.31,19.396,-5.1972,2.1521,2.5155,6.3232,4.0682,3.7533,3.6557,4.2911,0.65965,-0.17675,-0.57665,-0.67402,-1.6943,-1.0901,-1.0057,-0.97953,-1.1498,-0.17675,0.047361
5.2184,8.1907,7.5907,16.961,14.752,2.7099,0,0,0,5.6424,6.8362,17.992,-31.656,19.259,2.6341,0,0,0,10.263,14.812,-27.199,477.19,15.497,6.7758,0,0,0,13.864,-51.193,401.49,664.34,126.65,6.0061,0,0,0,19.786,-28.003,388.65,645.51,3.7526,-22.278,-8.1034,-1.1681,0.313,14.67,-9.4483,117.31,778.86,818.75,328.22,149.47,23.286,-6.2394,11.175,13.942,13.862,24.414,316.98,306.8,827.51,71.468,-19.15,5.8003,4.0242,3.3008,4.5559,3.3281,5.0038,7.4519,1.9587,-0.52482,-1.5542,-1.0783,-0.88445,-1.2207,-0.89176,-1.3408,-1.9967,-0.52482,0.14062
18.415,12.826,10.18,12.96,13.168,3.4401,0,0,0,14.807,11.724,10.906,1.5513,-23.808,-4.9926,0,0,0,10.124,13.546,-0.75046,109.6,330.35,82.895,0,0,0,18.869,8.1888,120.86,15.704,515.43,127.82,0,0,0,17.116,-65.631,500.45,58.921,241.27,72.151,-0.66296,-0.39418,0.10562,11.576,-74.758,765.51,304.13,255.37,-53.727,-59.275,2.2695,-0.6081,17.953,-47.729,474.23,901.83,895.62,611.65,571.09,35.217,-9.4363,2.2508,1.2414,5.6854,6.997,3.142,8.2208,6.4622,2.8836,-0.77265,-0.60309,-0.33263,-1.5234,-1.8748,-0.8419,-2.2027,-1.7315,-0.77265,0.20703
0,0,0,0,-1.7882,13.307,9.3111,2.1643,-0.57992,0,0,0,0,-1.558,19.548,-43.924,-7.1607,1.9187,-0.73353,-0.64883,4.6507,-46.089,-1.9371,-50.115,497.9,81.376,-21.805,3.8002,12.604,-79.958,413.8,16.451,-72.214,732.78,122.09,-32.714,14.463,-36.26,365.26,504.17,320.36,-68.363,600.85,19.372,-5.1906,5.7049,-72.857,508.04,760.25,106.44,-110.9,718.79,5.0331,-1.3486,13.446,3.5058,140.68,1033.4,751.71,801.41,571.53,5.5279,-1.4812,5.063,6.8561,0.65918,107.61,120.93,128.36,70.899,0.51491,-0.13797,-1.3566,-1.8371,-0.17663,-28.833,-32.403,-34.393,-18.997,-0.13797,0.036969
13.067,13.036,13.749,21.154,14.206,6.6338,0,0,0,16.359,20.309,-19.027,-57.329,-55.142,5.5533,0,0,0,9.3624,-39.782,267.53,596.26,550.23,16.867,0,0,0,11.797,-63.064,556.4,976.71,1041.8,120.47,0,0,0,12.238,-66.448,778.79,517.38,1049.3,48.351,-85.513,-10.469,2.8052,14.165,-66.409,547.16,995.19,1081.4,793.72,750.82,58.299,-15.621,23.29,-19.531,286.55,1032,628.7,565.59,429.86,21.374,-5.7273,1.7887,3.4776,1.4332,94.852,2.6006,6.8183,3.1296,1.4505,-0.38866,-0.47927,-0.93182,-0.38401,-25.415,-0.69682,-1.827,-0.83857,-0.38866,0.10414
11.708,11.258,15.041,21.488,13.357,2.5576,0,0,0,14.114,13.745,3.7035,-8.2285,-0.37162,-22.834,0,0,0,21.198,22.495,108.41,216.33,129.79,207.93,0,0,0,5.8158,-57.934,331.09,78.537,63.055,211.07,0,0,0,13.894,-60.639,554.09,-17.689,-52.541,21.105,-7.2236,0.021234,-0.0056897,18.575,-64.9,503.03,275.75,615.94,203.53,188.28,10.39,-2.7841,18.6,-0.48969,167.43,897.69,458.61,328.14,333.82,28.567,-7.6546,4.1721,4.0915,5.5284,3.3495,4.4088,4.9502,2.7448,0.99676,-0.26708,-1.1179,-1.0963,-1.4813,-0.8975,-1.1813,-1.3264,-0.73548,-0.26708,0.071564
7.2562,10.441,14.591,30.353,16.481,3.0085,0,0,0,7.8137,15.58,-17.248,-66.086,-32.897,3.3866,0,0,0,10.824,-38.047,301.7,718.64,318.53,24.025,-56.266,-9.0505,2.4251,11.228,-69.566,483.48,158.65,752.87,72.316,415.45,53.725,-14.396,13.778,-55.462,364.67,-39.984,839.79,48.145,628.26,120.28,-32.23,15.405,-65.01,505.2,36.01,608.71,-150.47,435.18,120.37,-32.254,22.592,-21.895,390.11,833.3,977.91,702.72,938.8,109.37,-29.304,4.437,4.2711,1.6839,105.68,117.69,118.65,109.59,2.7328,-0.73226,-1.1889,-1.1444,-0.45119,-28.317,-31.535,-31.791,-29.364,-0.73226,0.19621
7.2562,10.441,17.495,14.366,5.5454,10.804,10.007,7.2976,-1.9554,7.8137,15.58,-17.073,-63.536,-36.784,8.6244,12.459,7.5921,-2.0343,10.584,-38.607,332.17,463.1,275.15,32.589,-24.755,-6.2863,1.6844,12.235,-67.308,461.58,62.891,714.44,50.234,570.41,82.035,-21.981,14.528,-68.801,657.63,64.477,834.48,45.543,737.13,119.15,-31.925,13.799,-82.2,786.33,124.04,943.73,-47.706,713.81,126.38,-33.863,11.5,-34.377,413.03,413.07,550.86,469.76,874.72,71.794,-19.237,4.9887,5.0288,3.5981,5.7656,3.7302,25.864,71.868,1.6176,-0.43344,-1.3367,-1.3475,-0.96411,-1.5449,-0.99951,-6.9302,-19.257,-0.43344,0.11614
0,0,-0.87847,9.9794,20.243,2.7724,0,0,0,0,0,-0.76855,-2.167,-26.306,2.7669,0,0,0,-1.4238,4.1162,-50.806,109.43,432.38,2.7417,0,0,0,7.8186,-46.749,424.58,-64.636,656.86,3.1942,0,0,0,11.926,-7.6118,331.84,-87.331,242.82,2.8389,-2.4125,-0.41343,0.11078,12.773,-50.656,603.68,834.19,383.37,36.22,-48.33,3.0681,-0.82211,14.102,-30.916,349.19,357.09,316.16,362.39,522.23,4.0287,-1.0795,4.3042,4.6399,2.9379,2.3028,5.3912,2.9673,3.7733,0.32644,-0.08747,-1.1533,-1.2433,-0.78721,-0.61704,-1.4446,-0.7951,-1.0111,-0.08747,0.023437
9.4784,11.268,15.89,19.046,16.109,7.2732,8.7834,4.7695,-1.278,8.0948,9.7425,5.4355,-58.792,-52.458,9.0247,16.054,7.4351,-1.9922,21.369,11.033,130.02,624.37,599.79,28.649,-9.6128,-0.04155,0.011133,10.324,-68.718,494.41,107.69,717.23,46.458,413.59,104.7,-28.054,13.57,-67.235,469.27,60.505,632.89,-68.502,591.46,119.44,-32.005,14.275,-68.087,652.94,107.46,616.45,-137.07,716.99,127.82,-34.25,18.796,-27.277,406.74,519.78,673.42,762.77,914.47,70.524,-18.897,7.1369,7.3253,4.9789,4.1542,-5.4328,91.321,72.399,1.7954,-0.48108,-1.9123,-1.9628,-1.3341,-1.1131,1.4557,-24.469,-19.399,-0.48108,0.12891
5.2184,8.1907,8.1821,12.181,12.732,6.3432,0,0,0,5.6424,6.8362,17.32,-27.643,-32.977,6.3476,0,0,0,9.0668,12.457,-19.386,417.18,400.72,2.8893,0,0,0,18.224,-46.239,503.03,59.217,583.86,3.9275,0,0,0,9.9395,-63.608,584.82,-25.743,421.53,-74.764,-27.613,0.74323,-0.19915,15.629,-66.932,643.65,693.79,645.05,419.67,288.81,9.1161,-2.4426,10.983,-9.663,234.26,560.59,70.921,86.459,327.17,26.83,-7.189,2.5264,2.5797,6.729,5.4857,2.7608,4.3411,7.4535,2.1578,-0.57818,-0.67694,-0.69124,-1.803,-1.4699,-0.73976,-1.1632,-1.9972,-0.57818,0.15492
6.4208,6.9882,20.929,8.0598,22.653,4.6068,0,0,0,7.5372,14.159,-28.107,-76.31,-26.455,5.4789,0,0,0,9.7398,-23.509,330.38,754.2,448.02,-5.2628,0,0,0,16.191,-63.558,710.68,882.07,849.8,81.946,0,0,0,18.974,-71.18,720.4,45.326,695.54,100.87,-7.0973,-0.61696,0.16531,9.3248,-60.272,415.96,894.91,1029.8,276.12,84.563,-6.6197,1.7737,13.756,15.279,64.274,996.58,1050.1,1042,1041,87.239,-23.376,5.533,6.0559,-0.77179,107.33,119.2,119.61,124.93,15.138,-4.0561,-1.4826,-1.6227,0.2068,-28.759,-31.94,-32.049,-33.474,-4.0561,1.0868
18.415,12.826,10.749,16.609,15.277,8.2436,0,0,0,14.807,11.724,11.32,3.3418,-9.861,8.0678,0,0,0,10.228,18.133,-30.805,139.12,267.97,3.7468,0,0,0,16.856,-15.871,318.36,357.3,499.83,5.8504,0,0,0,11.697,-72.606,727.35,401.21,517.52,-2.4384,-2.0689,-0.4061,0.10881,12.627,-69.382,680.08,1040.6,559.25,113.83,26.053,-3.7731,1.011,12.858,2.6428,42.864,723.02,896.84,891.56,796.98,68.896,-18.461,5.0325,5.8476,2.6771,3.0063,3.4881,3.6508,8.424,0.87051,-0.23325,-1.3485,-1.5669,-0.71733,-0.80554,-0.93462,-0.97824,-2.2572,-0.23325,0.0625
27.167,25.192,10.424,7.8413,23.191,7.1516,0,0,0,25.37,24.206,19.55,-60.352,-45.802,6.237,0,0,0,12.251,23.202,-60.136,598.2,620.65,-6.5369,0,0,0,20.686,-11.071,250.51,715.51,733.34,89.715,0,0,0,14.796,-67.443,689.91,108.51,623.52,-37.593,-83.995,-8.9338,2.3938,6.8599,-72.577,550.69,946.44,839.88,428.02,753.91,59.957,-16.065,21.514,14.002,71.983,838.08,579.11,566.38,554.81,68.876,-18.455,5.3534,5.4094,4.6685,33.054,2.9872,2.9567,3.0656,1.3193,-0.35351,-1.4344,-1.4494,-1.2509,-8.8567,-0.80041,-0.79224,-0.82141,-0.35351,0.094722
8.31,8.6695,15.311,13.933,11.849,3.3866,0,0,0,10.664,9.8783,15.778,-63.708,-14.303,2.6092,0,0,0,8.3309,18.025,-49.585,625.97,233.76,0.8996,-1.7456,-0.51435,0.13782,14.386,-37.377,446.79,1034.2,780.96,34.359,43.767,-5.675,1.5206,12.531,-65.416,709.53,1015.2,897.96,791.48,941.58,61.093,-16.37,6.538,-73.091,546.2,1008.2,1034.8,1061.5,907.85,71.113,-19.055,21.514,14.002,59.734,968.89,797.36,199.02,25.343,6.0923,-1.6324,5.3534,5.4094,-3.986,91.289,39.732,2.4536,3.815,3.3188,-0.88928,-1.4344,-1.4494,1.068,-24.461,-10.646,-0.65743,-1.0222,-0.88928,0.23828
28.532,27.158,10.841,11.478,20.549,4.8061,0,0,0,30.945,27.689,16.115,-58.833,-52.524,5.049,0,0,0,15.24,20.729,-48.892,652.63,578.87,17.855,0,0,0,10.47,-51.362,565.38,560.12,863.64,129.12,0,0,0,21.201,-67.335,763.11,91.489,865.83,64.608,-9.2678,-2.6482,0.70958,8.1144,-71.354,567.31,689.84,792.08,196.63,200.2,22.03,-5.903,21.514,14.002,59.748,970.86,819.96,332.27,319.31,19.396,-5.1972,5.3534,5.4094,-4.8635,94.451,71.573,2.9484,4.2911,0.65965,-0.17675,-1.4344,-1.4494,1.3032,-25.308,-19.178,-0.79001,-1.1498,-0.17675,0.047361
0,0,-1.773,15.044,18.663,2.0427,0,0,0,0,0,4.1434,-28.198,-29.064,2.183,0,0,0,-1.1471,-0.43788,-77.85,386.02,413.78,3.0421,-0.89275,-0.3759,0.10072,11.61,1.0704,124.32,694.89,569.51,-18.964,-69.772,-6.4579,1.7304,20.698,-57.706,713.12,407.11,821.43,205.98,453.91,51.341,-13.757,21.393,-46.069,505.06,1002.7,1047.7,906.96,926.2,104.83,-28.088,14.675,12.933,46.324,433.54,530.17,70.974,12.566,3.7551,-1.0062,3.2524,3.7285,5.0679,4.094,2.5644,3.6135,2.8576,0.68881,-0.18457,-0.87148,-0.99904,-1.3579,-1.097,-0.68712,-0.96822,-0.76568,-0.18457,0.049454
15.099,15.903,14.186,14.187,14.842,3.7885,0,0,0,13.595,12.28,19.91,-57.848,-30.432,3.2297,0,0,0,9.2956,16.386,-49.155,656.03,440.98,16.02,0,0,0,9.8978,-56.201,457.56,521.88,687.47,143.96,0,0,0,13.884,-78.546,745.98,98.27,238.51,261.87,-4.894,-0.58655,0.15717,14.061,-0.38413,195.85,242.79,656.6,449.5,26.466,-7.2023,1.9298,7.8614,8.1567,-72.489,681.87,1050.1,863.67,944.5,85.534,-22.919,3.0525,2.5024,-7.0983,53.037,123.7,28.523,124.66,14.2,-3.8049,-0.81792,-0.67053,1.902,-14.211,-33.145,-7.6428,-33.403,-3.8049,1.0195
12.049,12.255,20.542,21.785,13.861,3.8245,0,0,0,10.069,8.6895,23.443,-58.171,-8.2263,3.3155,0,0,0,16.488,26.084,-27.489,682.3,229.36,-14.228,-47.534,0.57925,-0.15521,1.0898,-70.387,575.17,1090.2,511.46,121.63,395.35,-2.49,0.66718,-0.77655,-83.067,711.75,1037.4,845.54,887.09,1082.4,110.44,-29.593,6.656,-71.702,543.45,1031.9,1073.2,1050.1,561.89,17.682,-4.7379,22.982,10.585,46.62,768.04,532.18,198.29,20.674,4.1794,-1.1199,3.4601,3.5406,4.1521,1.6856,1.5601,5.1366,4.7847,1.1678,-0.31291,-0.92714,-0.94869,-1.1125,-0.45165,-0.41802,-1.3763,-1.2821,-0.31291,0.083844
18.415,12.826,11.309,8.4051,14.655,3.2637,0,0,0,14.807,11.724,17.016,-29.207,-29.738,4.0217,0,0,0,10.775,13.302,-35.667,310.17,417.14,6.6182,-0.63692,-0.71385,0.19128,14.085,16.91,64.486,773.81,497.44,16.276,16.036,5.6941,-1.5257,17.194,-54.792,512.91,353.01,508.82,-46.77,-33.662,-1.8054,0.48376,12.773,-71.596,535.41,742.76,934.76,878.04,965.21,115.57,-30.967,15.542,-29.014,298.12,949.24,492.78,194.27,134.74,17.783,-4.7649,5.1476,6.4797,9.3352,57.582,1.9875,5.0285,4.0219,1.6866,-0.45193,-1.3793,-1.7362,-2.5014,-15.429,-0.53256,-1.3474,-1.0777,-0.45193,0.12109
8.5527,11.819,14.698,10.755,14.253,9.3317,0,0,0,11.12,14.646,2.5983,-32.389,16.481,9.9457,0,0,0,5.618,1.1759,111.98,368.2,-2.8362,4.4356,0,0,0,11.686,-68.597,539.86,796.64,199.09,3.7032,0,0,0,14.465,-66.967,615.24,548.63,318.71,-4.9693,-7.3758,-0.82447,0.22092,24.199,-52.119,446.74,817.1,308.63,190.71,201.01,23.803,-6.378,21.989,23.135,9.9319,768.83,931.33,508.68,344.83,39.166,-10.495,3.438,4.2731,5.7687,3.3617,6.1087,3.9672,2.3887,1.7954,-0.48108,-0.92122,-1.145,-1.5457,-0.90077,-1.6368,-1.063,-0.64004,-0.48108,0.12891
27.167,25.192,10.668,19.682,20.007,3.1387,0,0,0,25.37,24.206,19.823,-55.472,-22.732,4.1047,0,0,0,13.892,25.755,-56.161,604.22,396.19,3.1537,-1.1622,-0.66049,0.17698,11.131,-37.035,308.66,1005.3,833.69,8.0164,11.912,3.4395,-0.92161,13.516,-64.202,548.85,1032.3,551.03,-69.178,-34.958,-4.0886,1.0955,11.857,-69.297,692.5,1094.3,944.02,740.53,959.61,93.881,-25.155,25.924,-17.233,291.24,458.61,436.33,594.21,431.34,40.316,-10.803,4.9231,6.0113,2.0211,3.4612,2.0594,2.9452,3.7541,1.979,-0.53026,-1.3192,-1.6107,-0.54155,-0.92742,-0.55183,-0.78917,-1.0059,-0.53026,0.14208
28.532,27.158,9.5785,13.323,20.091,2.1607,0,0,0,30.945,27.689,15.11,-55.831,-64.677,-7.0463,0,0,0,14.357,20.614,-48.231,608.95,747.64,76.362,0,0,0,11.445,-56.279,606.79,769.96,395.73,319.82,0,0,0,15.515,-64.99,765.45,351.49,622.97,268.89,-5.7218,0.52959,-0.1419,14.827,-7.4948,199.5,1053.3,1126.1,621.11,136.26,6.0712,-1.6268,9.8933,12.185,-23.322,362.06,578.42,555.69,769,61.473,-16.472,2.9487,2.9553,4.6108,4.7399,5.9176,2.8034,5.0177,1.9042,-0.51024,-0.79009,-0.79188,-1.2355,-1.2701,-1.5856,-0.75118,-1.3445,-0.51024,0.13672
0,0,-0.57482,3.6678,25.478,6.5533,0,0,0,0,0,-0.27367,-1.7769,-47.197,4.9524,0,0,0,-2.264,-3.5078,-15.065,54.787,603.89,17.525,0,0,0,12.946,24.913,-68.542,772.42,1030.4,107.61,0,0,0,11.332,-40.004,438.27,606.93,623.33,13.125,-4.2432,0.70578,-0.18911,13.931,-66.88,683.73,314.08,548.02,-13.448,169.18,6.5012,-1.742,14.082,-54.298,460.67,898.94,1006.6,694.12,395.66,28.842,-7.7283,8.2789,6.6121,15.836,119.61,129.44,41.226,5.611,2.4725,-0.66251,-2.2183,-1.7717,-4.2432,-32.049,-34.685,-11.046,-1.5035,-0.66251,0.17752
12.53,19.71,20.642,11.164,7.8778,2.9637,0,0,0,9.5084,13.819,26.572,-56.547,7.0124,3.496,0,0,0,15.3,20.429,-18.572,458.91,50.525,5.3178,0,0,0,13.319,-54.507,678.95,793.53,551.19,5.2923,0,0,0,13.823,-62.716,603.23,908.71,493.54,0.20334,-7.3776,-1.1837,0.31717,12.267,-68.717,467.6,1062,245.06,100.01,120.01,15.509,-4.1557,16.684,-1.4038,158.47,968.66,1005.9,1049.4,983.6,107.21,-28.726,2.076,2.8549,-5.6385,82.783,117.87,127.9,42.958,0.38085,-0.10205,-0.55627,-0.76497,1.5108,-22.182,-31.582,-34.269,-11.511,-0.10205,0.027344
11.061,9.8543,8.0906,9.9659,16.295,2.6733,0,0,0,16.105,19.984,-23.885,-61.299,16.904,3.6794,0,0,0,11.017,-22.182,232.43,573.51,28.306,1.7221,0,0,0,4.3182,-72.556,467.66,739.73,129.93,3.4034,0,0,0,2.806,-71.945,505.01,563.07,127.76,-1.453,-5.3209,0.58713,-0.15732,7.8568,-70.646,438.78,892.04,231.93,124.24,103.91,0.44734,-0.11986,19.95,-48.476,421.9,981.73,895.11,902.25,954.28,95.003,-25.456,4.9033,5.9276,27.394,69.293,2.6975,9.2642,26.063,0.79762,-0.21372,-1.3138,-1.5883,-7.3403,-18.567,-0.72279,-2.4823,-6.9835,-0.21372,0.057267
8.5527,11.819,12.735,22.105,14.46,2.5519,0,0,0,11.12,14.646,5.884,-62.15,-6.9626,2.9754,0,0,0,7.107,2.4963,55.04,749.64,166.41,5.0216,0,0,0,2.9932,-77.289,659.95,762.64,559.64,4.7926,0,0,0,-1.5985,-84.301,791.9,479.04,551.04,-68.938,-7.2417,-0.96586,0.2588,15.513,-62.229,568.1,883.94,887.91,633.07,134.87,23.942,-6.4153,18.906,11.92,52.553,775.29,909.07,899.42,890.91,70.635,-18.926,3.3347,2.4865,6.8675,1.6999,-0.15283,4.579,5.2551,0.89186,-0.23897,-0.89354,-0.66627,-1.8401,-0.45548,0.040951,-1.2269,-1.4081,-0.23897,0.064032
9.4784,11.268,17.349,8.4283,17.413,4.3924,0,0,0,8.0948,9.7425,7.8529,-73.268,4.9757,4.4827,0,0,0,17.863,7.6959,111.89,727.07,89.801,4.5714,0,0,0,25.336,-49.894,470.77,765.32,333.84,2.9477,0,0,0,11.577,-73.857,676.28,522.3,281.77,-71.148,-78.945,-9.0181,2.4164,14.998,-69.333,537.46,895.3,601.31,476.87,525.99,60.324,-16.164,12.606,-8.8839,158.8,734.57,1085.7,739.73,572.57,41.729,-11.181,4.6644,4.7935,3.2482,14.818,130.9,39.988,9.011,2.2617,-0.60601,-1.2498,-1.2844,-0.87036,-3.9704,-35.075,-10.715,-2.4145,-0.60601,0.16238
28.532,27.158,10.84,9.3346,22.653,4.6068,0,0,0,30.945,27.689,16.322,-64.115,-26.455,5.4789,0,0,0,15.458,21.22,-25.143,643.34,437.43,2.4863,-1.7207,-0.52196,0.13986,9.6968,-55.596,418.93,845.57,921.67,11.533,14.693,3.9652,-1.0625,15.319,-62.407,723.18,517.15,651.05,-64.904,-45.883,-3.2138,0.86113,20.281,-62.079,725.41,1015.4,767.19,465.77,835.45,90.522,-24.255,13.947,-26.134,322.68,1044.3,949.5,599.58,493.39,41.963,-11.244,3.0497,4.3241,-1.413,115.78,73.382,5.5734,6.6137,1.469,-0.39361,-0.81715,-1.1586,0.37862,-31.024,-19.663,-1.4934,-1.7721,-0.39361,0.10547
18.415,12.826,11.279,10.042,20.263,3.1196,0,0,0,14.807,11.724,17.235,-29.659,-3.5083,2.2848,0,0,0,11.586,13.317,-53.177,389.23,226.79,3.0124,0,0,0,13.488,15.142,95.926,886.29,337.96,4.1958,0,0,0,9.5047,-61.916,453.54,369.25,291.7,0.62251,-72.913,-8.6992,2.3309,8.93,-67.583,563.8,310.08,709.76,130.76,647.85,69.286,-18.565,13.556,-53.914,400.16,787.68,644.71,740.85,377.52,3.3899,-0.90832,1.3584,2.7032,8.0584,26.514,8.4637,28.3,5.2285,0.94236,-0.2525,-0.36397,-0.72432,-2.1592,-7.1044,-2.2678,-7.5829,-1.401,-0.2525,0.067658
8.5527,11.819,13.642,10.206,15.647,3.1288,0,0,0,11.12,14.646,7.1793,-63.711,19.626,4.0039,0,0,0,7.0146,2.1758,81.405,655.98,17.456,3.8542,0,0,0,10.434,-71.362,482.15,495.26,231.45,7.0661,0,0,0,13.708,-62.271,587.96,188.74,239.54,-5.35,-6.3642,0.30701,-0.082262,8.2866,-69.347,425.95,290.02,216.78,107.78,98.232,-0.38762,0.10386,17.482,11.217,98.304,983.99,1045.1,1039.1,1070.3,111.31,-29.825,3.3496,4.13,1.5208,104.25,120.77,117.88,121.56,14.157,-3.7932,-0.89752,-1.1066,-0.40749,-27.934,-32.361,-31.586,-32.573,-3.7932,1.0164
0,0,-3.1923,18.339,27.552,3.4883,0,0,0,0,0,-3.1022,12.283,-50.878,-2.3267,0,0,0,-1.1678,-0.69941,-7.4896,56.612,646.24,32.976,-2.7002,-0.84066,0.22526,9.4814,-2.6588,49.389,5.0549,136.88,308.37,16.808,4.3624,-1.1689,16.614,-20.971,292.19,38.312,-34.999,641.58,22.044,5.9814,-1.6027,11.489,-59.481,569.27,-35.437,518.75,569.01,-32.723,-4.526,1.2127,15.639,6.9255,57.261,694.41,956.91,746.16,576.88,72.111,-19.322,4.2704,4.0144,3.4955,27.69,40.757,5.4862,5.9791,1.5234,-0.40819,-1.1443,-1.0757,-0.93662,-7.4196,-10.921,-1.47,-1.6021,-0.40819,0.10937
18.415,12.826,9.1946,16.673,18.299,3.1594,0,0,0,14.807,11.724,15.174,-16.778,-47.88,1.2232,0,0,0,10.357,11.557,-35.378,293.11,508.4,13.574,0,0,0,15.665,22.181,101.6,309.18,478.07,122.88,0,0,0,23.063,-44.926,417.3,-9.5917,523.26,17.038,-0.86309,-0.57846,0.155,11.173,-50.577,538.11,350.01,473.01,-54.751,4.6936,3.3136,-0.88788,19.235,-7.8732,164.82,923.48,837.68,567.06,246.02,3.5208,-0.9434,4.853,5.8522,-3.0014,81.725,125.18,18.192,8.0255,1.5078,-0.40401,-1.3004,-1.5681,0.80422,-21.898,-33.543,-4.8746,-2.1504,-0.40401,0.10825
0,0,0,0,-1.8221,11.559,10.791,6.4018,-1.7153,0,0,0,0,-2.1803,11.846,13.465,6.3074,-1.6901,-1.0143,-1.1798,-0.79055,-0.66365,-2.4451,9.7235,14.774,17.202,-4.6092,7.6379,10.737,-19.482,69.413,43.765,-41.779,278.79,127.51,-34.165,10.173,1.7621,144.3,762.35,458.47,80.37,880.59,72.318,-19.378,21.686,-51.845,492.67,382.51,928.49,911.62,313.2,3.911,-1.048,15.556,-66.007,706.56,871.48,399.74,61.179,23.141,4.7776,-1.2802,2.0953,-7.7406,87.436,16.533,3.9191,2.2055,5.9869,1.5078,-0.40401,-0.56143,2.0741,-23.428,-4.4301,-1.0501,-0.59097,-1.6042,-0.40401,0.10825
28.532,27.158,9.3896,15.418,21.134,4.9458,0,0,0,30.945,27.689,8.2272,-22.638,-17.058,5.3428,0,0,0,15.052,21.408,16.056,427.83,272.42,5.7937,0,0,0,10.784,-65.347,493.18,131.17,506.48,4.9169,0,0,0,10.452,-10.287,353.93,-39.264,461.73,-2.1088,-6.9146,-0.81597,0.21864,11.045,-57.299,527.98,769.83,457.68,194.23,198.64,23.011,-6.1659,13.287,-54.277,417.87,966.07,546.16,408.16,345.34,43.18,-11.57,8.7085,9.2775,24.058,71.184,10.937,3.407,6.7988,1.197,-0.32072,-2.3334,-2.4859,-6.4464,-19.074,-2.9305,-0.9129,-1.8217,-0.32072,0.085937
0,0,0,0,-1.1393,10.042,16.065,9.0794,-2.4328,0,0,0,0,-1.3633,18.261,-7.0863,10.201,-2.7332,-1.9119,-1.3437,-1.7759,-1.2611,-1.8061,-37.6,227.55,1.1176,-0.29946,10.761,9.0897,5.1016,-72.762,-41.883,-61.141,428.91,106.8,-28.618,14.103,7.1273,52.912,701.71,448.26,-83.295,788.82,128.78,-34.507,20.544,-55.604,610.52,651.51,922.24,1004.4,768.12,41.15,-11.026,13.347,-52.545,503.2,973.18,659.33,314.39,32,4.7131,-1.2629,3.0525,2.8512,25.442,39.738,6.9214,4.9107,6.2011,1.8051,-0.48366,-0.81792,-0.76398,-6.8172,-10.648,-1.8546,-1.3158,-1.6616,-0.48366,0.1296
15.333,21.735,17.334,11.765,20.549,4.8061,0,0,0,13.175,17.311,20.401,-61.378,-52.524,5.049,0,0,0,16.869,29.959,-33.973,703.73,603.3,17.654,-0.74723,-0.23249,0.062295,8.9816,-43.916,419.45,503.19,648.73,128.9,12.64,2.5841,-0.69241,19.249,-70.322,761.6,31.299,714.81,95.263,-43.814,-3.9526,1.0591,14.56,-68.831,552.91,961.96,1080,998.14,873.67,59.593,-15.968,16.684,-1.4038,215.16,543.1,332.92,329,319.84,16.423,-4.4006,2.076,2.8549,3.6442,3.4433,4.799,1.6545,5.7245,0.80829,-0.21658,-0.55627,-0.76497,-0.97647,-0.92262,-1.2859,-0.44333,-1.5339,-0.21658,0.058033
13.079,15.225,11.651,8.5921,13.322,8.8757,0,0,0,11.162,13.591,7.8453,-76.032,-10.344,8.227,0,0,0,12.325,17.261,32.99,775.1,269.75,5.4779,0,0,0,15.458,-53.986,447.61,501.95,705.15,2.6394,0,0,0,9.4015,-67.864,631.89,-23.008,597.85,1.0078,-7.5215,-0.80941,0.21688,12.074,-75.86,732.2,255.52,645.02,57.292,189.89,22.623,-6.0618,22.248,-22.942,257.84,822.3,985.87,1010.4,654.59,71.157,-19.067,3.6898,4.8021,1.9549,13.826,121.05,108.44,6.9094,1.5234,-0.40819,-0.98867,-1.2867,-0.52381,-3.7047,-32.434,-29.055,-1.8514,-0.40819,0.10937
9.4784,11.268,15.884,23.107,13.215,2.3564,0,0,0,8.0948,9.7425,0.12277,-25.175,11.838,3.1254,0,0,0,21.471,10.249,162.44,367.22,20.651,2.8911,0,0,0,13.125,-57.661,430.78,918.06,10.952,1.331,0,0,0,7.9609,-74.128,591.1,790.75,-38.187,-1.4497,-2.6904,-0.09717,0.026037,17.82,-67.544,713.72,911.65,209.28,-79.327,-72.541,-6.9806,1.8704,13.947,-26.134,322.47,1052.9,904.26,752.91,643.41,60.68,-16.259,3.0497,4.3241,-1.0687,105.67,122.49,116.63,124.93,13.547,-3.63,-0.81715,-1.1586,0.28635,-28.314,-32.821,-31.25,-33.475,-3.63,0.97266
9.309,7.7912,6.2483,12.535,13.692,2.3322,0,0,0,9.5464,7.7721,12.082,-47.156,-7.0121,2.9898,0,0,0,7.0969,15.883,-79.101,503.1,182.12,5.1367,0,0,0,16.474,-10.718,248.34,848.73,498.14,5.7804,0,0,0,11.98,-63.891,559.63,436.48,472.92,-68.231,-78.855,-8.5755,2.2978,7.1983,-83.695,524.84,664.07,699.32,494.59,532.96,60.038,-16.087,10.911,-33.758,245.17,441.66,862.41,602.89,424.88,41.536,-11.13,2.1473,2.6164,4.9981,3.2636,33.91,3.7152,9.5522,1.2251,-0.32826,-0.57538,-0.70107,-1.3392,-0.87448,-9.0861,-0.99549,-2.5595,-0.32826,0.087956
8.5527,11.819,13.972,13.027,16.136,6.6247,0,0,0,11.12,14.646,8.2087,-69.133,9.3455,7.2288,0,0,0,5.0471,-0.67001,77.314,623.34,47.717,3.0562,0,0,0,14.119,-60.353,572.01,776.6,645.14,0.70194,0,0,0,7.2225,-83.009,750.44,29.008,811.27,98.902,-7.0011,-0.90553,0.24264,19.696,-52.015,564.03,519.93,978.06,207.85,107.97,13.666,-3.6619,14.675,12.933,-7.4801,779.08,1043.3,1037.5,1089.8,126.19,-33.814,3.2524,3.7285,-3.391,52.004,116.36,121.22,122.94,13.79,-3.6951,-0.87148,-0.99904,0.90863,-13.934,-31.179,-32.481,-32.942,-3.6951,0.99009
18.415,12.826,10.313,11.056,13.048,5.1758,0,0,0,14.807,11.724,15.887,-25.536,-11.178,4.3897,0,0,0,10.816,12.509,-54.93,384.3,213.5,1.9178,0,0,0,15.559,18.54,98.431,798.42,499.67,5.6469,0,0,0,15.905,-56.511,495.22,348.6,531.58,4.3872,-71.534,-10.109,2.7087,9.5758,-80.6,753.5,511.77,308.46,120.62,488.2,58.951,-15.796,16.444,-10.064,184.83,714.81,960.03,588.44,355.06,19.626,-5.2589,8.708,9.6388,5.6075,20.039,108.13,3.7689,3.0962,1.0113,-0.27099,-2.3333,-2.5827,-1.5025,-5.3694,-28.973,-1.0099,-0.82964,-0.27099,0.072611
28.532,27.158,9.118,21.567,14.46,2.5519,0,0,0,30.945,27.689,13.966,-51.744,-6.9626,2.9754,0,0,0,13.942,19.193,-29.451,678.39,176.05,4.7607,-1.0333,-0.19105,0.051192,12.661,-50.468,459.43,576.62,470.65,14.583,13.524,3.4999,-0.9378,13.795,-63.456,595,203.16,527.58,-44.321,-46.694,-2.4295,0.65098,8.9504,-68.464,554.81,898.17,298.69,767.68,906.7,92.031,-24.66,20.059,14.772,60.776,907.3,973.85,510.58,296.47,40.502,-10.852,11.045,9.3699,-4.2709,61.253,40.624,2.2057,4.5408,1.6866,-0.45193,-2.9596,-2.5107,1.1444,-16.413,-10.885,-0.59102,-1.2167,-0.45193,0.12109
3.9349,5.7763,7.4537,18.972,13.215,2.3564,0,0,0,3.9537,10.439,-27.137,-26.12,11.838,3.1254,0,0,0,7.0578,-25.665,216.73,328.67,20.615,2.5303,0,0,0,8.6648,-15.747,221.93,407.69,12.482,3.4191,0,0,0,13.225,9.4011,206.24,347.92,22.907,10.879,8.1947,0.84592,-0.22666,12.785,18.48,-30.802,613.55,-15.436,-26.68,-28.639,-1.8097,0.48491,12.136,-15.744,239.88,932.13,789.96,779.19,824.64,96.492,-25.855,3.2915,2.8405,25.47,40.086,3.4292,4.4259,5.4321,2.4483,-0.65602,-0.88195,-0.76112,-6.8247,-10.741,-0.91884,-1.1859,-1.4555,-0.65602,0.17578
8.31,8.6695,12.524,27.95,19.677,3.6663,0,0,0,10.664,9.8783,13.383,-50.567,-0.54116,3.5928,0,0,0,7.043,17.574,-17.828,591.62,160.82,3.3021,-1.367,-0.42515,0.11392,15.507,-19.377,289.62,288.96,443.55,12.093,13.139,4.6126,-1.2359,25.311,-50.949,519.19,126.81,352.61,-47.032,-49.197,1.6726,-0.44817,15.632,-27.115,263.15,823.91,287.48,528.16,645.63,96.849,-25.951,27.053,36.791,-14.097,849.75,481.27,142.26,21.68,6.5134,-1.7453,1.8233,4.4461,7.3976,56.144,4.4096,4.6586,7.2663,3.8085,-1.0205,-0.48856,-1.1913,-1.9822,-15.044,-1.1816,-1.2483,-1.947,-1.0205,0.27344
8.5527,11.819,13.854,16.448,14.465,3.0234,0,0,0,11.12,14.646,7.3176,-70.073,-6.8221,4.2018,0,0,0,6.6605,2.1934,73.514,710.96,187.66,3.6299,0,0,0,6.2326,-74.458,584.53,293.26,466.34,2.9827,0,0,0,24.293,-48.857,593.79,108.89,576.1,-32.281,-78.082,-8.7628,2.348,14.761,-51.254,474.65,981.34,423.82,302.69,528.94,61.092,-16.369,18.991,21.988,-14.842,740.26,922.92,573.32,349.89,42.073,-11.273,1.185,1.8441,5.6051,5.7997,9.3806,1.4161,4.7115,1.469,-0.39361,-0.31751,-0.49413,-1.5019,-1.554,-2.5135,-0.37945,-1.2624,-0.39361,0.10547
18.415,12.826,10.49,13.064,14.084,14.014,8.2451,5.6993,-1.5271,14.807,11.724,16.192,-18.919,-65.395,-7.6606,8.8491,4.6332,-1.2415,10.501,13.183,-59.694,367.29,668.26,165.22,16.199,3.26,-0.8735,18.621,10.744,119.71,663.15,172.78,540.72,18.533,4.3203,-1.1576,13.847,-72.963,688.65,85.172,376.52,342.47,8.9377,5.0339,-1.3488,19.166,-53.521,521.11,397.93,868.55,242.49,192.79,12.167,-3.2602,14.41,18.089,30.109,838.41,605.64,410.84,333.82,28.567,-7.6546,4.7223,5.739,6.946,35.982,3.0679,5.3193,2.7448,0.99676,-0.26708,-1.2653,-1.5378,-1.8612,-9.6412,-0.82203,-1.4253,-0.73548,-0.26708,0.071564
27.167,25.192,10.861,12.591,20.549,4.8061,0,0,0,25.37,24.206,19.856,-56.552,-52.524,5.049,0,0,0,13.601,25.544,-62.788,631.98,562.2,18.442,-0.63692,-0.71385,0.19128,8.5183,-41.015,353.56,631.34,1005.2,118.77,16.036,5.6941,-1.5257,10.465,-69.477,673.05,395.41,590.78,-25.443,-25.187,-1.1471,0.30736,11.27,-74.799,696.82,971.25,969.08,923.27,948.27,112,-30.009,18.969,0.97448,193.25,784.2,492.15,208.51,217.25,19.1,-5.118,4.6979,4.6885,6.0055,28.549,3.2441,2.6134,3.6536,1.2873,-0.34493,-1.2588,-1.2563,-1.6092,-7.6497,-0.86926,-0.70025,-0.97897,-0.34493,0.092423
27.167,25.192,9.7038,16.225,11.7,5.1577,0,0,0,25.37,24.206,19.456,-53.745,-70.658,-4.0021,0,0,0,13.746,24.855,-60.663,608.07,766.65,82.275,-1.3899,-0.45869,0.12291,7.9805,-23.205,307.98,625.33,643.44,139.8,17.092,3.4176,-0.91573,7.0095,-74.782,775.4,222.17,794.99,10.486,-31.41,-2.2713,0.60859,15.601,-50.514,488.8,969.26,911.14,607.17,979.47,109,-29.205,17.029,16.35,-1.6436,453.21,579.29,346.55,198.9,17.812,-4.7728,3.6917,2.8767,6.1217,4.3395,5.606,3.3574,5.877,1.6962,-0.45451,-0.98918,-0.77082,-1.6403,-1.1628,-1.5021,-0.89961,-1.5747,-0.45451,0.12178
16.84,17.9,16.489,8.2707,20.901,6.3425,0,0,0,13.329,14.707,2.6845,-16.891,20.873,6.4343,0,0,0,9.6648,3.0227,136.65,192.28,22.42,2.3703,-0.62034,-0.34549,0.092573,4.7043,-73.271,586.77,679.94,31.61,-37.345,-76.455,-7.297,1.9552,15.165,-63.861,490,579.55,-48.338,329.02,626.49,88.932,-23.829,11.496,-31.203,251.97,929.05,984.65,759.8,202.23,17.758,-4.7582,20.803,26.26,6.1164,833.45,225.08,25.913,23.94,4.2779,-1.1462,1.4807,2.382,6.9575,28.021,2.3663,2.0262,6.7894,2.0732,-0.55551,-0.39675,-0.63826,-1.8643,-7.5081,-0.63404,-0.54293,-1.8192,-0.55551,0.14885
18.415,12.826,9.1574,15.586,22.798,8.2999,7.9176,2.7148,-0.72744,14.807,11.724,15.081,-15.984,-64.687,-16.523,7.1019,2.9049,-0.77837,12.164,15.236,-37.221,238,667.1,215,13.825,2.1903,-0.58689,7.8255,1.9768,101.85,724.31,116.48,500.53,18.593,3.8805,-1.0398,21.358,-59.197,522.11,190.23,160.71,367.2,25.308,4.6984,-1.2589,12.641,-67.477,632.14,-21.804,605.44,28.568,16.324,-0.43022,0.11528,19.737,-4.8077,162.61,898.69,894.08,834.1,675.07,95.068,-25.473,1.3833,1.9769,-3.4627,84.434,120.64,107.09,6.3242,0.97933,-0.26241,-0.37066,-0.52972,0.92784,-22.624,-32.326,-28.695,-1.6946,-0.26241,0.070312
9.309,7.7912,5.4111,12.928,10.565,1.975,0,0,0,9.5464,7.7721,11.577,-40.246,-65.235,-6.8312,0,0,0,9.1316,13.186,-56.258,477.02,596.47,40.397,-1.2121,-0.07833,0.020989,3.1039,-2.5923,149.77,590.8,59.678,378.59,9.8906,1.1128,-0.29818,10.044,-72.317,607.73,212.63,86.489,512.29,16.21,3.7398,-1.0021,8.3597,-70.87,631.98,-106.3,430.01,125.7,7.05,2.8796,-0.77159,21.612,-22.836,304.11,730.93,980.13,633.21,327.55,34.145,-9.1493,5.2201,4.2963,-4.3981,93.2,67.424,4.3841,6.1019,1.2542,-0.33607,-1.3987,-1.1512,1.1785,-24.973,-18.066,-1.1747,-1.635,-0.33607,0.090049
8.31,8.6695,14.871,16.33,20.512,1.6259,0,0,0,10.664,9.8783,14.821,-57.064,-5.8125,1.2313,0,0,0,8.058,17.218,-10.001,567.84,223.06,1.9859,-0.75441,-0.64954,0.17404,15.761,-31.914,331.02,132.04,196.09,15.339,1.3734,4.3623,-1.1689,16.943,-62.41,384.96,79.247,638.55,-8.2382,124.22,9.2201,-2.4705,11.378,-0.80844,92.684,1000.4,1062.2,845.11,871.6,58.368,-15.64,13.628,-53.441,517.27,483.35,208.44,52.273,23.049,8.0452,-2.1557,4.3989,-1.8027,40.215,4.1838,3.2016,1.8369,4.1485,0.65965,-0.17675,-1.1787,0.48303,-10.776,-1.1211,-0.85788,-0.49219,-1.1116,-0.17675,0.047361
18.415,12.826,11.407,10.405,21.603,3.3687,0,0,0,14.807,11.724,17.181,-20.669,-49.824,2.4087,0,0,0,11.689,18.476,-63.235,287.52,547.13,16.484,0,0,0,14.289,-12.515,246.58,609.9,733.07,128.33,0,0,0,4.8906,-75.701,713.87,158.64,706.95,48.464,7.6358,0.64517,-0.17287,14.318,-61.204,447.03,709.07,387.89,2.2749,50.783,6.1205,-1.64,12.747,-28.298,283.28,1048.9,878.41,546.61,228.6,29.757,-7.9733,2.7284,3.6662,-2.3588,112.89,18.135,2.8857,5.9847,3.1012,-0.83096,-0.73106,-0.98236,0.63205,-30.249,-4.8593,-0.77321,-1.6036,-0.83096,0.22266
0,0,-1.2373,7.6881,18.426,1.4237,0,0,0,0,0,-0.0040714,-3.0257,-70.706,-9.0657,0,0,0,-2.7555,-3.3178,-19.774,119.07,728.53,101.32,-0.63692,-0.71385,0.19128,15.542,21.048,-20.322,664.77,282.68,295.56,16.036,5.6941,-1.5257,6.9889,-61.022,534.52,105.78,561.44,142.63,-9.5823,8.763,-2.348,29.605,-50.582,646.13,177.79,924.49,883.81,745.32,58.537,-15.685,19.737,-59.906,520.83,835.45,218.54,180.64,113.63,5.757,-1.5426,1.6358,-6.7067,65.926,41.755,4.251,10.15,7.6555,0.81611,-0.21867,-0.43832,1.7971,-17.665,-11.188,-1.1391,-2.7198,-2.0513,-0.21867,0.058594
4.7204,5.1413,10.925,14.404,15.511,3.6661,0,0,0,2.398,4.3052,20.51,-38.725,-29.641,3.3322,0,0,0,10.27,14.713,-74.901,500.98,348.6,2.9513,0,0,0,13.369,-16.519,294.25,621.42,505.06,4.7063,0,0,0,18.97,-70.095,719.87,240.73,546.71,-49.854,-77.489,-8.8601,2.374,12.949,-67.797,604.99,887.55,276.74,377.58,523.49,61.948,-16.599,20.059,14.772,60.796,931.52,915.42,684.04,610.84,72.394,-19.398,11.045,9.3699,-5.8025,84.726,20.763,3.2457,5.0229,2.7328,-0.73226,-2.9596,-2.5107,1.5548,-22.702,-5.5634,-0.86967,-1.3459,-0.73226,0.19621
28.532,27.158,10.453,9.216,22.684,14.957,9.7096,1.5164,-0.40631,30.945,27.689,16.611,-63.237,11.952,22.523,11.222,0.83431,-0.22355,13.208,19.168,-48.53,625.61,139.41,-6.3402,15.577,3.1413,-0.84171,17.001,-52.002,614.73,450.98,-51.949,514.59,12.304,1.9285,-0.51673,18.169,-28.374,429.02,319.25,-64.948,831.84,10.066,-0.36027,0.096534,4.4741,5.9962,-24.85,536.21,593.87,627.92,54.097,2.4486,-0.6561,0,0,-83.984,712.31,843.47,399.15,194.17,6.1089,-1.6369,0,0,-9.0975,62.212,44.135,5.1168,8.7098,0.77237,-0.20696,0,0,2.4377,-16.67,-11.826,-1.3711,-2.3338,-0.20696,0.055454
8.31,8.6695,15.073,20.284,12.367,3.2488,0,0,0,10.664,9.8783,16.14,-60.051,-12.605,4.3338,0,0,0,8.4865,18.668,-33.733,642.45,245.55,4.2302,0,0,0,8.7521,-42.124,398.52,492.73,472.25,4.0798,0,0,0,14.65,-66.692,694.52,157.55,489.41,5.078,-5.9226,-1.3483,0.36128,7.787,-77.892,547.83,460.27,199.72,-60.967,185.96,24.187,-6.4809,7.3352,-18.738,199.79,1024.5,666.79,578.97,363.48,40.454,-10.839,0.86137,1.5163,-3.4479,94.334,42.628,3.8692,6.6444,0.95017,-0.2546,-0.2308,-0.40628,0.92386,-25.277,-11.422,-1.0367,-1.7804,-0.2546,0.068219
18.727,21.4,14.834,9.8757,20.549,4.8061,0,0,0,19.319,20.892,21.589,-47.1,-52.524,5.049,0,0,0,12.517,17.171,-53.036,517.74,556.6,18.229,-1.3766,-0.33321,0.089283,9.3153,-21.037,243.09,894.51,1037.9,63.149,-49.675,2.9876,-0.80053,11.37,-69.832,740.27,452.66,642.38,325.1,396.42,-0.66403,0.17793,12.094,-10.883,214.06,965.34,1067.9,901.96,912.16,92.592,-24.81,9.8933,12.185,-52.732,673.65,463.68,47.856,12.566,3.7551,-1.0062,2.9487,2.9553,4.4231,5.1085,5.9277,4.1906,2.8576,0.68881,-0.18457,-0.79009,-0.79188,-1.1852,-1.3688,-1.5883,-1.1229,-0.76568,-0.18457,0.049454
12.049,12.255,21.816,18.797,19.006,5.7489,0,0,0,10.069,8.6895,23.716,-44.909,17.858,5.8319,0,0,0,12.89,23.771,-23.659,633.77,47.731,4.2986,0,0,0,21.717,-59.134,546.24,520.31,330.37,2.6673,0,0,0,14.787,-4.336,278.34,415.95,275.59,-76.443,-44.378,0.64049,-0.17162,15.611,-36.353,497.61,935.73,608.14,485.58,296.68,6.0843,-1.6303,18.058,-50.821,567.04,745.21,292.2,718.37,872.09,56.959,-15.262,4.0477,4.1886,7.863,4.4785,4.5666,5.7642,5.8458,0.48966,-0.1312,-1.0846,-1.1223,-2.1069,-1.2,-1.2236,-1.5445,-1.5664,-0.1312,0.035156
