9.309,7.7912,6.9103,7.2836,6.1097,9.1938,18.572,3.5229,-0.94395,9.5464,7.7721,12.788,-46.416,-71.289,-63.498,-51.565,4.3276,-1.1596,7.5813,15.528,-58.313,344.58,499.91,486.49,532.83,-0.9512,0.25487,12.639,-14.879,272.65,792.8,531.07,1011.1,1099.9,113.38,-30.381,17.644,-65.898,809.28,466.49,507.23,800.35,571.55,40.657,-10.894,8.8408,-34,366.51,998.36,781.59,342.78,2.6144,0.74712,-0.20019,21.58,23.004,9.2402,54.383,483.08,42.401,0,0,0,9.4986,8.8995,3.3189,2.726,35.059,2.2307,0,0,0,-2.5452,-2.3846,-0.8893,-0.73043,-9.3942,-0.59771,0,0,0
18.727,21.4,13.036,14.243,6.4027,6.9991,10.631,3.2418,-0.86862,19.319,20.892,19.876,-44.351,-13.93,18.824,13.448,2.8674,-0.76831,11.555,16.815,-46.572,429.52,202.47,-25.984,-38.576,6.2671,-1.6793,15.719,-33.672,367.54,622.55,856.55,987.24,608.4,-0.91778,0.24592,15.788,-60.504,662.33,544.24,1083.4,510.35,980.2,104.57,-28.018,13.935,-67.994,686.5,1074,547.81,672.34,945.3,129.35,-34.659,12.858,2.6428,91.53,297.9,-43.264,676.74,935.45,41.177,-11.033,5.0325,5.8476,3.0637,1.6548,-3.283,60.124,73.539,0.87051,-0.23325,-1.3485,-1.5669,-0.82091,-0.4434,0.87967,-16.11,-19.705,-0.23325,0.0625
19.38,17.357,22.476,16.673,15.523,13.707,15.824,5.3033,-1.421,21.833,17.543,24.631,-54.524,-3.6816,-48.909,-25.938,-0.52893,0.14173,9.8742,10.771,34.8,364.96,174.45,434.73,438.39,58.444,-15.66,21.656,-19.141,340.91,-57.281,622.02,520.56,319.91,220.74,-59.148,18.5,-22.559,336.79,674.77,287.2,55.465,300.45,41.512,-11.123,12.979,18.283,2.8543,451.89,22.892,5.4235,4.5975,0.7617,-0.2041,10.739,3.1921,144.62,164.44,9.6036,2.6258,0,0,0,2.998,3.0905,4.262,2.7453,2.4483,0.89186,0,0,0,-0.80332,-0.8281,-1.142,-0.73561,-0.65602,-0.23897,0,0,0
13.079,15.225,10.589,16.113,14.106,12.326,14.005,3.1977,-0.85683,11.162,13.591,6.4396,-68.79,-10.624,17.851,14.23,2.5496,-0.68316,14.917,19.321,44.81,670.8,189.46,-10.236,51.973,-1.2392,0.33203,6.534,-59.339,454.23,305.26,445.14,811.27,625.64,53.884,-14.438,20.972,-62.495,570.21,42.611,514.76,577.14,514.19,128.11,-34.328,15.659,-63.375,610.26,13.39,806.24,165.55,813.05,69.073,-18.508,13.185,-30.929,307.04,888.33,466.32,17.527,18.675,3.5013,-0.93817,2.87,2.5719,1.4849,19.297,18.752,4.0844,1.0853,0.37694,-0.101,-0.76901,-0.68914,-0.39789,-5.1705,-5.0245,-1.0944,-0.2908,-0.101,0.027063
0,0,-0.55691,5.4493,7.4562,12.414,15.063,6.3844,-1.7107,0,0,-2.2113,6.8344,-23.73,13.426,19.699,5.9441,-1.5927,-1.9335,-2.6828,3.1296,3.4258,252.15,-59.809,-48.581,-3.391,0.90862,12.167,17.542,-59.525,649.28,517.52,501.12,838.71,83.089,-22.264,10.263,0.61877,136.5,895.57,-68.767,892.4,1100,106.53,-28.545,11.646,-72.827,617.54,46.722,492.36,576.56,446.14,2.6256,-0.70352,18.812,-50.065,493.85,571.09,737.68,48.084,15.743,2.2575,-0.60489,2.8553,4.7603,-0.54587,115.06,40.687,2.522,2.4051,1.8498,-0.49566,-0.76506,-1.2755,0.14626,-30.831,-10.902,-0.67576,-0.64444,-0.49566,0.13281
0,0,-1.2064,11.388,11.507,10.246,22.653,4.6068,-1.2344,0,0,-1.2305,10.129,7.5005,-73.031,-26.455,5.4789,-1.4681,-1.5959,-1.885,2.516,-46.71,-16.489,740.07,443.93,3.0001,-0.80388,12.603,18.218,-53.366,421.29,836.54,706.37,871.31,17.572,-4.7085,12.244,-40.948,365.53,1001.9,1068.7,153.44,735.92,120.01,-32.156,10.614,-66.083,711.58,1005.8,1028.3,952.71,1016.8,123.53,-33.1,14.863,-55.334,473.26,963.81,455.98,255.51,327.24,23.604,-6.3245,0.90539,1.5714,6.3924,4.0897,2.6279,4.8484,4.0076,0.16322,-0.043735,-0.2426,-0.42107,-1.7128,-1.0958,-0.70415,-1.2991,-1.0738,-0.043735,0.011719
18.415,12.826,11.072,12.231,14.647,3.9602,0,0,0,14.807,11.724,16.72,-18.821,-58.718,5.6886,0,0,0,12.075,14.882,-40.317,276.91,586.1,-50.758,-45.253,0.35723,-0.095719,8.3836,1.5302,146.57,559.07,507.85,813.64,367,-1.5566,0.4171,14.96,-65.682,574.83,73.692,562.47,938.26,941.08,106.87,-28.636,30.718,-54.946,708.58,218.56,752.82,813.77,834.17,107.52,-28.81,18.11,-27.877,340.21,666.33,207.16,671.95,672.94,5.493,-1.4718,4.5507,4.4013,1.9865,23.127,13.047,61.95,43.709,1.8964,-0.50815,-1.2194,-1.1793,-0.53229,-6.1968,-3.4959,-16.6,-11.712,-0.50815,0.13616
0,0,-1.2273,14.508,19.179,11.078,13.977,6.627,-1.7757,0,0,-2.0163,17.715,29.701,-64.074,-23.938,7.7138,-2.0669,-1.1538,-1.4309,-3.2719,-47.948,-41.233,555.68,260.55,-6.1551,1.6492,11.312,20.617,-40.538,728.06,936.62,678.37,760.75,51.807,-13.882,19.521,-18.088,311.05,426.61,936.92,536.61,716.1,119.72,-32.078,20.509,-58.607,711.57,359.61,78.674,455.85,873.9,124.52,-33.366,17.975,-51.635,490.07,997.47,122.05,43.098,513.93,17.685,-4.7388,2.2504,1.5584,16.33,107.03,3.96,3.4213,4.8071,1.1308,-0.303,-0.603,-0.41757,-4.3755,-28.678,-1.0611,-0.91673,-1.2881,-0.303,0.08119
0,0,-0.62111,8.3292,9.8945,11.533,11.95,2.2544,-0.60407,0,0,6.0374,-28.892,3.0079,11.295,7.2861,2.0949,-0.56134,-1.5682,-0.87455,-77.866,327.44,50.072,-5.0532,79.394,-5.7623,1.544,10.732,-0.69889,145.69,682.19,397.01,63.36,511.41,80.656,-21.612,18.735,-60.119,649.95,35.964,813.55,254.21,502.09,125.05,-33.507,10.558,-73.074,600.92,407.72,410.26,457.02,783.24,19.362,-5.1881,11.231,-13.94,264.38,752.77,54.489,17.486,19.823,3.0476,-0.81659,3.7359,3.0664,4.9013,7.114,4.9047,5.4102,3.5206,1.0881,-0.29157,-1.001,-0.82164,-1.3133,-1.9062,-1.3142,-1.4497,-0.94333,-0.29157,0.078125
0,0,-1.9106,15.058,15.028,5.9842,22.848,1.1345,-0.30398,0,0,-1.5286,14.458,21.489,-52.499,-5.2302,1.5586,-0.41761,-2.2974,-1.8935,-1.1974,-61.325,-65.814,490.18,230.77,7.3141,-1.9598,17.147,12.657,3.3491,597.05,426.62,929.04,763.12,0.31063,-0.083233,11.626,-61.809,579.02,805.06,1080.4,730.81,875.53,105.85,-28.362,6.3709,-77.191,751.18,921.73,837.89,859.23,930.22,106.81,-28.619,21.141,-4.7418,243.23,965.27,269.19,10.001,12.566,3.7551,-1.0062,5.7535,5.3319,3.7869,2.4523,4.3666,3.6135,2.8576,0.68881,-0.18457,-1.5416,-1.4287,-1.0147,-0.65709,-1.17,-0.96822,-0.76568,-0.18457,0.049454
28.532,27.158,11.081,6.9633,11.849,3.3866,0,0,0,30.945,27.689,16.332,-67.256,-14.303,2.6092,0,0,0,15.419,22.359,-46.156,701.26,238.71,-41.711,-72.245,-1.1306,0.30295,11.293,-63.964,606.25,408.41,752.03,332.23,649.58,15.195,-4.0714,13.092,-74.827,756.06,-16.609,474.93,893.31,846.2,127.1,-34.058,13.118,-53.405,488,798.41,800.07,1011.3,889.94,69.161,-18.532,30.031,31.031,-6.6207,287.66,344.88,393.88,227.71,7.0375,-1.8857,5.0407,3.8801,5.114,5.3172,3.7785,3.5394,4.4507,0.94236,-0.2525,-1.3506,-1.0397,-1.3703,-1.4247,-1.0124,-0.94838,-1.1926,-0.2525,0.067658
10.789,11.108,17.882,19.76,12.128,11.371,23.607,6.3337,-1.6971,11.342,13.496,14.881,14.443,22.279,-52.393,-26.179,5.4226,-1.453,9.8332,13.487,-4.6104,104.84,-83.649,571.32,375.23,-2.8516,0.76409,13.831,-38.695,366.97,996.99,786.23,920.4,914.21,82.44,-22.09,15.082,-60.106,692.09,888.7,1011.7,974.12,1064.2,109.05,-29.221,8.4116,-73.739,689.16,1104.3,418.67,121.4,417.17,4.3971,-1.1782,20.613,18.202,60.649,700.77,33.008,14.756,11.259,4.8732,-1.3058,9.444,8.4337,4.1831,3.154,2.5855,2.9346,3.7491,0.6344,-0.16999,-2.5305,-2.2598,-1.1209,-0.84511,-0.69279,-0.78633,-1.0046,-0.16999,0.045548
18.415,12.826,9.43,18.579,20.064,7.5807,22.96,5.8011,-1.5544,14.807,11.724,16.082,-39.247,-22.317,-27.208,-17.329,5.4929,-1.4718,10.418,12.811,-54.183,474.6,400.53,284.3,266.93,2.6297,-0.70462,16.722,13.623,96.258,262.85,745.61,634.83,715.13,16.01,-4.2898,18.239,-55.193,500.59,-82.586,869.7,-0.8143,725.85,127.15,-34.07,9.493,-78.937,725.46,303.24,924.32,730.14,849.11,38.96,-10.439,10.423,-29.504,299.88,972.75,117.03,440.97,178.44,5.423,-1.4531,4.8675,6.5951,6.6081,56.662,2.4925,4.6757,5.1221,1.2251,-0.32826,-1.3042,-1.7671,-1.7706,-15.183,-0.66787,-1.2528,-1.3725,-0.32826,0.087956
0,0,-1.0935,4.371,15.311,6.1353,0,0,0,0,0,4.4554,-50.593,-10.689,5.7268,0,0,0,-0.12189,6.6234,-88.556,471.59,220.61,-1.9902,-10.89,0.61754,-0.16547,7.4736,-31.775,228.87,165.29,386.51,59.55,125.79,-2.8137,0.75394,20.602,15.892,132.96,-31.459,588.71,297.19,526.15,114.34,-30.637,5.6861,-34.894,461.94,-107.72,720.92,64.069,446.46,71.743,-19.223,27.235,-21.135,330.09,687.48,163.68,570.04,149.9,9.9278,-2.6602,3.4525,2.9495,4.489,2.122,6.7165,2.4061,2.5597,1.2514,-0.3353,-0.9251,-0.79031,-1.2028,-0.56859,-1.7997,-0.64472,-0.68587,-0.3353,0.089844
5.2184,8.1907,7.4297,18.168,25.997,3.0952,26.462,4.5243,-1.2123,5.6424,6.8362,17.638,-30.98,21.217,0.6745,20.249,3.8796,-1.0395,8.6351,13.857,-39.282,455.18,61.603,-36.321,50.106,-5.1613,1.383,20.336,-48.012,522.52,932.64,907.03,774.95,999.29,83.871,-22.473,14.053,-73.794,713.95,847.59,1087.4,651.35,622.89,126.42,-33.875,9.6597,-30.924,289.32,1072.5,478.48,822.2,996.48,69.544,-18.634,21.58,23.004,6.6616,161.86,-6.6927,146.79,364.53,7.1169,-1.907,9.4986,8.8995,3.3881,2.7815,5.7062,5.8368,5.2072,3.2644,-0.8747,-2.5452,-2.3846,-0.90784,-0.74531,-1.529,-1.564,-1.3953,-0.8747,0.23437
0,0,0,0,-1.0037,9.0721,21.514,3.4409,-0.92199,0,0,0,0,4.5491,-25.692,-56.305,-4.5875,1.2292,-2.0473,-2.3268,3.2971,-59.524,-103.55,245.07,642.02,84.818,-22.727,14.073,22.295,-53.641,507.07,526.93,673.92,215.4,120.89,-32.393,23.805,-25.763,378.96,428.83,496.99,300.73,459.77,128.71,-34.489,14.95,-66.164,757.9,144.92,719.38,489.71,702.38,40.011,-10.721,19.009,-50.183,486.56,768.73,488.83,282.54,156.63,8.0746,-2.1636,5.471,6.0972,-0.28653,94.786,5.0845,6.0602,7.0214,3.8637,-1.0353,-1.4659,-1.6337,0.076775,-25.398,-1.3624,-1.6238,-1.8814,-1.0353,0.2774
18.727,21.4,15.387,5.8409,24.196,10.647,21.122,1.9375,-0.51916,19.319,20.892,17.147,-11.072,-20.382,2.009,-45.665,3.8031,-1.0191,11.177,15.885,-18.867,205.86,317.42,115.86,648.84,-0.051326,0.013753,17.688,-28.299,427.29,230.02,635.38,864.03,768.62,103.73,-27.794,13.987,-58.993,599.04,-15.465,880.23,838.32,443.8,119.41,-31.996,6.7074,-59.584,449.8,878.49,574.66,516.55,710.82,107.11,-28.701,5.8002,5.9416,15.145,7.6948,7.2578,93.159,414.04,5.9567,-1.5961,5.1375,3.438,3.7083,2.6088,3.4919,6.0009,1.9896,0.56541,-0.1515,-1.3766,-0.92122,-0.99362,-0.69903,-0.93565,-1.6079,-0.53312,-0.1515,0.040595
8.31,8.6695,14.162,18.806,25.859,3.2701,0,0,0,10.664,9.8783,14.842,-59.597,0.88605,3.6429,0,0,0,6.6798,17.019,-34.106,693.48,212.71,-49.321,-37.898,-0.070312,0.01884,18.59,-20.248,259.8,361.43,762.89,545.78,287.19,-8.3749,2.2441,16.781,-71.972,649.94,92.678,860.68,438.72,688.71,81.033,-21.713,17.988,-73.546,746.44,313.65,332.07,258.76,611.97,125.62,-33.659,21.946,-24.633,325.95,840.2,31.251,-2.0889,240.9,16.768,-4.493,6.1354,5.9605,11.221,58.99,6.3904,3.272,7.1989,0.25746,-0.068985,-1.644,-1.5971,-3.0068,-15.806,-1.7123,-0.87672,-1.9289,-0.068985,0.018485
0,0,-1.0303,5.5907,17.074,6.2016,14.077,8.5595,-2.2935,0,0,-0.5576,4.2325,27.573,-30.808,-28.492,9.295,-2.4906,-0.42767,0.12746,-30.345,90.3,-24.073,383.87,337.71,-3.2666,0.87528,5.523,1.5274,108.54,459.98,698.7,523.19,524.46,53.43,-14.316,24.047,15.876,192.79,372.04,567.28,87.468,463.15,128.48,-34.426,14.156,-51.268,385.6,295.32,938.04,366.76,697.14,39.231,-10.512,17.522,-61.605,590.15,691.2,169.54,282.81,119.35,8.2191,-2.2023,2.7139,-5.6311,61.693,73.37,5.4943,5.1468,6.7228,0.16322,-0.043735,-0.72718,1.5088,-16.531,-19.659,-1.4722,-1.3791,-1.8014,-0.043735,0.011719
15.333,21.735,15.567,15.449,15.93,11.77,20.95,3.1821,-0.85264,13.175,17.311,18.929,-61.653,-11.614,7.3422,21.25,3.4484,-0.924,15.357,27.595,-17.945,649.59,273.11,37.948,-36.117,3.7348,-1.0007,19.771,-28.852,444.37,320.38,705.17,838.37,399.34,1.0888,-0.29175,7.4928,-81.609,756.29,16.355,773.95,234.29,599.36,17.377,-4.6561,16.708,-55.911,561.02,284.72,835.46,513.09,778.25,106.17,-28.448,14.675,12.933,3.2478,762.39,619.62,611.96,628.66,4.667,-1.2505,3.2524,3.7285,5.4371,2.7104,4.6451,4.2612,3.948,1.3602,-0.36446,-0.87148,-0.99904,-1.4569,-0.72626,-1.2447,-1.1418,-1.0579,-0.36446,0.097656
0,0,-2.0223,10.529,12.703,3.6501,0,0,0,0,0,-1.9036,-0.73023,-19.96,4.5859,0,0,0,-2.4089,-0.35596,-13.526,88.878,362.53,-38.196,-67.443,-1.1877,0.31824,9.9501,-7.1785,142.22,153.14,551.51,299.96,441.61,15.51,-4.1558,10.814,-71.507,632.6,-10.251,521.56,901.05,821,126.67,-33.94,7.3027,-60.475,469.61,777.04,794.65,1040.3,899.72,41.16,-11.029,5.8002,5.9416,13.876,-46.775,312.53,134.37,87.964,3.4258,-0.91795,5.1375,3.438,3.6797,3.3474,2.6779,1.8281,8.8004,1.4281,-0.38266,-1.3766,-0.92122,-0.98596,-0.89694,-0.71753,-0.48983,-2.3581,-0.38266,0.10253
9.309,7.7912,6.0634,14.166,15.951,11.531,12.591,2.6925,-0.72146,9.5464,7.7721,12.928,-46.123,-58.034,-79.322,-11.782,2.9962,-0.80283,5.4885,14.939,-74.123,548.24,588.5,659.03,178.48,5.5,-1.4737,24.336,-7.6271,260.43,366.18,823.62,382.45,468.84,-3.8692,1.0367,11.96,-70.702,663.75,239.96,884.24,338.88,639.35,61.698,-16.532,20.66,-21.585,332.74,886.59,366.1,805.77,781.37,39.297,-10.53,8.2862,8.6638,23.965,20.938,-51.887,611.84,753.09,2.0138,-0.5396,1.5606,2.4967,2.7056,3.9707,3.3445,22.917,41.538,0.65288,-0.17494,-0.41815,-0.669,-0.72495,-1.0639,-0.89616,-6.1407,-11.13,-0.17494,0.046875
8.192,6.9959,22.563,17.137,11.075,14.725,10.802,2.3002,-0.61633,6.8192,10.891,-0.45744,14.626,-42.193,-52.347,-64.011,-5.5103,1.4765,13.018,-20.024,187.95,237.52,558.64,443.84,422.67,53.477,-14.329,9.5964,-35.982,444.15,-63.486,471.35,84.643,734.46,120.18,-32.203,27.136,-11.965,304.14,-146.58,653.87,127.54,738.81,118.77,-31.825,11.121,-6.3786,213.33,644.32,1053.7,120.11,721.51,130,-34.833,21.58,23.004,5.9471,105.41,462.14,664.65,949.03,72.186,-19.342,9.4986,8.8995,3.2494,3.0631,5.9562,1.0675,96.301,2.2695,-0.6081,-2.5452,-2.3846,-0.87066,-0.82076,-1.596,-0.28604,-25.804,-0.6081,0.16294
18.727,21.4,13.111,19.964,13.223,10.225,19.915,5.0611,-1.3561,19.319,20.892,19.44,-40.011,-7.4198,-2.6529,-1.7584,4.8938,-1.3113,12.078,18.346,-60.962,607.94,115.67,100.7,170.8,-7.9427,2.1283,17.305,-37.043,339.53,497.77,783.27,794.77,872.68,84.889,-22.746,9.0486,-69.625,562.12,231.07,1129.3,246.59,514.01,125.38,-33.596,11.218,-69.69,671.78,938.41,819.29,465.59,554.58,17.396,-4.6611,12.611,4.7918,80.102,61.76,-21.563,832.64,213.57,3.7374,-1.0014,1.6012,1.8012,9.3746,2.6754,-4.5777,40.426,4.425,1.5369,-0.41182,-0.42903,-0.48262,-2.5119,-0.71686,1.2266,-10.832,-1.1857,-0.41182,0.11035
0,0,-0.70781,7.7532,13.079,11.092,12.466,3.3709,-0.90324,0,0,-0.56539,-16.027,-25.527,-54.622,-52.491,5.8738,-1.5739,-0.78402,5.6362,-56.861,170.74,367.83,623.1,501.31,-1.7198,0.46082,9.3247,-48.106,438.78,15.186,814.09,288.83,718.17,106.42,-28.515,12.153,-74.226,723.15,132.93,943.61,160.56,737.18,119.68,-32.069,18.498,-70.933,721.15,1050.6,868.02,670.65,778.35,106.67,-28.583,13.656,-8.2416,182.95,351.93,17.706,742.15,624.97,2.7474,-0.73617,2.5376,3.9456,5.7849,4.0745,8.2344,4.5498,6.8941,0.60915,-0.16322,-0.67995,-1.0572,-1.55,-1.0917,-2.2064,-1.2191,-1.8473,-0.16322,0.043735
10.789,11.108,19.977,10.714,10.578,4.2018,0,0,0,11.342,13.496,15.753,-1.342,-7.7632,2.516,0,0,0,10.825,14.227,1.3516,133.4,185.25,-34.835,-48.519,-1.0403,0.27874,7.5536,-44.728,367.26,1072.9,471.16,382.93,380.21,14.764,-3.9559,15.458,-71.4,702.59,490.47,888.33,981.23,1079,109.95,-29.46,20.788,-61.363,745.3,519.86,987.78,948.57,539.43,4.5956,-1.2314,7.0088,-55.814,365.86,847.78,210.26,15.329,16.701,3.6861,-0.9877,3.0411,2.9195,5.3084,2.6441,3.948,3.5452,4.2117,0,0,-0.81485,-0.78228,-1.4224,-0.70849,-1.0579,-0.94994,-1.1285,0,0
4.7204,5.1413,11.588,16.472,23.485,13.09,13.859,4.0315,-1.0802,2.398,4.3052,20.466,-19.986,4.7766,-42.074,-5.2628,3.4326,-0.91976,8.0644,13.196,-72.909,365.33,128.89,389.41,178.13,4.8754,-1.3064,17.726,-14.387,251.18,760.14,942,805.56,800.7,18.701,-5.0109,15.881,-62.959,709.56,215.74,632.17,466.61,726.64,119.88,-32.121,24.276,-46.309,503.69,1026,882.88,730.27,768.94,128.09,-34.322,14.675,12.933,27.569,539.31,118.55,807.21,974.81,70.397,-18.863,3.2524,3.7285,4.9619,4.5084,-2.8578,60.96,74.288,2.1073,-0.56465,-0.87148,-0.99904,-1.3295,-1.208,0.76576,-16.334,-19.906,-0.56465,0.1513
28.532,27.158,10.283,13.513,16.121,1.9672,0,0,0,30.945,27.689,15.674,-59.02,-27.694,3.7786,0,0,0,15.458,21.22,-21.3,557.83,338.02,-19.539,-2.5426,-0.30566,0.081901,9.6968,-55.596,398.12,898.04,888.02,278.81,43.22,-7.9347,2.1261,15.319,-62.407,733.82,339.83,863.51,1002.3,959.35,80.889,-21.674,20.281,-62.079,717.39,1041.9,816.14,1001,1054.4,124.12,-33.259,13.947,-26.134,356.63,786.11,10.111,486.17,716.61,16.33,-4.3756,3.0497,4.3241,8.2899,27.001,3.2191,3.605,2.9903,0.48966,-0.1312,-0.81715,-1.1586,-2.2213,-7.2348,-0.86255,-0.96595,-0.80125,-0.1312,0.035156
9.4784,11.268,17.266,11.954,15.137,11.316,10.722,2.7026,-0.72417,8.0948,9.7425,7.4199,-68.629,2.0808,10.753,5.3004,2.3115,-0.61935,21.846,12.075,105.51,691.34,152.06,-23.614,69.85,18.668,-5.0021,4.9325,-75.744,675.31,194.33,593.8,152.88,828.28,106.97,-28.664,21.098,-69.939,688.61,520.67,191.2,912.68,425.24,33.605,-9.0044,12.611,-10.82,214.01,878.79,439.35,928.52,580.59,3.1569,-0.8459,9.8933,12.185,-45.995,536.96,649.81,458.17,383.94,4.056,-1.0868,2.9487,2.9553,4.2903,7.0692,2.2036,3.2182,8.1298,0.18847,-0.050501,-0.79009,-0.79188,-1.1496,-1.8942,-0.59046,-0.86232,-2.1784,-0.050501,0.013532
8.31,8.6695,15.598,16.621,10.621,3.5089,0,0,0,10.664,9.8783,16.719,-55.657,1.1329,3.9766,0,0,0,7.6453,18.086,-32.781,532.88,90.917,-67.081,-45.427,-0.7608,0.20385,13.65,-38.969,375.74,868.1,708.71,471.7,306.38,14.97,-4.0113,8.7667,-71.289,603.45,601.4,1087.5,637.22,953.17,119.82,-32.106,13.651,-53.182,392.11,1035.9,813.2,742.64,988.38,107.15,-28.711,11.731,8.2024,157.64,673.8,20.132,402.52,488.84,3.984,-1.0675,7.9429,9.8165,8.5665,26.684,6.3369,4.7633,5.4618,2.1315,-0.57113,-2.1283,-2.6303,-2.2954,-7.15,-1.698,-1.2763,-1.4635,-0.57113,0.15303
8.5527,11.819,14.542,6.9191,9.6677,8.7103,15.749,3.9488,-1.0581,11.12,14.646,2.3196,-37.955,18.036,-67.036,-27.171,5.2653,-1.4108,7.107,2.4963,102.81,377.56,-73.514,673.5,411.7,1.1236,-0.30107,2.9932,-77.289,643.43,682.3,859.66,470.27,704.95,105.08,-28.155,-1.8649,-85.376,797.46,380.37,1096.9,29.764,488.46,127.53,-34.171,9.6151,-59.022,517.93,917.62,459.86,732.06,869.23,39.738,-10.648,14.866,20.207,28.446,788.74,28.872,237.43,384.85,7.1775,-1.9232,5.2896,4.8745,4.7399,5.3313,6.0582,2.0508,5.1221,1.1308,-0.303,-1.4173,-1.3061,-1.2701,-1.4285,-1.6233,-0.54951,-1.3725,-0.303,0.08119
9.309,7.7912,6.645,5.4113,7.0009,14.265,8.0569,3.7244,-0.99796,9.5464,7.7721,12.887,-55.254,-19.216,19.54,10.277,3.1246,-0.83724,7.5755,11.65,-48.447,472.45,167.49,-47.805,-38.006,2.4094,-0.64559,8.8563,5.026,68.778,962.69,850.39,885.65,643.22,17.389,-4.6595,20.813,-56.136,422.98,1001.9,1033.3,440.69,811.7,122.04,-32.702,13.974,-65.104,604.85,1023.2,1121.6,178.89,909.49,128.96,-34.556,29.488,-18.339,324.86,734.49,229.19,953.37,839.49,70.89,-18.995,11.111,12.102,7.7371,26.64,-4.6331,94.44,40.655,1.979,-0.53026,-2.9771,-3.2427,-2.0732,-7.1383,1.2414,-25.305,-10.893,-0.53026,0.14208
11.778,11.795,12.444,11.882,12.369,17.16,14.005,3.1977,-0.85683,12.453,18.678,-19.433,-60.608,16.598,23.671,14.23,2.5496,-0.68316,22.919,-12.413,210.06,654.77,-3.6089,-7.3546,25.389,6.4572,-1.7302,7.9007,-70.947,546.79,579.54,219.54,849.96,782.38,19.633,-5.2608,12.196,-75.307,704.65,52.851,791.17,499.91,509.38,120.97,-32.415,8.1133,-70.697,455.08,896.81,1056.6,238.61,721.1,107.6,-28.831,13.446,3.5058,140.9,1078.2,286.49,697.9,638.05,3.7679,-1.0096,5.063,6.8561,1.8229,93.988,-6.3662,64.89,41.205,1.5341,-0.41105,-1.3566,-1.8371,-0.48845,-25.184,1.7058,-17.387,-11.041,-0.41105,0.11014
8.5527,11.819,14.17,7.3679,13.917,19.763,17.052,4.4764,-1.1995,11.12,14.646,8.2206,-79.757,-20.101,-7.6724,20.94,4.399,-1.1787,5.9394,0.28384,83.438,715.22,355.31,183.41,-24.109,-4.7476,1.2721,13.586,-61.026,419.07,1013.9,966.7,967.28,791.65,53.202,-14.255,14.929,-62.775,635.4,1017.6,1016.5,85.606,929.19,116.9,-31.324,16.195,-51.095,494.32,923.48,877.49,77.786,950.01,127.26,-34.099,17.029,16.35,35.061,125.4,302.27,974.1,971.68,72.649,-19.466,3.6917,2.8767,5.911,8.9233,2.5346,114.18,71.019,1.0366,-0.27775,-0.98918,-0.77082,-1.5839,-2.391,-0.67913,-30.595,-19.03,-0.27775,0.074424
12.373,15.805,13.247,12.224,12.304,6.243,0,0,0,9.3309,12.259,5.7634,-72.926,-28.958,5.7616,0,0,0,13.679,3.1668,124.16,691.56,307.46,-74.731,-69.711,0.65563,-0.17568,13.514,-69.711,665.91,254.44,884.23,696.43,529.41,-2.6078,0.69876,11.224,-68.957,638.19,773.88,1070.4,131.89,765.08,105.75,-28.335,11.089,-55.258,511.89,920.93,431.07,342.64,838.67,128,-34.298,13.46,14.762,82.245,315.99,-33.151,593.13,850.21,69.326,-18.576,3.3553,4.1123,3.0166,6.282,3.4219,25.318,70.539,1.7691,-0.47404,-0.89905,-1.1019,-0.80829,-1.6833,-0.91688,-6.7838,-18.901,-0.47404,0.12702
19.614,17.372,10.699,19.785,10.52,14.852,28.401,1.4041,-0.37623,17.813,15.929,14.295,-51.016,6.5634,19.857,-34.348,-8.2346,2.2065,14.124,20.039,-26.062,435.36,51.72,-62.817,512.47,81.493,-21.836,11.567,9.6512,116.95,701.71,418.37,235.7,1064,124.8,-33.441,21.915,-13.355,313.47,396.59,475.93,1065.6,809.72,16.095,-4.3126,7.3743,-75.003,680.31,911.28,909,370.61,95.21,1.5991,-0.42849,11.533,-26.256,301.31,765.73,178.07,5.6701,0,0,0,8.0048,9.0299,8.1011,5.7139,4.9856,1.741,0,0,0,-2.1449,-2.4196,-2.1707,-1.531,-1.3359,-0.46651,0,0,0
9.4784,11.268,15.469,20.01,12.25,12.691,22.011,1.7283,-0.46309,8.0948,9.7425,5.4125,-52.775,12.001,9.3782,18.574,2.757,-0.73873,21.067,9.9858,100.96,629.41,-42.744,-26.493,40.398,-5.0626,1.3565,14.009,-61.188,540.56,1101.5,619.87,722.01,918.58,88.29,-23.657,11.485,-66.319,756.95,467.2,927.64,905.3,908.23,42.981,-11.517,15.271,-72.636,770.2,830.56,1027,1116.5,668.47,2.0837,-0.55831,13.538,-2.8467,149.46,871.32,279.98,270.82,83.878,6.8099,-1.8247,7.5507,8.8241,6.1407,2.3341,2.6977,6.6629,4.439,1.501,-0.40219,-2.0232,-2.3644,-1.6454,-0.62541,-0.72284,-1.7853,-1.1894,-0.40219,0.10777
0,0,-0.23288,7.1263,9.9868,17.15,13.338,2.4511,-0.65677,0,0,-0.51127,7.0911,16.111,-14.245,-67.845,-6.4262,1.7219,-0.48858,5.8617,-38.761,-60.678,-65.088,260.71,762.19,84.324,-22.595,5.0492,-47.708,327.54,593.54,295.96,683.7,693.16,125.92,-33.741,16.697,-72.975,737.82,378.94,794.51,13.528,573.94,14.029,-3.7591,22.763,-48.748,492.63,1058.1,681.4,53.356,387.6,6.331,-1.6964,14.675,12.933,67.085,164.57,147.89,498.15,59.965,3.3001,-0.88425,3.2524,3.7285,4.8521,7.8245,8.157,26.114,6.0613,1.469,-0.39361,-0.87148,-0.99904,-1.3001,-2.0966,-2.1857,-6.9972,-1.6241,-0.39361,0.10547
9.309,7.7912,6.6551,18.014,20.007,3.1387,0,0,0,9.5464,7.7721,12.809,-45.79,-22.732,4.1047,0,0,0,7.8245,11.696,-56.582,575.93,395.51,-72.052,-68.552,-1.5023,0.40255,14.37,7.7348,150.59,671.58,866,463.7,404.84,17.071,-4.5742,22.872,-54.7,696.2,317.21,915.54,938.88,1057.6,128.12,-34.33,15.071,-64.316,703.94,1002.7,1101.4,907.22,1013.1,67.682,-18.135,12.858,2.6428,105.95,236.39,307.09,1008.7,415.34,4.4366,-1.1888,5.0325,5.8476,3.0535,3.3714,-4.4914,70.264,8.7238,1.469,-0.39361,-1.3485,-1.5669,-0.81818,-0.90337,1.2035,-18.827,-2.3375,-0.39361,0.10547
0,0,-0.85451,10.405,9.8233,11.69,25.743,0.82706,-0.22161,0,0,-1.7924,14.608,19.295,-41.167,-53.571,0.96488,-0.25854,-1.2863,-2.2569,-3.6621,-3.5614,-83.79,441.42,676.33,25.562,-6.8494,8.0891,13.42,-28.019,315.81,322.98,512.5,203.42,69.854,-18.717,19.375,-55.358,631.28,107.74,635.89,20.223,5.5049,-3.0163,0.80822,21.616,-64.798,486.01,432.75,714.38,59.098,36.901,41.318,-11.071,7.8735,2.3329,136.43,719.35,30.998,446.82,166.39,5.0549,-1.3545,1.1842,2.0346,9.0414,28.57,-1.8789,63.796,40.815,0.97933,-0.26241,-0.3173,-0.54516,-2.4226,-7.6553,0.50344,-17.094,-10.936,-0.26241,0.070312
9.4784,11.268,16.882,10.535,14.595,0.88328,0,0,0,8.0948,9.7425,7.4847,-78.469,-24.227,0.9598,0,0,0,21.027,10.382,113.33,729.1,289,-76,-80.511,-8.91,2.3874,10.931,-62.677,539.7,385.19,754.87,697.95,579.23,49.543,-13.275,17.794,-68.538,747.53,104.07,801.92,967.46,1090.1,124.02,-33.23,8.8766,-82.484,793.74,355.89,628.32,69.672,121.76,14.527,-3.8924,21.605,-2.7813,216.99,727.19,145.05,5.6555,0,0,0,5.2682,4.1711,4.5968,3.9732,4.0574,1.5739,0,0,0,-1.4116,-1.1176,-1.2317,-1.0646,-1.0872,-0.42172,0,0,0
10.236,7.8655,20.35,11.178,14.407,18.914,14.206,6.6338,-1.7775,14.453,11.966,4.8657,-9.0623,20.02,-33.658,-55.142,5.5533,-1.488,12.999,6.7095,119.65,107.8,-90.411,489.62,576.14,16.994,-4.5536,22.559,-58.067,580.36,803.1,516.46,720.2,825.63,119.38,-31.988,8.003,-72.936,660.31,547.01,1048.7,68.75,714.6,118.22,-31.678,19.198,-30.708,350.13,321.1,1117.3,363.42,856.98,123.65,-33.131,4.0063,4.2088,-42.335,434.37,421.3,734.17,569.38,20.937,-5.61,0.79657,1.4518,2.1967,19.764,10.916,58.828,23.468,1.602,-0.42926,-0.21344,-0.38902,-0.5886,-5.2957,-2.9248,-15.763,-6.2883,-0.42926,0.11502
18.82,20.128,5.8683,18.624,16.852,9.381,14.866,4.2474,-1.1381,17.71,26.509,-26.504,-33.631,16.513,15.48,-42.935,3.481,-0.93273,12.498,-18.362,284.48,430.52,11.615,-14.503,438.17,14.999,-4.019,11.938,-66.974,483.69,301.72,174.37,563.6,464.58,119.56,-32.037,12.175,-8.125,196.66,-57.055,552.35,670.96,319.26,130.12,-34.867,20.429,-36.73,512.6,14.566,845.68,339.96,685.22,40.919,-10.964,13.354,-14.737,228.11,807.09,277.78,17.419,14.857,1.4086,-0.37743,3.0142,3.9257,2.008,6.148,4.3464,5.9322,1.5216,0.56541,-0.1515,-0.80766,-1.0519,-0.53803,-1.6474,-1.1646,-1.5895,-0.40771,-0.1515,0.040595
8.5527,11.819,13.925,11.341,11.703,13.165,13.981,-0.12939,0.03467,11.12,14.646,2.5282,-48.901,-4.7552,9.9902,14.985,0.31891,-0.085452,6.847,1.5048,112.68,541.29,121.1,143.15,67.003,-5.4655,1.4645,7.803,-69.379,525.16,287.59,512.54,525.83,318.31,56.635,-15.175,7.8004,-68.51,387.66,48.771,880.01,167.3,159.53,129.47,-34.691,12.616,-22.339,223.08,574.48,110,183.78,549.82,41.011,-10.989,18.05,-58.865,690.6,320.79,17.927,16.05,16.552,5.0463,-1.3522,11.116,3.133,57.93,19.56,5.4007,3.7002,2.258,1.2037,-0.32254,-2.9786,-0.83947,-15.522,-5.2412,-1.4471,-0.99148,-0.60504,-0.32254,0.086423
18.727,21.4,12.598,16.947,14.156,7.3612,0,0,0,19.319,20.892,20.349,-44.717,-29.434,6.1013,0,0,0,11.294,16.395,-55.448,460.73,311.31,-80.559,-45.771,0.75531,-0.20238,11.884,-18.312,222.38,1003.2,980.53,736.43,354.18,-3.3674,0.90228,4.5444,-75.809,602.46,1009.8,1078.4,938.59,1026.4,105.28,-28.209,14.156,-5.9023,208.8,1054.4,816.68,756.69,1001.5,125.82,-33.713,16.04,20.171,-42.462,646.5,29.5,755.01,973.67,69.605,-18.651,5.0975,7.1794,5.3371,3.7976,4.5625,21.747,71.527,0.75779,-0.20305,-1.3659,-1.9237,-1.4301,-1.0176,-1.2225,-5.8272,-19.166,-0.20305,0.054407
8.31,8.6695,14.895,20.732,13.564,5.6284,27.974,3.8735,-1.0379,10.664,9.8783,15.867,-54.618,7.2474,-2.0693,-55.639,-6.2243,1.6678,7.6654,11.149,13.827,491.96,45.056,42.932,640.71,82.887,-22.21,17.247,16.853,108.16,1044.2,627.61,634.36,1055.5,127.6,-34.191,11.828,-54.877,445.9,1007.7,994.9,1019.4,985.28,70.286,-18.833,8.5622,-72.496,615.5,1007,1073.5,973.44,319.72,7.4162,-1.9872,27.142,-14.29,231.96,1008.9,495.98,29.569,21.522,4.3497,-1.1655,6.6381,7.3377,0.14587,92.616,3.3753,4.6334,3.8434,1.8858,-0.50529,-1.7787,-1.9661,-0.039086,-24.817,-0.90442,-1.2415,-1.0298,-0.50529,0.13539
10.465,8.7834,13.138,8.8083,9.5555,5.2563,12.465,4.175,-1.1187,7.7088,6.9896,16.597,15.562,16.555,-27.375,-30.434,5.7432,-1.5389,8.6217,12.315,-16.627,-40.83,-63.16,198.28,334.26,0.15397,-0.041255,12.046,-54.095,517.76,769.4,296.29,959.55,1036.6,114.55,-30.695,10.924,-67.923,715.51,1004.8,1005.1,663.56,1016.3,70.265,-18.827,18.238,-51.679,499.67,1039.3,922.22,789.33,504.24,3.1379,-0.8408,14.675,12.933,65.806,187.18,399.17,780.69,60.396,5.694,-1.5257,3.2524,3.7285,5.3165,5.5765,8.9825,29.563,10.691,2.6659,-0.71434,-0.87148,-0.99904,-1.4245,-1.4942,-2.4069,-7.9214,-2.8647,-0.71434,0.19141
6.9313,11.384,18.51,14.01,7.3699,6.7907,30.234,14.137,-3.7881,9.8292,20.071,-33.524,-63.842,-73.014,-65.699,-35.668,12.729,-3.4107,15.947,-34.986,406.3,686.28,726.56,566.41,417.43,17.632,-4.7245,8.3556,-72.936,749.54,508.01,890.15,651.52,960.88,120.41,-32.264,-0.83228,-83.328,796.26,213.24,716.9,118.86,982.05,119.57,-32.038,3.5239,-78.406,610.23,550.16,945.82,870.77,1088.7,105.96,-28.393,17.44,-30.657,305.99,606.1,689.03,583.65,290.32,4.4155,-1.1831,3.2459,3.3529,3.2768,5.5125,4.4543,3.4258,7.8247,0.44593,-0.11949,-0.86975,-0.89842,-0.87802,-1.4771,-1.1935,-0.91795,-2.0966,-0.11949,0.032016
18.415,12.826,10.894,14.415,10.49,17.884,14.206,6.6338,-1.7775,14.807,11.724,10.397,20.625,15.962,-36.23,-55.142,5.5533,-1.488,10.958,13.246,-3.2575,17.147,-84.708,486.06,597.03,17.156,-4.597,14.968,12.323,84.49,558.71,490.94,726.12,653.39,118.56,-31.769,14.967,-61.12,663.08,406.21,952.51,-30.913,466.7,118.95,-31.872,14.065,-49.955,427.89,902.75,873.55,130.19,580.73,108.29,-29.016,13.46,14.762,58.106,435.23,13.006,654.52,616.69,2.2955,-0.61507,3.3553,4.1123,3.3503,4.5244,3.4385,29.226,41.397,2.6115,-0.69976,-0.89905,-1.1019,-0.89771,-1.2123,-0.92135,-7.8312,-11.092,-0.69976,0.1875
9.4784,11.268,16.96,13.422,17.717,2.2695,0,0,0,8.0948,9.7425,6.6265,-71.301,-23.222,1.9753,0,0,0,20.606,9.7085,112.35,773.69,328.08,-75.727,-67.773,0.822,-0.22025,13.088,-59.614,486.71,743.32,850.59,703.47,461.71,-2.1781,0.58362,16.938,-55.613,554.54,269.85,772.13,1040,1065.7,111.81,-29.959,14.3,-71.886,770.45,534.94,967.03,351.2,723.46,17.365,-4.653,18.969,0.97448,155.12,1045.9,372.95,10.939,17.288,3.6984,-0.99097,4.6979,4.6885,-4.1384,110.9,19.131,1.7338,8.2404,1.4651,-0.39257,-1.2588,-1.2563,1.1089,-29.716,-5.1261,-0.46458,-2.208,-0.39257,0.10519
19.494,18.844,14.582,13.912,16.626,21.329,19.488,0.23116,-0.061939,22.621,26.83,-25.623,-33.414,21.967,-51.827,-52.609,0.37345,-0.10007,16.454,-33.331,344.59,371.28,-59.931,663.24,643.41,16.71,-4.4773,13.703,-63.017,670.56,1036.5,672.15,784.81,959.18,120.59,-32.313,12.93,-70.233,656.25,659.8,1066,56.172,814.74,123.88,-33.194,15.376,-8.0134,183.24,710.4,1099.1,641,969.46,69.212,-18.545,13.365,13.431,-46.077,551.17,408.65,757.55,672.29,3.9803,-1.0665,6.1761,6.9,2.4208,22.928,7.6624,62.256,40.887,1.5515,-0.41573,-1.6549,-1.8488,-0.64865,-6.1434,-2.0531,-16.681,-10.956,-0.41573,0.11139
8.5527,11.819,12.643,14.157,20.121,11.526,4.8014,3.1059,-0.83222,11.12,14.646,6.3515,-55.91,17.908,11.466,-29.386,4.6234,-1.2388,6.2367,0.86337,100.05,528.72,22.147,-3.4952,264.96,-2.2232,0.59571,13.903,-64.905,482.35,510.16,320.26,601.07,853.25,106.51,-28.539,16.681,-57.053,422.72,-10.822,586.18,907.23,362.97,122.14,-32.727,10.142,-65.079,518.18,15.16,743.83,580.09,952.24,108.06,-28.955,14.488,-8.7185,201.85,998.06,386.84,5.3101,89.073,3.8296,-1.0261,4.1487,4.9792,-4.0446,70.266,4.9495,3.228,6.8927,1.193,-0.31968,-1.1116,-1.3342,1.0838,-18.828,-1.3262,-0.86494,-1.8469,-0.31968,0.085657
28.532,27.158,10.392,15.681,23.17,9.6697,13.291,3.8847,-1.0409,30.945,27.689,15.468,-54.697,7.7294,15.488,16.61,3.9151,-1.0491,14.449,19.579,2.1944,472.45,65.956,-11.805,-10.806,5.2176,-1.398,10.652,-55.4,506.98,392.98,464.85,653.86,608.73,15.745,-4.219,12.536,-26.392,323.31,106.98,896.31,136.07,152.71,119.85,-32.113,16.397,-51.737,302.73,557.35,318.78,509.47,709.94,105.56,-28.283,14.025,-68.424,758.25,554.86,17.808,12.104,12.566,3.7551,-1.0062,1.8384,-6.5239,90.784,16.219,3.3485,3.8962,2.8576,0.68881,-0.18457,-0.4926,1.7481,-24.325,-4.3458,-0.89722,-1.044,-0.76568,-0.18457,0.049454
13.079,15.225,10.693,10.58,15.263,10.989,16.725,3.6299,-0.97264,11.162,13.591,6.4399,-62.221,19.048,11.39,-3.8514,4.1716,-1.1178,15,19.857,36.632,657.91,31.369,-14.227,274.97,17.199,-4.6085,4.4046,-62.783,381.66,486.01,112.89,620.07,649.14,118.4,-31.725,11.21,-59.935,519.67,-18.668,914.54,103.71,401.15,124.36,-33.323,10.301,-64.133,579.7,297.9,722.29,301.66,361.19,14.799,-3.9655,21.66,-47.727,599.71,675.83,41.948,188.83,56.299,4.9846,-1.3356,4.9448,4.1229,29.127,40.784,6.2651,4.283,6.0035,1.1202,-0.30015,-1.325,-1.1047,-7.8046,-10.928,-1.6787,-1.1476,-1.6086,-0.30015,0.080424
0,0,0,0,-1.3918,8.2974,16.249,2.1247,-0.5693,0,0,0,0,-2.7338,16.241,-61.041,-7.7135,2.0668,-0.74889,-1.4552,4.8345,-45.531,-1.4769,-61.093,653.6,89.987,-24.112,8.6014,18.699,-51.103,305.41,-62.333,651.19,226.01,11.227,-3.0082,23.871,-16.021,259.27,288.43,750.59,307.41,159.78,112.14,-30.048,12.696,-62.842,593.72,144.92,1054.4,82.774,179.06,17.211,-4.6116,21.66,-47.727,556.12,914.13,251.54,364.93,46.985,3.6684,-0.98295,4.9448,4.1229,28.5,68.605,2.644,2.4303,2.4455,1.2251,-0.32826,-1.325,-1.1047,-7.6366,-18.383,-0.70847,-0.6512,-0.65526,-0.32826,0.087956
18.415,12.826,9.4392,19.387,13.744,13.431,11.461,4.2825,-1.1475,14.807,11.724,15.283,-20.923,-2.941,-63.712,-5.0474,3.9633,-1.062,12.367,15.664,-23.111,244,182.03,525.1,141.69,-4.3887,1.176,10.943,-1.286,122.28,115,696.38,362.28,486.1,84.857,-22.737,16.511,-55.839,511.75,-98.793,526.64,388.96,224.04,119.56,-32.036,28.49,-55.107,575.79,253.7,107.09,590.44,629.69,107.07,-28.689,20.669,-7.2772,153.67,697.19,22.828,99.945,418.81,5.6753,-1.5207,2.1271,2.1336,5.5019,3.6191,5.2361,2.7476,6.8212,3.204,-0.85851,-0.56996,-0.57169,-1.4742,-0.96972,-1.403,-0.73622,-1.8277,-0.85851,0.23004
9.4784,11.268,15.368,23.719,12.565,17.742,17.388,4.5675,-1.2239,8.0948,9.7425,6.5132,-68.929,-9.6512,-56.343,-19.995,5.6653,-1.518,21.065,11.653,97.161,782.23,196.94,533.38,291.57,-2.7631,0.74038,9.2244,-71.782,597.23,257.43,928.4,556.83,769.81,54.735,-14.666,14.034,-73.554,723.18,283,1048.2,31.648,731.19,120.5,-32.287,15.407,4.576,82.122,868.66,470.9,291.47,762.15,106.96,-28.66,4.4485,5.8054,5.5388,55.689,-38.997,551.53,659.73,5.5297,-1.4817,1.5284,1.7067,3.6348,5.9418,6.6992,24.419,39.218,0.71796,-0.19238,-0.40952,-0.45731,-0.97394,-1.5921,-1.7951,-6.5431,-10.509,-0.19238,0.051547
18.415,12.826,10.856,10.044,10.14,18.337,22.33,3.7595,-1.0074,14.807,11.724,10.324,19.29,19.398,-43.426,-48.769,5.1014,-1.3669,9.9206,13.164,1.5968,-35.023,-76.333,554.24,564.74,0.04906,-0.013146,17.447,7.3109,86.289,888.6,419.42,329.88,642.18,107.27,-28.742,16.715,-61.04,660.16,245.3,954.09,-4.6204,448.7,122.11,-32.719,12.82,-71.25,785.2,193.06,693.17,659.83,751.69,16.223,-4.347,16.272,-5.7115,230.11,886.75,531.96,129.2,89.495,3.9496,-1.0583,4.2857,7.35,0.54317,118.58,42.571,6.9388,5.4678,1.0366,-0.27775,-1.1483,-1.9694,-0.14554,-31.774,-11.407,-1.8592,-1.4651,-0.27775,0.074424
27.167,25.192,10.417,23.75,12.258,11.201,20.438,4.5081,-1.2079,25.37,24.206,19.187,-48.416,-22.106,-19.384,-43.997,4.2823,-1.1475,11.178,24.478,-53.836,413.58,249.27,249.52,541.02,2.671,-0.71569,19.515,-38.229,448.06,959.41,939.33,971.84,1011.7,106.08,-28.425,8.829,-67.492,667.65,333.41,946.56,293.67,945.51,123.53,-33.1,15.683,-62.82,529.32,508.17,1061.9,861.28,780.39,17.813,-4.7731,10.463,2.9629,96.764,888.68,469.41,592.4,189.61,3.8519,-1.0321,5.0984,4.5772,3.1725,33.445,5.6869,7.2109,7.9445,1.1308,-0.303,-1.3661,-1.2264,-0.85007,-8.9615,-1.5238,-1.9322,-2.1287,-0.303,0.08119
8.5527,11.819,12.735,22.105,14.46,2.5519,0,0,0,11.12,14.646,5.884,-62.15,-6.9626,2.9754,0,0,0,6.0495,1.7616,60.181,783.77,149.29,12.199,-57.134,-8.0474,2.1563,11.744,-67.225,547.01,467.87,665.91,-40.549,411.95,39.057,-10.465,16.051,-61.281,704.04,130.41,342.35,758.15,168.97,7.0168,-1.8801,18.578,-56.786,580.15,320.88,-28.808,788.04,123.36,8.2783,-2.2182,18.906,11.92,99.384,414.87,8.7169,94.093,435.81,55.939,-14.989,3.3347,2.4865,6.2633,4.7901,5.4204,3.3097,4.3164,1.0259,-0.27489,-0.89354,-0.66627,-1.6782,-1.2835,-1.4524,-0.88683,-1.1566,-0.27489,0.073658
0,0,-0.82139,11.454,11.412,4.2804,0,0,0,0,0,-0.38023,4.8664,-56.236,3.9697,0,0,0,-2.0192,-1.884,-17.065,66.999,479.23,-40.009,-49.474,-10.163,2.7232,10.151,17.183,-75.546,615.4,190.33,702.98,501.08,73.689,-19.745,11.806,-18.536,281.98,330.53,242.58,891.15,294.45,324,-86.816,13.679,-68.859,520.8,58.654,408.39,504.22,332.89,308.58,-82.684,15.042,-6.5512,182.79,215.59,194.47,11.875,730.66,71.603,-19.186,2.138,2.8203,2.3291,8.2458,27.857,3.2698,5.7198,1.6564,-0.44384,-0.57287,-0.7557,-0.62409,-2.2095,-7.4644,-0.87614,-1.5326,-0.44384,0.11893
18.415,12.826,10.829,14.213,14.86,7.3179,17.728,4.7928,-1.2842,14.807,11.724,11.292,12.898,22.27,-22.997,-46.891,4.8994,-1.3128,10.661,13.594,-17.266,139.89,-30.097,258.68,520.31,-0.31338,0.08397,18.272,10.053,138.92,597.47,816.75,500.36,544.87,105.66,-28.311,9.945,-75.452,669.9,119.3,542.52,379.98,371.61,128.92,-34.544,13.736,-66.496,625.01,245.17,495.59,665.41,591.67,39.814,-10.668,23.29,-19.531,335.5,727.7,532.38,15.794,23.406,4.7142,-1.2632,1.7887,3.4776,0.89417,115.33,39.15,2.2351,2.5912,0.69271,-0.18561,-0.47927,-0.93182,-0.23959,-30.903,-10.49,-0.59889,-0.69432,-0.18561,0.049735
28.532,27.158,9.6696,12.804,10.183,12.807,10.288,2.8013,-0.75062,30.945,27.689,15.727,-58.56,3.3241,14.251,17.77,3.3353,-0.8937,14.642,20.793,-46.513,624.51,69.109,-33.011,23.451,7.4697,-2.0015,17.003,-49.403,594.82,450.91,591.02,370.61,549.33,31.346,-8.399,19.029,-63.341,693.08,204.28,592.27,703.2,32.308,2.0368,-0.54575,12.874,5.5267,118.82,750.1,530.66,557.8,2.2083,5.0984,-1.3661,13.365,13.431,13.839,68.705,3.202,168.56,352.56,5.0841,-1.3623,6.1761,6.9,4.729,3.8444,3.7963,1.8331,4.2081,1.8847,-0.50501,-1.6549,-1.8488,-1.2671,-1.0301,-1.0172,-0.49118,-1.1276,-0.50501,0.13532
0,0,-1.362,10.728,14.63,14.509,23.815,1.9152,-0.51318,0,0,-1.7927,11.75,24.73,-14.035,-65.845,-24.347,6.5236,-0.37049,-1.4536,1.3619,7.4607,-57.848,158.03,788.91,225.52,-60.429,7.1942,11.906,-35.813,101.05,629.8,839,246.14,213.12,-57.106,9.492,-59.212,514.31,656.9,853.88,846.68,718.71,325.53,-87.226,12.515,-78.357,767.97,-14.99,661.2,561.48,580.83,64.307,-17.231,21.946,-24.633,334.45,861.43,627.78,13.728,13.707,3.7015,-0.99181,6.1354,5.9605,1.6939,111.58,16.781,4.7501,3.3316,2.5444,-0.68176,-1.644,-1.5971,-0.45389,-29.896,-4.4966,-1.2728,-0.8927,-0.68176,0.18268
0,0,-0.75306,6.9773,22.992,14.409,12.776,4.6865,-1.2557,0,0,-1.2501,11.069,31.995,-55.614,-55.515,4.2698,-1.1441,-1.2967,-1.8788,-11.118,22.668,10.492,458.78,533.89,14.945,-4.0046,9.4958,6.8852,81.81,308.39,761.73,217.48,534.62,118.55,-31.766,19.842,-63.081,496.69,102.53,782.33,179.72,283.45,119.92,-32.131,13.087,-26.111,283.93,495.25,153.1,530.93,656.37,122.32,-32.775,18.398,16.414,-40.852,312.35,15.186,87.299,313.08,15.549,-4.1663,2.7419,2.9678,4.044,6.9094,3.7788,3.1493,4.2057,0.38085,-0.10205,-0.73469,-0.79523,-1.0836,-1.8514,-1.0125,-0.84386,-1.1269,-0.10205,0.027344
0,0,-0.27063,9.0272,12.335,15.359,14.27,4.2403,-1.1362,0,0,-0.98015,13.819,23.691,-38.581,-70.485,-3.2637,0.87452,-0.42724,-0.84707,-4.6879,-21.303,-32.175,474.44,742.56,85.336,-22.866,4.5329,13.204,-30.502,658.97,672.6,492.63,525.3,118.23,-31.679,6.8961,-41.238,411.96,247.86,826.11,391.73,631.84,123.52,-33.097,11.605,-60.978,580.83,870.43,460.62,613.95,727.15,20.359,-5.4552,16.52,-66.409,624.26,731.96,97.122,75.225,89.494,2.9203,-0.78248,3.415,-6.3208,56.902,17.491,3.623,4.6384,7.0331,0.75389,-0.202,-0.91503,1.6937,-15.247,-4.6867,-0.97077,-1.2429,-1.8845,-0.202,0.054127
27.167,25.192,9.1668,18.228,17.247,10.485,12.411,2.4707,-0.66202,25.37,24.206,18.887,-50.142,6.6071,-67.414,-10.914,1.9727,-0.52858,13.207,24.408,-38.402,450.21,157.58,620.78,181.78,9.3316,-2.5004,10.819,-22.401,293.9,343.51,776.88,291.67,428.32,17.002,-4.5556,16.551,-59.638,536.53,174.41,815.37,322.25,191.39,119.8,-32.1,12.495,-49.66,325.34,687.35,487.82,391.25,334.22,129.09,-34.589,18.327,22.856,26.242,630.11,30.501,-4.2915,375.57,39.637,-10.621,7.3672,6.2307,4.9901,2.2859,2.4868,7.1432,3.4821,0.37694,-0.101,-1.974,-1.6695,-1.3371,-0.61252,-0.66634,-1.914,-0.93301,-0.101,0.027063
6.6344,9.8661,11.446,12.404,10.667,19.04,19.815,1.8378,-0.49245,3.6848,12.358,-14.837,-73.413,7.1998,-51.713,-26.953,3.08,-0.82527,25.969,-24.144,295.08,784.51,90.331,660.72,464.47,0.26766,-0.071719,9.1369,-67.567,640.69,167.3,806.83,495.86,647.55,106.29,-28.479,20.19,-52.572,593.27,-37.878,880.82,303.58,449.13,120.54,-32.298,11.031,-68.923,587.39,374.83,353.97,466.31,770.29,128.61,-34.461,17.442,-26.47,322.98,938.3,101.42,72.627,627.82,41.798,-11.2,4.1639,5.0029,9.6697,56.21,6.0803,4.6654,5.8091,1.1425,-0.30614,-1.1157,-1.3405,-2.591,-15.061,-1.6292,-1.2501,-1.5565,-0.30614,0.082031
13.079,15.225,11.309,9.5954,13.323,4.2619,0,0,0,11.162,13.591,1.9595,-49.523,-29.755,4.8023,0,0,0,14.173,19.913,49.484,539.98,318.18,-73.225,-48.032,-0.20124,0.053921,8.3042,-66.776,571.13,65.869,721.21,654.98,349.36,-7.4445,1.9947,21.723,-65.995,666.94,537.74,659.36,356.66,681.46,80.495,-21.569,20.981,-47.93,531.94,1024.8,556.78,570.66,436.58,121.02,-32.428,20.09,13.659,100.58,231.21,-15.941,333.43,891.62,108.85,-29.167,3.5766,4.0698,4.9979,4.5364,5.043,1.8361,96.266,1.0007,-0.26813,-0.95834,-1.0905,-1.3392,-1.2155,-1.3513,-0.49199,-25.794,-0.26813,0.071845
10.789,11.108,20.116,10.928,11.006,19.88,6.2279,0.89186,-0.23897,11.342,13.496,22.206,-49.264,-34.799,15.432,1.585,2.1747,-0.5827,11.693,15.658,-74.193,582.19,462.32,20.707,99.946,-4.7912,1.2838,1.0586,-57.401,543.05,746.23,617.97,847.49,952.52,53.229,-14.263,-0.67893,-82.606,762.59,556.52,680.28,968.79,617.04,129.47,-34.691,9.2153,-73.147,699.05,1035.1,984.63,911.81,1001.3,69.612,-18.652,12.858,2.6428,38.875,765.81,255.64,57.115,300.3,5.7945,-1.5526,5.0325,5.8476,2.5337,4.8495,1.3599,4.6907,2.7969,0.56541,-0.1515,-1.3485,-1.5669,-0.6789,-1.2994,-0.36438,-1.2569,-0.74942,-0.1515,0.040595
18.415,12.826,10.8,16.259,15.262,11.64,35.069,4.8103,-1.2889,14.807,11.724,10.518,18.641,19.527,-57.422,-46.769,-5.3622,1.4368,12.33,14.868,-5.4954,53.622,37.195,447.62,653.52,82.698,-22.159,10.213,2.048,150.35,425.65,922.5,273.32,468.23,128.8,-34.513,16.886,-67.623,696.4,358.63,1081.7,126.34,581.4,40.289,-10.795,17.468,-25.085,232.39,871.08,272.77,594.08,250.8,3.3417,-0.89541,20.495,23.792,9.4996,358.35,14.053,23.018,23.141,4.7776,-1.2802,4.9277,5.693,10.158,26.225,8.4618,3.7357,5.9869,1.5078,-0.40401,-1.3204,-1.5254,-2.7219,-7.0268,-2.2673,-1.001,-1.6042,-0.40401,0.10825
9.4784,11.268,17.267,9.7839,19.62,23.28,14.206,6.6338,-1.7775,8.0948,9.7425,7.0471,-76.826,-19.334,-43.791,-55.142,5.5533,-1.488,19.994,10.31,97.787,822.8,324.78,527.9,573.85,16.37,-4.3862,18.087,-62.538,553.28,352.99,674.6,865.51,910.98,120.94,-32.406,17.01,-54.517,593.64,-23.772,815.07,608.6,742.81,123.82,-33.177,11.797,-68.58,590,338.59,334.12,426.79,1082.7,107.36,-28.768,17.442,-26.47,326.92,829.1,59.384,55.51,414.58,3.3917,-0.90881,4.1639,5.0029,10.516,26.661,6.1459,2.0524,3.4167,0.70339,-0.18847,-1.1157,-1.3405,-2.8178,-7.1437,-1.6468,-0.54994,-0.9155,-0.18847,0.050501
4.7204,5.1413,11.765,14.201,20.325,8.1882,25.768,5.3047,-1.4214,2.398,4.3052,14.196,24.584,25.177,-47.62,-46.94,6.0768,-1.6283,9.04,14.534,-18.767,26.897,-70.546,503.43,562.91,0.74428,-0.19943,13.533,-36.762,323.06,777.08,617.09,412.17,642.76,104.84,-28.092,11.39,-63.955,533.62,115.02,922.69,26.452,511.89,119.54,-32.032,10.015,-68.08,583.14,-35.233,955.83,-27.275,719.75,106.95,-28.658,8.9086,-33.572,279.83,796.49,253.1,754.48,688.92,6.4554,-1.7297,3.167,5.219,2.7372,91.552,-3.2753,61.571,41.402,1.741,-0.46651,-0.84861,-1.3984,-0.73343,-24.531,0.87762,-16.498,-11.094,-0.46651,0.125
0,0,-1.6922,10.523,12.45,8.9979,0,0,0,0,0,-2.2796,-3.1934,16.699,8.4099,0,0,0,-0.85481,-0.80608,0.92864,98.352,15.567,-66.063,-71.266,-0.92164,0.24695,8.5477,14.579,-102.82,605.14,14.902,541.73,595.3,14.739,-3.9493,12.984,-34.105,335.82,680.53,876.59,118.31,728.59,121.12,-32.454,18.653,-67.361,683.32,120.15,1020.8,108.93,697.74,120.68,-32.337,11.044,-60.78,472.41,785.97,272.3,572.45,970.92,109.88,-29.443,2.7878,3.1643,17.676,123.61,18.955,16.782,109.04,1.3922,-0.37304,-0.74699,-0.84788,-4.7361,-33.12,-5.0791,-4.4967,-29.218,-0.37304,0.099955
28.532,27.158,10.665,13.762,12.462,12.473,19.425,4.5603,-1.2219,30.945,27.689,16.422,-58.165,10.9,-20.677,-51.538,3.2571,-0.87274,15.501,21.095,-11.894,545.88,26.286,233.38,651.24,13.343,-3.5753,7.8158,-58.27,429.47,703.64,570.3,567.96,645.89,122.8,-32.905,9.2396,-61.548,518.75,-44.844,871.85,79.244,687.47,118.88,-31.853,13.871,0.081727,296.15,641.82,785.39,304.6,909.08,107.12,-28.703,12.593,-34.785,354.1,412.67,11.968,886.25,563.01,3.6794,-0.98589,2.7081,2.8848,4.6925,2.0852,-3.2048,58.442,18.176,0.75389,-0.202,-0.72565,-0.77299,-1.2574,-0.55872,0.85871,-15.659,-4.8701,-0.202,0.054127
28.532,27.158,9.3216,14.539,15.165,8.3401,16.14,3.8889,-1.042,30.945,27.689,15.254,-56.691,-55.579,-11.438,-6.4136,4.1713,-1.1177,12.802,19.837,-39.055,549.99,427.2,190.83,156.4,-7.1264,1.9095,18.449,-51.332,543.9,138.54,487.52,942.91,1008.7,90.213,-24.172,18.917,-48.149,450.84,276.7,767.96,27.422,383.76,70.083,-18.779,14.194,21.976,-22.348,845.2,339.89,9.9854,1.5091,1.1308,-0.303,14.891,13.261,125.41,281.5,15.895,3.391,0,0,0,3.1613,3.7962,8.2379,4.1582,6.0043,1.2396,0,0,0,-0.84708,-1.0172,-2.2073,-1.1142,-1.6088,-0.33216,0,0,0
18.727,21.4,14.331,11.377,12.413,13.402,8.5057,3.3784,-0.90524,19.319,20.892,20.344,-34.112,15.225,-19.023,-73.191,-5.9733,1.6006,11.414,16.663,-34.22,304.65,-45.779,240.1,705.91,50.814,-13.616,18.441,-29.83,304.01,995.87,724.68,836.86,855.42,120.44,-32.272,13.386,-69.531,666.49,147.3,881.49,256.55,757.34,127.42,-34.143,9.4655,-67.076,557.26,587.23,912.48,443.76,964.64,71.193,-19.076,12.618,-52.288,442.87,730.46,-14.294,740.44,549,4.7449,-1.2714,2.3541,4.0438,4.1192,4.8777,4.4979,1.0389,6.6075,0.59457,-0.15931,-0.63077,-1.0835,-1.1037,-1.307,-1.2052,-0.27837,-1.7705,-0.15931,0.042688
9.309,7.7912,7.2396,7.6821,10.357,9.7216,13.483,1.0163,-0.27232,9.5464,7.7721,13.104,-47.148,-77.672,-66.517,-71.054,-7.687,2.0597,7.3211,16.13,-58.884,393.47,690.19,508.06,629.59,54.159,-14.512,15.903,-14.459,252.58,485.3,312.67,685.89,548.46,119.73,-32.081,12.389,-75.465,630.44,35.973,343.42,548.75,437.41,119.22,-31.944,13.879,-33.989,442.7,450.46,696.89,708.95,849.76,124.19,-33.276,13.932,13.197,6.8901,395.82,385.67,82.105,385.09,18.062,-4.8397,3.6924,2.4465,7.662,2.8135,3.834,5.5268,4.6051,0.094236,-0.02525,-0.98938,-0.65554,-2.053,-0.75389,-1.0273,-1.4809,-1.2339,-0.02525,0.0067658
18.415,12.826,9.5702,14.346,9.3658,11.313,19.425,4.5603,-1.2219,14.807,11.724,10.213,15.27,16.252,-22.231,-51.538,3.2571,-0.87274,11.792,14.679,-10.25,52.451,-52.705,194.59,618.13,14.083,-3.7737,15.039,6.0105,119.07,949.1,356.44,828.98,946.26,119.31,-31.969,10.946,-57.708,509.2,300.59,853.01,369.62,735.76,127.42,-34.142,19.27,-68.296,727.41,266.68,994.93,367.02,815.91,42.298,-11.334,23.429,-45.422,556.6,1025,274.03,814.34,382.8,5.8205,-1.5596,7.3626,6.2341,24.167,71.812,4.2661,7.3102,8.3414,0.59848,-0.16036,-1.9728,-1.6704,-6.4756,-19.242,-1.1431,-1.9588,-2.2351,-0.16036,0.042969
0,0,0,0,-2.0137,11.985,20.025,6.8492,-1.8352,0,0,0,0,3.8314,-18.379,-53.424,4.6013,-1.2329,-0.71148,0.11714,-9.4946,-83.322,-43.148,199.08,672.7,17.13,-4.5899,8.0288,3.4584,59.274,637.69,-22.683,751.52,699.56,118.93,-31.866,5.2896,-71.042,507.13,841.76,575.72,400.37,814.17,128.09,-34.323,11.457,-61.828,553.81,212.98,1070.3,980.51,920.47,41.581,-11.142,13.556,-53.914,404.81,817.59,228.65,136.09,87.964,3.4258,-0.91795,1.3584,2.7032,6.8735,59.506,7.1098,2.242,8.8004,1.4281,-0.38266,-0.36397,-0.72432,-1.8418,-15.944,-1.9051,-0.60074,-2.3581,-0.38266,0.10253
18.727,21.4,14.296,11.669,7.9728,7.2496,17.294,4.8804,-1.3077,19.319,20.892,15.413,5.8404,5.5122,0.79433,-65.15,-4.8102,1.2889,12.556,18.154,-7.1203,107.16,-16.129,87.562,726.91,82.356,-22.067,7.6866,-41.137,314.31,1085.1,708.06,818.56,1069.6,117.09,-31.374,18.959,-67.555,735.54,203.31,831.65,897.85,865.87,117.81,-31.566,18.118,-50.106,544.57,682.96,430.08,970.74,1092.5,108.11,-28.968,15.093,15.182,10.998,262.88,-0.38811,214.08,511.48,5.9212,-1.5866,4.4021,4.1442,4.4273,6.8671,7.0484,6.7405,5.3097,1.1425,-0.30614,-1.1795,-1.1104,-1.1863,-1.84,-1.8886,-1.8061,-1.4227,-0.30614,0.082031
19.38,17.357,22.769,11.067,10.483,8.3609,7.9176,2.7148,-0.72744,21.833,17.543,24.241,-46.61,-9.1609,-17.115,7.1019,2.9049,-0.77837,10.523,17.92,6.689,341.71,313.18,134.66,-48.192,1.2465,-0.33401,14.808,-55.817,492.65,114.14,-15.416,742.25,376.37,18.206,-4.8782,22.616,-59.192,608.85,-66.294,378.78,427.91,678.91,128.91,-34.542,16.052,-7.2065,232.27,291.19,543.37,-13.844,491.3,72.583,-19.449,13.365,13.431,2.7093,207.47,215.76,12.036,17.937,3.3352,-0.89367,6.1761,6.9,-2.7785,39.144,10.397,4.5986,2.4554,2.0373,-0.54588,-1.6549,-1.8488,0.74449,-10.489,-2.7859,-1.2322,-0.65791,-0.54588,0.14627
4.7204,5.1413,11.255,16.765,11.459,16.487,11.344,4.1586,-1.1143,2.398,4.3052,13.247,26.345,19.233,-35.222,-72.176,-3.3594,0.90014,9.2486,15.434,-17.857,40.646,-86.302,333.93,687.19,81.767,-21.909,12.657,-37.014,388.65,461.24,592.12,725.74,494.98,122.95,-32.943,12.127,13.815,42.047,87.538,667.34,148.21,135.3,17.079,-4.5763,9.769,19.14,-73.127,566.04,111.97,5.7353,5.706,1.1202,-0.30015,12.119,-24.926,302.06,249.55,17.872,6.8532,0,0,0,3.7664,-3.6614,39.368,2.8773,4.307,3.1098,0,0,0,-1.0092,0.98107,-10.549,-0.77097,-1.1541,-0.83326,0,0,0
18.415,12.826,11.194,8.6968,12.344,11.038,16.759,7.3037,-1.957,14.807,11.724,10.463,13.79,18.16,-18.855,-51.754,8.4092,-2.2532,11.398,18.463,-20.425,3.933,-61.177,238.4,551.1,19.849,-5.3185,12.32,-15.113,219.68,918.71,394.76,816.71,857.06,119.87,-32.12,14.417,-68.413,523.35,145.47,704.9,404.22,735.08,116.97,-31.343,17.058,-55.298,602.93,-24.925,683.09,478.86,721.72,127.24,-34.095,11.543,-56.312,507.28,889.09,407.5,372.5,918.65,69.25,-18.556,3.4539,1.5685,26.061,40.156,5.2747,7.0183,56.441,0.094236,-0.02525,-0.92546,-0.42028,-6.983,-10.76,-1.4134,-1.8806,-15.123,-0.02525,0.0067658
28.532,27.158,11.008,13.958,22.532,11.426,24.072,0.86821,-0.23264,30.945,27.689,16.559,-57.053,21.221,-43.054,-49.405,2.342,-0.62753,11.785,16.374,-10.113,484.18,92.302,466.82,561.71,1.1515,-0.30854,28.47,-30.04,428.07,568.46,611.63,858.2,549.17,106.63,-28.572,16.098,-62.301,666.59,223.84,650.7,840.53,509.73,121.11,-32.45,16.676,-67.029,473.78,368.71,773.13,179.24,984.21,124.21,-33.282,14.492,9.4442,52.698,924.01,268.7,-8.1148,164.18,19.87,-5.3242,4.0728,4.853,-0.63525,70.125,5.9916,3.7369,5.7096,0.42068,-0.11272,-1.0913,-1.3004,0.17021,-18.79,-1.6054,-1.0013,-1.5299,-0.11272,0.030203
16.84,17.9,15.439,12.086,19.022,24.571,16.817,2.8776,-0.77104,13.329,14.707,7.178,-46.195,-12.959,-48.761,15.167,3.432,-0.91959,9.6075,3.2703,105.05,396.07,343.92,585.67,26.276,2.8769,-0.77087,11.29,-73.724,614.37,446.22,909.23,360.02,496.41,17.694,-4.7412,21.643,-29.59,300.44,734.61,921.96,7.4838,576.42,125.8,-33.707,1.3633,0.55342,-84.17,723.18,294.47,626.59,637.56,41.456,-11.108,0,0,-46.984,436.04,28.407,21.277,19.233,3.7692,-1.0099,0,0,-0.34465,2.2578,4.8945,2.9319,5.0195,1.741,-0.46651,0,0,0.092348,-0.60498,-1.3115,-0.7856,-1.345,-0.46651,0.125
0,0,0,0,-1.9921,14.325,14.363,1.5526,-0.41601,0,0,0,0,4.1052,-22.538,-52.775,2.4485,-0.65607,-1.5178,-1.6859,-0.77076,-4.2946,-64.489,335.13,549.46,-0.89222,0.23907,18.144,24.361,-40.939,124.15,92.637,755.16,917.47,101.21,-27.119,12.957,-13.437,286.3,515.78,447.23,1008.5,491.83,65.304,-17.498,17.578,-66.539,800.71,235.89,868.57,441.26,1004.2,124.48,-33.353,19.228,-44.434,568.34,848.76,482.91,-9.2736,239.39,16.775,-4.4948,1.9964,2.9071,8.0955,59.017,2.5417,5.2249,5.7146,0.80153,-0.21477,-0.53493,-0.77896,-2.1692,-15.814,-0.68105,-1.4,-1.5312,-0.21477,0.057547
4.7204,5.1413,10.416,24.713,12.452,6.2186,16.995,2.4124,-0.6464,2.398,4.3052,13.087,27.647,-54.209,-62.029,19.544,3.2657,-0.87503,7.9491,14.312,-50.562,118.12,449.94,593.56,5.1005,6.33,-1.6961,14.435,-40.888,485.51,530.91,1002.4,764.4,443.06,1.0848,-0.29067,19.642,-48.51,536.31,399.6,588.5,199.84,799.61,106.89,-28.641,9.6009,12.06,-65.321,765.05,180.73,-36.456,504.77,106.99,-28.669,14.403,16.03,77.814,707.91,19.963,16.936,14.821,4.6264,-1.2396,4.0763,2.5333,25.746,72.081,4.2036,5.5776,4.9734,0.47118,-0.12625,-1.0922,-0.67881,-6.8987,-19.314,-1.1264,-1.4945,-1.3326,-0.12625,0.033829
10.789,11.108,20.248,9.3935,20.018,11.405,13.38,2.4351,-0.65247,11.342,13.496,22.94,-56.023,-6.8827,11.809,8.2619,1.8482,-0.49521,9.5298,13.347,-74.339,590.26,221.24,-24.947,112.93,15.73,-4.2148,15.26,-40.25,535.52,416.35,414.67,389.48,1060.4,123.59,-33.116,12.772,-72.719,659.32,84.842,349.38,1084,773.53,17.579,-4.7103,6.6251,1.8176,70.297,443.43,513.3,132.87,41.779,1.1425,-0.30614,17.396,17.763,39.048,415.75,27.653,4.157,0,0,0,12.748,13.05,20.734,20.212,2.6009,0.70339,0,0,0,-3.4158,-3.4968,-5.5556,-5.4158,-0.6969,-0.18847,0,0,0
18.415,12.826,11.253,9.2515,27.316,13.458,12.737,1.4338,-0.38419,14.807,11.724,17.993,-49.647,-20.935,4.0133,-56.062,0.20995,-0.056256,12.569,16.133,-54.551,497.78,361.46,146.63,446.96,14.729,-3.9465,5.1736,-3.6213,113.35,209.6,653.52,728.98,624.52,117.74,-31.55,16.368,-58.179,550.78,112.11,1098.5,269.35,268.08,127.8,-34.245,10.429,-60.419,512.43,914.26,511.85,396.51,649.7,39.627,-10.618,18.139,14.386,169.93,408.42,-5.3514,257.55,156.63,8.0746,-2.1636,2.0589,1.4423,21.495,15.152,5.034,5.4074,7.0214,3.8637,-1.0353,-0.55168,-0.38647,-5.7595,-4.0601,-1.3489,-1.4489,-1.8814,-1.0353,0.2774
0,0,-0.34898,7.7059,14.889,12.952,13.655,7.8664,-2.1078,0,0,-0.089557,-4.2063,-18.337,-17.076,-53.692,7.4247,-1.9894,-0.52529,-0.70002,-2.6902,75.591,228.7,223.08,581.57,-0.10949,0.029337,8.266,6.2173,6.5587,-45.246,473.63,898.56,518.2,114.43,-30.662,23.449,32.758,19.485,-139.82,791.79,647.52,80.306,52.718,-14.126,6.4622,-61.534,561.3,682.87,662.23,373.77,157.62,107.88,-28.907,17.261,10.138,30.83,360.4,24.867,439.36,568.23,5.7099,-1.53,3.5678,3.3786,6.5564,2.1086,3.7936,25.431,42.297,2.1432,-0.57427,-0.956,-0.90529,-1.7568,-0.565,-1.0165,-6.8142,-11.333,-0.57427,0.15388
18.415,12.826,11.144,14.515,13.306,13.704,11.563,3.3279,-0.89171,14.807,11.724,10.584,21.422,24.78,-44.618,-61.142,1.9864,-0.53226,11.152,17.987,-21.688,-26.25,-76.991,530.43,648.46,17.551,-4.7028,14.527,-15.397,251.73,820.09,907.79,659.07,783.27,127.83,-34.252,17.703,-61.054,807.16,430.46,842.49,979.08,1002.1,68.615,-18.385,11.259,-55.17,501.64,868.19,922.62,250.08,220.57,0.7617,-0.2041,30.031,31.031,-54.797,642.89,508.44,4.0404,0,0,0,5.0407,3.8801,3.3451,23.141,19.855,1.6205,0,0,0,-1.3506,-1.0397,-0.89631,-6.2005,-5.32,-0.43421,0,0,0
18.415,12.826,11.202,9.5912,10.579,2.0214,0,0,0,14.807,11.724,16.803,-21.47,-78.074,-7.5922,0,0,0,9.1435,10.307,-34.797,261.16,715.82,68.994,-2.0179,0.046034,-0.012335,23.29,31.596,55.67,687.46,516.91,428.11,25.948,-7.2401,1.94,16.64,-56.689,464.54,185.87,725.49,907.07,703.48,55.337,-14.827,13.265,-80.502,660.15,508.89,520.86,644.98,716.26,130.84,-35.059,14.37,-7.3936,149.07,933.43,816.14,702.32,958.72,70.341,-18.848,1.9916,2.9646,-2.808,82.383,107.83,15.117,108.07,0.56541,-0.1515,-0.53366,-0.79435,0.7524,-22.074,-28.894,-4.0506,-28.957,-0.1515,0.040595
2.353,0.63569,18.402,22.423,17.392,6.3966,0,0,0,2.9696,2.5842,4.203,-25.661,18.24,6.9753,0,0,0,13.93,0.2188,147.73,391.18,11.154,-53.382,-76.858,-0.8846,0.23703,8.2592,-67.359,470.58,317.47,108.19,489.28,598.93,15.816,-4.2378,13.64,-1.3677,337.79,-38.796,687.14,512.22,380.55,118.91,-31.861,3.9451,2.9924,87.247,10.429,840.26,19.274,548.41,122.21,-32.747,0,0,-0.35978,17.056,19.059,166.11,687.42,19.821,-5.3109,0,0,-0.32624,2.4704,9.1761,6.6841,57.192,0.37694,-0.101,0,0,0.087415,-0.66193,-2.4587,-1.791,-15.325,-0.101,0.027063
18.727,21.4,13.586,15.612,15.339,9.1561,19.952,2.9338,-0.78611,19.319,20.892,20.342,-39.266,-44.455,-43.399,-70.659,-2.8354,0.75975,9.8085,15.024,-33.667,347.39,340.05,361.51,720.15,61.285,-16.421,19.874,-29.414,328.12,195.85,290.61,949.4,249.72,221.04,-59.226,11.843,-50.563,464.4,-37.144,775.14,317.61,816.87,69.586,-18.646,14.596,-21.221,286.22,663.7,671.47,17.708,95.719,1.602,-0.42926,13.172,12.71,18.314,125.89,311.36,9.5881,0,0,0,3.7788,2.6662,5.4135,6.5423,29.181,0.75389,0,0,0,-1.0125,-0.71441,-1.4505,-1.753,-7.819,-0.202,0,0,0
11.061,9.8543,8.1617,7.7396,16.331,17.43,21.187,4.307,-1.1541,16.105,19.984,-22.751,-69.392,17.236,15.74,15.074,5.0012,-1.3401,10.051,-22.849,209.01,698.5,12.327,6.1571,97.156,4.2297,-1.1333,9.8844,-74.84,526.86,344.11,317.17,627.25,582.91,16.726,-4.4818,10.163,-31.229,433.45,-132.61,504.37,357.42,162.94,118.2,-31.671,16.961,-34.954,339.72,516,963.91,378.61,170.51,128.16,-34.34,11.333,12.498,23.018,344.48,384.07,275.5,806.2,72.759,-19.496,2.6397,2.6742,4.2726,3.5376,4.7492,6.996,40.224,3.7541,-1.0059,-0.70731,-0.71656,-1.1448,-0.94791,-1.2726,-1.8746,-10.778,-1.0059,0.26953
18.415,12.826,10.669,13.179,14.976,12.773,8.2183,3.6223,-0.9706,14.807,11.724,16.076,-17.852,-50.659,18.968,4.1969,5.6816,-1.5224,11.056,12.543,-27.354,229.95,506.33,21.299,132.05,0.36057,-0.096614,11.084,18.105,29.58,818.04,640.86,813.19,893.47,106.73,-28.599,15.198,-51.103,456.62,395.64,745.04,276.47,731.28,117.71,-31.54,17.692,-64.02,717.68,323.47,859.31,678.52,745.5,106.11,-28.432,19.228,-44.434,557.01,893.49,723.09,412.56,591.89,5.455,-1.4617,1.9964,2.9071,-0.30146,117.19,47.355,2.3947,2.92,1.7264,-0.4626,-0.53493,-0.77896,0.080775,-31.4,-12.689,-0.64165,-0.78241,-0.4626,0.12395
18.727,21.4,14.61,9.2172,25.808,18.281,13.546,2.7794,-0.74475,19.319,20.892,21.955,-47.41,-44.974,12.738,-70.814,-6.5568,1.7569,11.246,11.557,-32.012,460.6,531.33,57.259,725.42,82.533,-22.115,16.776,7.6741,191.79,446.01,545.75,809.11,636.38,119.59,-32.045,10.094,-69.208,605.72,177.94,518.71,435.68,463.5,121.4,-32.53,12.135,-77.554,762.63,6.0459,835.85,636.4,575.14,129.61,-34.729,11.138,-56.224,549.65,857.51,336.93,563.06,862.6,43.501,-11.656,7.1429,7.6233,-2.3383,93.114,1.6608,24.163,73.422,2.0732,-0.55551,-1.9139,-2.0427,0.62654,-24.95,-0.44501,-6.4744,-19.673,-0.55551,0.14885
16.857,11.562,12.768,11.135,6.6938,15.878,8.743,3.5,-0.93782,13.21,9.9971,8.1623,12.506,13.308,-26.755,-38.91,5.353,-1.4343,2.4031,-4.2991,55.697,13.225,-51.627,398.89,462.78,-0.90412,0.24226,16.021,-59.823,584.98,756.4,54.06,483.03,450.44,108.23,-28.999,17.885,-39.126,479.95,54.317,701.77,605.24,653.38,108.36,-29.035,10.5,-63.387,374.13,-71.998,497.39,296.86,172.28,0.85203,-0.2283,12.885,3.361,104.68,720.58,478.59,6.0222,0,0,0,5.254,6.9315,-5.0506,90.394,44.026,1.5952,0,0,0,-1.4078,-1.8573,1.3533,-24.221,-11.797,-0.42744,0,0,0
7.1082,9.4904,21.181,20.511,18.879,12.534,18.98,4.571,-1.2248,6.3958,8.8972,13.779,-67.168,-15.843,-24.346,-27.544,6.2829,-1.6835,11.45,14.21,24.82,663.68,245.2,306.83,333.87,-1.7782,0.47646,11.977,-49.944,441.81,-19.717,687.08,648.08,669.44,107.36,-28.766,14.866,-59.124,616.3,574.07,578.63,556.66,305.66,128.25,-34.364,5.0567,-3.3184,-22.778,712.16,97.921,74.281,516.64,46.733,-12.522,0,0,-68.508,556.72,21.828,13.716,15.322,4.2583,-1.141,0,0,-0.85991,31.506,4.8185,4.0423,2.332,1.2144,-0.3254,0,0,0.23041,-8.4421,-1.2911,-1.0831,-0.62485,-0.3254,0.087189
9.309,7.7912,7.0669,9.3238,13.346,4.9782,0,0,0,9.5464,7.7721,7.4569,-13.498,16.87,4.3987,0,0,0,7.6269,17.376,-33.533,259.71,-30.039,11.025,-77.317,-11.111,2.9771,9.1749,-26.598,226.63,293.66,300.52,-32.621,527.32,76.784,-20.574,22.202,-53.983,599.58,566.71,69.677,703.3,417.3,309.55,-82.943,7.3743,-81.367,770.54,136.63,507.11,612.25,563.15,39.16,-10.493,15.864,-9.9571,176.52,652.34,262.42,690.71,443.31,4.3067,-1.154,2.9934,3.0783,2.9724,2.9348,-5.0364,58.971,17.249,1.4135,-0.37876,-0.80209,-0.82483,-0.79644,-0.78639,1.3495,-15.801,-4.6219,-0.37876,0.10149
6.5666,6.7958,10.575,19.424,19.242,12.244,16.406,3.8194,-1.0234,5.8661,7.2024,-3.7902,-26.546,8.0752,-70.696,-6.6674,4.5827,-1.2279,10.07,2.643,121.19,429.01,108.47,730.44,155.98,1.578,-0.42283,13.702,-65.82,501.81,0.82457,772.71,325.12,244.06,17.401,-4.6626,13.273,-50.106,500.03,446.71,909.04,105.1,137.75,119.53,-32.029,5.1937,-19.004,130.96,447.88,341.41,169.68,339.83,128.59,-34.455,0,0,-0.35367,6.4699,22.168,131.05,706.07,42.778,-11.462,0,0,-0.39801,3.7205,4.116,9.4914,58.307,1.1386,-0.3051,0,0,0.10665,-0.99689,-1.1029,-2.5432,-15.623,-0.3051,0.081751
