-18.461,6.671,56.482,38.064,-64.058,98.303,-156.03,-0.82472,148.47,-162.38,-100.05,194.76,-161.2,30.179,7.3612
2.0066,-11.59,-1.0538,-220.64,166.15,-185.57,16.139,-60.967,-16.685,130.67,330.32,-50.93,-3.3173,0,0
-10.825,14.843,-15.435,17.534,-75.357,-31.06,-82.96,-457.09,113.46,-36.648,-362.95,19.833,-4.0742,0,0
-1.7321,-2.0179,96.847,-22.177,128.39,-260.58,2.9908,46.829,-168.02,-224.28,44.463,7.3846,-2.1986,0,0
0,0,0,0,9.6248,-385.23,-136.11,-57.34,-67.672,-153.18,-149.37,-28.259,-1.4539,0,0
-20.51,-10.385,-94.347,-88.88,69.072,-126.48,90.28,-168.91,-25.567,-112.67,53.411,8.5673,2.8125,0,0
7.7942,28.167,66.07,81.468,3.6108,-477.45,129.82,134.96,15.735,4.7763,159.93,117.12,39.929,0,0
14.918,21.228,0.71627,127.3,358.8,-105.61,155.77,98.256,-320.97,78.547,62.967,-118.62,24.136,0,0
3.8971,-29.966,50.304,-27.017,-101.89,-38.937,308.19,-108.82,481.67,167.63,-79.444,-60.237,10.014,0,0
-6.0409,-11.492,36.069,-118.39,-250.93,66.328,127.56,-50.904,-16.47,36.342,71.605,-153.01,-41.198,0,0
-15.588,-16.908,61.973,-25.516,76.059,-29.691,-104.02,-189.89,242.39,349.46,227.18,20.554,-9.8474,0,0
-2.5981,13.111,136.6,-47.329,101.41,-80.364,-27.177,116.44,-142.02,200.78,127.19,-301.1,-17.561,0,0
-4.7631,47.773,19.711,-249.98,184.65,-107.08,256.55,-256.57,34.124,-182.05,-6.1777,13.624,-3.695,0,0
12.99,-18.454,139.74,-274.17,90.728,-34.869,157.83,27.835,288.11,224.89,32.035,35.173,-6.3053,0,0
-1.0939,0.4468,-8.3047,-211.15,-16.153,70.853,81.685,61.656,-95.503,-14.151,103.83,37.608,8.747,0,0
12.99,-17.149,10.252,54.728,73.129,37.57,-274.81,-171.16,149.31,259.97,-174.38,9.9307,2.668,0,0
-3.0311,-72.618,-16.545,130.94,155.47,80.331,66.712,5.8016,-112.09,-15.61,-250.43,164.14,-23.691,0,0
0,0,0,0,-12.127,-87.448,-6.8852,72.374,-249.25,221.17,26.587,-29.672,10.895,0,0
0,0,0,0,68.802,95.805,60.153,-190.37,-129.71,14.2,-111.52,11.279,1.0418,0,0
0,0,0,0,67.636,-10.334,-161.45,-277.19,26.365,36.093,-36.608,-22.873,-1.1293,0,0
-19.01,-10.782,105.45,-220.48,133.95,-129.32,22.252,187.87,-8.729,-181.42,37.529,-175.33,13.554,0,0
23.419,-17.951,-27.776,221.2,-72.527,-194.68,244.53,-271.56,117.26,-57.686,-25.65,37.678,-1.14,0,0
4.6046,23.197,128.59,34.864,270.21,91.865,139.05,-60.379,45.613,27.782,-268.35,-115.42,-37.546,0,0
8.2272,-11.343,16.118,70.997,303.8,-237.23,70.439,152.25,-190.61,-150.67,5.0403,-22.929,5.7873,0,0
-7.0018,-4.0625,5.5953,-13.739,-132.7,-25.431,-34.136,34.952,-80.419,-52.184,162.14,-30.03,-2.5817,0,0
-3.0311,8.1471,-12.221,15.923,303.31,-105.05,34.118,65.201,-113.18,-36.599,-10.727,16.514,-0.95721,0,0
5.148,-7.5517,65.743,86.943,-39.799,-95.713,187.67,115.57,31.341,-78.6,-14.739,11.367,6.3242,0,0
0,0,0,0,-196.98,109.48,90.544,198.37,147.77,-54.582,-7.807,-7.3335,0.45665,0,0
6.0311,-16.332,-216.04,2.3312,-165.14,26.666,-99.767,46.193,175.68,-309.44,-130.8,-168.97,20.673,0,0
4.6046,-9.7909,-7.0066,1.1651,-20.053,-50.738,389.67,120.5,290.59,-91.009,-91.906,-0.2146,2.4034,0,0
-8.2272,22.173,-15.722,15.502,-27.452,-258.55,173.31,-125.83,-30.021,-169.87,8.4265,34.558,8.0377,0,0
-5.1438,-3.1417,29.691,-96.32,93.344,-6.1957,-151.14,73.63,-476.89,-70.171,18.943,-9.5742,-2.0813,0,0
7.3612,-26.771,-4.1747,162.46,-84.927,-215.52,131.18,172.71,56.237,201.59,10.432,0.11963,-0.92765,0,0
4.3627,27.454,-40.008,-166.68,-58.003,-111.03,121.35,120.16,-253.78,-155.45,-71.662,-129.55,19.709,0,0
0,0,0,0,-0.78678,201.86,60.511,88.472,65.076,45.383,-2.2293,-2.0373,1.2252,0,0
-8.2272,7.0197,11.232,-7.4593,-192.17,162.16,83.403,44.58,-3.0307,205.78,-9.3933,2.7961,-1.366,0,0
2.1283,8.3346,16.668,-35.841,124.6,97.655,140.96,-131.68,111.3,-265.51,32.104,21.355,3.7572,0,0
-15.958,-55.887,-75.699,64.259,59.096,41.037,-41.617,-17.643,117.19,-167.7,-44.628,161.76,-25.767,0,0
-27.28,4.3205,66.837,-101.24,-125.6,-132.74,22.548,-4.9527,-135.79,-146.25,19.305,-24.598,-9.4716,0,0
5.1962,7.7679,0.68301,-65.759,373.85,-125.48,3.6608,-149.61,88.273,190.07,-60.924,-13.695,-11.993,0,0
3.0311,-8.1471,12.221,-15.923,-185.05,-211.74,-256.8,24.869,1.5655,226.39,178.85,-40.852,10.335,0,0
-4.7631,5.8056,5.866,16.27,-209.52,153.25,30.311,-93.981,444.42,276.87,101.64,-27.919,-5.9489,0,0
21.007,-9.6865,-25.405,195.79,-70.335,-137.1,-101.93,-6.9193,112.18,-153.12,-1.1866,7.25,-6.8526,0,0
0.86603,-3.4462,-13.366,-54.199,0.70216,-4.5486,94.203,343.23,111.96,32.505,-103.38,-44.758,5.3752,0,0
11.258,12.292,-27.571,77.36,-204.03,-188.82,47.85,-176.83,-14.063,-143.95,-196.14,47.121,7.0757,0,0
25.664,-15.231,-81.959,-92.351,50.496,-120.74,35.963,-237.11,218.87,-216.12,-138.19,124.74,-22.543,0,0
0,0,0,0,-111.66,-314.74,-55.127,-307.14,-3.0015,85.678,-21.834,-4.7033,-12.062,0,0
0,0,0,0,-8.7174,-128.97,265.59,-56.866,-292.88,50.85,55.536,-9.5311,-1.5272,0,0
-16.249,10.305,10.381,-72.037,-86.83,160.48,97.977,192.15,-49.126,188.73,-87.001,109.96,11.878,0,0
-15.008,1.0744,-63.057,-12.717,150.15,-47.021,-299.25,89.561,7.2333,-248.59,-122.99,-8.3523,-6.8661,0,0
-2.7198,-59.212,-20.446,254.7,79.027,177.51,-26.07,12.565,-187.1,-218.41,240.03,2.9078,-9.1247,0,0
0,0,0,0,-8.4964,-233.44,-77.712,-49.686,-7.4029,-29.14,-0.81042,2.7521,1.2222,0,0
5.2909,-1.6651,16.623,-27.383,157.04,140.05,-61.47,-35.023,44.778,-175.14,136.06,78.242,-65.858,0,0
-10.762,-0.42228,-40.097,21.64,152.07,10.365,-99.897,27.229,-35.506,-43.047,-57.2,-19.518,-9.503,0,0
-7.2452,-8.8191,4.8812,-20.473,-9.3977,-1.7176,-185.95,42.589,26.308,152.76,-29.617,-0.88855,0.51675,0,0
0,0,0,0,-99.884,397.84,-252.9,-20.185,134.8,228.27,-48.653,11.381,-10.809,0,0
8.6235,-6.6247,15.59,-2.0864,-230.33,59.97,37.242,-60.495,375.43,178.74,72.447,-29.115,0.66682,0,0
-6.9282,5.2631,-117.31,-118.12,-115.44,-265.51,-156.42,78.718,-353.51,-19.018,-46.147,-40.664,-8.9776,0,0
-0.35377,57.893,-140.06,6.1742,55.31,-11.032,-148.35,-119.71,48.96,74.119,-6.0414,-71.935,22.166,0,0
1.7901,34.358,-49.253,99.573,-5.1477,173.65,-165.21,343.54,-77.474,-1.2086,-40.66,-8.32,-5.6944,0,0
0,0,0,0,-365.09,-70.745,-49.987,-205.42,-198.78,-74.673,-228.99,-10.88,5.25,0,0
0,0,0,0,62.258,-37.688,58.508,-312.18,-32.602,74.354,1.1888,14.258,-2.7918,0,0
4.6046,0.85617,7.0736,-100.89,160.36,232.78,-145.28,-369.2,11.368,330.75,41.201,1.4675,-2.5171,0,0
0,0,0,0,276.37,-35.334,-42.908,172.46,150.45,94.974,-108.86,2.9659,3.6585,0,0
22.528,1.053,273.63,-153.53,130.68,-25.154,-41.391,112.19,-92.451,-260.74,104.09,-29.48,-5.1979,0,0
-10.825,14.843,-15.435,17.534,-3.7375,205.19,301.63,126.63,157.54,-7.7066,79.941,2.2736,-1.2823,0,0
0,0,0,0,-112.35,164.69,191.66,186.97,-278.05,77.118,7.8922,5.6355,-1.9019,0,0
18.9,19.695,-33.186,98.139,-52.431,53.5,132.97,88.952,-201.48,435.45,-80.337,196.88,17.258,0,0
2.3971,-1.25,-7.703,26.349,-103.68,42.66,208.86,-151.4,287.3,-28.3,156.76,-44.909,2.3417,0,0
5.6716,-12.765,12.356,41.91,82.185,297.93,-52.471,188.75,-239.78,69.796,-20.453,109.46,-19.555,0,0
13.704,5.0482,1.2013,69.067,-80.907,63.552,-24.475,113.37,82.075,167,-104.32,-118.66,-39.264,0,0
0,0,0,0,220.61,-72.887,-182.09,73.207,184.67,-290.86,-42.003,-23.401,10.682,0,0
0,0,0,0,-108.62,130.96,18.089,3.472,-160.38,197.95,-25.538,-4.3451,6.2602,0,0
0,0,0,0,143.09,-59.819,-35.296,93.683,-47.55,-209.81,52.684,15.383,-1.288,0,0
8.2272,-11.343,16.118,70.997,-85.743,157.78,-158.59,184.23,-232.74,164.63,48.035,-24.071,1.2832,0,0
2.5981,6.616,-16.453,26.535,257.29,149.74,-0.57362,-60.968,46.051,-39.441,-19.293,-2.4962,4.5176,0,0
5.1962,-5.1046,-4.3481,44.75,-120.79,159.71,-127.73,-244.48,-6.3839,-132.6,-23.133,-6.5092,-5.9746,0,0
0,0,0,0,164.82,-56.794,204.22,-210.63,230.16,32.846,-5.5071,-7.1711,0.36843,0,0
-2.9151,12.81,16.234,-133.89,129.87,0.13471,-80.179,43.715,15.25,319.46,-59.454,-2.6327,-2.6441,0,0
6.7697,-1.6014,8.5,-36.494,-59.883,143.75,126.07,366.23,-110.37,46.325,7.9635,-39.247,3.6743,0,0
4.7207,-12.37,-1.5371,-70.612,7.3041,-78.743,-137.31,169.98,-345.83,-26.934,14.906,47.998,4.346,0,0
0,0,0,0,75.756,148.87,242.42,158.29,-36.093,-216.97,-5.4445,-2.9865,6.4085,0,0
2.1283,8.3346,16.668,-35.841,51.467,-116.32,-21.212,-80.1,327.28,197.95,-32.889,25.791,-13.847,0,0
4.3612,22.712,-72.329,-66.267,-132.56,-106.83,-110.09,22.235,83.026,-131.39,114.57,137.54,-11.202,0,0
-2.8089,8.0066,2.9183,-26.337,225.48,220.05,260.36,366.21,7.8333,-100.07,94.035,-33.555,0.11538,0,0
0,0,0,0,9.8191,206,-109.48,53.826,-116.82,74.768,20.477,-9.796,-6.6878,0,0
0.43301,1.6405,16.422,-23.51,-82.534,189.11,-137.83,-172.13,168.33,-17.135,9.0221,46.192,-1.7936,0,0
0,0,0,0,14.789,42.869,-66.313,-39.799,-14.929,31.856,18.017,53.972,4.9095,0,0
-6.88,23.828,-15.907,-88.027,0.46833,-3.4482,57.078,-88.372,177.4,84.848,-128.59,7.5955,-1.4815,0,0
-2.5981,4.9952,-99.909,123.04,-185.24,70.18,-90.278,41.502,49.957,141.2,15.318,4.9433,-8.3239,0,0
-9.5998,8.3277,-84.757,100.25,-32.456,-37.673,240.69,-223.81,-133.44,-211.83,107.35,-60.916,67.38,0,0
7.7942,-12.984,-0.30385,94.508,-98.066,-181.58,-48.2,44.691,199.64,406.53,170.33,165.2,-29.457,0,0
7.3612,-26.771,-4.1747,162.46,43.793,148.19,158.94,238.27,156.26,-79.217,2.4506,-32.742,-1.2249,0,0
4.299,-3.962,-4.2419,42.146,13.332,-153.51,113.25,154.62,-65.434,-172.12,23.74,9.1238,-1.4964,0,0
18.894,1.5518,-84.502,101.58,26.147,-81.45,-193.73,116.84,278.83,-172.88,60.762,9.8505,0.99015,0,0
-13.576,26.596,-4.642,-138.4,-173.79,175.56,18.409,186.3,-279.28,-43.103,142.59,-78.065,8.683,0,0
6.7697,-1.6014,8.5,-36.494,-228.23,127.34,21.994,122.91,158.62,118.7,10.927,26.382,2.9818,0,0
-6.2787,14.032,-25.686,-2.9736,174.63,71.966,26.118,-13.503,243.69,-213.97,56.473,-62.928,-0.68958,0,0
-0.86603,14.147,14.172,-91.976,-167.65,-39.359,-4.7095,59.201,-9.0257,212.2,-2.7003,22.534,6.5383,0,0
-6.0679,-25.088,17.471,-149.32,224.83,67.732,-58.862,13.865,242.2,-131.03,2.8639,-51.47,5.6495,0,0
2.1283,8.3346,16.668,-35.841,54.147,58.503,13.074,1.1794,38.36,-188.92,-43.65,17.813,-8.3917,0,0
11.258,12.292,-27.571,77.36,-281.45,70.393,57.382,-244.92,-536.82,47.902,154.43,20.121,2.1905,0,0
-8.2272,7.0197,11.232,-7.4593,74.549,97.061,145.37,113.79,44.81,-44.508,-7.5703,-24.904,4.9025,0,0
6.0466,-19.746,7.8241,95.264,-155.42,-63.877,-6.5459,5.3066,103.11,-181.04,151.53,150.72,-29.625,0,0
1.7321,1.384,4.2321,30.021,146.13,-4.1631,-285.61,-138.58,49.734,-120.33,41.736,2.3401,-2.8059,0,0
-5.3702,-1.4567,106.23,-114.88,209.15,-131,144.03,-49.461,-244.03,-31.197,11.829,-18.175,-5.2871,0,0
0,0,0,0,1.0066,63.349,-94.628,340.56,-15.783,-191.05,10.198,-5.8688,6.7676,0,0
-19.713,5.5173,10.457,-88.545,-217.07,111.99,95.315,133.84,-23.501,-66.177,7.0031,-1.5575,7.9791,0,0
-5.1438,-3.1417,29.691,-96.32,127.31,12.618,122.59,15.99,-18.364,-231.62,-31.814,5.2667,5.1567,0,0
7.7716e-016,-6.1062e-016,-4.4409e-016,3.5527e-015,462.2,-176.78,-135.97,-148.04,-59.945,64.875,40.521,78.108,-1.9557,0,0
13.102,-11.165,59.571,-101.19,109.89,164.91,-25.199,24.686,213.76,-94.89,-70.255,-9.4632,-0.80056,0,0
0,0,0,0,87.213,95.367,-275.66,58.095,-134.96,63.327,23.434,-17.558,-4.1747,0,0
0,0,0,0,198.93,-61.431,-4.6351,115.03,-247.39,7.4702,-34.378,-18.992,-2.207,0,0
-0.59151,7.5143,20.149,-24.077,67.524,-40.887,248.56,111.87,104.43,97.526,-122.05,29.635,8.3373,0,0
0.46979,-14.405,-13.624,91.052,60.138,2.5338,-67.191,170.99,209.06,107.62,-49.798,15.376,7.4803,0,0
3.4641,6.9462,84.875,-22.187,-29.204,104.13,-58.934,104.34,-47.24,124.41,-19.832,-5.2973,4.201,0,0
-22.084,10.198,-13.033,-158.1,-16.551,-127.14,186.07,26.894,211.32,50.788,3.7416,-15.191,0.77989,0,0
0.16418,-8.4216,-150.98,-5.4398,73.431,-130.2,-278.9,-75.272,-181.41,249.69,-20.013,-144.82,21.894,0,0
8.3433,-0.16715,9.587,-36.525,-81.347,-0.70586,62.181,-237.16,33.426,125.86,-215.12,52.878,-6.5953,0,0
-3.5646,-135.63,-86.764,69.595,-102.35,89.029,7.1256,-49.629,-123.39,-10.992,-165.81,29.555,10.559,0,0
-26.789,20.114,-65.77,0.044142,-38.66,-61.983,-193.87,100.12,-222.1,-25.041,144.6,-17.892,0.66298,0,0
0,0,0,0,-40.438,73.719,28.911,24.973,-154.26,53.781,-1.7526,22.86,-0.25865,0,0
-0.036779,0.14503,1.1618,1.8182,-8.4976,39.192,232.18,-195.55,160.64,-51.787,41.103,42.087,5.9761,0,0
-15.673,24.405,12.851,168.05,-18.207,-225.13,12.147,-79.428,-52.249,-130.49,-25.395,-11.332,-1.8627,0,0
-17.442,63.175,-181.58,18.136,101.95,84.887,-260.82,70.565,31.741,283.67,10.349,-13.047,3.9196,0,0
0.82925,8.4997,-0.69287,-283.39,-111.42,177.31,-146.1,-154.4,119.18,-86.648,-223.26,-143.45,26.178,0,0
11.121,-12.963,26.064,78.32,23.526,154.64,-207.44,131.2,-163.44,-86.193,-42.968,-31.17,-5.0844,0,0
0,0,0,0,96.902,339.35,-263.49,-116.1,-192.81,-1.9446,23.168,-1.2957,-1.4513,0,0
13.878,-8.0188,-7.026,132.71,196.86,-338.55,-109.19,97.373,234.53,99.001,-97.533,18.977,-7.805,0,0
0,0,0,0,-136.02,86.503,132.84,4.353,-50.656,-72.68,12.933,-43.5,-1.8168,0,0
2.1283,8.3346,16.668,-35.841,-81.554,83.122,107.65,86.831,-123.71,-27.925,-66.557,19.496,-1.9091,0,0
-1.7321,-9.3905,6.0556,-5.1782,46.851,-76.81,168.73,9.5292,-0.40993,7.8942,11.996,-0.052323,10.807,0,0
0,0,0,0,-142.2,49.488,-51.723,-203.77,-160.19,-362.77,-0.17112,-19.448,4.0254,0,0
5.4764,12.757,7.7258,-88.474,93.665,-16.641,108.1,142.51,176.23,16.734,-25.704,-10.367,12.098,0,0
12.99,2.9444,-10.984,128.5,-53.662,122.79,204.78,-61.68,-314.67,58.013,-84.708,11.995,0.23927,0,0
2.7933,-11.639,-22.331,129.32,86.064,-175.42,39.363,-32.368,-90.352,-396.65,-0.64323,-9.4833,5.5421,0,0
0,0,0,0,113.01,-8.1182,-19.374,-129.58,-61.243,-140.2,171.5,12.778,3.9091,0,0
1.4943,14.716,-10.867,89.082,323.79,-100.28,-116.57,-77.99,10.851,61.54,-16.52,-154.29,23.081,0,0
30.622,12.751,-66.215,-20.037,-38.915,-139.54,130.59,-104.86,1.9798,-46.99,-6.8672,5.8268,-2.2398,0,0
1.0613,-38.44,-70.004,-41.357,-31.947,-226.53,106.06,-202.69,-264.27,43.159,15.119,-27.325,1.7147,0,0
-16.719,37.665,58.549,-235.95,-63.767,-101.32,312.98,-135.73,169.71,-14.757,142.1,129.75,-23.025,0,0
-6.9282,38.681,191.52,-4.7022,-17.82,17.353,27.239,-301.29,-311.91,-136.55,179.52,-1.548,2.6178,0,0
2.1283,8.3346,16.668,-35.841,-315.36,-209.64,-327.41,180.32,97.098,-306.66,-292.57,109.45,-15.368,0,0
-1.5099,0.66506,0.021234,-2.0413,190.89,42.028,45.202,-77.137,-69.329,30.96,-149.31,57.908,-3.6166,0,0
-0.69199,35.655,220.74,-137.7,93.186,97.632,30.711,192.92,-81.346,185.31,59.006,97.039,-24.025,0,0
-1.7321,-0.073557,-6.6764,-211.18,-43.654,-56.538,14.791,137.2,275.66,-153.5,-62.239,-2.4836,-1.1062,0,0
-3.866,-7.4976,-4.7455,-6.6229,-240.16,-260.96,151.08,-167.07,93.532,17.92,188.12,-9.5805,3.2327,0,0
0,0,0,0,-6.5389,-203.31,-44.885,171.57,113,-141.15,59.108,20.893,-0.084292,0,0
10.504,1.5804,88.189,110.48,133.04,-239.46,169.63,-56.508,131,-285.23,-148.29,40.432,-2.0792,0,0
0,0,0,0,132.71,29.781,78.514,224.1,184.38,-224.02,8.4123,-3.4103,-7.7769,0,0
2.1283,8.3346,16.668,-35.841,44.504,-79.994,-194.02,67.474,-188.53,-41.698,16.892,26.81,-1.6495,0,0
-3.4641,8.8008,-68.573,115.91,21.931,-117.18,-167.22,36.17,-216.89,-145.36,-45.769,-132.5,17.363,0,0
14.216,-21.302,-0.040708,-143.2,79.65,77.066,-109.45,-127.85,-150.31,84.799,-27.748,13.964,6.6346,0,0
0.43301,4.567,5.6292,-53.531,77.327,85.088,99.299,128.75,-128.59,-142.86,113.76,-73.883,12.954,0,0
0,0,0,0,4.0323,124.05,-106.38,-41.152,-152.81,52.841,3.4769,15.374,4.9779,0,0
-21.206,12.182,-20.99,-319.68,123.04,-113.71,-85.751,-68.879,-12.443,-106.44,34.254,11.898,-40.161,0,0
29.746,13.425,173.81,71.774,61.086,84.542,164.26,-72.087,-357.93,221.14,-27.502,113.88,37.704,0,0
-7.7575,37.055,-88.365,-93.16,40.251,99.756,150.63,279.06,-12.157,-88.956,190.62,57.688,-1.8983,0,0
1.9984e-015,-6.9641,-94.071,-205.55,168.98,94.446,-58.933,-153.13,-255.43,196.64,8.5551,-13.687,-3.7973,0,0
0,0,0,0,-285.88,-21.135,-154.24,154.37,187.2,134.89,20.09,-2.3854,6.4232,0,0
0,0,0,0,86.341,108.07,50.342,-28.305,7.2965,-99.681,21.003,-3.2841,1.0311,0,0
-1.5099,0.66506,0.021234,-2.0413,388.67,-363.11,7.8014,-27.15,-411.44,-56.166,-2.3681,0.1343,-1.7748,0,0
15.003,5.7623,-6.4279,-16.341,-96.298,-84.592,-73.927,62.04,90.664,78.066,139.46,86.827,0.13735,0,0
-9.0353,21.407,-15.792,16.882,-64.098,49.408,0.44909,-209.24,-99.846,67.002,-126.9,172.01,-21.043,0,0
-4.7631,6.8873,43.429,0.096638,-96.588,-128.15,221.86,107.07,-30.091,139.31,25.618,-96.988,2.0104,0,0
0,0,0,0,109.29,52.333,84.85,112.03,-153.79,250.03,5.7681,29.939,3.7261,0,0
6.4952,5.2566,15.152,226.36,-53.989,-168.35,-488.54,92.489,-352.16,160.09,175.63,-8.8563,5.2695,0,0
4.1349,2.6017,37.662,69.483,100.93,-153.7,93.135,13.787,72.038,7.5905,-129.27,48.028,0.63582,0,0
-4.6994,6.7844,-17.474,-125.4,176.84,26.639,1.5988,-98.287,-25.732,78.725,95.816,-91.437,26.66,0,0
0,0,0,0,3.8983,-107.71,65.054,43.432,115.55,-91.199,-6.2283,10.721,-4.355,0,0
21.772,-7.2371,-7.2153,54.331,-82.057,-235.06,159.86,-171.65,-98.649,9.7066,-168.91,50.558,3.5264,0,0
0,0,0,0,61.685,122.51,-125.67,253.55,157.49,-27.368,3.9378,-16.739,-0.75481,0,0
0.37917,27.968,-263.95,-1.1464,-237.87,179.96,133.1,-186.64,110.53,25.006,-70.847,73.989,44.866,0,0
-9.0353,21.407,-15.792,16.882,-11.75,135.83,113.52,-185.75,106.52,-40.33,8.9477,24.723,5.5754,0,0
-0.2859,-19.929,-147.13,141.48,-49.926,-245.75,-133,118.76,377.37,45.838,-35.449,-10.051,4.5559,0,0
20.816,-11.962,-59.075,145.27,-11.043,-103.08,-111.53,188.43,-210.57,-83.343,-114.48,-26.415,-14.989,0,0
-19.522,16.856,-71.087,29.95,-7.1733,27.543,-116.26,49.855,96.435,-336.3,-118.06,-75.629,20.023,0,0
10.825,12.951,-33.461,82.691,141.56,68.176,216.49,-218.31,198.07,31.905,-16.446,-33.513,0.3008,0,0
10.641,2.3337,100.31,204.38,-157.7,65.372,18.125,-492.63,-22.767,-17.113,-133.78,58.732,1.0365,0,0
7.6414,7.4028,-5.6157,20.778,-26.468,-35.063,158.75,-95.218,-194.74,-274.34,-248.31,15.822,4.3601,0,0
1.299,26.821,88.201,-68.327,110.75,117.78,-51.21,-64.15,347.26,48.992,243.61,21.57,-4.7422,0,0
-0.036779,0.14503,1.1618,1.8182,-75.926,-29.019,-25.572,136.71,-100.8,-136.49,7.2932,12.856,0.15882,0,0
0,0,0,0,3.1998,148.42,242,116.59,-201.54,142.64,136.86,-1.2833,11.168,0,0
0,0,0,0,-130.71,172.38,10.064,-50.585,-16.967,-12.586,7.1872,4.5637,2.5996,0,0
5.1962,-5.8481,76.515,-107.05,-126.92,111.19,53.366,36.685,244.15,-200.53,143.62,-3.4042,-0.68598,0,0
-15.604,69.886,-54.631,55.45,121.73,6.6676,82.474,3.7785,218.85,-10.475,55.61,164.03,-28.039,0,0
4.7631,4.1095,-29.015,95.411,202.02,-123.58,27.148,-0.34342,-243.18,-180.8,190.99,-34.419,3.628,0,0
27.993,2.4059,-17.701,109.36,-165.73,92.366,103.79,-131.46,333.94,-278.56,-167.91,29.198,2.5123,0,0
-5.1438,-3.1417,29.691,-96.32,114.64,-16.783,-68.203,-116.94,-91.929,-157.69,10.646,27.414,3.7465,0,0
0,0,0,0,-48.401,-20.354,-16.333,131.07,0.49865,52.938,-211.41,28.897,-4.2679,0,0
-19.053,16.545,-12.885,36.831,-280.93,-12.619,111.16,105.49,-408.71,143.06,244.23,-2.3044,-3.5739,0,0
-11.258,-12.292,27.571,-77.36,105.71,-62.191,-384.62,-145.36,19.427,340.64,-35.195,-0.66474,-3.8382,0,0
0,0,0,0,135.68,78.121,-40.947,-63.382,129.97,47.081,-98.164,33.905,-0.81458,0,0
-15.494,24.056,69.656,-53.862,1.1089,133.18,-13.568,91,-65.89,-156.82,-189.79,8.7581,-2.3517,0,0
9.7697,11.616,-43.7,100.9,132,51.056,-141.74,-9.1439,19.889,75.024,196.24,41.755,2.4737,0,0
0,0,0,0,-220.54,15.643,-3.1055,19.986,-380.02,4.576,13.148,5.7162,3.7425,0,0
-1.616,-5.1785,-0.74311,-7.5413,163.88,86.401,232.83,-84.111,26.477,-171.58,49.886,-40.868,-2.8221,0,0
-8.264,-10.063,37.227,-42.132,142.16,203.75,-74.737,110.08,68.684,-162.21,-82.578,-86.459,-1.347,0,0
-3.7811,-57.273,10.017,-8.1241,-12.224,10.357,-145.22,-9.0462,36.467,126.42,-33.033,-51.046,-6.2279,0,0
0,0,0,0,-31.81,-135.57,332.35,-104.63,-52.48,180.63,-119.57,-32.964,-2.5724,0,0
25.797,-48.457,87.131,-197.34,34.236,-137.27,28.281,1.0411,25.85,-115.25,-10.07,-118.68,23.716,0,0
12.99,18.721,8.8756,89.957,-7.6263,154.93,-10.19,170.2,43.809,-125.96,-72.775,-54.728,0.54631,0,0
8.8131,13.335,-33.907,94.332,-93.135,-122.75,-182.12,22.118,-59.928,200.55,6.1209,-34.623,6.9638,0,0
-1.7321,-1.384,-4.2321,-30.021,54.148,-23.989,-102.4,51.865,255.3,-180.37,28.234,11.877,-1.2921,0,0
0,0,0,0,-112.29,-87.666,-147.19,-108.61,300.63,-521.3,-22.889,-7.2174,9.1495,0,0
13.518,58.632,27.638,-59.796,-62.724,23.901,65.377,32.375,188.07,-77.358,152.26,-53.599,-1.2127,0,0
2.6368e-016,6.6613e-016,1.4988e-015,1.6209e-014,-222.11,1.6928,-165.95,-97.453,-47.58,191.6,11.719,-3.4043,11.295,0,0
13.07,56.413,15.961,9.7147,23.221,173.66,113.01,-258.72,-65.504,-230.18,29.259,50.017,4.1864,0,0
0,0,0,0,153.57,98.511,163.77,-210.44,21.854,-209.22,49.835,-27.404,-0.52396,0,0
5.2599,4.3995,-28.048,20.225,51.472,-183.46,-14.634,-27.351,54.583,-196.95,169.72,-135.78,12.191,0,0
1.7321,1.384,4.2321,30.021,-121.16,-56.587,-78.149,4.0474,277.27,-57.789,-82.243,-34.064,1.0541,0,0
5.1962,7.4821,-2.8187,-21.44,-0.50393,128,-57.073,-86.393,-182.19,105.03,-22.21,-8.2906,-7.707,0,0
-2.5981,-91.743,-30.72,-257.21,130.53,-121.39,118.92,75.449,152.87,-133.73,62.848,173.45,-22.991,0,0
0,0,0,0,20.038,18.451,105.27,139.04,268.45,-117.23,-8.8479,12.402,-0.51402,0,0
11.258,12.292,-27.571,77.36,175.6,-27.045,-11.584,260.45,98.136,301.91,46.965,-11.33,4.2901,0,0
2.1283,8.3346,16.668,-35.841,51.478,83.35,-5.1363,-212.02,-22.171,126.66,75.394,81.736,-28.66,0,0
12.373,-36.864,141.13,-242.58,108.65,86.911,-19.23,110.35,-21.203,156.37,-161.75,35.704,11.356,0,0
4.6046,-9.7909,-7.0066,1.1651,129.9,-83.733,-223.89,-284.42,-209.9,98.012,162.2,-12.381,2.3206,0,0
-0.60705,2.6528,77.218,-19.472,30.601,-264.63,298.58,205.05,159.59,-113.11,-55.148,-39.963,-13.527,0,0
9.6905,20.789,7.134,-161.18,-128.8,75.658,158.22,40.909,29.614,-144.14,-89.321,-30.571,-5.4886,0,0
-15.853,-0.29608,125.44,-17.843,137.26,-2.5998,-85.87,-19.565,-39.814,93.298,17.199,-1.1109,-1.5069,0,0
10.551,-11.761,-7.436,58.626,-46.243,-257.39,-24.94,12.092,35.019,-9.666,75.155,113.84,-15.008,0,0
11.813,14.401,-16.719,-104.34,-329.41,140.84,-13.475,-58.612,-5.7086,-413.98,6.3355,20.945,-7.8379,0,0
-1.5099,0.66506,0.021234,-2.0413,-3.8505,-78.155,1.0079,158,167.47,-198.87,100.75,-44.754,4.7123,0,0
3.0679,-12.954,-15.691,132.62,-85.964,-73.687,-67.739,-20.575,13.707,192.18,-183.03,-11.389,2.9928,0,0
-8.2272,22.173,-15.722,15.502,87.37,5.7285,148.45,336.79,-69.674,73.757,36.194,31.972,7.9498,0,0
-3.0368,-38.833,7.7027,-290.27,181.38,66.356,-40.361,356.82,-23.433,153.33,-75.643,-9.9085,9.2631,0,0
-9.5263,-14.975,35.004,-93.173,35.524,103.56,-141.42,-46.667,-306.27,135.42,-76.368,-5.6477,5.2231,0,0
0,0,0,0,163.03,-273.89,-81.938,159.37,-77.538,266.79,36.409,-12.849,-2.3296,0,0
0,0,0,0,77.039,128.62,-287.67,-30.916,-98.812,142.8,15.43,-17.372,-1.0027,0,0
5.0433,5.9518,-3.5487,-20.793,-31.63,162.22,29.811,-36.57,-342.68,294.29,-67.81,0.40096,7.9357,0,0
2.5981,6.616,-16.453,26.535,175.86,14.183,-118.74,-250.58,77.995,-251.05,65.708,-26.608,-4.5688,0,0
-6.0622,36.285,-4.5346,-66.417,-69.071,114.5,41.56,236.88,-118.43,-2.8263,-71.028,-186.01,17.113,0,0
-19.713,5.5173,10.457,-88.545,-139.49,-66.104,67.247,-150.19,-245.88,124.51,177.16,-8.5635,0.54279,0,0
0,0,0,0,36.786,-125.93,-82.848,317.49,175.34,176.54,-41.141,-15.456,7.9396,0,0
-7.3612,37.925,-148.78,149.39,-143.98,20.454,186.62,-76.89,-14.073,-242.18,76.782,29.928,1.463,0,0
-22.116,-52.238,-21.655,-72.475,56.447,146.98,301.25,39.991,-68.648,116.15,217.8,117.62,-27.103,0,0
14.289,18.281,6.1633,-107.87,123.52,24.95,-33.476,-159.01,-45.978,-18.749,-145.51,9.5342,0.57564,0,0
-9.9593,0.18958,2.8792,-4.4527,-252.25,-119.71,-15.912,-57.946,284.36,-280.43,97.256,-65.521,5.8205,0,0
-11.258,-12.292,27.571,-77.36,64.41,12.886,146.88,-146.08,-27.176,-105.51,-20.654,7.9028,1.1555,0,0
7.0401,-3.6157,14.553,-88.523,17.536,168.02,141.01,-38.098,-103.77,277.4,-23.251,20.44,2.7662,0,0
5.0957,-5.2521,-27.462,38.23,-56.43,-27.518,261.31,-109.52,228.51,137.47,135.82,-163.47,-34.137,0,0
0,0,0,0,-232.5,-10.512,80.116,-16.666,-108.99,-152.24,3.3873,6.9429,1.0817,0,0
0,0,0,0,-178.79,31.254,88.352,-31.838,-180.44,-74.559,-38.679,5.7296,-3.1304,0,0
-6.1062e-016,2.7756e-016,9.992e-016,7.1054e-015,93.033,80.035,-0.70478,-36.261,-2.7613,114.91,-99.787,67.499,5.7213,0,0
6.4952,-15.691,-78.076,-120.16,14.844,58.569,71.701,109.43,-109.19,-375.25,-11.537,-243.62,18.243,0,0
7.4037,-11.381,16.588,71.932,-82.445,-125.78,86.958,-39.282,86.022,144.17,9.7046,-1.0506,3.7491,0,0
22.95,-78.213,-17.976,-27.559,-13.139,9.0387,47.733,217.42,-1.7575,-25.859,-108.53,-161.43,19.685,0,0
-12.99,17.149,-10.252,-54.728,128.45,-21.688,-5.2377,-31.884,199.47,-201.31,-135.45,14.438,7.7132,0,0
0,0,0,0,13.995,29.767,-393.96,101.31,174.61,-16.04,-10.257,-9.2255,-4.6274,0,0
0,0,0,0,100.53,96.331,-9.904,-125.16,-194.64,201.17,18.486,-18.961,6.9829,0,0
-0.60705,2.6528,77.218,-19.472,73.762,-31.774,30.898,-125.69,112.5,-38.952,26.938,4.5309,-1.0882,0,0
-4.7631,-4.1095,29.015,-95.411,-14.197,-75.259,-96.817,-62.181,159.85,-51.567,24.495,-8.7482,-3.7111,0,0
-19.713,5.5173,10.457,-88.545,217.55,100.81,-174.65,-148.4,-36.147,483.13,-0.0028302,-9.1388,-8.0069,0,0
2.5613,-6.1181,35.714,-109.91,318.18,-80.126,-247.63,-50.772,88.615,-187.01,13.375,-27.521,1.5888,0,0
0.33253,14.064,-1.8074,-134.8,275.93,157.07,237.93,-145.31,-199.45,-338.35,-197.96,-32.662,-1.2931,0,0
-1.5099,-9.9821,-14.059,100.01,126.88,-121.9,-277.21,88.823,-28.527,66.093,28.332,60.625,3.5156,0,0
0.43301,1.6405,16.422,-23.51,-164.21,162.74,-76.182,154.46,-252.87,-67.103,28.242,49.792,-1.2756,0,0
-1.8056,3.4196,2.7766,-35.179,33.47,87.414,-186.49,173.86,285.83,297.7,1.4376,0.97997,-3.9632,0,0
-1.7321,-1.384,-4.2321,-30.021,150.27,188.76,31.294,-186.71,-147.37,-116.18,25.641,-7.8122,5.0981,0,0
9.3579,-8.9985,-25.228,-47.304,55.401,-13.981,-172.48,11.211,-64.667,-107.69,89.494,4.9102,7.6134,0,0
9.5263,19.317,5,-160.47,-33.41,-77.544,208.24,-198.98,-443.79,-53.112,-92.731,-11.932,0.30529,0,0
-5.1905,-3.7883,14.362,-161.24,21.143,134.73,-45.106,-154.86,70.692,206.07,-184.97,-9.2707,6.68,0,0
21.007,-9.6865,-25.405,195.79,168.46,160.63,-110.84,21.961,-207.59,29.761,54.937,-10.114,3.2858,0,0
-14.289,14.74,-4.9037,-58.832,-95.91,-210.79,130.84,2.2208,175.07,-11.318,26.379,-12.121,-0.029651,0,0
0.9028,-7.5993,-2.3493,23.372,130.91,-94.712,113.64,-22.054,297.25,120.56,-39.706,-29.062,-2.9716,0,0
5.4764,12.757,7.7258,-88.474,108.03,43.236,79.808,-236.63,-109.68,-69.911,-213.52,14.85,1.1875,0,0
18.461,-17.976,19.569,-0.35946,-169.87,-169.05,41.463,-312.59,-14.54,218.85,-48.708,-19.014,3.7141,0,0
-11.539,13.769,-14.718,16.15,185.26,9.9617,-75.593,7.1816,-149.88,220.72,-252.3,-6.6234,6.2272,0,0
46.796,-20.389,-137.73,199.16,5.6688,75.319,73.215,-93.59,47.066,-63.197,-31.225,128.46,-17.118,0,0
-10.825,-8.3349,3.3546,-65.43,-408.32,21.228,11.305,2.2952,-236.96,271.8,-0.3741,16.491,-0.50745,0,0
-1.8056,3.4196,2.7766,-35.179,-19.929,23.856,22.571,20.759,-79.182,-256.88,-169.12,26.591,4.8774,0,0
6.4952,3.0425,-56.96,99.694,-36.934,81.106,-133.85,-131.42,-253.52,163.19,52.762,-119.02,15.311,0,0
0,0,0,0,57.717,37.279,-216.69,38.71,-10.124,-37.344,-15.141,37.296,3.4402,0,0
-3.6749,-7.5245,-15.485,35.618,-179.08,-116.23,-180.95,-10.094,-120.61,-49.007,17.345,-22.276,-6.0317,0,0
0,0,0,0,26.742,12.342,-137.74,137.85,167,-171.37,9.1945,17.905,-2.3379,0,0
0,0,0,0,-98.779,-339.76,-64.874,-41.87,-133.59,-182.97,-25.726,13.657,1.558,0,0
17.321,-10.472,-13.676,-74.775,36.314,-208.47,-347.8,-52.859,162.26,-96.762,106.03,-16.064,5.5918,0,0
10.847,156.99,61.005,-7.437,-13.936,4.3762,-30.807,427.87,33.419,-129.08,133.26,66.127,7.1191,0,0
26.843,10.474,-5.0708,-109.49,109.4,-16.405,89.772,-404.63,-128.49,-305.01,73.12,-54.434,1.4261,0,0
8.755,0.23446,3.8595,-9.7778,-117.92,-149.89,119.24,29.585,5.7342,-112.31,-47.038,99.179,-3.3029,0,0
0,0,0,0,-143,-5.3066,201.85,12.069,-99.054,23.35,-17.307,39.3,5.8024,0,0
0,0,0,0,244.41,-145.52,-6.5561,-29.832,-203.19,-75.478,-87.948,-1.0703,7.4991,0,0
0,0,0,0,122.97,-23.914,39.068,113.21,-476.28,-167.82,-11.569,3.8178,1.3035,0,0
4.5254,12.099,1.7198,-36.051,-13.677,222.42,-229.13,-118.12,-11.558,192.86,-49.606,26.051,0.65465,0,0
-2.6136,-30.382,-74.485,9.4639,22.911,76.56,85.069,-81.62,132.22,127.76,-154.65,79.969,-26.27,0,0
-15.008,1.0744,-63.057,-12.717,213.88,-55.588,-69.274,183.31,-367.54,231.54,-42.353,-40.277,4.4082,0,0
-25.785,-1.9483,-79.229,-3.3016,-83.236,215.09,-117.25,115.25,19.633,-131.86,-319.23,55.361,-4.1585,0,0
-17.357,15.367,-6.974,-18.089,446.21,195.49,-4.3876,-63.372,251.55,149.77,-126.8,4.953,2.8058,0,0
-1.5099,0.66506,0.021234,-2.0413,-85.999,457.42,-88.428,73.753,196.07,252.55,128.06,67.779,15.185,0,0
0,0,0,0,-243.43,-90.092,-40.964,127.36,186.28,-234.88,-33.305,-6.1022,-5.5832,0,0
0,0,0,0,-57.266,94.337,-293.34,198.13,62.054,-424.69,18.682,62.578,0.42084,0,0
-12.368,16.743,-11.128,-54.981,-24.925,-87.072,78.104,-19.713,28.663,0.53285,-53.255,-43.088,14.167,0,0
7.4037,-11.381,16.588,71.932,69.532,-294.3,175.65,-114.35,-133.21,-199.62,40.535,-4.9671,-4.247,0,0
21.651,10.431,0.084936,135.08,116.13,-132.26,11.036,4.2295,19.451,243.46,-141.42,36.124,2.4734,0,0
4.6046,-9.7909,-7.0066,1.1651,157.91,25.469,72.899,175.32,-99.255,-29.603,-15.937,-1.1166,3.6675,0,0
-0.93958,-10.728,-11.395,56.798,157.07,-60.129,52.144,101.99,231.6,-41.812,221.27,-8.3678,3.0511,0,0
-12.124,-8.2434,72.687,-93.982,33.082,-208.69,227.6,66.438,274.41,-28.155,16.046,-128.52,12.138,3.9968e-015,6.6613e-016
11.374,18.737,35.426,142.51,-17.247,-158.24,85.494,199.26,213.29,85.12,-2.1909,28.254,1.5407,0,0
3.0311,1.366,70.092,160.66,-233.74,-25.771,-144.73,44.749,-60.79,-81.872,-18.472,-63.221,4.799,0,0
-1.8227,-36.551,127.32,50.665,-115.43,-34.689,109.83,89.126,-121.71,-61.483,171.67,192.53,9.9884,0,0
0.77123,-9.1271,69.457,-125.5,75.813,-194,-11.194,-7.3338,-58.041,-287.76,127.14,-66.576,-0.024283,0,0
2.9306,-1.7643,8.7844,5.5042,156.81,-86.75,-381.42,-95.638,-116.58,185.2,-0.67481,38.041,-3.6803,0,0
0,0,0,0,51.893,113.52,-148.1,315.83,53.04,-3.9713,-6.02,-2.7545,1.1696,0,0
1.2623,5.3705,8.1994,-2.5312,-14.564,-106.94,161.43,34.494,-149.91,-395.36,-1.8543,-13.034,-6.8341,0,0
6.4952,3.0425,-56.96,99.694,79.055,142.63,-168.83,-101.34,-131.07,-236.59,-52.894,-0.81763,0.98446,0,0
8.6603,-27.472,-6.3888,-159.22,-152.39,-99.394,79.883,-101.49,-296.71,-207.27,-43.46,31.956,1.628,0,0
-19.486,4.7828,-18.198,-157.69,122.88,-165.8,-288.94,-175.01,-205.35,313.39,-5.2427,11.14,6.0461,0,0
-22.273,0.84294,-16.426,-73.769,240.67,-170.3,-57.039,66.893,-131.29,-122.68,35.263,-6.1046,3.0176,0,0
-1.7321,41.454,-46.775,9.1016,-58.555,59.658,-71.246,-69.874,-13.009,86.882,-133.43,1.3313,-1.8151,0,0
-2.5981,-6.616,16.453,-26.535,-169.43,-69.58,-14.364,-85.846,199.44,287.17,-134.91,26.104,1.3427,0,0
-2.6349,-12.283,-9.7336,-216.46,158.69,-141.83,-6.6213,1.186,93.1,206.73,-32.561,-14.116,4.0625,0,0
4.6046,-9.7909,-7.0066,1.1651,-8.7296,456.96,10.649,154.64,-86.454,17.851,-27.246,-36.173,-6.0279,0,0
-4.7631,8.5377,67.085,-52.536,-3.2877,66.907,-251.87,79.102,12.479,-66.673,192.02,-13.491,0.90192,0,0
-13.423,21.296,-2.1064,24.7,53.696,67.772,-411.69,113.65,-162.63,-6.7536,-185.63,9.3492,-6.3891,0,0
9.5687,-4.5021,34.539,215.44,-134.74,-79.881,81.771,-118.87,106.71,190.13,-70.146,27.925,-10.194,0,0
14.765,19.698,-0.013698,127.95,-112.27,-20.542,-112.89,-84.549,153.88,-176.91,-85.935,215.09,-27.35,0,0
2.2231,33.699,-43.362,94.243,125.97,15.383,46.653,217.2,-337.99,199.34,94.463,-25.016,-0.080449,0,0
13.412,3.0676,-89.376,106.74,5.7661,125.45,-390.18,217.48,-459.44,-83.397,-115.81,-17.181,8.5697,0,0
-1.2042,0.375,-26.201,0.64286,39.439,-332.41,311.02,14.12,-29.159,93.144,-157.8,7.9993,-5.747,0,0
-4.7631,-4.1095,29.015,-95.411,73.289,-59.564,-117.57,37.308,-374.46,-44.441,-31.15,-28.905,1.6235,0,0
0,0,0,0,-27.468,226.66,-9.3812,248.13,-115.64,-114.21,25.808,8.4498,-6.8864,0,0
-22.422,25.754,63.416,-44.45,-216.6,-73.821,1.6463,-107.24,2.1793,-31.185,-194.64,86.026,-16.596,0,0
0,0,0,0,117.72,-137.28,64.197,-209.34,-307.17,-108.66,3.3856,-9.2712,7.7958,0,0
1.6953,1.529,5.3938,31.84,-68.199,-43.942,-165.65,-218.62,-27.069,165.64,-183.02,48.795,5.803,0,0
6.7697,-1.6014,8.5,-36.494,47.547,-55.685,-196.08,-44.007,-91.373,-136.83,19.511,-12.124,2.7042,0,0
-14.289,14.74,-4.9037,-58.832,34.946,-347.53,79.204,-55.446,-197.98,-8.7804,41.166,33.36,-8.3857,0,0
0,0,0,0,-33.373,16.58,41.61,-481.45,313.81,68.966,-9.9593,-5.1768,3.0984,0,0
21.745,-12.122,85.506,129.08,12.729,227.82,25.486,43.724,-18.053,308.37,-131.93,-12.744,6.171,0,0
0,0,0,0,-83.779,-73.424,-26.343,-122.36,108.21,87.886,25.709,36.803,-6.9748,0,0
0.86603,57.667,116.28,-0.56875,43.678,-0.01127,286.48,97.458,-112.3,-139.33,145.85,16.2,5.8289,0,0
1.991,4.1038,75.151,22.1,45.631,-44.611,29.546,-280.55,-10.702,67.323,-80.851,-1.4007,2.2408,0,0
0,0,0,0,-41.725,-112.59,172.94,-356.77,-42.936,120.73,111.02,-1.0175,-6.5021,0,0
-0.036779,0.14503,1.1618,1.8182,-254.62,89.625,-74.501,24.431,139.37,187.74,20.471,-36.551,-0.802,0,0
-14.289,14.74,-4.9037,-58.832,-107.47,147.31,-155.34,-170.17,35.289,-11.837,301.27,-42.238,4.5359,0,0
4.7631,-28.087,3.6784,91.238,-10.228,-33.817,-79.407,213.93,121.25,54.477,-80.27,-119.99,21.879,0,0
7.7942,99.359,-83.881,143.19,19.58,95.312,-14.669,261.04,-27.434,-139.21,229.69,168.15,-22.5,0,0
1.3203,-5.9318,4.9874,18.595,-41.635,117.44,-33.934,86.759,133.23,-17.429,26.686,-12.588,-1.7671,0,0
1.7321,1.384,4.2321,30.021,35.225,38.866,105.81,-279.21,345.25,-6.3474,-12.63,46.812,10.401,0,0
7.4037,-11.381,16.588,71.932,191,-2.746,192.29,-114.56,37.175,442.72,34.972,-17.04,-17.184,0,0
9.0083,7.8529,-94.916,130.83,-43.772,112.54,-35.149,-325.51,147.06,114.96,-104.33,56.292,1.9325,0,0
0,0,0,0,-20.6,366.34,106.67,118.79,60.569,-20.356,49.949,-16.739,-2.4047,0,0
0.9028,-7.5993,-2.3493,23.372,156.15,-119.86,115.01,77.398,-122.72,267.22,-92.382,-26.234,3.4611,0,0
-32.271,4.2559,15.403,-134.57,-92.479,-66.509,-94.421,-167.5,-95.594,-274.68,-73.646,-45.266,-5.0228,0,0
0,0,0,0,-139.93,-191.8,202.25,-152.37,-89.725,-20.294,-10.735,31.271,4.8446,0,0
-4.7958,-46.125,-0.9875,-114.17,-10.238,62.07,-160.08,151.25,-133.06,-99.783,135.16,-224.13,-20.336,0,0
0,0,0,0,-114.27,-224.84,107.95,-197.05,-1.2078,-201.29,83.515,30.754,-0.90521,0,0
-1.5099,-9.9821,-14.059,100.01,-5.6841,-104.56,165.09,138.22,-128.53,195.47,7.5385,-17.742,-2.4908,0,0
-1.0245,-2.3693,-11.203,-108.17,-14.655,57.582,-202.89,1.004,-117.34,-131.07,-365.69,75.059,5.9803,0,0
4.6046,-9.7909,-7.0066,1.1651,-191.13,20.848,-129.37,47.283,-219.36,2.9692,87.065,1.028,-1.2431,0,0
-1.3301,-15.96,-213.09,-5.8015,-130.4,-67.582,174.72,62.57,335.96,-127.11,-189.42,128.46,-27.286,0,0
-0.53349,-10.663,-69.236,-130.7,104.58,-169.9,-117.94,25.519,55.715,-8.4284,27.089,-87.12,63.86,0,0
-8.2272,-25.685,73.818,19.961,202.92,-61.07,0.39168,18.93,-61.924,70.812,12.243,-167.38,30.633,0,0
0,0,0,0,53.325,-113.33,74.716,-116.48,-345.92,-159.38,4.8015,8.0909,3.1065,0,0
2.1283,8.413,93.411,21.023,100.83,82.975,-17.598,13.023,-112.76,350.85,-137.72,7.5345,0.68718,0,0
4.3301,-21.789,-141.71,-44.79,-23.383,-86.9,83.096,-30.621,-125.7,-43.651,-51.116,69.376,-5.4175,0,0
-8.2272,22.173,-15.722,15.502,-52.626,-19.355,65.322,-23.451,-157.24,99.895,43.855,7.2386,1.8215,0,0
31.488,42.628,14.371,-126.33,279.69,45.999,-44.941,-110.91,-16.539,343.65,-85.163,-11.198,1.1214,0,0
2.4028,1.2177,33.43,39.461,18.168,96.596,-99.768,44.471,-171.99,-250.55,286.05,78.319,-19.363,0,0
-7.5353,7.8179,-2.9199,-5.0661,-56.637,-78.801,169.82,187.78,28.972,13.531,-55.185,14.248,3.7458,0,0
-18.62,27.992,0.38878,99.428,-194.96,-54.556,74.39,-0.93357,-204.64,21.152,199.95,128.14,-12.505,0,0
7.4037,-11.381,16.588,71.932,-67.981,88.907,90.412,270.2,158.53,107.93,-95.42,24.846,-9.2386,0,0
-18.958,33.883,40.025,-142.54,40.945,-28.053,-70.879,-46.901,-206.87,235.48,51.184,-107.23,-29.602,0,0
6.9282,4.1405,-11.216,-35.49,-144.11,146.2,101.8,33.9,37.371,144.07,-68.584,29.186,-0.61538,0,0
0,0,0,0,28.66,3.9788,-30.543,-115,275.6,313.81,19.255,-7.3738,-1.683,0,0
10.825,12.951,-33.461,82.691,-161.34,114.74,-272.05,62.07,221.51,-282.87,37.106,-14.398,-2.3487,0,0
9.0565,-25.242,1.2191,194.3,-146.61,-60.944,143.25,62.812,108.68,16.532,69.926,-2.5416,1.22,0,0
-3.0679,-2.5804,34.409,-63.572,-189.15,120.76,-154.05,59.053,-148.63,33.082,29.019,13.151,-2.2823,0,0
-0.67075,1.0568,-6.0924,-4.2243,-4.5969,289.89,183.02,57.823,237.9,35.035,-233.43,-17.904,-5.9967,0,0
-30.829,-22.093,65.69,-61.848,-34.739,39.822,-182.14,234.34,-20.421,-342.82,169.63,42.787,-4.971,0,0
33.616,-12.98,17.104,-52.542,-140.53,69.091,52.708,27.362,153.13,6.7095,223.85,160.1,-27.199,0,0
3.0736,-8.6851,56.877,-91.16,-215.79,-192.3,115.61,-45.522,3.1016,-77.465,-76.526,-45.784,-3.9091,0,0
6.9282,-11.033,-2.0832,-78.595,-136.59,-215.9,58.477,-48.776,129.03,0.47181,293.43,-29.434,0.22044,0,0
4.3301,103.91,191.62,-145.37,84.463,-74.541,-344.78,141.33,-174.43,114.13,66.875,-36.497,8.7082,0,0
-13.856,13.039,-75.872,116.59,-13.959,-1.8562,13.026,-35.289,-141.66,129.17,60.753,34.889,-1.3574,0,0
1.6953,1.529,5.3938,31.84,68.809,124.96,19.432,115.74,-291.2,-81.556,-34.491,29.338,1.8691,0,0
-2.1651,-30.234,-28.116,223.18,50.286,227.39,-26.124,-101.17,-106.89,-286.38,-37.869,-9.0829,0.64383,0,0
-15.588,-30.408,219.37,56.125,16.537,-66.153,-111.29,-182.68,31.296,-82.537,-40.486,-19.049,3.8651,0,0
-0.23358,15.871,-20.337,150.55,2.4595,276.83,-229.25,74.375,-22.211,-99.149,-91.484,31.203,-67.606,0,0
7.1235,9.9898,-10.978,15.908,125.13,-582.76,65.896,-292.7,280.04,-48.201,-56.461,12.848,8.0129,0,0
-5.1438,-3.1417,29.691,-96.32,26.709,10.337,-180.21,164.6,-105.88,-143.88,31.514,9.1908,-5.6974,0,0
-1.0188,7.2999,7.9644,-17.494,-5.1974,-82.197,185.84,-42.892,-245.72,-463.42,-169.47,-6.5707,-0.78294,0,0
1.6953,1.529,5.3938,31.84,-63.214,3.5378,-112.09,155.17,173.84,-159.04,-86.705,209.27,21.129,0,0
-7.7942,12.66,-23.624,-55.69,83.498,104.34,-218.78,-146.53,25.629,-100.39,50.672,35.354,-4.351,0,0
-2.1651,-24.941,-11.583,-4.5801,-46.248,-12.007,-40.128,134.91,-49.253,175.91,-186.71,44.418,-1.8645,0,0
0.47548,9.5846,-40.236,163.6,180.44,144.88,-18.33,60.845,-364.33,-22.441,157.38,26.959,-2.9566,0,0
1.4943,6.3493,-5.3538,2.9767,65.002,119.69,10.8,272.57,331.24,-295.49,-43.699,14.855,5.6498,0,0
-6.5801,-0.049038,-38.806,17.339,-29.139,120.06,429.03,326.25,161.76,3.7615,2.6124,3.4097,2.8619,0,0
-0.43301,-10.507,2.2386,-8.2386,-197.69,158.7,-185.7,32.339,-0.82693,-270.43,12.012,-21.632,8.5924,0,0
3.4698,20.416,-132.69,72.067,-20.62,217.73,-147.07,-181.68,60.487,37.377,-166.86,-21.452,16.065,0,0
13.265,-11.595,179.94,-200.93,-209.47,249.88,41.533,280.49,207.16,287.23,-62.092,-43.112,0.43958,0,0
1.1986,25.296,50.983,8.7276,34.668,-140.09,39.513,15.393,100.48,-260.44,-162.24,135.62,-23.901,0,0
18.43,46.171,138.65,35.545,167.19,-319.3,48.356,-136.98,-81.362,-348.73,-38.508,-123.39,17.562,0,0
-11.164,14.533,21.031,73.896,122.16,-11.318,200.62,18.051,254.21,-295.07,-176.48,27.587,5.8705,0,0
0.43301,6.8056,11.275,-67.68,-168.37,220.61,40.152,-121.54,245.61,-37.87,-39.505,-2.2776,0.65849,0,0
0.63814,0.52035,-1.6283,0.032291,147.29,-88.065,-23.05,109.35,16.552,4.7171,-81.96,21.615,0.30385,0,0
0,0,0,0,-8.1537,-109.05,-7.4176,93.663,65.147,17.319,3.2198,-14.445,1.2799,0,0
0,0,0,0,23.616,0.07476,183.03,165.02,-17.999,-6.0463,42.26,57.258,-4.3169,0,0
12.795,-10.351,-31.896,-25.368,61.008,1.1525,-46.778,-29.523,-181.68,84.447,43.866,18.88,13.171,0,0
0,0,0,0,54.386,40.443,-94.656,-6.2795,24.842,239.04,-111.78,9.0734,6.1262,0,0
17.22,50.973,69.528,-77.605,133.89,104.64,93.225,33.664,47.009,14.152,129.47,-28.296,5.1941,0,0
-9.5263,-6.0179,-23.562,-82.703,-114.31,-32.858,-20.17,-18.951,-122.12,-84.54,113.13,38.356,2.3236,0,0
7.4037,-11.381,16.588,71.932,107.83,159.56,-248.6,-114.6,5.4566,32.018,6.0228,13.587,5.026,0,0
-26.7,-89.644,45.533,55.467,13.862,111.01,-150.38,-145.64,-93.939,65.684,73.179,139.64,-20.796,0,0
6.8914,8.3639,-33.616,103.01,54.983,-76.649,-92.309,-17.337,378.05,8.9387,67.881,-2.745,2.9432,0,0
0.69768,-22.394,28.264,-84.883,-73.79,3.4724,96.457,65.828,9.2271,100.3,43.274,-45.783,9.2371,0,0
4.6046,-9.7909,-7.0066,1.1651,-8.5846,-200.07,-44.402,87.47,-103.28,300.46,-0.45807,-28.335,-5.4827,0,0
-27.508,-3.4157,15.342,-108.68,125.32,216.09,103.14,187.17,-261.36,187.58,-83.917,-37.757,1.5167,0,0
-3.8023,-1.076,-24.134,-40.929,-114.53,-11.087,27.462,-342.99,194.12,1.3285,-127.39,-80.501,27.259,0,0
20.035,-91.686,-49.634,-24.989,-74.678,-114.38,59.93,-48.552,-24.756,-105.27,-32.388,131.04,-23.18,0,0
-10.825,14.843,-15.435,17.534,90.92,-38.716,27.921,12.809,404.26,-235.86,-62.298,-5.1459,-6.064,0,0
15.652,-35.188,-153.35,218.75,-103.01,-32.447,-102.44,87.122,-46.288,-148.67,15.229,38.517,0.27725,0,0
7.3612,-26.771,-4.1747,162.46,-56.542,111.43,160.98,44.284,-55.016,-143.32,-50.636,29.595,-1.8681,0,0
-14.527,13.23,81.747,78.087,8.2139,-199.32,-37.89,-279.01,-166.41,228.23,-184.96,37.948,2.5841,0,0
0,0,0,0,-181.21,-275.47,156.71,200.51,137.34,-52.016,7.264,-19.266,-4.7249,0,0
6.4952,1.7255,-7.8546,-3.549,-79.074,-45.414,-71.795,-98.483,-259.85,93.409,43.755,32.358,-1.101,0,0
12.109,-24.826,-11.305,159.4,-142.04,112.99,-131.88,145.02,-269.67,489.03,-80.939,4.1277,-15.832,0,0
0,0,0,0,-34.323,207.88,192.41,-219.39,-151.18,-86.948,-62.306,-28.592,-1.5832,0,0
-32.271,-7.5252,44.357,-204.09,-34.569,-43.507,87.529,-196.74,-228.52,26.102,-14.026,-18.722,-1.832,0,0
-6.099,0.71202,-39.91,-80.023,64.443,-38.915,162.52,206.5,4.0492,77.72,151.19,143.23,-28.296,0,0
0,0,0,0,16.485,-11.466,236.27,-127.23,-32.242,-73.714,-9.1392,4.8498,-10.764,0,0
26.959,-18.899,27.298,-126.19,-52.197,-6.7703,149.43,-28.226,164.13,-96.589,288.94,-21.894,-3.6944,0,0
0,0,0,0,157.1,-64.124,100.02,109.44,-76.939,242.16,-12.1,-42.037,15.014,0,0
8.2272,-11.343,16.118,70.997,-201.19,172.15,-173.74,24.664,38.55,-43.022,26.114,-19.096,0.44495,0,0
-26.214,30.35,60.221,-83.676,-186.56,-210.17,247.26,-21.534,-85.372,150.98,-157.24,134.44,-13.576,-12.459,9.5263
-11.496,-11.244,-13.979,-57.294,-168.17,-68.161,-55.849,112.36,-6.9053,143.1,267.57,271.7,19.013,0,0
0.43301,1.6405,16.422,-23.51,-0.73871,18.988,-251.56,35.584,-227.27,-186.39,31.248,3.1035,-1.6788,0,0
0,0,0,0,90.176,-122.87,-154.33,2.8493,164.13,324.48,-47.27,-20.476,-10.32,0,0
0,0,0,0,55.233,-30.391,-229.47,31.272,-154.46,15.18,-5.3643,-2.8792,-1.1029,0,0
0,0,0,0,119.56,168.35,51.841,143.5,-15.137,206.34,-20.279,10.895,-5.317,0,0
-3.5164,-6.7868,14.012,-150.31,-41.803,169.36,-87.673,45.488,161.81,63.335,-146.62,-3.6093,4.5194,0,0
7.8367,-4.5756,27.862,4.2512,-75.621,70.376,35.484,146,207.6,472.41,0.66215,-52.907,-4.7914,0,0
4.2296,-7.8983,0.88069,-42.879,2.7941,-352.16,264.4,182.81,-169,-96.187,20.999,19.275,0.11875,0,0
11.258,12.292,-27.571,77.36,-56.967,125.93,-119.59,-60.981,-77.306,219.63,37.34,14.211,2.1498,0,0
-6.4952,-5.2566,-15.152,-226.36,12.04,-324.22,279.77,127.57,-138.75,-63.995,133.54,11.846,-3.1031,0,0
0,0,0,0,48.485,-152.24,49.584,61.97,-112.61,237.41,23.207,-28.688,-2.0599,0,0
2.1283,8.3346,16.668,-35.841,59.383,20,188.91,-51.429,126.22,82.334,27.512,79.966,-7.618,0,0
9.5263,-6.8612,-77.772,16.174,-75.297,-379.77,-19.567,-73.22,6.0255,101.24,-60.736,143.16,-19.613,0,0
4.7264,29.336,32.204,-123.36,95.755,-86.518,-78.069,-45.122,95.849,-17.042,-6.3123,-43.792,-1.8078,0,0
30.363,0.13374,46.401,88.121,-36.025,-81.573,-8.399,178.92,-165.19,177.7,-92.033,74.618,-60.603,0,0
0,0,0,0,-151.36,156.76,-96.713,97.428,322.11,-28.382,-90.313,7.2371,-0.31338,0,0
7.4037,-11.381,16.588,71.932,21.387,254.05,-29.874,123.34,178.09,121.69,-5.5423,18.436,-1.5945,0,0
20.093,-30.602,-63.525,-167.19,13.373,-14.612,-93.362,96.477,-170.42,79.151,-6.2982,20.132,34.934,-4.4409e-016,5.5511e-017
-12.99,8.9961,32.134,24.16,6.0059,-196.86,-148.03,-11.223,20.759,-142.53,23.289,-8.1381,-0.73237,0,0
0,0,0,0,-48.41,-318.6,2.4999,272.82,-180.65,-273.16,19.457,43.953,9.1206,0,0
5.9037,-17.132,-9.9037,25.461,-84.153,5.236,-0.47636,240.79,13.053,-113.88,-173.39,2.0521,6.5756,0,0
-6.0622,-23.373,0.28109,-20.165,4.0556,132.56,179.34,-189.82,-155.78,-109.81,233.07,47.998,4.3107,0,0
10.271,-11.732,-88.75,136.04,132.51,-61.166,-298.08,176.82,123.01,-55.463,-25.312,-3.582,0.94944,0,0
-12.368,16.743,-11.128,-54.981,-92.987,213.87,-90.175,153.59,127.78,-174.63,-133.62,31.97,-2.9183,0,0
-14.442,-8.1445,-19.732,64.358,90.402,-237.67,-95.701,70.058,222.64,-121.55,-88.046,73.729,-33.035,0,0
5.1962,7.4821,-2.8187,-21.44,3.6917,-16.205,173.38,32.885,137.2,-77.453,-29.016,5.3054,-10.118,0,0
-17.918,18.108,-81.43,23.674,-141.11,140.55,-93.49,-150.08,40.971,24.407,196.85,-36.268,-0.20457,0,0
2.6887,7.8747,-81.712,50.647,-268.59,229.02,66.612,20.948,69.781,33.013,373.14,6.6031,2.2844,0,0
3.4641,6.9462,84.875,-22.187,87.743,-10.145,131.21,-236,-37.375,115.32,-48.516,9.3944,7.279,0,0
0,0,0,0,28.6,44.408,-130.96,-134.1,-35.857,-22.811,-24.66,-40.42,12.122,0,0
7.7942,-3.2305,2.1076,24.411,-132.8,-6.0345,-183.39,73,126.98,-260.38,-15.314,14.507,1.2425,0,0
-2.2288,-22.545,4.8441,61.024,232.73,-196.11,41.777,-230.79,141.8,-72.706,-8.0096,245.54,-22.885,0,0
-21.034,16.756,31.791,9.6229,8.8232,-35.092,150.85,-105.74,-129.97,-97.685,10.634,-54.304,3.2129,0,0
-19.955,-1.3287,-18.961,97.426,-78.381,106.75,217.79,133.18,189.71,-224.68,241.27,-58.674,3.6698,0,0
-10.392,-0.3774,89.78,-32.345,10.911,-40.607,-88.238,-17.981,64.752,230.02,56.233,-7.9521,7.5167,0,0
8.4494,7.0963,69.971,98.308,163.4,65.002,143.18,-59.438,-191.2,-42.927,-53.368,-17.936,-11.806,0,0
10.392,-9.2697,-11.855,44.031,1.539,42.542,86.158,131.27,26.75,85.152,10.216,-29.641,-3.7776,0,0
10.825,-8.3139,11.113,-83.396,42.224,24.946,-107.39,62.915,210.81,145.18,-128.24,34.247,-2.2607,0,0
1.299,2.5981,-2.5867,78.511,39.358,35.879,8.1088,-87.68,-141.08,-325.91,-137.74,-33.934,-2.5,0,0
0.86603,-14.147,-14.172,91.976,-277.65,40.822,-41.835,-15.397,-190.26,101.86,-35.498,-35.699,6.1483,0,0
-4.3301,31.93,9.4313,158.64,-31.114,110.09,216.84,74.796,-85.273,-46.105,19.057,50.551,12.767,0,0
-14.289,73.45,-208.37,-13.314,-71.022,-14.252,-16.47,170.08,-90.159,-93.503,12.779,-21.71,4.3457,0,0
8.2909,19.351,20.655,-87.529,-38.227,-65.832,16.462,-66.543,26.724,140.35,130.04,-71.063,-0.49111,0,0
13.856,-25.454,153.8,51.989,-16.493,-65.299,-8.8167,-81.027,-18.748,101.03,-155.28,-29.094,67.499,0,0
-5.6292,10.606,5.6681,6.2518,-46.398,4.4502,-7.1019,79.148,306.35,62.033,75.655,-187.41,-95.239,52.029,-25.331
1.7321,0.073557,6.6764,211.18,97.547,20.154,192.46,-212,320.46,-232.34,106.73,34.999,-4.6017,0,0
-6.4952,10.917,-149.34,-44.949,57.592,-9.3929,-233.31,76.9,107.56,-260.04,57.706,-58.051,1.3394,0,0
13.856,59.123,33.034,-62.969,54.598,57.53,-76.082,-159.47,127.02,151.24,-21.474,8.6373,7.3296,0,0
0.43301,-93.64,116.19,57.505,11.253,-75.348,160.21,-248.14,96.963,101.52,93.147,-20.762,7.317,0,0
2.0066,-9.3448,18.549,-113.51,79.528,-268.55,-112.64,77.85,-169.46,-221.96,110.18,179.19,-27.119,0,0
-8.3122,-43.381,-135.77,-59.63,33.378,87.032,-74.409,-73.197,268.95,-154.91,-207.31,5.0414,4.4369,0,0
14.289,4.1454,-15.35,61.437,-208.18,-26.847,65.968,235.52,12.643,104.71,263.08,-3.0865,3.6956,0,0
-8.8187,-6.3675,163.87,5.5091,26.854,216.89,-63.415,-23.327,-100.44,291.64,-74.335,-52.28,3.8881,0,0
12.182,29.044,-27.168,-7.0834,112.93,-183.01,-60.367,-211.3,41.601,35.725,152.99,187.67,-29.145,0,0
1.7321,1.384,4.2321,30.021,105.38,23.006,60.611,166.2,261.24,50.551,2.9593,9.8619,-11.229,0,0
9.9593,-9.9593,20.35,101.02,88.162,77.11,-102.95,151.24,157.08,72.809,13.502,2.951,-1.0736,0,0
-1.299,87.792,31.628,-1.1322,160.79,6.7802,-215.42,69.211,123.91,-9.5606,-205.64,-197.01,10.286,0,0
-5.1962,58.391,96.439,-37.324,78.561,296.83,-87.866,100.86,-382.96,-341.32,-64.524,-28.481,-6.0936,0,0
19.053,-74.158,70.187,-99.252,-90.341,139.97,-46.979,-14.641,41.688,23.211,14.31,33.638,1.6032,0,0
9.0083,7.8529,-94.916,130.83,78.797,-140.91,-174.22,78.008,-226.73,-161.64,185.87,2.1787,0.69471,0,0
15.155,-11.673,143.66,-42.72,-73.772,65.62,-46.7,210.73,91.657,34.996,206.02,38.728,6.2506,0,0
-14.95,9.6268,-18.558,6.8659,90.039,-25.598,-121.66,-72.793,174.6,-163.18,-45.775,-0.70008,2.7635,0,0
-9.2885,-10.818,-43.324,159.57,-129.3,-211.63,158.12,-6.3336,87.705,139.58,-277.6,-38.649,-1.4235,0,0
-13.271,47.723,-33.273,-64.71,-202.36,19.716,-11.726,-56.583,-74.283,143.34,-34.577,47.832,3.55,0,0
0,0,0,0,62.86,-92.518,-21.712,225.88,-429.39,15.967,-19.32,2.2219,2.326,0,0
28.579,19.364,-7.8187,56.261,-162.17,69.343,-66.335,175.5,7.8302,171.15,162.59,-69.614,0.089424,0,0
0.65521,-30.99,-40.039,149.67,-152.87,-52.901,-21.427,32.871,-4.7451,92.845,-96.604,-63.949,0.098956,0,0
-16.887,32.827,-143.98,-86.813,14.805,226.01,-112.41,119.36,-63.576,155.59,260.64,-24.713,7.7512,0,0
-0.43301,-1.6405,-16.422,23.51,-127.41,-202.7,181.72,-161.76,-15.167,151.96,-6.6251,-0.6516,8.8905,0,0
19.919,-16.588,1.4952,-233.25,38.792,-72.093,124.15,108.71,-159.72,218.91,-289.19,-3.9675,2.1029,0,0
5.5511e-016,-5.5511e-017,9.992e-016,1.1269e-014,109.86,-49.005,71.884,204.74,-151.21,-190.67,-3.2657,-1.7856,0.87708,0,0
4.7631,12.471,21.518,246.09,457.85,58.54,-24.777,-288.9,-24.4,341.5,-156.21,15.13,5.3971,0,0
-7.3612,-2.134,-96.249,-114.9,-183.72,-61.313,-146.27,230.43,252.95,9.2237,-48.359,-42.595,-0.86042,0,0
2.5981,-37.803,-4.32,64.623,4.7812,-20.695,-62.988,64.28,65.592,-207.95,12.669,13.283,11.189,0,0
-0.28021,-6.9964,-35.718,-117.34,-35.61,163.99,-200.35,145.77,-31.092,-219.84,-3.5205,-22.775,3.9874,0,0
0,0,0,0,36.064,160.64,111.25,237.61,-94.444,-202.17,-19.115,40.95,5.3425,0,0
-14.722,-98.54,-151.13,-257.54,-200.18,-151.27,17.356,122.31,-224.59,-153.8,13.767,-41.751,-5.4372,0,0
-30.396,-115.55,-30.568,68.152,-12.995,10.062,-166.77,175.76,-545.16,-89.19,-17.018,-8.6625,0.093911,0,0
0,0,0,0,-77.365,64.596,150.19,-75.352,-93.263,-62.579,-50.335,-17.407,-1.0685,0,0
-21.651,-7.2237,8.4707,26.526,125.99,-192.94,53.515,12.935,311.45,122.07,-237.6,-69.905,9.0893,0,0
12.99,93.546,48.771,59.666,-59.912,8.7247,-30.565,-356.49,119.1,5.4368,-47.686,46.842,4.1606,0,0
20.98,93.724,96.028,177.01,-22.285,-205.29,-99.093,-37.556,-10.028,59.666,-167.23,-24.172,-1.001,0,0
-10.392,14.807,-154.29,-99.181,-10.739,-8.0502,149.09,-207.44,116.83,348.97,66.957,11.137,-2.9703,0,0
13.423,-7.5508,6.0377,-6.2697,-12.307,-86.795,17.409,-20.979,235.99,-16.768,-150.55,-103.71,-43.032,0,0
17.321,-0.78766,17.721,-92.197,169.31,-8.8028,19.307,103.49,99.172,362.92,375.11,148.29,-11.096,0,0
3.4216,-5.0822,14.635,-50.783,81.104,110.97,-344.01,340.49,82.209,-41.28,-180.68,35.567,5.5497,0,0
-2.3292,8.7581,-82.887,107.57,236.21,106.35,-211.74,21.662,28.209,104,-284.11,-166.36,17.591,0,0
1.1986,35.187,27.171,-70.814,-89.79,-112.07,-141.8,-125.6,118.29,-105.73,16.947,167.51,-4.6166,0,0
19.512,-16.74,31.242,-126.06,-21.975,-117.22,282.82,71.173,-7.8008,-146.24,222.19,211.23,-20.747,0,0
6.7697,-1.6014,8.5,-36.494,-160.5,-259.47,283.04,291.63,-84.15,58.508,406.97,-54.828,7.5356,0,0
22.364,5.0171,-9.2694,260.21,232.82,-143.37,141.41,-8.8407,-9.6405,210.05,91.287,-50.39,2.846,0,0
5.2428,1.3765,5.4453,-100.85,-7.0153,-73.434,42.92,-219.42,401.5,-95.086,-245.21,45.516,-18.051,0,0
6.6112,-16.522,15.375,63.456,196.4,-7.4136,58.361,71.273,186.15,-111.59,7.1532,-72.571,5.1202,0,0
-12.246,8.7252,-72.697,-36.808,54.059,-169.86,48.5,-37.68,-50.808,89.384,-112.41,24.05,5.8684,0,0
-0.036779,0.14503,1.1618,1.8182,196.43,398.2,-160.52,-214.33,108.62,-129.38,-238.68,36.171,-2.9082,0,0
0,0,0,0,-75.035,38.318,8.5672,101.06,-153.95,-204.67,149.23,-21.654,7.3427,0,0
25.157,-17.658,43.931,-205.48,14.928,182.08,70.252,16.544,229.86,-50.65,-264.97,34.7,12.863,0,0
1.4632,27.809,18.366,-168.64,-167.99,32.956,219.92,-52.751,264.36,136.88,13.753,35.094,-3.6711,0,0
16.814,-4.8208,12.888,56.59,104.71,45.033,176.14,-33.813,96.247,-122.4,167.64,28.836,1.6884,0,0
5.6292,-2.116,-8.1357,129.6,-90.734,-8.5681,54.999,186.83,-250.87,201.7,-133.24,-2.5803,-5.0431,0,0
-27.28,0.18653,-3.7763,-3.2123,-134.45,-45.442,45.422,59.74,-229.4,-146.64,207,22.589,3.6753,0,0
0.82925,-7.5021,31.482,-139.93,27.446,175.84,-82.774,-216.24,-134.04,-25.23,31.116,-24.555,-0.86667,0,0
15.948,-22.277,65.624,-64.256,-25.029,-14.545,-266.82,210.67,-8.5097,194.36,-107.29,-130.9,22.207,0,0
-25.495,0.48918,-63.821,-241.9,72.826,-155.67,20.782,12.332,191.36,-262.25,-335.4,34,14.548,0,0
-13.497,-27.069,-2.4112,260.34,20.181,144.54,93.861,-73.001,137.79,-37.26,-39.991,15.75,9.6298,0,0
11.258,12.292,-27.571,77.36,86.853,37.842,304.1,-2.1125,195.25,75.68,6.6603,-33.718,-0.063144,0,0
-9.0409,16.817,-7.281,81.946,79.664,-45.6,192.38,4.0873,-20.502,-188.45,180.1,36.473,-0.12403,0,0
13.466,12.797,-40.95,135.69,84.769,200.67,-177.05,43.013,195.23,-152.48,-113.72,26.776,-3.0727,0,0
7.7716e-016,6.1716,-115.59,103.85,143.19,-151.89,-199.09,46.983,318.64,96.921,1.839,-34.073,-1.4316,0,0
3.2533,-19.35,84.419,81.867,45.239,141.28,-127.09,-61.604,230.43,-174.84,-53.738,-19.427,1.3744,0,0
18.461,-16.749,1.2174,109.65,-144.51,162.91,-13.656,77.681,67.019,-4.0614,-143.3,64.207,6.2677,0,0
-6.1627,20.961,39.544,-36.142,370.13,-114.49,45.624,-145.3,-41.045,-157.36,40.197,-7.8941,3.1627,0,0
9.9225,-9.8143,21.512,102.84,205.44,-179.56,243.61,-140.68,57.753,-169.41,40.96,-22.216,-7.0452,0,0
-2.5981,92.836,45.323,-72.549,147.47,-126.44,-153.07,-165.55,6.219,15.643,-115.17,-42.728,-0.51018,0,0
-15.198,4.9147,-0.53886,-66.341,-114.9,187.4,174.09,-24.022,-114.23,191.27,-156.72,20.888,0.18093,0,0
-9.0933,4.0311,7.7272,93.272,135.61,-47.326,78.971,-209.22,303.91,-88.329,108.47,52.311,-5.7721,0,0
15.588,-16.064,-3.2303,-55.152,-61.211,140.1,110.39,-342.95,105.21,141.29,-24.815,-13.39,-2.1077,0,0
8.2272,-7.0197,-11.232,7.4593,11.416,-2.0059,-96.076,-44.805,157.34,-332.41,19.354,-9.8333,2.3143,0,0
-24.291,-4.5934,-4.7024,-190.72,-51.262,-132.53,-141.5,110.38,-82.945,346.83,-68.96,-24.088,-7.7615,0,0
13.265,-14.329,20.386,4.4821,35.034,-51.024,81.754,-203.43,60.158,-231.37,151.9,-28.175,-2.7357,0,0
-9.0933,39.136,2.4166,35.845,31.907,151.75,6.0979,-160.31,-12.597,-24.948,24.92,39.624,-4.2302,0,0
-1.7434,-52.763,-115.6,29.384,-38.011,-28.371,194.4,-40.818,-148.35,-34.672,-321.09,-198.61,27.428,0,0
0,0,0,0,116.63,105.37,-198.11,-167.88,-119.83,-8.9008,6.611,10.53,14.178,0,0
1.241,8.3346,-45.797,29.443,-335.53,-165.33,-92.45,117.11,89.991,313.01,150.76,72.914,-1.0849,0,0
34.04,18.178,-14.467,-72.059,22.537,-24.822,16.796,255.66,-182.1,73.33,170.24,-19.085,10.228,0,0
6.4952,7.6471,159.91,-25.7,344.96,14.544,59.088,67.1,95.273,-208.35,-332.47,-0.5256,-1.8077,0,0
-5.6292,-6.701,-59.746,20.715,75.209,169.42,-25.393,156.37,146.07,-106.62,92.183,-48.009,7.3989,0,0
0.86603,-17.495,18.74,-90.251,67.877,-22.226,-122.92,303.6,-330.2,-8.2228,6.9085,4.6411,5.91,0,0
11.258,12.292,-27.571,77.36,15.835,-80.265,-51.996,91.114,163.4,251.31,-22.086,-29.59,-1.3715,0,0
1.0613,2.4408,-1.8603,25.797,117.74,-136.37,-144.59,-301.82,-124.72,-88.35,115.7,4.2946,-1.0218,0,0
5.6292,10.768,17.977,8.1208,-58.912,102.86,-255.85,-125.29,-217.2,-249.42,38.779,-6.6467,0.022114,0,0
-23.816,-2.5276,-90.305,192.53,116.33,-38.293,244.7,35.276,183.73,-167.84,61.351,111.08,44.942,0,0
0,0,0,0,202.42,71.575,33.535,-208.38,231.5,-281.06,9.1933,22.972,-7.8334,0,0
-8.4381,-11.397,-26.405,-160.72,-59.271,-268.84,188.88,-121,90.556,71.18,-255.61,-9.7256,-2.9833,0,0
-9.9593,0.18958,2.8792,-4.4527,89.287,247.72,-94.706,-100.91,240.92,-59.349,219.82,23.29,-2.3182,0,0
22.517,-2.9724,-78.656,52.575,197.72,-41.972,-2.1062,128.35,-5.062,55.679,-38.762,-153.63,25.411,0,0
-19.486,4.8923,-31.575,247.39,-154.45,175.22,-360.83,-128.42,217.47,64.19,-61.535,-6.1696,8.1756,0,0
3.2533,-13.446,-12.119,100.75,194.01,-202.25,311.97,-116.16,63.799,210.85,75.328,43.091,4.134,0,0
0,0,0,0,161.82,147.69,40.189,-234.76,68.359,-190.8,-7.5695,-7.0514,-5.823,0,0
0,0,0,0,149.81,89.569,-306.8,150.19,-107.47,265.56,31.609,-34.527,3.9321,0,0
-8.6603,4.9707,-14.453,2.6423,55.745,261.83,-226.05,106.56,-36.497,76.696,-198.34,-20.135,-0.91987,0,0
-14.722,-2.3463,-77.888,-127.15,113.96,142.95,40.382,-244.9,77.948,93.561,-9.1547,15.275,-0.5613,0,0
13.265,-14.329,20.386,4.4821,160.85,-29.401,-13.962,-93.279,-251.65,-143.58,50.099,-16.627,4.0231,0,0
19.486,-9.8809,-11.848,61.859,198.3,-335.34,-251.39,184.92,-247.98,161.49,70.288,10.074,-0.45961,0,0
25.115,-33.097,56.307,-52.121,228.22,10.726,-18.361,-60.605,75.402,-7.9393,159.35,-63.523,64.595,0,0
-7.2452,8.9506,-11.116,-39.685,167.2,-77.509,122.38,-5.9867,-222.75,-304.03,17.953,-60.509,-2.541,0,0
11.691,-19.124,-4.5784,-157,-216.52,150.74,-29.266,271.96,-144.7,-93.758,-175.38,-39.683,7.4016,0,0
-2.8089,8.0066,2.9183,-26.337,25.232,-72.363,68.09,384.69,-272.27,-1.7977,-171.25,43.188,-3.7428,0,0
0.88726,7.2509,91.901,-20.865,-20.43,4.2292,36.586,-151.1,-71.845,-149.07,116.33,-67.982,1.3146,0,0
-3.8971,-4.5547,5.5012,112.37,137.66,-0.31898,88.469,-45.35,161.48,132.31,5.9408,-20.662,2.5732,0,0
13.423,-28.897,24.068,14.481,30.381,321.76,-161.62,65.458,-79.831,207.39,74.516,66.773,-9.8504,0,0
-3.549,13.373,150.84,-94.989,-183.2,182.33,-18.017,103.71,-73.86,106.33,174.52,-42.572,-1.0117,0,0
7.7942,-3.2305,2.1076,24.411,0.6738,122.83,-66.672,-89.405,188.78,-27.956,-81.761,-97.93,20.477,0,0
-8.2272,-3.5359,18.783,1.0276,79.291,-50.48,-84.231,72.79,-220.2,-402.3,80.218,-27.491,1.4247,0,0
5.8669,-16.987,-8.7419,27.279,-293.42,-83.488,29.131,5.549,157.67,-191.78,-157.78,-42.041,-5.4495,0,0
24.486,-4.3127,30.384,-210.65,88.026,-122.51,134.85,-6.4456,88.513,-67.02,-81.129,70.403,-3.922,0,0
-24.285,27.253,-80.909,-24.576,113.25,3.5244,84.846,70.636,-177.02,175.35,192.24,171.12,-23.281,0,0
19.723,-2.2575,16.824,46.051,94.324,-69.027,9.9019,-1.1537,188.21,-97.331,71.244,-100.78,1.3139,0,0
4.5679,1.0012,8.2353,-99.068,-162.9,-146.91,54.44,184.21,117.07,58.257,-19.543,109.51,-6.6232,0,0
-4.8367,-7.8747,6.9811,-4.7931,-197.05,-258.88,-44.155,139.75,208.99,10.212,340.4,-74.152,63.828,0,0
0.34808,13.348,-75.104,-62.36,35.242,-37.001,99.561,-137.1,14.033,-115.74,-123.25,-75.604,9.0034,0,0
-3.6226,7.4853,-5.5197,-126.04,199.96,41.336,-125.42,108.16,84.5,110.62,-120.42,-23.429,5.834,0,0
-10.392,23.216,-98.135,132.93,-148.54,-87.766,-74.764,126.73,-245.68,256.53,127.71,-10.96,0.26587,0,0
-5.6292,-7.4575,-3.1519,133.25,68.366,-134.06,-23.116,105.05,155.39,-49.786,-160.51,-42.984,0.76554,0,0
8.2272,-11.343,16.118,70.997,144.04,-18.801,168.74,-237.55,20.641,-39.761,25.892,29.553,-8.3056,0,0
-13.423,-6.0538,-62.752,-137.77,-201.1,-11.883,-191.68,-30.347,21.458,-44.776,175.15,13.613,-2.3242,0,0
6.9282,35.892,220.35,183.76,148.48,36.368,-186.95,264.16,-63.302,143.42,69.002,6.7276,4.049,0,0
-1.7321,22.265,78.239,116.58,-153.31,-59.16,-31.728,-143.4,-146.79,162.74,119.67,8.6753,-1.1558,0,0
5.6292,-2.116,-8.1357,129.6,-191.54,100.67,-18.346,244.15,-181.72,-7.3457,124.28,-29.456,-2.3161,0,0
-37.467,32.954,21.792,-280.93,52.847,196.95,66.63,-147.41,210.41,-54.414,-158.17,1.3779,-4.4817,0,0
18.62,77.489,64.067,-3.5149,-263.73,94.134,38.205,-130.33,54.57,318.77,146.71,48.62,-8.2079,0,0
4.7264,-29.468,12.348,28.782,-45.073,-60.32,-152.65,-29.702,176.52,67.784,-107.11,32.143,6.3765,0,0
-1.7321,-23.428,-16.842,155.5,25.012,-139.22,112.97,-246.9,131.19,182.63,75.193,73.869,-0.94167,0,0
8.6603,-50.17,74.194,13.908,-24.928,77.568,-17.317,20.289,-19.704,-218.85,-145.77,36.957,-2.4151,0,0
1.7321,1.384,4.2321,30.021,-139.07,-98.4,-46.934,-42.839,-4.219,-13.699,64.894,-28.755,-3.0766,0,0
0,0,0,0,40.133,-46.744,159.16,95.627,10.02,-32.995,-9.9177,50.077,0.8601,0,0
8.2272,-7.0197,-11.232,7.4593,-14.144,-3.0093,112.8,158.53,236.96,240.37,7.2869,23.546,2.3021,0,0
8.8818e-016,3.3307e-016,1.1102e-016,-1.954e-014,-67.93,1.9263,-134.04,160.24,-139.67,-184.74,156.75,-51.155,8.4159,0,0
-12.515,-2.9088,8.1839,-9.5986,27.697,343.74,-126.3,-137.76,159.96,-66.137,127.38,-173.94,23.092,0,0
0,0,0,0,-163.42,-152.78,22.066,-45.38,-194.72,187.67,-137.9,50.173,1.4815,0,0
11.871,1.5649,-4.3457,44.02,-120.03,128.71,-75.722,276,-104.13,-177.6,22.094,60.961,6.1253,0,0
-7.0018,-4.0625,5.5953,-13.739,38.299,-126.27,90.284,-119.13,240.17,112.62,94.258,-13.658,4.169,0,0
2.1283,8.3346,16.668,-35.841,2.49,142.45,40.615,-134.49,295.17,-59.971,-14.059,67.097,3.2734,0,0
-3.433,-0.69199,6.529,-74.303,44.12,-95.919,10.932,-118.72,50.854,37.121,153.92,-0.83116,6.6591,0,0
45.884,-9.6096,135.75,-43.867,-32.52,72.553,153.83,-14.154,-158.15,295.54,184.16,-63.867,1.9667,0,0
9.273,4.1026,-3.8343,0.78317,15.491,-58.141,-76.845,202.71,-122.89,116.23,44.83,-133.08,26.941,0,0
-16.887,-0.33318,89.694,-119.61,179.03,-113.42,104.41,-191.24,117.84,29.909,173.93,-38.629,6.02,0,0
-14.084,2.9886,-80.011,-0.18591,-12.915,43.925,12.202,-206.87,212.85,48.755,247.42,14.391,-0.17941,0,0
0,0,0,0,94.572,-162.09,-27.21,-5.6429,14.735,-38.823,-139.14,-40.849,-2.9253,0,0
12.832,1.41,-4.3236,-67.961,-168.78,-103.18,41.348,150.43,141.07,-33.613,14.487,26.675,4.2082,0,0
9.9593,11.036,-75.064,189.68,23.94,34.738,75.597,74.658,40.74,-1.365,-75.52,52.528,-2.6792,0,0
1.7321,1.3905,96.207,-21.836,-135.78,139.84,30.678,91.359,-41.069,207.5,150.09,-156.02,31.298,0,0
-11.691,19.124,4.5784,157,199.01,-118.21,251.41,-211.39,23.007,-70.547,-19.101,-90.183,-8.1334,0,0
-1.7321,-0.073557,-6.6764,-211.18,-8.6774,89.74,-373.27,-87.843,-76.669,71.518,-119.82,1.2671,-9.9964,0,0
0.92404,33.358,-229.19,139.42,-33.313,-10.051,32.475,6.436,82.873,-7.7482,-256.81,-95.255,-7.6008,0,0
-0.86603,-27.002,30.504,-86.685,-240.97,-4.699,-71.641,-193.88,-129.74,-269.62,-151.58,-187.74,16.839,0,0
8.2272,7.9821,-9.1489,-23.549,145.07,50.017,-195.51,124.32,254.13,94.932,-59.821,7.5987,-4.4644,0,0
2.2557,-16.493,32.084,-88.117,6.0282,239.27,218.04,-25.55,-15.293,-38.861,264.36,59.103,39.614,0,0
-2.1651,-41.912,24.695,-30.789,-105.12,5.5223,-78.193,121.55,236.83,-147.48,-228.89,-0.10658,-3.3466,0,0
0.2222,-40.394,-12.609,249.54,10.402,23.019,-390.3,-5.2002,-39.862,329.82,-28.93,17.002,3.6555,0,0
-3.2419,-4.25,1.0768,-55.084,-69.382,-151.75,-63.877,82.936,50.194,389.87,103.29,171.1,-19.253,0,0
2.1651,1.884,-102.8,-28.872,-91.201,-177.03,-156.86,62.881,-129.89,119.9,-199.82,-31.042,-9.7985,0,0
-1.2042,0.375,-26.201,0.64286,146.45,70.896,69.042,-179.82,271.13,-105.53,-169.48,-6.3108,-13.854,0,0
14.96,-21.668,26.613,138.7,-40.019,74.647,-265.58,63.943,-254.19,-123.39,19.343,-14.987,5.6851,0,0
0.86603,-3.4462,-13.366,-54.199,-4.8603,-158.16,121.41,420.75,-79.636,176.68,-62.597,-7.3194,-2.9893,0,0
5.1962,7.4821,-2.8187,-21.44,-41.37,-154.2,140.22,16.139,104.78,69.362,1.3588,-11.646,-10.514,0,0
4.6046,-9.7909,-7.0066,1.1651,7.788,208.66,-131.87,-307.73,-64.181,137.9,-21.622,-46.457,-0.35233,0,0
0,0,0,0,163.03,49.307,-14.177,-400.51,141.95,-188.44,-2.3463,23.147,5.192,0,0
-15.478,17.575,-73.505,52.982,-203.07,124.27,-95.974,11.997,-201.14,285.54,-189.42,180.65,-22.244,0,0
0,0,0,0,-0.92853,3.6739,-221.08,343.81,-316.75,114.65,11.395,29.298,-6.4103,0,0
0,0,0,0,-28.211,-90.884,-179.53,43.581,128.9,-29.169,-16.838,34.737,2.2506,0,0
1.1986,-3.1483,4.5523,-24.517,-15.227,-125.31,-225.62,-429.46,-218.76,138.09,-69.307,52.014,1.7579,0,0
3.0311,-8.1471,12.221,-15.923,-38.008,-94.698,216.54,-125.16,-136.3,292.29,82.354,-45.837,7.9638,0,0
5.9037,2.593,73.901,-100.33,13.68,-40.125,-36.179,-4.3331,-159.1,-253.41,52.492,-5.6127,13.526,0,0
-3.0311,33.539,-164.82,-303.06,84.516,-141.09,43.204,-152.05,-42.879,190.13,77.359,327.92,9.5405,0,0
12.557,3.5849,-198.85,92.711,13.055,-25.724,48.638,139.04,-1.8092,-78.471,242.85,-185.35,17.386,0,0
22.538,-20.393,133.94,7.3165,-28.582,177.11,-171.6,314.36,65.426,111.53,220.06,192.26,9.8703,0,0
-14.454,21.083,-84.095,6.5175,-97.743,-100.59,-33.176,-33.165,-77.587,154.85,-188.39,-223.76,-135.07,27.929,1.7321
1.7321,18.105,-260.09,226.6,-137.4,37.656,51.159,-259.09,25.788,52.974,76.743,-26.855,10.031,0,0
-11.935,18.383,5.2937,-78.491,-247.74,180.19,-22.525,-40.126,240.31,152.37,-139.24,-186.98,22.124,0,0
39.721,2.2121,145.96,-19.016,-74.553,-141.25,124.29,-115.51,87.727,1.1056,66.909,-33.443,-2.329,0,0
6.7697,20.443,21.109,-222.02,110.27,-56.804,90.526,-94.135,222.55,-54.347,75.014,-8.48,5.1283,0,0
21.73,-25.403,264.54,11.408,-62.34,130.05,-251.83,-140.46,136.58,136.87,-214.4,-38.087,9.8792,0,0
3.4641,19.636,-78.805,9.3258,-18.482,-16.781,-7.9792,44.6,-5.0614,130.74,-131.46,-43.776,-0.90192,0,0
33.22,0.73542,-7.1417,135.71,-8.1948,-97.189,117.38,-101.34,158.09,-74.178,94.966,-10.193,1.0365,0,0
-3.4641,12.446,-42.163,165.98,-53.205,-13.846,212.75,-77.535,-205.97,-20.462,-133.38,-171.26,24.005,0,0
0.86603,93.64,-49.954,-85.764,-76.978,272.18,-183.03,146.55,23.917,-142.12,-175.82,7.2654,4.384,0,0
7.3612,65.886,287.31,-113.84,13.8,88.188,-4.2926,39.209,-91.285,-118.48,-236.43,35.631,9.4851,0,0
-19.053,-95.924,-198.08,24.104,138.19,95.04,110.02,-116.73,-15.967,156.71,33.351,23.985,-2.1944,0,0
16.936,-11.452,4.2635,16.484,165.86,-137.86,108.84,178.13,-180.19,52.748,-298.92,90.186,-7.4664,0,0
0,0,0,0,108.8,123.09,-195.74,192.63,-0.072504,-59.438,98.447,20.967,-3.4082,0,0
10.825,2.3349,-83.725,-22.976,73.617,-62.738,-385,4.1432,-177.1,-31.621,-10.144,13.408,2.0207,0,0
-12.42,30.405,79.965,-52.298,138.89,-103.05,212.54,-165.11,121.7,-26.581,9.3458,94.596,0.74551,0,0
-11.539,13.769,-14.718,16.15,151.92,202.29,-150.24,217.82,-308.1,-71.647,133.74,-56.177,1.0819,0,0
3.8546,-8.9237,11.829,-16.412,142.73,110.46,156.46,29.384,-88.549,178.55,-211.79,2.5171,-6.6011,0,0
-16.835,15.983,34.27,60.679,14.042,-169.44,-37.774,-317.91,-266.15,-19.379,22.844,-10.002,1.7051,0,0
-5.1438,-3.1417,29.691,-96.32,-115.07,-80.879,105.85,223.93,-105.83,47.462,-34.663,-22.242,-0.35104,0,0
2.1283,8.3346,16.668,-35.841,195.6,-158.2,158.54,-225.09,45.614,-14.419,-11.23,-2.9886,-4.7793,0,0
1.6953,1.529,5.3938,31.84,-298.9,-158.14,-14.755,-227.68,-156.81,-5.3715,0.53742,14.939,-5.0831,0,0
0,0,0,0,5.3113,255.43,-111.83,-232.21,-170.63,-78.478,-105.67,48.301,-4.3116,0,0
0,0,0,0,-124.34,-24.781,92.782,-33.894,-170.7,-216.79,33.395,-2.2913,4.6866,0,0
-4.5948,-9.4384,-7.6193,-120.04,-96.263,268.62,-176.02,-34.433,-42.196,-290.1,147.88,171.02,16.229,0,0
8.2272,-11.343,16.118,70.997,193.08,-55.147,124.49,-163.64,-94.986,30.11,5.8632,-6.2222,-1.5975,0,0
-9.907,-7.2512,58.706,-191.73,-7.6008,-19.658,139.13,25.605,115.09,-27.399,132.12,-56.817,-4.9127,0,0
0,0,0,0,10.875,11.613,-190.87,-36.564,146.8,-109.03,64.804,-31.032,-5.0431,0,0
3.0311,-8.1471,12.221,-15.923,-153.95,-18.413,52.994,-225.23,164.85,-21.09,130.83,-30.959,-3.0269,0,0
7.4037,-11.381,16.588,71.932,226.4,185.26,76.129,-69.035,205.29,-87.909,-67.781,0.56995,-2.9587,0,0
8.2272,-7.0197,-11.232,7.4593,12.112,-196.86,97.668,60.3,-348.09,-68.294,69.367,-53.367,2.8041,0,0
1.7321,0.56042,-110.34,11.476,13.688,-89.149,99.195,35.681,292.12,5.2044,38.971,31.054,-6.9728,0,0
10.392,-34.937,39.964,20.51,-50.013,162.77,-147.74,-408.36,165.38,173.92,283.56,9.7112,-7.3161,0,0
-3.8971,2.1226,0.20753,67.953,54.903,-62.007,-23.959,-312.18,-50.834,-296.08,146.07,-40.293,3.8744,0,0
0.86603,0.82356,19.062,-78.707,-66.647,68.275,-59.656,-64.104,83.657,-210.5,206.58,-82.306,1.2625,0,0
2.1283,8.3346,16.668,-35.841,97.95,208.98,266.32,265.16,-61.182,233.78,-89.452,26.295,-3.755,0,0
0,0,0,0,257.91,-50.617,10.088,3.536,-77.149,-155.12,5.3583,5.7523,-11.51,0,0
-3.0311,-3.3104,-9.6112,-3.6454,20.003,-141.24,61.225,106.44,-76.861,26.071,203.01,-61.968,-2.0709,0,0
1.7321,23.654,14.842,-27.113,39.627,145.21,-272.31,227.64,-2.6685,-458.44,-20.274,40.816,1.1415,0,0
-9.9593,-20.763,68.084,28.753,0.85048,-19.295,-75.939,151.33,-162.86,61.311,254.61,-61.426,-7.5332,0,0
-13.856,13.966,-46.078,-5.5394,200.34,-135.34,175.68,58.829,54.863,127.93,44.496,-4.1905,-6.1041,0,0
-6.5801,-0.049038,-38.806,17.339,171.29,38.014,-271.7,96.521,170.69,-163.43,-140.85,26.901,4.8442,0,0
206.66,-37.84,-7.9874,-74.673,31.448,-44.788,-174.49,296.65,-14.545,-38.692,215.22,-27.902,10.007,0,0
-21.651,-70.458,-84.612,-87.926,160.8,-170.54,195.88,-134.56,50.308,-252.38,-167.93,-128.18,26.79,0,0
-11.691,2.5622,-143.64,-33.599,-65.529,-237.43,-25.64,230.42,198.4,168.47,245.62,4.8394,-0.14647,0,0
-1.5099,0.66506,0.021234,-2.0413,-76.771,190.55,-104.28,-25.394,117.73,-255.56,32.826,33.413,-6.5843,0,0
0,0,0,0,-36.48,-35.386,82.594,331.37,-106.03,109.3,-13.179,6.0268,-14.385,0,0
-7.7942,10.315,-25.102,-54.032,-44.463,7.8672,4.9782,151,47.784,18.051,18.365,-19.023,0.75657,0,0
1.7321,1.3905,96.207,-21.836,-67.826,-184.38,440.2,373.92,79.401,103.09,-89.617,52.478,-1.9901,0,0
-1.0245,-12.162,0.48686,-72.484,63.035,154.44,-33.422,51.019,36.887,24.617,46.419,-13.556,14.778,0,0
1.7321,1.384,4.2321,30.021,24.305,-51.586,45.413,-41.945,35.602,-178.5,32.637,3.7798,3.5003,0,0
0,0,0,0,85.225,173.08,-250.99,157.63,114.59,-290.26,73.379,-40.669,-6.1035,0,0
-7.8693,-26.32,7.3023,-119.38,109.37,83.247,-43.376,-63.494,-82.807,-116.93,134.06,89.358,-26.975,0,0
18.065,-16.129,-14.302,70.562,119.48,-16.377,84.533,-57.827,-61.544,24.961,-117.19,180.85,-24.832,0,0
-0.43301,-6.8056,-11.275,67.68,-97.926,59.685,227.07,183.54,183.02,-39.377,74.84,12.268,-2.3752,0,0
-7.715,8.4082,1.0924,0.48566,213.45,77.971,190.81,127.59,-190.86,-179.98,48.836,9.5367,6.7704,0,0
-8.2272,22.173,-15.722,15.502,136.01,-77.958,6.6986,57.929,-255.88,-3.0937,-10.563,-27.735,3.0741,0,0
0,0,0,0,52.46,11.248,-15.688,-79.096,228,-25.189,-93.652,-13.208,9.9354,0,0
-2.8089,8.0066,2.9183,-26.337,-390.36,538.24,5.7878,-214.11,0.19956,253.74,169.82,-39.938,-5.1559,0,0
-8.3122,-43.381,-135.77,-59.63,147.82,-160.58,160.57,-98.53,-277.78,53.151,89.884,23.342,1.1546,0,0
11.37,-11.238,52.895,-312.38,-110.71,-51.543,-66.414,62.909,-165.71,200.27,270.14,-7.2116,-0.39568,0,0
5.6292,-10.263,14.703,-4.2338,-4.4893,305.97,96.939,-249.16,212.79,15.396,-191.71,118.4,-25.687,0,0
15.504,17.109,-42.143,63.589,-29.977,-88.718,43.556,38.633,46.728,365.75,109.05,209.2,-9.2599,0,0
-19.919,18.535,-136.18,51.273,-77.099,68.873,18.669,-6.9501,371.31,-93.099,-162.34,35.346,4.1711,0,0
-7.2452,-92.109,42.247,-6.1039,-26.53,19.058,-167.48,132.63,102.92,-85.276,77.76,87.761,-33.97,0,0
10.234,21.485,0.42468,-151.99,117.36,-251.97,-45.026,-190.87,218.69,9.1327,-24.798,12.805,-1.4712,0,0
5.8032,-7.514,-28.981,-25.39,58.472,-20.744,129.29,-333.44,-51.159,-99.127,-0.21668,-140.27,20.981,0,0
24.682,1.1011,-22.618,-15.648,116.34,117.5,-69.938,41.168,151.65,-84.011,227.43,195.1,-26.793,0,0
12.99,80.491,-123.64,-2.3244,-21.44,85.933,81.123,-33.705,76.495,-40.862,-11.351,105.28,4.0826,0,0
0,0,0,0,69.561,359.03,26.601,-62.728,-64.579,-201.28,44.389,-22.173,-2.5506,0,0
1.5212,93.993,103.2,-7.4275,137.15,-59.919,-112.13,64.451,-317.45,122.34,-1.9735,237.07,-23.778,0,0
-4.974,-30.557,-5.2988,125.1,-9.42,-87.783,45.153,-125.35,-57.989,-12.104,-192.18,-79.031,6.8888,0,0
-0.9028,73.357,90.893,-11.29,-57.281,29.74,27.242,-54.716,27.161,144.22,-23.883,-189.62,22.518,0,0
0,0,0,0,-55.688,27.985,112.95,-47.651,-79.677,61.208,-5.638,19.2,-7.2856,0,0
0,0,0,0,88.869,-51.729,4.834,-179.03,142.6,189.75,11.407,25.196,7.0018,0,0
0,0,0,0,59.914,203.52,164.63,-83.445,137.08,-115.01,61.998,-1.6848,-3.6654,0,0
-8.2272,22.173,-15.722,15.502,-155.66,102.05,-98.711,86.441,247.38,46.081,-178.85,22.733,0.72099,0,0
-0.036779,0.14503,1.1618,1.8182,111.83,-50.264,-35.876,29.321,58.799,-195.16,9.1793,-39.14,-6.6905,0,0
3.0311,10.158,-0.86603,93.597,64.315,-173.02,87.418,-38.299,-20.738,-11.001,218.74,31.976,-7.0377,0,0
1.0613,2.6842,-113.07,-50.413,107.84,77.314,-101.78,-1.4103,21.785,42.98,226.72,-4.7047,-1.4549,0,0
-3.6749,-7.5245,-15.485,35.618,87.306,-50.535,-126.54,-197.24,84.242,386.16,155.31,-44.636,-5.8861,0,0
0,0,0,0,176.83,183.42,-174.89,-3.9716,158.19,-49.654,-116.98,98.155,2.7931,0,0
0,0,0,0,-220.26,-94.206,-329.45,441.55,17.168,-23.943,11.543,23.435,0.52725,0,0
-8.2272,22.173,-15.722,15.502,107.9,-393.2,206.02,71.621,-186.76,-66.907,-78.653,-11.526,6.2931,0,0
1.1405,5.1127,19.154,21.683,40.062,71.493,276.56,-37.511,323.26,180.4,-89.216,54.647,-3.0577,0,0
-3.5433,14.603,-47.624,-82.066,83.536,178.87,269.42,-72.995,282.75,-223.63,-78.997,104.66,2.762,0,0
8.755,4.4073,7.7393,-73.001,157.02,-7.225,323.8,-43.303,-294.97,-9.2415,57.506,91.286,-14.235,0,0
2.5981,-14.319,78.414,-14.857,124.88,-39.275,-77.202,-45.842,164.54,-143.69,87.279,-83.542,18.586,0,0
-1.1151,-27.964,-83.747,116.62,-126.9,67.617,139.38,8.7516,-197.24,-88.121,72.26,14.581,-6.7835,0,0
7.0075,-29.292,-1.6672,146.65,-176.5,22.256,-168.34,-263.43,-60.58,70.264,116.59,31.526,-3.2255,0,0
3.9764,115.82,56.312,-116.45,134.26,110.48,-122.52,84.264,127.37,-2.0842,82.041,17.741,-1.0308,0,0
0,0,0,0,-65.161,5.5587,-191.38,-87.042,-323.17,110.95,-62.999,8.805,6.064,0,0
5.2754,-20.943,25.318,13.996,70.858,-140.99,66.176,100.68,190.4,211.79,-2.4831,-32.932,10.136,0,0
11.533,30.748,-91.063,-264.18,51.03,-144.46,-48.735,62.167,133.13,27.666,34.825,32.018,1.3066,0,0
19.174,56.699,114.26,98.622,17.391,-11.352,-94.974,-305.04,-127.5,-25.189,122.57,33.074,0.98173,0,0
-2.1651,8.1782,96.736,138.81,-83.211,-31.964,-6.7753,508.48,-14.628,131.83,-26.747,-26.962,-1.1902,0,0
-20.51,-10.385,-94.347,-88.88,50.189,48.318,-432.3,-233.35,-15.332,-46.719,17.987,5.6143,-5.7536,0,0
13.771,3.9672,-243.63,62.346,127.73,-114.6,-80.17,-35.383,92.176,108.33,83.907,11.531,17.228,0,0
3.8971,-5.9755,90.571,-20.455,87.919,-323.13,117.94,317.34,-175.93,250.42,131.79,-2.3443,3.5628,0,0
20.352,-19.126,74.512,-46.481,199.71,64.171,366.81,-461.67,280.62,69.68,-46.134,-10.132,-0.095349,0,0
-23.383,63.767,126.41,118.64,-56.661,-52.184,157.49,-212.71,-8.5015,-80.171,-104.39,-105.9,24.328,0,0
-19.053,-42.023,24.909,72.321,25.669,-11.509,-128.93,-66.461,21.093,-154.84,118.06,-41.2,2.6647,0,0
-1.9429,-8.884,-17.822,-10.553,71.249,-223.49,79.193,27.025,117.3,-108.52,247.77,-20.366,4.8206,0,0
-16.887,-71.219,139.68,-12.21,-112.18,-148.6,-8.1023,-419.91,97.695,1.8469,-451.84,-2.0563,10.775,0,0
-2.1651,8.1782,96.736,138.81,107.59,-65.221,8.892,319.08,113.71,38.708,66.256,17.055,0.22372,0,0
34.641,-80.929,-115.64,43.483,117.51,88.285,-239.36,165.53,112.26,-85.547,-51.117,4.2096,1.3236,0,0
-3.8971,132.25,124.89,113.8,60.804,-15.816,203.53,23.673,-563.72,145.5,-19.776,-1.1615,17.17,0,0
22.279,-16.618,66.353,-9.1337,-92.43,-127.25,-210.65,-242.39,270.09,-142.46,187.78,-50.48,-13.141,0,0
-3.0311,-8.6046,-5.3218,-154.12,39.457,-188.02,315.17,562.48,98.526,25.033,-102.82,75.127,-0.06338,0,0
17.881,-38.401,-39.575,71.732,114.38,-20.655,98.674,221.69,183.85,12.399,-123.46,-51.19,-0.24135,0,0
-13.46,21.441,-0.94463,26.518,55.18,60.538,192.79,114.37,-184.36,147.22,-15.501,-10.333,-1.0817,0,0
7.6414,7.4028,-5.6157,20.778,-132.15,-33.814,-227.21,-110.43,-120.62,71.043,-19.327,-11.752,-4.5305,0,0
18.662,0.91122,-10.983,149.29,46.039,-173.54,-49.42,33.407,1.6466,-172.26,164.19,128.34,-29.741,0,0
0,0,0,0,-2.8268,-243.18,206.94,-20.207,22.379,316.86,-9.1001,7.6583,-8.1806,0,0
3.8546,-8.9237,11.829,-16.412,-134.67,-241.2,108.49,-145.32,-165.43,-89.688,182.23,-11.231,2.8777,0,0
23.419,-17.951,-27.776,221.2,-323.83,-138.23,-241.9,-130,-187.35,43.838,-193.84,56.766,-5.8687,0,0
11.887,-26.081,-16.682,34.714,-12.836,206.26,-32.968,112.26,-128.19,100.85,-0.11353,-7.8215,7.4208,0,0
0,0,0,0,0.6226,-170.19,-98.1,-91.371,-488.95,88.021,-59.745,15.687,-0.99551,0,0
0,0,0,0,-14.534,46.138,170.15,-185.63,-144.09,-10.749,36.128,-9.63,5.0135,0,0
-0.43301,7.1292,-10.825,4.1292,22.782,-26.192,225.44,-79.187,-145.68,-91.121,25.05,-18.434,1.6872,0,0
10.435,-19.528,28.808,56.008,-89.382,206.62,-82.495,-98.092,-135.98,35.533,1.4492,-8.904,0.79335,0,0
-22.818,9.3699,-14.904,-156.87,72.7,-171.9,43.419,29.897,-191.23,-180.07,35.835,-20.95,-9.7151,0,0
-1.7321,-4.9151,1.0556,-53.042,81.079,273.63,-185.13,174.79,-79.518,-143.67,-171.89,10.925,-6.4202,0,0
-2.2868,-20.553,-229.37,94.105,30.778,-70.006,-17.584,83.447,-73.807,-107.76,-2.8975,-24.909,-6.1571,0,0
6.2476,-83.732,-198.59,81.838,257.06,-94.064,41.075,-28.904,-6.5015,158.72,161.09,21.366,3.451,0,0
-5.1962,237.26,23.351,-161.38,17.446,225.22,-174.55,19.155,-90.727,-146.85,189.89,13.117,-1.9734,0,0
1.2141,-7.4037,-59.473,16.432,-82.188,-93.613,-136.4,-57.795,171.68,60.923,66.061,52.867,-11.575,0,0
11.691,-12.6,18.606,-31.328,11.657,28.58,-42.967,204.88,-111.77,148.59,-27.597,-6.1728,-8.0081,0,0
-15.588,-94.529,-183.18,11.308,50.785,-76.808,-41.698,170.28,-140.68,-124.08,-57.136,0.55144,-1.192,0,0
-6.5066,-1.9841,13.075,-110.07,-5.2337,77.899,259.18,-198.56,-3.1375,317.88,-231.5,274.3,16.348,0,0
1.7321,23.428,16.842,-155.5,-47.583,-52.419,-266.61,-15.33,-129.22,-105.44,49.024,59.144,-4.1393,0,0
1.7321,-4.4641,-7.7075,56.214,7.8248,14.878,39.668,-47.679,-47.074,297.36,171.48,130.41,-28.881,0,0
-13.423,-13.127,234.24,-41.034,-90.801,-123.89,20.335,-237.74,13.379,-155.1,-433.49,18.03,8.2548,0,0
-22.084,7.9365,23.848,13.09,-9.0131,-5.7189,-241.86,-111.92,-42.134,-18.118,75.578,19.797,2.0502,0,0
-2.1651,8.1782,96.736,138.81,-78.444,79.596,2.3044,-51.736,19.225,-144.96,116.11,151.54,-17.271,0,0
-13.365,25.072,-21.749,-70.183,156.67,119.88,-59.46,50.745,-289.06,62.259,105.88,305.7,22.01,0,0
-2.5981,-8.6405,-26.727,2.2649,38.341,154.55,-179.46,3.7118,70.074,-155.18,64.285,61.181,1.8708,0,0
-1.7321,-107.63,187.1,-32.104,5.0048,-29.99,49.076,-17.555,55.265,74.294,83.198,54.038,-0.41506,0,0
-14.289,-17.67,-74.16,68.071,-99.766,133.42,-171.54,-120.94,-145.51,-45.474,147.4,-180.68,33.395,0,0
-16.454,-10.407,-0.93477,-23.706,-28.468,-74.702,223.86,-330.82,18.042,-75.548,-168.27,60.724,2.3508,0,0
-6.0622,35.26,143.09,133.28,-105.56,162.97,-72.09,156.61,136.76,-119.3,209.01,214.28,-18.196,0,0
-8.2272,-238.23,53.824,100.29,95.582,-255.15,19.953,-76.465,-30.542,121.67,395.26,-34.803,6.7317,0,0
-1.5099,0.66506,0.021234,-2.0413,-1.0167,-74.939,-122.93,-8.6576,-121.61,-91.768,175.05,6.6691,2.3667,0,0
-10.773,-1.0257,37.827,-225.92,-29.101,-65.162,174.74,61.94,47.295,-109.09,133.27,-24.374,-0.075404,0,0
7.0696,-15.451,-11.073,150.86,33.862,-168.83,-93.047,37.052,15.566,-26.655,-54.213,147.18,-24.695,0,0
1.3571,25.168,116.25,-68.541,83.959,186.11,-38.539,102.33,-233.5,281.9,82.229,-51.785,3.3329,0,0
3.0311,-8.1471,12.221,-15.923,-27.883,196.21,-101.95,-118.85,302.3,206.87,-30.702,18.606,0.66363,0,0
-5.4919,-66.584,140.54,57.074,72.654,161.07,207.22,115.27,-109.62,-14.037,140.15,-44.345,-8.3367,0,0
24.846,11.287,-35.806,-257.46,4.1421,145.11,37.626,-160.43,41.389,-93.099,98.303,-188.58,28.624,0,0
14.765,-8.6737,5.8047,201.4,115.07,-286.29,52.467,25.406,33.844,68.523,149.62,-3.1255,-1.9192,0,0
0.96651,1.7345,63.948,-86.071,149.92,-37.374,-153.21,-48.833,-137.49,-190.17,-249.01,-5.9703,-2.3487,0,0
-14.231,21.335,-123.71,16.29,-192.23,78.853,-152.47,222.22,-94.007,-44.286,-37.012,19.033,-4.0801,0,0
1.4632,31.809,15.964,-230.79,258.25,234.38,-189.93,214.01,-281.06,274.06,-109.88,10.074,-15.906,0,0
-9.474,6.9384,40.747,-144.33,133.54,-202.73,-59.903,-216.22,-258.57,224.01,-86.973,-70.261,1.2102,0,0
-6.099,-80.785,-27.852,-125.51,-42.41,298.47,-52.994,123.98,-63.994,91.957,326.52,-33.914,-2.0135,0,0
24.956,-3.2033,-82.487,28.117,161.82,-9.2492,-4.4615,32.417,30.997,115.88,-4.6099,0.21923,1.5433,0,0
-14.722,-23.788,70.494,19.476,-77.469,-125.5,-41.019,-82.318,122.69,123.84,155.11,-22.931,0.2153,0,0
7.3612,-26.771,-4.1747,162.46,-74.91,-132.09,77.36,118.17,-131.84,-56.889,110.7,2.1753,0.045195,0,0
0,0,0,0,-22.396,-37.357,219.91,10.88,-13.22,117.52,18.242,37.217,3.7501,0,0
9.5263,19.317,5,-160.47,197.62,213.19,119.52,-20.604,90.145,-87.157,153.67,-44.355,5.2619,0,0
-3.4216,3.9506,40.601,227.05,-19.053,57.998,74.466,-125.01,-132.28,192.89,59.354,-36.149,0.83934,0,0
-3.1896,19.188,-11.454,-51.014,-67.7,-39.873,42.281,-72.4,-12.667,149.56,135.71,-42.479,0.33637,0,0
-39.791,-15.723,17.11,51.877,170.62,-83.875,65.862,74.925,73.87,-91.257,198.2,27.704,33.57,0,0
7.7942,-113.88,-61.368,37.592,177.11,-174.2,78.422,-209.68,-51.867,91.672,79.203,75.052,0.93935,0,0
2.7933,-11.639,-22.331,129.32,-103.43,323.98,-56.547,178.01,-211.26,142.9,225.46,14.354,-1.8962,0,0
20.711,-101.46,-24.348,212.93,160.96,41.117,167.15,-41.126,26.992,365.92,-140.36,133.41,-14.68,0,0
4.6046,0.85617,7.0736,-100.89,129.07,122.18,71.849,74.035,-67.639,109.39,174.37,-32.288,5.5613,0,0
20.922,2.8936,-84.344,-73.207,80.866,54.82,-107.63,-10.757,-102.39,215.89,-139.37,103.26,-15.527,0,0
21.032,73.396,164.56,-28.351,-17.58,6.6244,48.417,-185.09,-191.58,183.82,109.42,164.94,-21.387,0,0
-12.389,-4.4665,107.19,-90.077,238.61,46.608,114.55,146.87,-407.96,207.97,-120.52,37.394,7.0443,0,0
22.834,-7.7506,29.251,-57.811,138.05,-41.054,146.19,238.3,-103.73,137.68,-7.1794,22.119,2.9794,0,0
-8.465,-14.059,137.25,-156.95,-3.7421,79.355,-28.221,51.359,192.53,60.25,-219,11.349,5.4307,0,0
11.57,-10.182,16.706,148.19,-107.69,-200.48,60.405,7.1217,-49.423,71.182,12.842,-142.66,-45.37,0,0
-6.0622,-92.968,-31.952,-42.62,-71.403,-15.03,50.188,41.366,5.5976,-85.435,-82.268,10.111,9.2512,0,0
9.13,4.6507,159.31,-65.325,195.31,-193.24,-62.231,-238.27,-128.9,41.175,19.143,81.451,-6.2619,0,0
-22.517,4.9348,-164.63,122.78,-23.659,79.894,-19.394,35.851,-48.922,-135.77,-0.86265,-56.783,10.006,0,0
-4.9584,3.8236,9.3959,64.261,-459.54,-50.199,196.01,-144.78,-434.01,151.58,264.9,-9.9849,1.6121,0,0
-5.1962,11.538,23.252,-43.453,8.6252,-125.8,15.66,195.17,20.107,-5.1537,148.43,-199.49,23.262,0,0
-0.38485,-176.27,141.95,-7.9142,121.18,107,128.3,119.44,-5.7719,-43.642,-108.25,66.486,-5.3891,0,0
7.3612,28.672,219.74,-74.742,-36.035,241.85,-104.26,323.34,-240.05,8.5606,-46.144,2.4414,0.57476,0,0
-0.19527,-0.23325,35.497,-2.1106,-40.413,-21.144,38.073,-23.802,-400.14,109.84,53.765,-143.16,25.494,0,0
13.725,-1.4237,119.51,54.132,-35.621,-56.079,-75.608,53.43,-140.91,203.48,44.93,54.665,2.105,0,0
4.7631,2.4085,32.624,-22.682,-114.59,69.169,57.529,158.17,-57.004,0.58549,208.43,-69.514,-9.7708,0,0
32.909,27.907,-117.99,-60.204,109.62,-85.909,-29.635,-18.093,215.03,-61.193,-145.85,8.3742,6.0248,0,0
8.2272,-29.254,-344.82,-243.4,118.33,-81.066,-3.6482,38.688,186.21,141.59,-148.36,171.12,-24.415,0,0
-38.264,7.2879,-110.17,-17.483,-230.08,73.803,-221.4,64.576,-79.937,248.28,-42.366,8.9826,0.82628,0,0
-5.6292,18.392,-68.955,37.594,-68.019,28.548,-63.663,258.56,-27.155,397.69,-337.14,-43.57,5.1474,0,0
-0.59151,25.17,12.675,-198.96,84.27,-38.627,223.06,-88.554,-120.26,368.19,-220.34,-38.566,-0.69023,0,0
34.641,-80.929,-115.64,43.483,-9.5235,68.825,-183.66,88.728,250.83,-114.26,56.124,-101.98,24.218,0,0
0.92973,11.206,88.164,-28.223,-89.303,14.111,197.17,28.752,108.6,-69.712,-137.56,-151.32,23.617,0,0
-0.39054,17.598,12.14,19.753,7.1992,62.687,-17.452,43.521,245.79,-103.91,-73.004,18.662,-1.1708,0,0
-6.532,-1.5804,9.0164,5.3672,-77.67,-16.555,19.228,42.791,-313.72,70.951,-60.965,-37.62,0.33373,0,0
27.317,-28.629,-3.8212,153.18,-205.13,-65.532,1.7316,13.517,-143.46,-230.03,32.785,-5.9429,4.5278,0,0
16.887,109.99,-30.912,-23.88,-60.989,22.455,-53.559,103.93,177.65,94.179,-51.476,-57.318,-4.6831,0,0
16.887,12.469,12.158,64.989,177.93,-108.62,38.461,122.43,144.48,367.24,305.94,41.093,5.5141,0,0
2.1651,5.2925,0.73862,7.201,-15.985,29.261,78.976,47.541,96.806,46.136,-372.64,6.4357,-8.2279,0,0
-0.43301,-22.404,-18.397,88.159,24.551,244.07,19.244,-54.353,177.38,-149.22,315.32,-24.434,-3.8322,0,0
18.62,-95.068,-24.628,71.868,40.884,-138.43,60.68,-95.5,52.629,360.32,38.476,-177.09,32.212,0,0
6.8914,11.712,-71.572,-46.082,58.591,-152.87,44.309,-72.422,-109.12,-15.142,-123.73,42.359,-0.53734,0,0
-1.0245,0.94287,-69.975,-23.324,-71.816,68.971,60.503,-31.013,136.84,114.45,14.838,-19.117,2.2284,0,0
4.1773,20.099,10.623,-112.77,248.62,-147.74,112.55,-8.5345,-103.04,73.311,22.267,17.902,-0.63333,0,0
-7.0131,-47.144,-128.75,-52.447,-121.72,-16.741,67.076,216.01,-247.74,-353.66,40.68,-16.009,0.18237,0,0
6.7697,-1.6014,8.5,-36.494,0.23372,-25.805,-37.309,-95.641,-198.1,-272.37,-32.193,21.132,-2.067,0,0
10.155,0.079569,64.552,183.55,-110.4,260.13,-150.57,41.506,376.83,-121.59,178.03,83.543,7.1633,0,0
-0.43301,3.4151,86.004,-2.0631,167.31,-115.14,165.07,-101.91,7.4652,298.16,-102.32,203.67,-17.821,0,0
1.6953,1.529,5.3938,31.84,86.518,-161.64,-262.42,-147.91,-55.113,140.07,-62.955,2.7091,-4.7099,0,0
-3.0311,-8.6046,-5.3218,-154.12,7.2917,152.95,-232.47,-49.475,-79.456,-76.866,31.266,-68.974,9.674,0,0
-4.7631,-4.1095,29.015,-95.411,-180.18,0.14791,-200.38,-73.33,-131.05,51.159,74.411,13.688,0.51587,0,0
-20.294,9.1142,11.779,-60.478,-32.198,-170.13,-133.6,228.41,-64.045,-94.6,-70.018,-4.7336,4.8893,0,0
-0.036779,0.14503,1.1618,1.8182,-51.053,-204.97,122.72,149.69,68.08,-170.75,40.706,-11.663,-6.0485,0,0
-2.6405,-14.18,-3.323,-242.77,-126.31,-207.13,155.47,-19.141,21.089,65.971,24.753,42.408,-1.671,0,0
0,0,0,0,-134.3,42.018,-38.965,-95.679,112.12,271.2,-58.895,38.118,-7.0909,0,0
21.651,10.431,0.084936,135.08,-10.543,53.579,-89.307,11.374,62.234,-70.222,3.8313,10.007,-6.5314,0,0
7.4037,-11.381,16.588,71.932,43.298,-57.975,160.31,217.14,-144.01,300.48,36.645,24.546,-1.7305,0,0
-18.884,3.7284,-28.5,47.223,92.911,-39.255,9.497,-192.38,-17.687,172.71,-144.57,14.018,2.4988,0,0
-4.3301,-0.70096,20.508,21.585,84.989,-235.4,56.773,-68.019,246.65,190.47,6.2677,47.641,6.5781,0,0
15.061,-1.5679,59.408,-24.599,66.953,33.705,-58.194,-299.88,-4.9547,221.79,-131.32,-221.96,-14.995,0,0
-6.2051,7.7775,29.599,-66.789,134.64,-144.41,-90.494,78.129,-77.193,-125.66,-23.279,-109.71,18.831,0,0
15.441,-166.54,-176.19,-34.667,287.62,-105.82,130.71,21.301,-232.13,200.31,149.96,-26.549,-4.8959,0,0
-13.423,-21.007,82.823,-132.13,318.08,107.69,-48.803,133.6,-80.353,-102.93,195.78,-6.0046,4.64,0,0
0.43301,1.6405,16.422,-23.51,-8.3269,175.31,241.02,-134.44,-202.79,-341.92,8.4764,16.063,1.1119,0,0
16.851,-3.8812,13.809,-18.621,86.696,101.41,-173.79,-109.25,-185.68,-270.78,194.79,-30.035,5.4952,0,0
-44.036,9.3782,-111.06,-297.09,-189.15,4.3504,17.736,65.055,24.441,43.778,132.72,-3.0856,-1.788,0,0
8.2272,-7.0197,-11.232,7.4593,-123.03,-144.72,121.45,-189.1,-343.12,-29.972,92.384,-1.5998,-16.72,0,0
-0.86603,-5.75,8.3301,-83.517,4.1974,227.45,-130.73,74.887,-85.683,53.767,-23.776,-165.36,26.618,0,0
6.9282,-5.2631,117.31,118.12,71.898,117.58,161.51,-123.38,6.3974,-84.396,174.81,-26.24,4.4196,0,0
-8.1905,-18.563,2.6166,149.95,-42.668,-174.32,88.623,-79.029,61.827,-127.82,210.7,127.72,-17.326,0,0
6.3367,-10.273,-11.904,-86.344,-127.3,118.33,-9.224,107.58,-86.255,86.665,-70.178,-8.552,1.3263,0,0
2.6368e-016,6.6613e-016,1.4988e-015,1.6209e-014,-153.41,352.41,-198.09,-165.51,187.16,-100.2,122.8,30.392,8.0103,0,0
-1.299,35.595,-2.1327,-104.37,13.303,31.47,-157.43,73.006,-52.082,15.416,-325.29,-45.224,6.6064,0,0
0.43301,1.6405,16.422,-23.51,77.568,-168.77,69.194,-43.272,13.703,8.0887,-224.33,56.92,-0.1399,0,0
0.43301,1.6405,16.422,-23.51,-5.9338,96.569,-90.027,241.41,183.2,44.687,163.46,22.814,-6.5038,0,0
-19.486,4.8923,-31.575,247.39,103.79,42.567,-166.42,150.23,-5.6223,-75.055,-62.664,23.558,5.0078,0,0
2.5981,6.616,-16.453,26.535,-4.1853,183.19,116.96,-35.436,-166.68,85.623,-221.43,27.267,4.3667,0,0
0,0,0,0,-225.34,158.44,-84.895,84.668,31.059,172.35,-132.1,98.579,39.112,0,0
0,0,0,0,86.386,-167.85,-4.3848,-10.113,90.481,-133.47,135.22,-25.996,10.998,0,0
-10.392,-5.5849,89.975,-112.41,114,39.016,44.011,-273.12,-114.8,89.05,-105.28,10.875,-1.3451,0,0
-5.1962,14.745,-111.97,-125.89,-118.04,57.542,-216.96,163.56,-81.289,216.74,-76.471,6.7275,5.9351,0,0
-3.8971,-7.6699,-69.18,-108.46,18.703,163.74,24.899,97.065,210.53,243.68,-2.3205,-49.55,-6.5997,0,0
6.7329,-1.4563,9.6618,-34.676,-0.082382,0.12083,154.13,-156.08,112.38,-8.1727,85.092,26.608,-5.052,0,0
-2.3546,13.299,36.912,-131.62,-128.81,208.79,-120.73,-39.235,102.88,-289.58,20.57,0.39664,-1.4468,0,0
-9.0933,14.24,80.143,78.589,-24.154,26.029,163.41,-46.685,31.196,-97.406,17.326,13.079,-1.793,0,0
3.4641,-19.649,-160.84,43.191,248.09,-218.7,340.2,-218.29,-56.972,99.934,-135.06,37.563,-2.9976,0,0
-22.517,4.9348,-164.63,122.78,106.32,36.171,17.784,52.501,-26.263,-173.12,240,-28.486,-11.652,0,0
8.6603,-4.9707,14.453,-2.6423,79.033,15.067,-43.082,-24.97,-132.76,113.79,-170.03,95.27,4.6756,0,0
-12.801,26.767,-12.269,23.554,-16.306,15.899,96.631,295.85,-108.83,-96.242,-149.11,68.412,-11.004,0,0
13.46,-8.4916,-10.142,222.59,204.96,-15.836,-87.588,190.83,-45.351,-365.7,209.5,7.2736,-2.543,0,0
-10.392,14.807,-154.29,-99.181,187.09,-202.14,141.36,-204.15,165.64,238.81,-113.01,-29.555,12.795,0,0
0.43301,7.9527,91.149,-26.828,3.9541,-90.742,7.8343,-59.772,-29.05,-151.64,29.833,40.148,9.4696,0,0
-26.789,18.549,-49.228,97.664,95.734,63.053,117.65,50.707,-8.3812,61.061,-71.057,15.443,0.96923,0,0
-6.0622,0.61603,-15.471,-41.655,-80.362,-197.6,112.12,19.085,-108.09,269.22,24.485,27.903,-1.4171,0,0
6.4952,1.7255,-7.8546,-3.549,14.24,-56.08,-90.308,36.353,91.185,-228.45,2.7507,-50.382,10.481,0,0
21.651,-14.387,29.303,54.985,216.79,140.61,-174.08,9.1514,-120.53,190.34,155.78,-41.106,2.8053,0,0
-8.2272,-7.6226,-56.579,-44.183,33.428,-38.685,-209.98,89.024,34.86,-230.52,20.364,-61.856,5.0113,0,0
-21.651,3.4168,-11.593,-165.93,23.162,42.988,134.89,-30.822,-170.78,362.93,45.009,14.733,4.2315,0,0
-8.2272,-3.6944,103.83,38.689,245.87,-134.87,98.46,-115.11,-105.22,192.25,-8.269,-9.6225,-7.8397,0,0
22.068,3.0305,-31.914,118.47,89.055,-347.79,298.73,145.2,23.545,-330.75,-64.607,50.575,1.5895,0,0
14.131,-13.148,16.425,-170.22,114.4,119.82,14.903,-17.786,-59.419,-119.96,-99.785,289.34,36.206,-10.923,6.9282
2.1283,8.3346,16.668,-35.841,-66.675,108.76,-117.66,246.84,30.981,-186.7,143.36,-16.454,0.77813,0,0
9.0933,-38.517,89.271,178.95,325.66,209.26,122.39,-35.099,167.62,135.82,93.16,-21.715,1.8959,0,0
-4.7631,11.013,0.066987,-57.701,-21.16,-24.549,35.214,-118.37,-106.57,-91.252,-12.052,40.368,6.9328,0,0
8.2272,-24.675,-12.86,52.711,-26.219,-114.21,-241.23,176.8,203.65,-53.438,112.77,-51.986,-2.7318,0,0
6.7697,-1.6014,8.5,-36.494,-95.545,-7.5995,-104.91,11.634,-125.36,53.247,-11.823,-5.0661,-5.3173,0,0
6.4952,-38.444,-2.7877,-3.1046,129.45,-71.51,-208.21,386.99,95.454,74.385,-156.77,-25.804,6.1633,0,0
8.3645,55.951,-44.079,-53.507,77.763,73.444,-32.035,-229.99,70.66,-160.06,74.356,139.46,-26.565,0,0
7.7942,63.487,1.933,-61.554,114.95,120.23,-268.06,216.16,-229.78,-150.64,-105.09,32.985,0.74727,0,0
12.557,-115.34,103.36,-83.432,80.401,-40.184,-154.18,-19.939,517.65,-334.65,-96.484,25.882,-0.94287,0,0
18.187,-50.082,96.895,-52.739,111.14,216.68,-48.457,-173.94,55.384,-205.87,125.32,140.56,-32.356,0,0
-19.021,22.483,-59.365,-29.498,-81.541,215.68,-270.75,-0.65356,17.598,107.59,-95.704,-153.25,21.043,0,0
0,0,0,0,20.038,-31.552,-98.147,-27.263,157.99,-179.42,22.427,33.849,-5.6399,0,0
25.981,-107.69,204.69,-56.719,-263.58,277.69,-24.271,80.184,-70.301,-104.32,106.11,-318.23,44.937,0,0
-4.7631,-12.453,-33.013,143.3,90.871,-73.5,133.08,-16.07,2.731,-119.96,64.051,99.397,-19.568,0,0
-12.076,-86.068,15.857,-46.967,136.63,-154.49,104.71,158.23,-321.67,167.09,54.376,-95.162,6.8449,0,0
6.9282,-13.848,3.2255,-111.61,-244.56,-135.67,-70.33,297.77,-350.65,-77.357,129.57,129.23,-16.16,0,0
-17.131,21.53,4.1041,-114.7,-205.38,202.73,-248.39,43.266,-49.832,-154.61,44.114,-8.6639,4.2488,0,0
9.6381,-74.607,205.85,-78.252,-48.983,-110.04,-163.34,157.62,191.59,-126.15,19.977,21.9,-3.0876,0,0
12.182,29.044,-27.168,-7.0834,-29.098,-94.525,-43.073,-46.221,63.12,187.22,-36.926,30.022,-14.448,0,0
7.8155,87.397,30.643,15.31,-158.13,147.68,109.33,-31.026,-220.86,94.042,9.339,-151.59,18.539,0,0
11.069,7.9554,130.78,-53.539,-10.866,-86.862,103.21,-88.091,112.34,-265.51,-139.57,18.488,6.4635,0,0
17.353,-36.481,-29.23,227.44,29.407,-83.323,106.21,91.104,-12.95,-93.254,-191.51,22.72,-5.7177,0,0
5.1962,7.4821,-2.8187,-21.44,-37.512,-115.58,-90.25,174.76,-21.475,-21.606,-16.969,38.852,4.8446,0,0
-8.4013,-35.862,-69.691,-128.07,-45.274,-30.352,74.111,10.834,-75.897,206.42,-49.387,-16.281,-1.3292,0,0
-14.326,-12.574,-85.092,17.12,-85.853,143.48,-27.205,261.34,116.52,-83.442,-268.24,13.74,11.674,0,0
0.43301,76.254,-126.38,120.12,-83.304,20.95,87.194,11.768,-158.42,209.52,-219.85,43.197,-6.5957,0,0
-15.039,69.408,156.94,-73.962,197.47,141.47,49.101,208.29,129.67,52.164,-278.76,21.584,3.9454,0,0
-27.66,24.312,-69.429,-89.793,29.944,119.6,-187.51,57.956,173.6,-80.035,-212.55,-110.49,23.249,0,0
9.7909,101.86,-107.19,16.385,88.086,171.39,291.66,-57.487,97.893,-53.339,-197.81,1.6368,4.514,0,0
-19.433,11.599,24.788,-155.15,-321.52,-71.353,52.006,42.53,-171.47,-86.252,-228.91,30.366,6.3819,0,0
1.1405,5.1127,19.154,21.683,-138.22,263.33,-172.52,153.02,128.53,88.973,-61.567,-14.59,-9.768,0,0
-3.4641,-2.2075,17.381,87.295,55.356,-304.5,28.45,-107.92,177.61,57.361,123.89,133.76,-17.865,0,0
15.235,8.5583,133.57,-45.878,-25.164,77.119,-2.2214,216.81,-139.27,38.768,-130.62,17.386,-4.8631,0,0
-21.651,5.2894,-78.87,-208.77,-132.61,31.746,-67.439,-87.758,169.43,23.254,-14.891,-13.118,-5.8409,0,0
-7.7942,-29.111,-153.65,53.563,7.6236,-191.4,-57.586,-264.77,-51.922,170.16,0.46591,-324.01,-26.595,0,0
16.021,60.197,-26.198,-2.5915,-1.2611,62.417,46.878,-342.99,-83.077,-287.92,184.44,44.208,16.518,0,0
-2.5981,61.265,115.39,21.002,-26.879,186.87,200.31,3.1268,-7.2276,-49.383,295.42,11.958,-0.5601,0,0
0.86603,131.05,-177.12,73.312,-71.366,-49.696,123.96,171.91,-321.79,-44.755,172.39,-45.641,-3.8688,0,0
-7.7942,2.5556,-108.04,57.244,-209.86,-246.34,112.24,-250.07,-76.561,385.79,-20.825,13.252,2.25,0,0
16.021,60.197,-26.198,-2.5915,-79.834,-139.91,356.11,-51.34,-84.96,-17.224,109.68,-157.05,19.854,0,0
3.0311,100.16,-21.499,4.2075,-169.83,-167.75,-129.93,230.76,155.38,115.69,-33.885,34.505,10.01,0,0
20.352,-19.126,74.512,-46.481,-198.75,205.98,-202.91,104.57,95.768,-62.435,-18.459,2.1585,3.4527,0,0
7.4037,-11.381,16.588,71.932,106.49,109.23,34.781,18.329,-4.9061,226.94,-99.566,-2.225,0.41025,0,0
0,0,0,0,20.219,12.861,152.86,-21.628,-233.94,92.184,-6.5278,22.601,-5.0598,0,0
3.0311,-8.1471,12.221,-15.923,-133.79,-236.7,-245.1,-230.21,-107.14,-223.39,-130.59,13.214,6.8902,0,0
-9.0353,21.407,-15.792,16.882,-87.44,31.299,-103.36,-207.16,44.764,2.9304,161.49,-11.296,0.68662,0,0
0,0,0,0,-77.279,-28.206,-63.056,-17.491,4.8088,27.833,15.141,8.5212,-10.089,0,0
2.2204e-016,0,1.2212e-015,2.8422e-014,-140.03,-110.48,138.5,220.3,128.31,12.237,46.191,-24.1,-6.3978,0,0
15.155,9.4558,4.4641,216.91,-89.674,63.324,-29.336,-52.931,175.12,71.404,57.512,-11.025,5.8591,0,0
0.43301,1.6405,16.422,-23.51,-108.62,-44.384,141.98,-359.19,2.1499,18.932,35.916,-8.4527,2.5356,0,0
-19.053,13.838,-12.368,-49.929,-85.276,36.942,-70.291,47.305,97.738,-35.092,107.7,-40.916,-1.7617,0,0
-20.437,88.836,28.207,-171.48,152.62,122.3,-172.49,290.73,100.9,-149.71,164.07,1.9894,0.62028,0,0
-9.6112,-69.372,-64.258,-221.75,25.452,65.547,-120.06,-214.11,186.57,326.49,-273.55,-34.811,-7.1502,0,0
-16.053,-75.467,-36.998,-179.36,-50.373,-321.01,87.966,-127.28,310.3,253.06,-75.693,116.25,2.9875,0,0
-0.43301,83.37,-9.5154,36.394,-223.63,142.87,14.058,70.142,-239.18,221.39,-207.51,-11.311,-1.5404,0,0
-21.446,1.8654,26.14,-119.26,57.586,16.501,-7.7315,-113.89,-135.54,57.95,153.79,10.692,3.0697,0,0
-11.417,30.531,-27.572,-122.01,90.517,-116.75,-124.88,80.238,-53.751,159.79,-3.4143,-3.4096,-5.8696,0,0
-4.3301,-7.317,-60.971,25.648,-24.309,184.99,-155.03,-260.7,222.7,-181.91,123.51,33.738,2.7357,0,0
-0.67075,1.0568,-6.0924,-4.2243,201.52,113.5,62.49,-98.061,49.304,432.29,10.368,-46.925,-6.6051,0,0
8.2117,-5.2063,-26.524,77.418,62.887,-41.012,35.014,312.58,-106.76,-229.94,177.9,62.076,-5.8902,0,0
-43.614,9.8671,-50.713,-334.55,16.691,155.31,31.529,58.221,322.92,219.91,242.61,-13.802,-12.251,0,0
-29.012,-15.15,-5.866,3.4216,-107.62,25.129,52.075,-161.03,-57.227,164.42,-161.65,129.48,-33.889,0,0
-3.0311,36.504,2.4851,-62.415,76.408,51.159,98.693,-281.6,-143.48,-26.601,-38.981,-17.057,7.0748,0,0
20.352,-19.126,74.512,-46.481,-76.605,-53.485,-130.18,-114.11,74.405,-63.109,225.94,-156.78,27.855,0,0
12.557,-25.049,-89.403,-14.316,-2.0287,6.3696,43.889,163.67,-245.27,229.08,112.97,-40.671,-7.6579,0,0
3.3113,4.5679,-7.7808,-50.815,-28.488,-27.999,-32.679,33.862,-80.471,30.96,-45.701,-8.8735,10.579,0,0
-23.419,46.714,75.355,-30.839,5.6934,325.91,61.585,-92.537,-141.41,61.096,-79.595,22.789,3.8179,0,0
4.6471,14.612,16.408,-46.762,100.91,-219.96,126.1,100.33,-37.943,-67.399,-67.911,-13.346,-4.1723,0,0
0,0,0,0,1.3693,-136.47,-83.103,180.82,-324.96,-128.52,8.9577,16.942,1.0404,0,0
5.0377,-2.9853,4.2679,-66.515,18.764,-53.288,-56.147,240.26,-90.134,98.983,-44.76,10.263,-0.34808,0,0
19.053,-47.536,3.4497,226.02,41.719,245.99,-108.53,-172.32,-38.529,122.41,-157.1,6.4463,-1.7593,0,0
1.8113,-18.641,43.494,-7.4957,82.407,109.25,-175.32,189.77,-173.38,-288.5,182.1,-8.8808,-14.84,0,0
-3.549,4.5604,-70.23,92.041,181.3,84.039,-75.685,-140.93,-175.69,122.02,-43.148,39.714,-5.0284,0,0
-20.589,-0.41691,-26.215,91.384,-0.51466,19.929,154.72,-186.16,-83.17,-38.351,269.48,10.634,2.8143,0,0
7.1235,9.9898,-10.978,15.908,-12.852,131.44,-40.738,171.21,-11.981,-127.11,-241.43,108.41,-1.8588,0,0
6.7697,-1.6014,8.5,-36.494,214.69,98.241,-100.61,-249.07,115.94,46.65,-32.636,12.166,1.8018,0,0
8.6603,-4.9707,14.453,-2.6423,20.472,161.83,-56.802,148.63,71.296,-174.23,-110.13,38.484,1.2886,0,0
20.885,-13.161,-114.2,11.363,-86.885,-76.057,42.789,-86.798,18.66,38.557,395.53,27.794,5.4953,0,0
12.246,14.469,320.66,-53.072,37.18,-27.001,85.354,4.7462,136.19,300.39,-139.35,29.184,7.2292,0,0
-0.43301,1.1764,-73.435,-39.199,12.082,-123.11,226.18,-107.37,103.31,51.607,223.36,8.7535,38.173,0,0
-21.846,3.0071,128.22,60.068,36.298,-118.89,-19.513,-2.0951,-220.31,-145.74,53.577,-78.553,1.621,-2.0215,-3.4641
12.167,21.328,100.61,136.48,62.419,-69.482,-51.509,211.18,-8.9158,-10.873,-83.809,-128.67,21.829,0,0
4.3301,-6.6896,-207.54,161.65,-48.099,-17.674,101.2,-335.05,-66.253,224.92,-172.64,-141.78,27.277,0,0
6.0622,98.749,-39.923,55.343,4.2676,37.378,-106.15,187.65,-149.09,46.343,-32.715,27.349,-7.5332,0,0
-7.3612,87.591,-29.932,51.123,0.21891,-12.197,-63.559,125.11,170.89,184.44,-99.365,10.395,-1.2335,0,0
5.1962,-102.49,0.55479,-141.09,-140.71,252.88,79.592,-111.73,220.26,-23.439,56.793,-106.3,27.533,0,0
-3.0311,91.834,-51.186,187.42,-150.44,-54.151,-112.63,-21.217,-130.96,-254.45,64.129,53.365,-0.53822,0,0
-11.469,5.1357,-39.11,-20.072,26.289,113.47,30.513,-263.04,-183.09,167.11,88.196,46.525,8.8248,0,0
-32.165,-11.233,-46.261,115.79,98.819,123.74,-112.46,191.59,-199.05,189.81,-80.849,0.58614,2.741,0,0
2.0123,24.454,-98.483,-29.82,21.898,43.073,-32.649,-25.964,40.379,-54.567,-142.19,-21.024,4.8149,0,0
1.299,149.3,-11.406,-58.123,6.4575,-26.812,-155.15,58.897,-131.9,229.42,96.312,34.076,3.8149,0,0
2.5981,-0.56218,222.81,-2.2729,-149.45,-240.05,-110.51,31.642,-36.814,62.562,39.286,51.532,-5.6659,0,0
5.1962,-20.668,62.119,-3.8367,13.915,-124.66,56.504,-298.14,-215.56,82.131,-196.5,7.6056,-0.49551,0,0
12.124,17.257,182.56,80.834,-34.943,224.29,-3.1786,145.04,164.8,336.1,198.2,28.97,-2.0986,0,0
2.1651,-4.5867,-75.152,72.27,0.66867,-14.899,171.8,-88.072,-194.91,-89.039,-99.455,46.279,9.6039,0,0
19.053,-13.838,12.368,49.929,-23.935,-53.8,87.097,162.05,146.36,30.044,-43.958,8.0222,-4.7679,0,0
1.7321,23.428,16.842,-155.5,139.38,194.27,-98.7,208.49,-76.884,-2.6011,12.12,35.526,-5.2697,0,0
-88.335,-49.359,224.43,-51.53,-19.98,-203.53,130.34,206.82,36.059,41.686,144.29,-29.353,-15.307,0,0
-5.6292,-86.93,42.99,1.4374,37.069,-69.309,20.221,93.03,93.292,-128.02,-210.59,61.44,8.2309,0,0
-0.43301,-1.6405,-16.422,23.51,-2.8875,-8.6962,-144.99,-26.818,-235.44,148.94,-4.7518,-8.8313,-0.33614,0,0
-16.021,-0.93782,-95.042,-113.53,68.222,53.163,106.07,130.1,64.1,89.26,7.9207,19.803,-1.991,0,0
2.5981,-17.221,-5.549,39.592,-123.66,-19.56,38.745,-5.7422,-8.8536,-346.75,-27.255,13.902,0.57508,0,0
7.3612,2.7075,-10.783,129.47,-84.098,10.364,128.29,-32.73,53.12,-70.576,-1.145,13.126,13.322,0,0
-19.486,24.37,-81.896,112.89,-21.648,60.63,41.982,122.56,-93.636,345.79,173.89,179.78,-27.629,0,0
-13.423,-6.0538,-62.752,-137.77,-222.75,-57.215,-75.084,347.82,347.41,-5.5316,-66.26,-20.911,5.889,0,0
1.7321,-41.454,46.775,-9.1016,1.6226,55.416,-403.71,-377.55,193.35,48.607,-17.391,62.67,6.7091,0,0
9.9593,6.4313,69.95,100.35,-227.9,-30.267,-73.388,-65.532,199.68,30.997,-143.18,26.313,-7.8385,0,0
9.9593,-0.18958,-2.8792,4.4527,-154.01,-10.501,-42.61,-43.586,17.341,9.7901,-11.131,-3.6026,-2.3663,0,0
0,0,0,0,-103.89,-63.165,134.43,-33.965,43.407,-70.952,-1.0416,6.2488,-0.55681,0,0
6.9282,-15.46,-18.851,-147.13,65.253,408.31,-107.21,-68.104,-413.66,-28.73,27.664,20.858,-4.3681,0,0
