17.025,35.182,9.213,-116.8,-3.071,189.96,-316.88,12.283,-349.55,-442.97,44.217,-204.99,58.672,-130.85,17.75
-16.208,-21.092,4.6913,-81.825,114.19,24.914,354.29,451.9,-101.53,-225.71,-97.69,161.1,12.38,0,0
-17.75,-4.1734,13.087,12.182,223.43,-38.594,365.8,-527.22,328.07,360.34,174.85,-173.38,15.205,0,0
16,16.995,27.414,-179.09,-195.45,-231.49,-179.41,201.9,39.455,252.52,-99.343,-52.282,8.2051,0,0
0,0,0,0,2.579,-486.51,50.156,105.01,403.49,211.38,132.47,157.45,5.4261,0,0
-4.2075,11.197,-31.522,123.09,174.82,39.485,207.32,37.452,-115.99,99.476,-201.27,-32.661,-10.496,0,0
8.5,9.1357,-6.0408,270.37,81.376,-73.179,135.69,114.36,-317.75,-235.75,-241.07,-130.82,-149.02,0,0
23.338,15.798,-34.981,34.464,158.32,3.4768,-453.91,-176.37,145.77,58.929,-143.06,-35.849,-90.078,0,0
13.75,2.2649,-0.090218,18.409,-63.72,-110.63,251.27,364.44,-275.65,67.349,56.016,-274.81,-37.373,0,0
6.5368,8.8143,-1.8747,-40.154,-94.462,119.76,-531.59,-13.684,440.03,-152.63,3.6505,188.56,153.75,0,0
-18,-8.7075,14.795,-132.76,158.4,-184.46,-267.58,-153.18,101.12,20.848,-171.16,108.41,36.751,0,0
10.5,16.317,45.851,74.968,27.506,-145.71,134.33,29.91,23.741,-36.809,119.87,22.273,65.54,0,0
1.75,18.775,-5.6519,-75.074,123.46,-137.99,5.3958,-160.12,-164.15,-105.92,42.653,23.837,13.79,0,0
4.5,-11.964,48.605,20.649,117.73,-189.38,223.75,329.69,-100.47,-14.609,-83.12,9.9067,23.532,0,0
-11.382,-10.292,15.347,-58.421,78.265,-444.77,191.79,66.992,-207.64,-102.18,16.297,-122.9,-32.644,0,0
15.5,-0.61427,-3.8678,25.057,-157.1,18.128,157.2,-105.49,284.34,4.361,-81.263,-72.387,-9.9572,0,0
-0.25,-17.02,117.53,42.87,111.21,-285.13,36.277,234.2,-205.84,-54.178,284.9,-38.247,88.418,0,0
0,0,0,0,-3.2494,15.186,-282.82,-298.62,-79.836,116.87,-38.676,-13.037,-40.66,0,0
0,0,0,0,18.435,-145.3,-127.63,-60.609,-120.6,-81.846,-310.76,-129.33,-3.8881,0,0
0,0,0,0,18.123,-175.02,-9.9261,206.72,55.678,-130.65,15.951,-38.631,4.2144,0,0
42.489,56.457,-17.037,-237.74,-145.93,-161.64,283,303.92,-57.457,345.28,-111.43,-40.088,-50.586,0,0
19.564,-6.0135,-0.84183,52.135,-73.416,-261.21,100.16,-167.72,-100.05,429.79,-152.4,-211.49,4.2545,0,0
-11.842,-9.709,47.222,87.341,-110.83,-43.117,-105.72,-144.1,155.98,54.611,-81.412,51.985,140.12,0,0
-0.75,-11.085,-3.0998,32.076,-113.55,-156.1,110.57,-72.603,-228.65,57.657,-153.82,15.502,-21.599,0,0
-8.1274,-3.0071,25.429,-28.638,-262.94,-73.204,-55.574,179.86,206.97,143.37,35.568,72.472,9.6349,0,0
1.75,6.6208,11.752,2.4103,51.108,-229.75,-274.38,-112.18,-432.97,91.027,21.199,-12.097,3.5724,0,0
-12.351,-18.94,57.663,-127.58,-158.48,-249.81,-28.166,120.44,119.93,250.88,17.222,31.012,-23.602,0,0
0,0,0,0,-52.78,118.76,-321.53,-205.37,122.81,-343.41,-63.526,39.15,-1.7042,0,0
6.5179,-3.2063,-46.68,48.485,-84.234,-101.77,-429.37,-86.454,51.379,14.205,-17.089,-96.954,-77.152,0,0
8.2925,1.5858,8.4886,5.1878,13.091,-23.004,113.52,87.574,185.84,150.16,-242.68,-85.59,-8.9695,0,0
-5.25,7.9869,0.52628,-3.997,14.501,-112.74,-150.18,57.903,110.75,-53.097,-95.733,-10.953,-29.997,0,0
-5.8603,-2.1409,-1.7141,-36.909,203.61,4.2398,-5.3095,-86.065,141.34,-272.1,-108.74,43.03,7.7676,0,0
8.75,-4.951,8.0179,49.97,85.535,-344.07,294.33,-267.78,-155.41,76.193,-63.604,-38.566,3.462,0,0
11.262,14.75,-70.366,-304.22,54.177,402.49,2.6004,125.33,-201.55,-615.8,199.32,-26.13,-73.557,0,0
0,0,0,0,-0.21082,63.922,348.27,81.636,-153.09,-2.403,21.006,-35.467,-4.5724,0,0
-11.25,-2.0736,-0.86603,-4.9462,-36.277,-25.984,106.89,-179.34,-250.82,-191.82,48.846,-18.827,5.0981,0,0
-2.8627,-2.5167,-2.9453,-15.146,122.99,166.57,128.06,56.445,216.12,29.381,72.715,0.0041651,-14.022,0,0
-18.372,-19.196,113.39,-234.64,9.7905,261.34,-156.66,-256.71,170.85,103.71,130.42,16.847,96.164,0,0
-22.25,3.0981,3.1314,-176.56,-116.04,-124.34,-79.687,-4.863,2.2695,-153.51,-93.715,25.25,35.349,0,0
-10,-12.526,8.6471,-18.424,234.33,-428.27,10.042,-52.945,-41.102,-112.1,57.463,167.42,44.758,0,0
-1.75,-6.6208,-11.752,-2.4103,-19.421,-108.41,-419.15,-122.53,22.604,78.812,4.699,25.29,-38.573,0,0
-16.25,-10.471,0.76795,7.0197,-74.402,99.358,390.92,51.495,-170.36,103.94,184.64,74.695,22.202,0,0
8.3849,-12.838,24.57,50.048,-41.23,-299.87,-371.79,-306.87,-411.68,-220.22,34.571,10.791,25.574,0,0
-26.5,-28.191,-0.63397,-13.039,-257.13,-276.43,-27.458,-63.31,221.83,-314.45,168.96,2.0026,-20.061,0,0
2.5,-4.1896,-7.701,28.133,-217.82,44.77,-55.723,-73.188,-113.2,-300.28,30.128,-40.162,-26.407,0,0
13.951,-12.888,-30.469,118.32,129.43,-185.9,-64.771,-67.018,112.56,242.86,-375.21,135.74,84.131,0,0
0,0,0,0,-29.918,78.185,-236.18,53.198,58.865,391.27,80.055,-40.396,45.016,0,0
0,0,0,0,-2.3358,-25.087,-169.24,324.41,-120.83,-420.07,-248.98,-28.758,5.6998,0,0
8.3684,25.539,-47.025,-15.779,81.154,201.3,-44.905,-110.64,69.656,22.036,94.442,-258.45,-44.329,0,0
-13.629,-0.032613,-33.919,-275.22,187.04,322.25,202.55,118.09,-159.16,-38.05,25.355,-124.8,25.625,0,0
24.887,11.433,-2.8574,55.206,-12.9,233.99,310.74,260.39,-207.05,17.572,-295.4,95.477,34.054,0,0
0,0,0,0,-2.2766,-52.508,47.914,-303.74,-93.636,39.366,-27.363,6.5724,-4.5613,0,0
32.945,27.807,8.5377,-15.201,42.514,-287.54,-160.86,-80.087,437.89,-241.42,-325.1,9.5004,245.79,0,0
-3.3717,6.058,-6.824,-253.4,8.8858,97.868,-41.002,206.74,-176.37,154.71,-11.103,151.83,35.466,0,0
-2.451,1.6107,10.371,-11.433,-212.79,-250.5,-35.222,75.005,244.56,-119.06,-147.37,-14.045,-1.9285,0,0
0,0,0,0,-26.764,268.07,212.29,-582.21,-14.348,142.32,-84.079,-22.07,40.341,0,0
2.3873,-7.0347,-7.6528,-11.101,-42.309,141.97,-166.51,-13.705,-160.07,-203.05,-128.58,3.9904,-2.4886,0,0
-18,-10.446,-34.238,152.29,120.54,95.729,-347.02,496.78,-192.35,-40.307,391.52,-2.3292,33.505,0,0
-21.613,-5.7868,-68.015,-110.86,24.975,257.29,-189.31,293.95,-19.913,3.7929,-161.04,-269.23,-82.725,0,0
-0.89952,6.7192,-0.47613,28.148,-140.06,39.455,36.483,249.53,-14.188,-276.48,151.31,-2.0284,21.252,0,0
0,0,0,0,-97.826,177.24,-268.21,-184.05,14.752,312.12,-57.845,19.606,-19.593,0,0
0,0,0,0,16.682,-127.64,-223.59,-457.51,335.94,-120.76,-15.319,64.689,10.419,0,0
6.2925,2.4387,16.85,-37.248,-37.863,174.53,151.52,41.113,8.8007,-303.46,-88.931,-48.676,9.3938,0,0
0,0,0,0,74.053,-221.06,-254.53,-82.913,161.36,369.86,306.7,-8.7745,-13.654,0,0
-8.0915,-27.786,86.463,-114.52,-62.84,236.12,7.1519,78.741,-133.32,122.1,-87.843,226.96,19.399,0,0
-17.75,-4.1734,13.087,12.182,242.62,289.97,-31.66,-59.401,-87.37,94.89,-142.13,47.598,4.7856,0,0
0,0,0,0,-30.105,166.84,165.32,22.074,3.0491,73.93,63.396,-16.032,7.0981,0,0
2.8203,-8.6618,-20.148,36.759,31.702,-236.52,38.918,98.02,40.077,-7.5306,26.688,190.01,-64.407,0,0
10.652,8.1913,-19.126,-8.788,-51.273,-229.35,67.484,-337.57,166.95,187.18,9.5953,54.29,-8.7395,0,0
0.82356,-7.6262,-6.322,21.117,-132.11,-335.78,-328.16,-48.309,31.88,-94.682,14.025,53.194,72.98,0,0
-7.1797,-17.979,-14.915,66.539,91.352,168.19,-166.24,129.89,102.78,-103.97,68.288,133.09,146.54,0,0
0,0,0,0,59.112,-55.869,-130.88,-306.41,28.431,5.4163,49.732,16.778,-39.865,0,0
0,0,0,0,-29.106,224.74,100.31,-27.743,-66.859,-60.89,71.818,5.3453,-23.363,0,0
0,0,0,0,38.341,78.434,-253.49,-212.85,-217.28,108.7,-115.56,-46.426,4.8068,0,0
-0.75,-11.085,-3.0998,32.076,-217.93,-435.65,-52.369,-8.8812,20.65,-351.36,-123.95,13.943,-4.7889,0,0
1.5,0.96891,1.2518,-3.0407,22.927,402.68,-51.752,-455.67,-340.09,57.236,-11.664,10.324,-16.86,0,0
-4.2006e-012,-5.9755,-4.1913,37.572,218.21,-165.51,-603.6,-230.1,241.96,197.44,159.34,-17.737,22.298,0,0
0,0,0,0,44.162,67.947,23.299,287.65,-59.393,-42.174,2.2013,23.629,-1.375,0,0
-7.951,-1.9336,18.59,-27.234,-18.551,81.571,-17.116,173.17,-172.96,-130.15,-82.086,149.15,9.8678,0,0
6.0425,-0.38966,5.2321,-8.2881,94.397,2.7237,122.39,-470.26,-100.13,-110.94,-10.797,-29.495,-13.713,0,0
-28.725,-36.226,-14.241,-16.826,-226.49,-277.77,-121.41,365.46,-192.13,-471.45,310.26,-171.75,-16.219,0,0
0,0,0,0,20.299,-153.45,139.85,-24.984,-342.14,-132.9,65.729,15.368,-23.917,0,0
-2.8627,-2.5167,-2.9453,-15.146,103.4,-194.49,-81.353,83.459,-165.42,-421.33,-172.91,-132.57,51.676,0,0
-26.152,-23.934,-30.722,173.88,34.414,112.45,-251.29,-63.863,-11.947,186.7,195.05,131.49,41.806,0,0
-11.865,-7.229,23.8,-2.5356,88.465,6.6369,12.717,41.749,-237.23,-31.859,204.06,45.819,-0.43061,0,0
0,0,0,0,2.631,72.323,-108.78,-114.02,222.92,-231.01,31.513,7.3104,24.959,0,0
2.75,2.8056,-2.6716,-5.6848,12.459,-238.89,-164.3,296.42,207.74,320.53,-154,14.05,6.6937,0,0
0,0,0,0,3.9627,33.812,226.76,-34.651,-43.792,-7.7032,-132.37,-5.9127,-18.322,0,0
-16.917,-4.4309,-35.98,0.16588,177.8,12.614,-2.8173,-80.219,-25.957,110.16,-197.96,-101.05,5.529,0,0
15.5,19.142,-36.986,185.11,46.657,-70.781,-34.618,174.34,-145.58,45.619,83.964,-31.251,31.065,0,0
-21.824,-11.079,5.2894,187.44,80.409,-271.38,-157.6,-347.68,-215.87,-147.67,116.74,58.873,-251.46,0,0
-3.5,-13.891,-0.4282,37.761,-255.81,-133.42,-117.8,-492.86,-173.31,-182.7,-199.31,-92.368,109.94,0,0
8.75,-4.951,8.0179,49.97,120.03,-101.56,158.82,-247.78,137.09,88.733,26.819,15.263,4.5715,0,0
-2.6519,-7.5257,-5.8866,36.674,252.51,201.86,125.63,110.19,55.087,-89.746,-62.94,8.105,5.5846,0,0
29.092,12.753,-24.608,178.54,150.83,-146.07,-72.296,-286.33,-336.62,-374.52,-181.2,-2.991,-3.6953,0,0
-9.4297,9.7353,-18.349,-40.294,273.35,201.55,-97.13,2.2981,-373.01,-55.674,-191.13,230.75,-32.405,0,0
6.0425,-0.38966,5.2321,-8.2881,49.29,60.968,81.9,-385.77,25.901,-312.05,2.174,16.416,-11.128,0,0
11.357,20.684,-25.609,-242.17,-210.48,-130.55,-411.65,187.58,53.016,285.13,159.71,263.61,2.5736,0,0
-8.5,-3.9413,20.654,-25.102,118.72,154.11,-25.968,-358.48,-6.221,38.809,-48.918,-46.055,-24.401,0,0
28.954,27.613,-19.551,-39.628,7.3611,358.57,73.578,15.616,58.257,-460.76,41.307,226.4,-21.084,0,0
-2.8627,-2.5167,-2.9453,-15.146,104.11,-178.89,-8.6285,28.115,-0.7021,-246.67,63.386,-42.744,31.318,0,0
2.5,-4.1896,-7.701,28.133,-238.57,240.33,494.71,76.509,-267.98,-66.925,35.858,69.977,-8.1752,0,0
-11.25,-2.0736,-0.86603,-4.9462,35.191,-144.34,42.384,69.794,92.769,197.35,11.257,-4.4982,-18.296,0,0
6.4731,-4.1797,1.2234,24.976,200.03,112.6,-7.6892,436.13,490.83,277.15,202.12,-25.983,110.56,0,0
-3,-4.1651,2.134,9.9724,-2.8311,113.41,-55.799,-270.54,-298.23,-61.211,-58.459,-7.6794,10.472,0,0
-9.0335,-4.6618,31.975,-198.66,-37.638,-362.16,88.836,-345.77,-107.43,51.711,-14.326,-8.4417,19.732,0,0
0,0,0,0,0.26971,3.6083,-219.16,9.6031,-250.37,143.57,-87.235,13.911,-25.257,0,0
-15.632,3.3277,-21.083,-27.98,42.445,-81.022,-141.23,276.06,-329.41,-289.36,-61.653,16.066,-29.778,0,0
-5.8603,-2.1409,-1.7141,-36.909,212.71,87.932,-21.816,-145.55,-289.43,87.968,37.039,43.718,-19.245,0,0
-6.6613e-016,-4.4409e-016,0,-1.7764e-015,123.85,-192.24,36.161,-121.89,-129.15,224.22,124.26,-155.51,7.2987,0,0
5.5825,-9.0275,40.097,-178.19,-46.866,-110.77,149.94,-5.7168,-332.09,-10.864,156.32,-22.213,2.9877,0,0
0,0,0,0,23.369,-84.857,-267.19,-152.61,222.43,-185.85,29.305,-14.31,15.58,0,0
0,0,0,0,53.303,326.71,272.17,-99.964,201.59,-90.203,13.268,-16.122,8.2365,0,0
-7.8415,-5.3035,-7.9587,-28.337,-32.788,256.26,68.27,-50.102,-98.61,-124.73,-178.38,-85.751,-31.115,0,0
7.8137,3.5373,-22.265,24.654,-151.07,-397.86,-252.94,-5.86,147.56,360.83,82.28,-4.9133,-27.917,0,0
29,27.789,12.455,-158.73,-257.36,-194.45,-51.685,-243.32,-43.858,188.76,69.329,29.894,-15.678,0,0
-20.25,2.0652,8.6322,-0.36989,-100.84,-235.05,-45.426,-343.78,198.77,176.5,-162.15,1.7455,-2.9106,0,0
-38.461,-40.863,-35.185,-96.603,-215.21,244.71,85.52,-326.48,-142.84,-307.32,71.813,-75.287,-81.71,0,0
4.951,-2.4922,2.6752,-9.9209,86.21,41.33,37.554,210.31,331.13,112.83,40.155,-49.133,24.614,0,0
3.826,-29.355,-90.809,-255.89,-406.02,-337.93,4.6295,-22.415,-299.33,-47.103,350.03,12.179,-39.405,0,0
8.6005,37.745,-24.84,147.54,271.23,192,-16.445,317.25,-401.26,204.79,2.7144,81.954,-2.4743,0,0
0,0,0,0,-10.835,160.71,79.623,257.34,-203.65,322.7,85.574,-24.449,0.9653,0,0
-0.61274,-0.54127,0.3113,-1.6696,-4.6513,36.163,339.57,107.13,-22.934,-330.34,-74.401,-21.922,-22.303,0,0
-20.951,-0.51314,-4.5233,43.296,111.4,-64.9,-346.93,-312.67,-134.87,-322.57,59.965,36.545,6.9518,0,0
-31.577,0.81769,-200.56,-307.9,-256.01,-4.2813,-211.61,-145.81,-434.89,-168.76,-44.677,28.844,-14.628,0,0
3.8873,5.4294,-13.035,-102.36,114.66,210.1,315.9,-49.916,-443.98,-501.45,35.551,-10.302,-97.698,0,0
-3.2868,-16.622,-3.845,42.047,-222.73,-227.49,-241.94,99.05,-177.11,-0.30808,129.01,25.765,18.975,0,0
0,0,0,0,25.965,292.44,-7.6806,14.759,112.81,-107.62,1.9605,-45.529,5.4163,0,0
44.452,29.997,-51.858,23.481,157.52,-149.03,177.28,443.06,435.5,-182.64,-178.73,-102.97,29.129,0,0
0,0,0,0,-36.448,-41.159,-127.54,248.21,-186.87,-309.13,-78.587,2.4159,6.7802,0,0
-2.8627,-2.5167,-2.9453,-15.146,67.752,165.76,-97.351,-119.48,198.65,168.44,-35.031,3.6538,7.1247,0,0
1,0.01971,-11.404,-2.1913,43.037,217.4,8.8292,71.442,-26.738,-37.689,8.4776,0.16289,-40.333,0,0
0,0,0,0,-38.103,-81.528,-382.38,-138.26,16.544,-175.61,18.16,-7.9121,-15.023,0,0
2.5703,1.1325,-19.284,-15.693,151.95,113.78,9.3735,182.28,159.31,-96.323,2.6355,23.663,-45.152,0,0
8.5,-2.2303,-20.185,45.254,52.441,63.584,133.72,323.66,203.25,74.532,236.47,25.547,-0.89295,0,0
13.338,7.7425,-25.876,34.096,102.42,213.22,149.34,240.38,-10.647,26.944,-5.1485,-15.018,-20.684,0,0
0,0,0,0,30.282,-213.9,-251.9,194.07,142.52,-55.95,-43.34,36.478,-14.589,0,0
-9.2288,-6.6107,-17.869,37.933,593.79,232.78,445.29,-10.325,152.08,-428.66,128.9,-25.701,-86.139,0,0
-16.314,-40.051,-4.7423,176.8,-68.095,-267.84,-288.72,157.9,-226.51,133.56,-12.112,-6.081,8.3591,0,0
38.338,27.097,-17.317,-261,122.71,-113.02,112.87,37.424,-143.59,-170.83,-426.03,190.78,-6.3995,0,0
-4.0792,20.839,-10.905,-216.23,-228.68,156.29,76.596,-256.56,-323.74,-164.84,20.96,120.05,85.93,0,0
4.683,21.191,63.795,-38.89,436.81,-175.28,-2.2741,173.75,-38.456,196.87,189.73,-75.837,-9.7697,0,0
-2.8627,-2.5167,-2.9453,-15.146,5.1032,117.93,219.18,108.13,-262.54,-70.262,110.69,76.867,57.355,0,0
-2.6151,-1.0981,-2.2443,-0.88189,49.524,82.395,-123.72,-46.255,159.65,3.9337,-34.431,-79.088,13.497,0,0
-22.467,-12.299,62.181,-97.49,-51.122,-92.234,288.7,-75.693,51.097,189.4,344.83,111.04,89.661,0,0
-9,-7.4838,16.453,-57.051,73.101,-258.97,-104.74,18.49,193.89,159.15,199.96,12.086,4.1283,0,0
5.2321,6.6513,-17.726,5.4228,-70.984,-6.6276,147.31,58.56,-76.129,-126.8,35.756,95.164,-12.065,0,0
0,0,0,0,-1.7521,-52.606,39.358,15.086,143.5,52.455,-56.849,19.096,0.31458,0,0
3.0825,-5.8086,50.55,-142.21,-170.7,-202.89,87.995,68.129,-196.34,-68.722,51.845,-124.72,7.7599,0,0
0,0,0,0,35.561,91.032,246.11,543.47,-170.78,-359.74,-184.01,-3.2891,29.024,0,0
-2.8627,-2.5167,-2.9453,-15.146,101.53,-214,121.47,-70.765,186.76,137.15,21.42,-30.015,6.1561,0,0
1,6.43,-57.099,188.04,98.507,211.59,-309,48.325,246.47,-160.08,280.64,-104.24,-64.8,0,0
31.257,12.943,18.433,-36.625,-70.339,260.4,41.082,-308.57,-391.75,-372.34,-1.398,27.151,-24.761,0,0
-7.25,-6.4103,14.142,-29.193,-230.25,-330.64,35.076,-132.67,-186.68,275.99,182.04,111.24,-48.347,0,0
0,0,0,0,1.0804,33.446,-588.99,81.882,-59.646,-293.69,6.3756,-33.091,-18.578,0,0
-48.757,-26.688,0.66178,-89.037,251.17,-60.892,-120.58,133.86,-29.774,377.27,415.21,-333.76,149.88,0,0
-6.491,-29.271,57.545,105.5,-132.04,20.588,-543.88,-0.16494,-353.1,36.356,364.31,-115.82,-140.71,0,0
15.564,32.371,-18.408,123.58,157.46,280.58,106.08,136.53,-209.74,141.02,-192.65,-168.41,7.0846,0,0
17,15.134,-4.0626,87.783,-42.065,150.38,27.548,-326.55,-25.867,148.27,-11.973,-22.124,14.172,0,0
0,0,0,0,-76.602,-200.05,-308.47,118.91,-8.478,79.381,36.991,4.7457,-23.972,0,0
0,0,0,0,23.135,-93.902,274.95,-194.07,-257.51,127.01,-239.37,-19.868,-3.8481,0,0
-2.6151,-1.0981,-2.2443,-0.88189,102.52,-39.024,202.3,277.04,113.36,228.45,-17.162,-31.572,6.6238,0,0
17.07,5.3107,-29.005,15.092,-46.963,-82.046,-245.55,-113.79,293.6,121.25,-236.43,-92.636,-0.51258,0,0
-6.6495,7.0984,-1.4647,-6.1187,3.2746,-256.46,445.59,7.59,-105.77,151.04,-206.1,-61.594,78.533,0,0
18.433,24.502,80.575,199.51,241.53,393.28,74.793,414.58,338.08,137.36,100.4,210.36,-7.503,0,0
0,0,0,0,29.284,-156.51,-392.22,465,-66.806,-20.607,-66.919,-13.37,-13.906,0,0
8.25,3.8989,-24.423,64.776,-96.918,-305.98,-476.62,-58.975,145.84,-168.3,-108.02,113.17,-19.666,0,0
-12.838,-15.808,17.601,-11.324,183.67,6.3703,-20.533,238.18,265.53,48.313,-50.552,-59.349,-2.3729,0,0
-0.82268,5.1624,23.486,-56.963,8.2085,356.7,100.87,-21.726,-100.7,-230.2,4.9391,-205.95,-99.497,0,0
0,0,0,0,1.0446,-25.975,610.95,-71.244,6.2438,-205.9,-105.53,-14.834,16.253,0,0
19.43,-1.8161,-7.4644,9.2375,-416.91,-10.209,150.72,52.402,-131.57,538.13,40.637,-98.085,-13.161,0,0
0,0,0,0,16.529,-120.58,205.33,234.24,-42.074,108.36,-26.722,5.4886,2.817,0,0
-4.8792,2.2787,-103.05,53.826,-72.895,94.872,396.76,283.87,-68.671,92.011,231.16,42.577,-167.44,0,0
-6.6495,7.0984,-1.4647,-6.1187,17.301,12.846,119.28,52.014,-89.165,246.7,-1.2474,-31.596,-20.808,0,0
-7.1292,-12.216,-51.016,-62.774,69.359,-76.45,8.7695,-80.34,-58.36,-212.95,5.547,32.458,-17.003,0,0
8.884,-12.78,-48.011,-227.39,-152.25,-322.45,-127.54,-19.491,312.63,-521.57,30.712,128.44,55.939,0,0
-16.363,5.4653,-34.675,147.24,-50.393,-4.4246,-37.365,-61.266,287.22,-1.3828,183.19,-240.21,-74.727,0,0
5.75,-0.37917,0.98862,34.267,-121.2,100.55,-144.81,-364.8,-124.52,75.974,-27.755,11.477,-1.1226,0,0
1.6863,-7.1247,34.926,-88.33,-23.226,-78.815,48.158,-114.93,109.35,-40.542,-4.3528,-93.535,-3.8684,0,0
0.32027,-4.4722,-12.447,8.6262,201.81,-72.605,-185.98,-223.94,-107.68,23.939,45.383,79.833,-16.272,0,0
15.25,21.285,-20.986,-170.12,162.55,110.5,-171.24,-83.544,236.51,48.177,38.193,-47.239,17.698,0,0
-0.61274,-0.54127,0.3113,-1.6696,-22.719,-247.51,-256.18,148.58,314.48,1.9203,-53.884,-10.907,-0.59271,0,0
0,0,0,0,0.85737,47.667,112.41,-54.249,-185.39,92.672,109.69,82.117,-41.68,0,0
0,0,0,0,-35.025,222.04,-31.025,2.4458,4.0879,-18.34,2.9354,9.3735,-9.7018,0,0
-7,-13.175,-14.498,-189.62,-125.15,-458.09,-213.11,12.125,287.97,137.37,-44.747,79.35,2.5601,0,0
5.7901,38.353,-156.88,176.68,273.92,45.128,-389.5,-8.5975,435.02,145.89,56.359,-121.66,104.64,0,0
4.25,1.1274,0.68958,35.97,-127.82,-362.04,-289.99,-262.45,95.304,28.995,-23.521,38.111,-13.54,0,0
13.57,-10.608,7.5299,35.236,61.683,-76.298,248.01,67.218,-169.89,86.5,17.283,-130.48,-9.3759,0,0
-5.8603,-2.1409,-1.7141,-36.909,209.32,108.36,-51.705,153.52,-233.4,-140.73,-80.374,46.704,-13.982,0,0
0,0,0,0,-12.969,157.75,30.193,15.723,63.548,0.93333,-66.782,-84.918,15.928,0,0
-35.317,-13.989,21.234,26.847,195.05,42.015,37.411,99.386,317.32,-138.87,-79.12,2.6539,13.338,0,0
-2.5,4.1896,7.701,-28.133,191.48,79.329,-110.97,-9.1752,182.38,-105.6,192.92,-7.2906,14.324,0,0
0,0,0,0,36.355,98.015,-185.38,138.26,-5.7985,109.54,-230.2,-65.224,3.0401,0,0
-6.3717,13.813,-20.255,-177.6,141.41,28.699,82.457,18.668,-185.81,104.69,-100.68,-56.109,8.7766,0,0
-2.8104,-8.3612,-5.9869,32.96,-163.87,-166.18,-36.002,135.27,31.81,246.14,162.72,-77.727,-9.2321,0,0
0,0,0,0,-59.092,75.173,243.92,-134.96,-73.663,-69.996,-10.271,30.429,-13.967,0,0
3.299,3.3445,-15.815,16.855,60.183,94.954,-71.447,322.23,-12.75,-54.06,-104.2,6.3914,10.532,0,0
-10.863,-6.2308,14.19,-36.968,182.39,160.2,-28.461,-226.35,40.249,-72.855,-114.96,151.32,5.0269,0,0
-12.464,-24.458,169.55,261.49,235.57,268.84,212.54,175.62,-395.74,175.46,19.037,173.69,23.243,0,0
0,0,0,0,-8.5234,-288.47,-260.26,-114.2,135.24,30.2,49.027,154.48,9.6002,0,0
7.2042,-28.655,23.945,-201.51,71.081,212.6,206.7,-163.67,-257.32,-241.73,-112.55,-71.933,-88.511,0,0
18.5,11.997,-29.758,25.47,-182.85,-149.7,-301.18,-230.11,290.54,110.38,102.06,101.96,-2.0389,0,0
-3.7353,-7.9772,-0.32212,18.877,-186.34,-128.25,-116.5,-323.27,-267.13,-73.894,-64.94,6.2601,-25.989,0,0
3,4.1651,-2.134,-9.9724,56.495,-24.536,-16.582,157.14,280.78,-14.183,-63.488,3.7446,4.8224,0,0
0,0,0,0,-30.087,145.82,-8.622,-140.99,-19.548,145.21,175.28,9.194,-34.146,0,0
20.414,24.137,-149.13,-59.031,-269.56,-91.489,0.17442,-170.06,-213.04,-183.7,-22.83,78.128,4.5257,0,0
2.2204e-016,-1.1102e-015,4.4409e-016,-2.4425e-015,-59.513,74.154,-53.994,-67.723,-100.17,222.77,-58.03,2.7936,-42.153,0,0
18.637,22.164,-121.41,-2.3681,0.47548,43.891,372.29,297.86,-103.23,74.8,-99.957,0.15192,-15.624,0,0
0,0,0,0,41.149,153.36,-134.18,34.541,-120.44,158.55,-120.1,4.5397,1.9554,0,0
-7.6217,-11.107,-12.765,-236.75,-8.7044,224.35,183.69,211.21,28.396,-184.2,123.67,40.007,-45.496,0,0
-3,-4.1651,2.134,9.9724,-74.45,-68.384,-258.14,176.77,-125.28,309.64,272.29,41.303,-3.9339,0,0
3,0.39711,-12.435,9.3008,-6.8478,-12.77,-204.72,186.11,382.06,191.28,77.246,-45.257,28.763,0,0
-4.5,-26.779,142.6,-78.964,110.1,79.743,-203.4,-117.57,21.142,65.843,169.59,-129.38,85.803,0,0
0,0,0,0,5.3691,46.257,-0.061102,305.41,57.668,-101.88,-75.601,39.773,1.9183,0,0
2.5,-4.1896,-7.701,28.133,-116.1,61.786,19.58,36.912,-55.422,-89.641,-35.775,-16.535,-16.011,0,0
-2.8627,-2.5167,-2.9453,-15.146,103.4,270.92,-182.95,-76.174,46.406,36.233,127.66,285.94,106.96,0,0
-10.046,-30.896,57.441,-0.60963,79.071,70.465,260.7,-117.65,-196.09,-196.79,59.941,-33.448,-42.38,0,0
8.2925,1.5858,8.4886,5.1878,53.271,270.05,-45.344,-161.29,162.78,-301.19,44.229,59.897,-8.6606,0,0
-4.7835,-3.5344,32.664,-162.69,-267.43,-46.966,-274.24,-58.23,-294.44,-190.51,-96.885,157.59,50.483,0,0
-11.778,-14.8,19.624,-47.083,-135.62,-127.07,277.79,212.06,-126.45,-38.55,-122.41,174.05,20.484,0,0
7.4208,21.399,35.905,70.66,36.069,110.38,-57.307,158.98,-53.778,-231.71,5.7219,-11.996,5.6238,0,0
-1.1896,-13.697,-26.385,57.207,226.15,-111.4,-182.66,119.5,258.01,-125.89,-21.824,269.16,56.009,0,0
13.863,7.2463,-62.265,24.382,48.39,-124.6,252.77,217.46,-414.67,57.056,-50.975,-16.378,29.251,0,0
-2.6151,-1.0981,-2.2443,-0.88189,-2.6561,-1.1641,90.969,75.97,127.65,-0.98195,-324.53,-13.923,-17.586,0,0
6.3137,0.12227,-20.819,25.525,25.798,-292.77,-89.925,185.76,-395.36,-201.25,42.612,-43.806,-11.169,0,0
-5.25,7.9869,0.52628,-3.997,45.267,-195.08,58.759,-14.232,181.64,22.542,-139.5,50.148,-29.669,0,0
42.204,34.492,-20.587,-84.886,-109.56,147.58,47.945,88.558,18.475,-224.33,232.35,-21.681,-34.571,0,0
2.5,6.9348,-1.5753,-21.906,167.89,-98.377,202.82,186.63,-75.601,205.33,350.15,-38.011,-19.493,0,0
0,0,0,0,43.683,398.58,310.06,240.45,-84.833,72.767,-86.998,-8.5601,8.6941,0,0
0,0,0,0,20.642,-110.21,-8.5023,43.225,0.24481,213.83,-45.666,-31.449,3.7422,0,0
1.8203,-1.0571,-13.894,7.755,-15.59,-202.51,-147.01,412.35,-221.32,39.992,198.23,41.663,-29.617,0,0
1.5,0.96891,1.2518,-3.0407,1.1092,123.96,216.71,285.67,-62.53,-244.15,-168.45,3.1405,17.051,0,0
4.5,19.598,-10.201,-16.921,152.7,-17.614,115.53,-100.19,318.96,-3.9557,-0.071302,96.446,-63.867,0,0
-15.632,3.3277,-21.083,-27.98,63.234,-107.06,-227.75,-51.021,-155.42,-123.48,-97.701,75.494,-2.0257,0,0
0,0,0,0,9.8568,201.04,-273.66,2.7252,-174.15,-120.87,96.533,14.852,-29.631,0,0
-2.75,13.94,-56.388,-21.627,33.339,-76.323,36.089,-68.08,-276.37,105.39,-272.85,39.725,-5.4599,0,0
-3.9632,1.6512,143.94,-30.787,184.76,562.71,248.56,-201.83,-255.6,-71.556,-153.54,122.44,101.15,0,0
16.75,8.9772,-15.145,-53.048,187.46,348.93,471.08,179.31,149.79,-2.0799,-64.114,-90.715,-2.1483,0,0
-15.25,-6.3678,15.111,-7.3367,-53.545,23.648,-47.186,-18.828,244.64,-302.8,-181.85,16.73,-21.722,0,0
-2.5,4.1896,7.701,-28.133,180.41,189.34,300.79,-121.3,588.72,23.363,166.24,26.054,-4.3125,0,0
-26.917,-34.129,47.106,-29.793,164.07,-101.69,-290.3,-159.49,108.33,-184.42,-92.193,27.044,-10.324,0,0
39.058,33.132,-3.6576,432.53,64.917,-3.2729,-221.95,308.65,256.45,232.11,343.55,290.63,127.4,0,0
0,0,0,0,-62.297,52.568,52.044,-205.86,-280.12,-155.39,-70.328,-9.4339,-4.0368,0,0
0,0,0,0,-47.906,88.273,277.28,38.943,-59.985,79.746,121.3,2.1119,11.683,0,0
-3.3307e-016,-1.6653e-016,-8.8818e-016,1.7764e-015,24.928,-128.55,-408.43,-100.05,154.49,-22.559,85.452,-247.11,-21.352,0,0
-3.75,-13.714,-15.195,145.22,-265.24,-232.32,-209.85,-381.86,-9.9352,57.189,257.22,180.71,-68.083,0,0
-2.1764,-11.791,-4.1881,31.09,-218.21,-129.97,-90.487,-159.61,215.21,122.56,-103.06,-4.3962,-13.992,0,0
28.75,-12.558,146.73,-7.7434,3.884,7.1277,-387.11,-200.54,140.34,263.98,3.364,87.645,-73.464,0,0
-15.5,0.61427,3.8678,-25.057,211.11,98.307,8.8382,10.14,-338.6,-239.15,16.858,-73.273,-28.786,0,0
0,0,0,0,3.75,3.0286,175.83,-138.51,-147.07,76.3,27.69,22.94,17.27,0,0
0,0,0,0,26.937,-133,-183.16,150.05,114.52,-55.313,103.56,-10.437,-26.061,0,0
-4.7835,-3.5344,32.664,-162.69,-255.87,-41.775,-21.158,224.87,173.95,68.435,29.747,-15.824,4.0613,0,0
-4.25,-1.1274,-0.68958,-35.97,178.15,-15.173,-310.21,293.54,433.04,106.21,5.0563,0.66298,13.85,0,0
-15.632,3.3277,-21.083,-27.98,158.9,-18.069,93.304,-554.8,-187.69,-102.5,-65.603,52.428,29.882,0,0
-5.1127,-9.0233,9.7132,-37.252,316.33,405.89,-468.79,-463.53,-48.537,175.28,-77.508,-7.6732,-5.9294,0,0
23.344,26.818,-2.4199,-50.775,-21.046,-25.559,-278.01,-358.09,4.53,220.92,-238.07,71.245,4.826,0,0
-0.61515,-1.951,-10.606,41.554,131.67,90.544,58.089,102.59,-157.73,58.492,-150.17,3.2982,-13.121,0,0
2.75,2.8056,-2.6716,-5.6848,-9.4255,-56.193,101.86,-210.84,212.19,277.67,-10.197,14.545,4.7607,0,0
-5.1274,-2.61,12.994,-19.338,-225.12,-167.33,183.83,-38.142,177.9,-106.69,-25.602,-14.197,14.791,0,0
3,4.1651,-2.134,-9.9724,82.25,-265.52,-125.02,-49.993,277,-244.11,-76.839,-15.237,-19.026,0,0
-16.988,-27.697,-1.7455,-9.9861,-259.54,10.912,-210.67,-315.61,-297.17,-123.39,346.84,65.221,-28.414,0,0
-9.5,-12.771,20.66,-43.677,-107.51,-296.47,-55.218,234,65.066,-25.396,79.004,12.389,-1.1393,0,0
-10.454,-6.8667,-35.006,-41.585,-67.121,2.4922,60.827,128.6,-77.849,72.32,-95.993,44.852,-24.93,0,0
8.3849,-12.838,24.57,50.048,22.754,120.32,18.554,211.5,202.03,-96.207,4.4116,-131.83,-12.263,0,0
-15.75,0.87083,0.56875,-29.496,157.24,-263.35,60.086,76.977,24.732,371.52,-125.11,-43.351,0.11066,0,0
8.5637,5.7269,-27.656,1.2051,1.8549,-349.15,-50.482,-172.8,236.76,44.974,66.543,3.2512,11.09,0,0
2.5703,1.1325,-19.284,-15.693,155.8,71.587,241.72,466.48,123.13,162.53,121.75,-85.66,-4.4318,0,0
20.292,-0.89447,4.5832,22.054,-87.875,271.23,-227.79,-110.27,-165.12,-160.11,109.71,-5.2144,-13.861,0,0
-18.985,-5.0643,10.913,11.579,291.3,325.49,467.35,16.519,-42.697,-28.928,291.19,-76.19,-23.24,0,0
27.982,-18.978,-41.099,-29.133,354.33,256.94,125.41,263.81,437.87,466.66,246.27,12.916,63.886,0,0
-6.75,0.61603,0.40849,-20.604,61.799,-28.538,11.323,406.23,1.5201,-291.32,8.0971,7.2177,1.8938,0,0
-5.1274,-2.61,12.994,-19.338,-239.43,134.46,257.78,230.07,203.65,-46.694,33.298,-88.747,-18.203,0,0
-0.75,-5.6944,-29.602,162.53,100.7,-654.34,102.46,-283.77,-146.51,75.245,93.473,-213.97,-57.143,0,0
0,0,0,0,15.465,-132.9,-85.84,130.66,254.88,180.04,8.8124,-25.899,-12.839,0,0
-0.36515,0.8774,1.0123,12.594,-141.59,-350.39,-9.4251,-66.172,-55.382,134.9,7.2829,27.995,22.511,0,0
0,0,0,0,7.1654,-2.2889,-21.331,200.1,-250.95,37.882,-64.412,-19.3,8.7252,0,0
0,0,0,0,-26.468,-329.79,-57.142,-221.04,114.57,135.95,-97.602,-20.149,-5.8146,0,0
6,-12.165,1.0867,-31.99,-257.32,-329.29,-692.22,-266.03,-25.928,49.23,212.69,76.29,-20.869,0,0
39.202,71.648,85.832,-188.49,-245.98,-251.59,-216.78,243.46,285.55,73.684,-186.33,-141.27,-26.569,0,0
50.114,29.117,-7.9808,-21.243,195.65,74.024,34.612,141.49,-487.95,18.811,-188.44,218.52,-5.3224,0,0
11.164,3.4635,-30.118,-11.36,-30.01,104.96,-101.04,267.01,205.54,220.21,-17.443,-244.03,12.327,0,0
0,0,0,0,-38.317,308.11,306.98,-48.104,-167.46,-60.706,-15.763,25.685,-21.655,0,0
0,0,0,0,65.49,-115.98,-72.283,53.301,363.4,117.33,393.24,13.998,-27.987,0,0
0,0,0,0,32.949,-200.73,421.17,102.41,-38.496,95.055,-126.89,31.617,-4.8648,0,0
-3.6618,-4.4327,10.987,-23.594,-15.19,83.46,-140.31,58.957,-82.22,62.859,81.577,32.916,-2.4432,0,0
6.2901,0.46674,-38.292,178.85,227.99,-99.625,262.92,95.968,-197.55,-129.81,-193.6,337.83,98.043,0,0
-13.629,-0.032613,-33.919,-275.22,204.12,-53.437,-0.23484,207.96,-167.1,11.79,-65.191,101.44,-16.452,0,0
-19.76,2.5834,-36.336,164.99,194.95,-240.06,54.631,161.82,108.28,214.22,78.571,-191.98,15.52,0,0
-15.613,3.8966,3.38,-16.298,268.26,-119.03,69.887,-30.103,497.11,64.465,31.687,-211.98,-10.472,0,0
-2.6151,-1.0981,-2.2443,-0.88189,-24.668,246.36,72.999,-246.62,60.069,-7.5514,5.4818,59.357,-56.671,0,0
0,0,0,0,-65.228,83.781,110.58,27.405,-119.69,39.919,77.771,-35.037,20.837,0,0
0,0,0,0,-15.344,-183.98,-526.44,37.897,-364.62,365.2,-225.3,31.852,-1.5706,0,0
-16.958,-1.5042,1.1426,-26.361,169.67,-56.44,164.8,96.665,13.604,248.72,254.44,2.141,-52.871,0,0
-2.1764,-11.791,-4.1881,31.09,-177.49,-469.07,-28.57,65.437,89.005,125.11,-108.93,-13.912,15.85,0,0
-3.5,-19.904,-2.951,31.561,136.81,59.823,-547.45,-50.981,-25.736,79.021,-116.99,-120.81,-9.2308,0,0
8.2925,1.5858,8.4886,5.1878,60.775,114.51,245.02,-107.8,-167.74,-144.44,152.71,-14.699,-13.687,0,0
3.3726,1.3313,-7.6597,5.7644,-355.64,251.23,16.163,-119.27,-69.376,302.26,-42.35,-35.734,-11.387,0,0
3,11.542,34.254,-159.66,-89.537,325.11,-461.85,-135.72,72.686,-182.3,-196.54,-27.455,-45.3,-4.885e-015,7.7716e-016
11.018,5.9524,-16.404,27.505,166.98,198.89,185,150.36,393.7,202.71,60.702,-19.61,-5.75,0,0
9.25,6.9282,8.8072,289.44,274.39,-140.82,-275.78,-339.93,-255.21,-497.58,140.46,208.21,-17.91,0,0
18.039,9.8615,62.082,79.02,237.93,-251.93,191.9,308.9,73.746,-236.66,-169.73,95.088,-37.277,0,0
12.336,9.2063,18.415,-171.26,-61.28,-169.96,285.05,644.75,27.488,408.42,-40.571,92.367,0.090626,0,0
-1.924,-4.9955,-1.0565,11.64,10.315,-182.68,-191.95,-72.603,75.477,239.26,-78.485,-25.418,13.735,0,0
0,0,0,0,13.905,-165.48,195.34,284.16,-224.49,-9.9551,-3.7554,1.4318,-4.3648,0,0
-6.3627,-6.043,16.197,-10.684,-281.52,125.37,-180.31,-146.08,370.19,-357.16,88.387,-25.072,25.505,0,0
-0.75,-5.6944,-29.602,162.53,131.78,-103.7,-176.15,58.134,129.53,80.153,100,8.3816,-3.674,0,0
18,2.9593,-5.2811,-43.788,-126.86,-173.93,-77.423,215.58,337.04,249.33,-42.87,11.496,-6.076,0,0
-17.75,0.81042,-6.2159,-6.383,-59.947,-239.68,-29.865,40.088,-156.63,-235.05,-98.374,-26.517,-22.564,0,0
-7.4085,12.568,8.2147,-35.07,280.28,124.84,-134.02,195.03,225.49,-264.83,-70.739,-6.0652,-11.262,0,0
-11,1.6436,-0.17949,-4.3074,-6.0296,229.76,476,-409.05,-140.92,-234.73,-76.014,108.73,6.7742,0,0
-1.5,-0.96891,-1.2518,3.0407,0.61456,-113.6,-218.47,126.7,21.025,-15.131,-109.64,-68.497,-5.0111,0,0
-8.1127,-9.0675,18.483,-52.648,68.533,-376.8,30.775,470.48,95.611,-131.06,81.906,19.675,-15.161,0,0
8.2925,1.5858,8.4886,5.1878,16.125,143.65,264.2,-94.304,-165.8,-112.59,-15.443,-15.132,22.496,0,0
-11.25,-4.7386,17.1,245.39,8.4396,13.954,-464.57,210.23,540.35,66.664,-175.86,70.741,-3.366,0,0
-15.25,2.3595,-10.727,24.03,-45.402,-418.12,-389.6,192,54.053,274.22,190.54,-141.43,23.844,0,0
7.5736,-2.1179,-26.031,64.692,-183.05,296.66,52.549,186.63,159.04,-269.12,252.21,-7.1025,38.044,0,0
22.158,14.344,-36.439,32.918,31.7,-145.41,87.015,-304.74,-56.147,-179.41,61.549,-192.44,102.07,0,0
-4.1495,2.9088,-9.1657,22.014,-108.95,225.49,276.64,94.511,-128.51,-80.456,92.266,136.76,0.30024,0,0
-5.0867,-16.158,-0.33689,-225.32,275,278.13,-10.224,287.88,88.408,-70.068,139.9,142.6,-31.983,0,0
3.5482,4.7165,-6.6103,15.895,5.7901,-110.82,331.38,410.44,94.812,81.24,46.967,-115.28,21.448,0,0
-4.25,-1.1274,-0.68958,-35.97,201.59,70.219,96.856,144.83,133.53,-210.52,118.01,27.184,-6.0589,0,0
0,0,0,0,-7.3601,32.108,342.95,-85.997,-128.03,305.91,20.699,-44.722,25.7,0,0
-18.055,8.7285,48.325,-157.35,-313.45,-153.6,189.34,218.75,155.09,226.07,-64.616,69.359,61.939,0,0
0,0,0,0,31.542,-177.99,-93.817,208.21,-196.8,-230.03,-64.322,-7.7784,-29.094,0,0
-3.6127,-4.7063,2.4453,8.3029,-62.634,-281.15,88.252,-185.44,89.441,29.686,73.123,-96.195,-21.657,0,0
6.0425,-0.38966,5.2321,-8.2881,123.18,245.9,191.35,-136.43,-286.2,-111.6,-124.73,25.235,-10.092,0,0
-15.75,0.87083,0.56875,-29.496,192.3,196.33,438.2,58.611,-304.85,71.165,-18.502,-16.957,31.296,0,0
0,0,0,0,-8.9423,-9.6121,18.39,-115.23,194.66,-189.21,3.6519,22.168,-11.563,0,0
36.664,14.133,24.314,-113.01,-592.43,-400.22,-142.05,20.392,260.25,331.36,7.9433,-128.93,-23.03,0,0
0,0,0,0,-22.448,125.14,-41.306,-294.84,-40.208,254.22,-176.92,15.479,26.03,0,0
20.5,35.184,-130.44,251.36,286.95,-156.12,252.51,189.67,92.713,-308.45,-311.82,-155.07,-21.754,0,0
-6.2835,-6.9494,34.11,-161.82,-47.385,-59.408,155.63,163.59,34.06,-21.547,21.871,127.07,-8.3627,0,0
0,0,0,0,-11.18,-246.39,-301.54,169.33,-194.79,200.71,143.3,57.172,24.266,0,0
-0.61274,-0.54127,0.3113,-1.6696,-70.6,-191.08,-15.612,-252.01,-219.68,-129.76,97.184,209.79,2.9931,0,0
-15.75,0.87083,0.56875,-29.496,154.14,-215.59,222.16,133.54,-111.48,-29.784,121.96,149.64,-16.928,0,0
6.25,-5.4995,140.37,225.64,99.213,339.81,-164.48,-430.82,269.25,-40.269,-193.93,-117.61,-81.655,0,0
-2.5,17.212,-186.45,-43.132,52.504,294.54,58.851,45.221,155.74,-31.994,-18.703,-39.099,83.973,0,0
9.2868,6.5266,0.26106,-3.3131,-4.3141,195.5,-296.6,584.49,348.29,349.29,-163.44,-3.9518,6.5948,0,0
-3,-4.1651,2.134,9.9724,-32.547,52.354,-144.75,-236.15,-55.116,175.58,10.649,17.888,-38.816,0,0
-2.1764,-11.791,-4.1881,31.09,-144.94,-598.66,-62.118,106.1,141.57,-30.429,33.714,2.6672,64.13,0,0
21.799,15.915,-16.746,194.91,75.236,-24.506,237.57,178.42,-557.78,34.421,-173.46,-108.25,-7.212,0,0
0,0,0,0,-5.5198,71.878,205.95,99.659,79.549,78.706,-23.613,-41.007,8.9743,0,0
8.5637,5.7269,-27.656,1.2051,8.6163,65.314,208.79,96.521,62.052,235.63,152.67,103.3,-12.917,0,0
-29.382,0.375,-7.4183,-36.188,-126.14,-118.74,-292.23,-150.06,-137.14,37.781,50.684,122.49,18.745,0,0
0,0,0,0,-37.494,-163.51,352.72,-175.56,250.51,-27.785,27.6,3.9151,-18.08,0,0
18.769,10.662,2.6495,-43.432,172.9,27.325,238.08,191.19,312.02,-270.84,-53.851,-204.21,75.894,0,0
0,0,0,0,-30.618,-326.71,-113.03,158.87,353.75,-205.63,98.973,-118.42,3.3783,0,0
-0.61515,-1.951,-10.606,41.554,96.149,-36.279,185.26,145.33,51.869,-38.545,79.287,-48.699,9.2958,0,0
-19.458,-19.184,-1.7075,-17.965,-98.661,6.0752,188.61,-62.335,-54.03,-133.51,176.08,-215.65,-22.319,0,0
8.2925,1.5858,8.4886,5.1878,-32.75,359.76,-215.6,-127.65,342.84,-104.87,-380.02,44.698,4.6393,0,0
-12.232,-15.329,-52.623,89.351,189.59,153.91,24.31,-314.18,67.966,352.85,355.63,157.52,101.83,0,0
31.844,29.46,-30.128,120.97,-207.93,-454.41,-229.34,-103.58,-3.6596,-206.5,-229.89,-22.135,-238.33,0,0
6.75,7.1633,55.086,-148.07,158.79,333.06,-168.75,132.56,222.91,-382.39,-6.5388,8.5433,-114.32,0,0
0,0,0,0,14.288,-186.73,290.25,-607.18,-249.43,-55.994,-55.369,12.352,-11.594,0,0
-37.863,-37.496,24.931,-151.62,106.36,94.83,-177.98,-213.8,-250.85,-217.84,-93.124,-109.99,-2.5646,0,0
0.5,-9.1782,-16.468,-129.33,-272.76,-248.04,-100.09,-391.18,-98.31,264.68,8.2746,-242.51,20.218,0,0
-5.25,7.9869,0.52628,-3.997,7.7554,443.61,238.17,77.573,-38.908,-62.426,-139.39,-3.0784,-6.7978,0,0
25.637,9.1373,-1.0192,-38.021,25.44,182.32,-165.69,133.41,-290.05,-176.2,170.31,-16.524,-4.1851,0,0
-9.8382,-11.643,15.467,-21.296,203.48,294.09,85.522,-268.29,125.35,-558.56,183.77,247.68,72.262,0,0
-30.783,-22.007,23.995,7.4201,-38.931,-277.08,-5.4855,179.11,-31.258,430.52,99.612,-22.89,-13.98,0,0
2.75,26.761,15.334,-4.5737,202.26,-114.8,-223.62,-22.1,-33.657,-375.21,-154.56,163.06,46.671,0,0
-2.1764,-11.791,-4.1881,31.09,-214.33,-212.9,46.372,297.37,-219.24,-70.243,235.51,-14.309,34.479,0,0
-9.0547,16.835,12.502,-54.755,-499.91,-644.13,-125.16,137.54,-44.582,131.58,377.2,69.335,110.47,0,0
17,11.966,-21.587,-4.9545,11.978,-67.494,-134.6,220.66,-130.61,72.632,92.946,8.8063,2.2966,0,0
0,0,0,0,7.6795,255.95,-154.82,-332.75,-277.45,-265.63,-64.122,16.395,6.2811,0,0
5.75,-0.37917,0.98862,34.267,-202.36,310.9,-38.178,-162.79,45.253,-174.21,-136.06,-39.068,8.7655,0,0
5.1373,-9.6573,10.463,58.273,24.647,-139.61,-204.68,79.708,310.17,-346.02,187.01,-151.93,-4.5532,0,0
-7.8627,-5.8337,1.7557,-27.667,86.907,-90.908,-214.3,337.4,-347.8,73.399,-129.41,-46.976,8.5176,0,0
6.3382,7.2162,-6.6683,8.1229,25.741,96.117,214.33,-43.203,-96.881,-107.35,-36.824,69.609,22.38,0,0
20.799,42.217,21.634,-196.99,-63.049,46.36,-26.559,4.0741,354.46,164.39,-114.52,-135.24,18.552,0,0
-8.5915,-41.879,4.1656,-61.206,390.36,-231.85,7.074,260.21,-130.84,250.14,-79.104,-46.039,101.51,0,0
-5.6764,-10.729,-10.268,-28.329,61.977,-407.12,-160.86,215.52,248.26,270.49,-52.309,138.68,14.589,0,0
-5.6013e-012,-9.0998,27.167,-25.667,92.412,135.84,-102.03,-16.009,219.8,80.728,66.871,222.16,-0.82268,0,0
-8.5,15.504,-115.34,42.848,-47.064,-151.89,61.295,-159,-251.41,125.57,81.26,243.43,-32.499,0,0
-5,10.781,-28.885,211.2,72.577,16.423,-5.328,-11.975,-59.802,-43.126,120.39,-149.75,5.0658,0,0
-3.6127,-4.7063,2.4453,8.3029,-25.923,-120.11,-114.76,14.157,214.14,21.507,127.89,17.031,-6.9755,0,0
13.25,7.0687,-5.299,65.572,-36.03,-78.94,51.27,362.76,-43.487,87.279,56.596,11.054,-2.4028,0,0
4,9.6752,24.969,-79.295,-385.4,-300.75,-118.19,-159.87,59.983,204.76,-218.62,127.95,-14.425,0,0
20.573,25.033,-33.844,63.133,117.62,43.147,178.43,-90.393,224.89,-57.329,-532.02,57.948,252.31,0,0
7.8382,4.1982,-17.657,18.295,269.81,-40.861,311.14,21.275,-92.086,-71.622,117.68,18.802,-29.905,0,0
-5.8603,-2.1409,-1.7141,-36.909,185.76,249.04,479.72,12.344,-313.51,62.301,-95.418,12.659,21.263,0,0
-6.6797,-3.8203,-4.5406,20.96,-34.991,-36.994,-213.06,58.974,-71.77,-66.291,82.987,-118.5,2.922,0,0
-3.6127,-4.7063,2.4453,8.3029,-61.299,-250.44,136.44,223.01,398.58,554.74,-14.017,224.47,-78.855,0,0
-4.5,5.8038,2.7224,-32.367,182.17,-143.57,219.2,-393.02,55.082,-210.68,-98.952,-32.369,16.238,0,0
-3.75,-8.5131,13.301,-15.155,11.359,-39.78,-15.148,-208.1,-200.12,-208.2,23.551,-93.51,6.9584,0,0
-14.176,-12.03,-23.407,66.363,-324.38,-99.066,-182.84,-248.19,-96.929,-460.99,-53.935,101.04,11.034,0,0
2.0882,2.4644,8.5296,-9.9931,27.148,272.64,339.78,-56.925,3.7564,63.844,105.75,-10.281,-21.085,0,0
-14.201,-8.3792,-7.4962,139.15,229.86,293.41,217.26,374.69,-334.53,7.9883,8.9417,-3.297,-10.681,0,0
11.25,8.8187,-5.7925,-13.645,-73.364,-66.974,43.189,-68.196,243.47,171.29,31.962,0.1665,-32.067,0,0
12.242,14.635,-64.138,-64.108,-161.8,-189.74,70.018,136.2,169.18,273.14,-218.64,83.024,-59.955,0,0
-28.025,-42.894,50.224,1.7808,289.14,-14.323,-64.764,23.637,-168.97,-204.89,-111.58,133.14,-1.6405,0,0
-11.156,-5.4408,1.3856,260.51,-172.76,-65.011,-55.386,37.203,8.8156,-225.96,-225.41,95.458,89.2,0,0
-22.908,-26.88,33.486,128.24,-82.139,-3.9645,-208.88,-42.015,129,323.32,50.349,-17.57,-65.542,0,0
16.445,30.239,18.602,-13.547,-115.2,-174.33,239.18,-61.268,68.212,120.45,11.285,-91.752,-21.909,0,0
0.75,2.1896,-5.3905,-23.448,88.851,-64.531,-288.59,-221.84,-30.659,285.83,21.912,7.866,-2.4575,0,0
-2.3816,-2.808,-1.1062,-1.3705,37.261,24.392,138.07,22.713,107.55,239.93,228.94,-12.029,-1.134,0,0
0,0,0,0,-2.1848,-1.1739,166.92,273.65,-342.75,-61.489,-1.1863,-3.0404,-4.7766,0,0
0,0,0,0,6.3278,32.385,25.707,-273.02,-175.4,-257.07,-216.14,-17.447,16.111,0,0
0.16178,-13.958,-17.527,120.54,-21.154,259.84,235.83,11.441,-61.419,86.337,-131.7,10.393,-49.153,0,0
0,0,0,0,14.573,-156.3,-11.162,181.16,243.52,-70.035,-108.41,-57.929,-22.863,0,0
-15.406,-17.018,34.603,211.8,88.924,108.23,131.72,99.591,215.12,-156.72,184.3,101.05,-19.385,0,0
-0.5,6.3349,5.5622,-20.533,100.19,127.63,-29.566,377.38,-191.15,-104.13,-46.213,-207.76,-8.6716,0,0
-2.1764,-11.791,-4.1881,31.09,-167.23,-114.25,26.296,25.249,133.24,-1.3038,-14.688,-24.74,-18.757,0,0
-47.879,-48.223,164.42,-159.35,234.87,-107.32,-204.84,256.48,380.47,432.59,92.403,-85.222,77.61,0,0
-14.613,-18.483,-0.2754,61.063,-161.27,-55.408,158.72,-234.99,245.97,-397.47,-226.02,32.766,-10.984,0,0
21.012,14.393,-1.3143,-27.988,133.6,-12.861,17.944,-152.44,-410.29,204.2,87.245,19.451,-34.473,0,0
8.2925,1.5858,8.4886,5.1878,16.164,-44.527,81.257,-401.72,-26.372,149.02,179.64,13.748,20.462,0,0
-17.132,6.3457,-10.095,-38.152,-75.117,-115.93,-290.06,-352.75,198.02,-39.134,30.948,120.08,-5.6606,0,0
5.0482,8.1316,-8.0565,15.024,-251.48,94.74,-409.79,65.87,-131.68,84.456,-14.693,-115.07,-101.73,0,0
12.799,-29.534,149.36,12.886,-230.82,-201.07,-31.893,234.73,260.66,-11.473,146.16,13.665,86.507,0,0
-17.75,-4.1734,13.087,12.182,267.98,22.559,-9.6907,29.97,101.88,-18.601,68.331,-68.69,22.631,0,0
14.329,-8.9789,-82.68,-43.809,48.891,-251.86,116.89,198.69,60.265,-2.2927,-91.592,-5.7775,-1.0347,0,0
8.75,-4.951,8.0179,49.97,93.14,-232.61,62.183,98.033,-156.83,157.47,148.48,-9.9001,6.9719,0,0
7.3382,23.765,18.849,-126.49,247.75,-216.69,65.335,-319.51,-228.75,-299.71,46.111,-88.497,-9.6438,0,0
0,0,0,0,-48.555,236.09,-328.68,-63.703,99.741,108.06,-25.048,-21.028,17.634,0,0
14.25,8.9527,-10.712,-18.977,-19.41,-279.36,-112.53,102.41,82.385,355.64,68.478,-41.117,4.1091,0,0
19.973,2.5834,-4.0984,29.447,71.429,-62.659,-202.81,326.86,249.73,40.43,-139.33,142.15,59.087,0,0
0,0,0,0,-9.1968,47.286,-11.063,-0.67541,17.915,-103.58,151.23,11.038,5.9085,0,0
-21.382,5.2183,-10.784,-74.122,63.991,-249.27,170.25,73.637,-131.77,42.807,-10.806,-21.631,6.837,0,0
-10.113,-4.5137,19.45,116.26,103.38,-130.51,-222.14,-108.43,98.832,12.474,284.11,-67.188,105.6,0,0
0,0,0,0,4.4171,-23.838,102.36,-61.051,-124.5,-275.63,-86.988,-1.9921,40.171,0,0
7.5825,-21.387,24.227,-57.198,-126.58,142.65,38.839,482.85,101.69,66.847,210.35,107.81,13.788,0,0
0,0,0,0,42.094,70.506,192.11,141.74,75.529,80.642,-72.115,8.6324,-56.033,0,0
-0.75,-11.085,-3.0998,32.076,-248.87,106.25,-411.4,-179.42,425.69,71.738,3.245,-2.3418,-1.6606,0,0
-29.427,1.9506,-19.304,-144.44,-114.74,-145.78,-565.37,-134.29,-261.34,-47.573,89.573,-18.315,107.45,5.4462,5.5
-13.363,-6.1815,7.4027,-67.316,117.16,328.8,218.02,-13.21,-203.77,-199.19,-95.432,7.9575,-70.958,0,0
2.75,2.8056,-2.6716,-5.6848,34.376,-6.8022,-23.022,62.764,-33.94,76.071,-77.049,-55.599,6.2655,0,0
0,0,0,0,24.163,227.58,378,52.891,-396.67,-20.965,150.99,7.4034,38.514,0,0
0,0,0,0,14.8,-148.75,96.52,-77.052,-34.901,-97.269,15.948,-20.843,4.116,0,0
0,0,0,0,32.035,-118.81,161.03,-107.44,-168.07,-155.27,91.367,-23.394,19.843,0,0
-32.238,-30.938,-2.3424,-50.299,-87.631,231.69,-81.678,187.9,-141.01,-193.22,-40.065,-97.117,-16.867,0,0
-1.4264,-9.6017,-9.5786,7.6413,-82.416,-104.02,-4.9194,293.73,-269.95,-232.83,-8.9926,22.08,17.882,0,0
17.326,11.459,-23.612,-9.3768,27.464,-85.521,-387.83,143.88,314.94,133.81,8.5649,-1.5078,-0.44319,0,0
2.5,-4.1896,-7.701,28.133,-178.42,191.65,36.494,123.36,-258.31,186.57,-95.529,11.123,-8.0233,0,0
-8.25,-3.8989,24.423,-64.776,85.677,171.79,-115,-7.0809,-191.93,328.29,13.727,95.131,11.581,0,0
0,0,0,0,12.991,-200.15,73.859,249.76,-171.86,-33.468,-69.254,-27.723,7.6875,0,0
-2.8627,-2.5167,-2.9453,-15.146,105.52,-127.04,41.583,101.03,23.695,127.87,-136.02,-19.233,28.431,0,0
4.5,-5.7859,-28.231,163.85,252.04,-139.52,-14.146,-21.354,-238.61,3.176,212.12,57.539,73.197,0,0
7.6373,11.307,-0.57925,-40.249,297.53,45.473,-285.39,-99.736,-238.65,3.3998,41.785,4.2709,6.7467,0,0
30.47,3.581,-0.38863,-120,226.42,-15.69,-237.47,-219.82,-190.11,-283.59,-186.98,-61.139,226.17,0,0
0,0,0,0,-40.557,-70.565,80.064,-228.28,-315.24,326.55,241.97,-1.0499,1.1696,0,0
-2.1764,-11.791,-4.1881,31.09,-190.39,59.895,-82.521,169.87,143.7,120.42,85.781,6.6708,5.9506,0,0
29.266,3.2485,-2.9113,105.72,-129.12,-14.932,-29.577,190.89,31.526,-86.226,277.31,272.89,-130.37,-1.6875e-014,-1.7764e-015
-2.817,11.113,14.225,-121.55,36.258,-63.958,51.658,169.66,39.966,-58.608,-77.435,13.596,2.7333,0,0
0,0,0,0,-12.971,-73.203,199.32,-75.05,-77.481,-182.6,-148.5,-5.7132,-34.039,0,0
17.542,7.7167,-17.556,6.8415,-33.757,170.75,218.46,330.3,177.66,-161.14,-137.52,-84.059,-24.541,0,0
11.5,10.613,-18.539,7.1064,-17.064,49.035,137.77,-89.462,28.934,-92.881,-483.15,-120.47,-16.088,0,0
39.106,26.855,-19.781,203.35,97.842,103.99,-350.15,8.7696,129.64,79.185,-9.9268,-19.573,-3.5433,0,0
-16.958,-1.5042,1.1426,-26.361,151.43,9.8306,329.51,-51.785,-116.6,-231.43,50.506,-70.907,10.891,0,0
20.07,30.695,-7.0861,12.983,-129.88,-653.5,-66.145,204.8,312.92,-86.218,-123.94,183.05,123.29,0,0
3,0.39711,-12.435,9.3008,-5.7236,22.202,-335.5,566.18,115.28,35.18,160.88,-22.986,37.762,0,0
-48.57,-27.83,10.441,158.64,-23.352,171.5,45.507,165.28,181.96,219.06,-143.44,76.073,0.76346,0,0
-5.7222,-5.9964,-25.038,133.19,217.94,25.273,347.88,75.53,6.0683,-152.42,-286.57,-88.905,-8.5254,0,0
29,27.789,12.455,-158.73,-226.03,6.5926,1.4963,-203.34,54.494,65.934,100.79,-7.0975,-27.166,0,0
0,0,0,0,7.6633,23.155,-42.084,-155.92,-102.44,115.55,7.3971,-9.7803,-45.24,0,0
12.183,4.4059,43.646,-17.117,-64.064,316.7,173.04,-101.81,288.65,10.77,67.081,2.8873,-4.6373,0,0
3.2377,-0.82684,18.09,6.4217,284.16,-136.45,60.808,215.71,343.02,-99.253,-254.74,-220.84,85.408,0,0
-13.869,9.2721,-10.434,1.1752,4.1847,-87.512,-261.42,-175.34,-108.51,123.76,-205.15,133.98,-11.991,0,0
-1.1127,16.227,10.187,-7.2739,151.83,-186.75,-131.97,123.01,150.12,-84.987,-229.94,100.11,-13.696,0,0
-13,-3.8857,36.762,-176.84,167.37,269.07,-65.026,-248.79,-278.61,54.66,-57.32,-15.148,-28.053,0,0
-23.365,-28.956,44.642,-152.05,285.5,-9.332,243.43,352.91,-51.611,49.254,-334.89,-93.176,44.061,0,0
18,6.3008,-13.471,18.085,218.82,-128.84,50.921,-120.12,-170.31,-233.08,33.594,-30.659,14.098,0,0
-24.25,-36.077,23.873,-18.999,185.08,273.78,71.793,190.05,163.17,-43.253,-195.25,-103.21,8.4372,0,0
7.25,6.7942,-14.203,29.18,-127.27,-434.35,-231.76,-304.79,-111.06,221.29,25.309,117.72,9.3301,0,0
8.5,3.9413,-20.654,25.102,-238.03,-158.29,15.581,8.1091,-55.11,-319.23,-65.201,61.681,-22.946,0,0
-11.5,0.89535,-3.4133,26.293,78.026,10.555,-117.24,144.46,-216.51,-108.24,-289.39,-225.63,-47.646,0,0
-2.75,29.602,-204.11,40.662,-6.0567,-279.69,-223.73,-252.14,-177.54,129.66,146.73,-46.27,-16.218,0,0
-7.3227,-9.4895,9.9518,-26.049,126.85,17.911,46.632,2.7942,-178.09,3.3228,74.436,77.006,1.8329,0,0
33,13.892,48.105,100.03,245.63,218.92,-9.0406,3.0761,-263.81,-231.85,9.5948,-123.42,-251.91,0,0
19.25,27.084,-33.814,9.0149,-42.086,159.78,230.09,-131.84,-352.02,-265.48,14.541,217.84,-225.58,-86.312,-15.924
9,7.4838,-16.453,57.051,-58.66,236.76,-116.5,-337.58,-94.251,144.53,-80.255,-135.85,17.174,0,0
13.75,22.435,-48.838,-98.211,175.47,240.62,178.95,321.7,-267.17,-13.179,69.191,225.46,-4.9988,0,0
30,33.555,-136.94,-10.533,-238.91,9.9786,195.3,-70.813,-32.416,-99.492,115.2,-29.311,-27.354,0,0
-0.25,-25.725,197.94,102.97,-163.41,-273.96,-712.9,-46.124,94.514,120.44,127.03,91.536,-27.307,0,0
6.7925,2.5092,-18.075,-26.728,-60.111,187.06,-385.11,105.18,-226.54,-379.17,-142.91,-138.55,101.21,0,0
25.799,21.546,-35.269,-109.12,151.08,306.7,474.42,-27.993,-188.4,-101.65,-132.2,81.83,-16.559,0,0
0.75,-10.81,-19.453,25.723,-188.77,83.185,-22.458,93.184,-126.08,-362.7,-354.14,69.227,-13.792,0,0
15.042,21.156,24.622,98.205,18.889,317.08,570.71,261.16,-156.03,-35.255,-97.056,151.22,-14.511,0,0
18.1,15.08,-124.61,-238.14,-232.15,-429.72,-228.89,-132.8,91.768,234.6,-137.08,-99.833,108.77,0,0
-3,-4.1651,2.134,9.9724,-13.75,-136.3,33.796,304.53,28.789,-247.07,10.477,-8.3982,41.908,0,0
-3.75,-15.25,-0.96586,42.049,-213.32,36.561,-158.15,-66.346,-165.66,-276.57,-23.437,6.817,4.0066,0,0
17.75,42.426,-135.46,28.278,23.137,-349.25,-539.87,222.93,154.14,62.394,333.02,82.563,-38.387,0,0
1,21.253,275.01,78.924,-261.32,79.384,163,154.81,-38.907,-111.72,-46.285,144.64,22.742,0,0
14,-22.765,159.28,54.63,-291.99,-71.277,502.44,269.21,243.55,273.25,-138.29,20.395,-5.9833,0,0
21.799,15.915,-16.746,194.91,108.08,224.03,-284.38,-325.7,-70.152,81.552,-23.293,114.04,-2.5927,0,0
19.25,2.683,51.612,80.328,-10.872,-244.78,44.264,51.565,372.05,364.62,115.26,-71.199,-23.328,0,0
-11.382,4.4551,-20.394,7.9894,-57.215,-198.41,-296.93,-153.6,-60.116,-221.03,71.261,-12.467,-10.313,0,0
-5.0882,0.24968,-16.125,184.84,264.35,90.743,-47.114,60.159,24.388,-170.57,138.19,66.3,5.3125,0,0
-21.985,2.5697,-3.7051,20.049,300.13,171.65,220.45,233.99,14.48,-225.56,230.74,-9.4898,-13.249,0,0
0,0,0,0,16.843,-161.59,-121.34,-162.62,-18.407,-68.963,17.351,-19.792,-8.6806,0,0
7.5,-12.654,-0.48029,5.4149,229.93,201.28,80.293,-196.25,-145.18,61.98,137.1,311.67,-0.33373,0,0
19.135,10.25,10.23,6.7345,95.207,305.62,-168.6,-232.11,427.4,-122.53,5.763,155.87,-0.36931,0,0
-50.25,-26.479,-46.545,-105.13,-91.159,58.313,43.298,170.74,114.37,35.358,-266.23,97.521,-28.928,0,0
-2.75,-2.8056,2.6716,5.6848,-68.713,-175.63,96.498,-99.427,67.508,61.691,38.867,-19.274,-33.18,0,0
25.5,3.3923,-6.116,-71.036,60.846,-16.494,-191.36,-157.45,223.84,179.96,250.18,64.788,-7.8481,0,0
3.3307e-016,-6.6613e-016,-1.5543e-015,1.3323e-015,29.437,-175.23,-219.75,55.605,-88.455,-153.09,49.044,4.378,-3.2733,0,0
12.25,11.368,-12.325,73.922,53.04,302.89,450.7,-248.84,-191.01,-157,108.35,-91.661,-20.142,0,0
-18.75,-12.794,-20.548,145.46,117.42,-38.671,-292,-266.79,151.18,213.17,170.81,-34.887,3.2111,0,0
-1.5,-13.933,7.8284,27.021,257.48,-131.71,91.024,28.566,-147.37,200.26,-66.509,-2.0341,-41.758,0,0
5.5147,3.8885,10.743,-28.733,111.61,438.56,95.47,-94.54,-175.48,-98.933,66.459,7.2179,-14.881,0,0
0,0,0,0,9.6633,-365.36,-132.39,-120.82,-324.39,-143.38,65.606,3.6328,-19.938,0,0
2.5,-10.849,86.902,-152.12,-252.91,16.554,-458.36,180.67,-18.206,-36.065,335.88,257.22,20.292,0,0
-5.451,-9.4598,142.56,39.574,198.24,257.25,196.65,-494.59,136.48,-328.52,-110.26,75.614,-0.35048,0,0
0,0,0,0,-20.73,-59.973,-131.78,20.015,-290.56,-139.12,130.17,-15.958,3.9877,0,0
2.5,19.763,7.0736,3.7942,6.5498,-174.74,41.097,-378.55,199.1,222.22,35.972,68.657,-33.922,0,0
-6.5,7.0465,-150.77,-8.764,-184.14,154.5,212.45,156.03,-147.7,-104.75,-32.142,-221.56,-15.527,0,0
18.838,25.348,-123.33,-134.86,82.383,-63.354,54.831,13.244,-229.82,-244.26,-55.291,-79.883,3.7357,0,0
1,14.183,-39.896,-130.28,-69.305,-263.64,-202.03,-242.48,-128.28,-22.878,156.28,84.414,11.085,0,0
8.25,-5.6764,-0.23862,2.6143,23.918,-33.877,-206.38,-257.42,208.25,196.55,318.51,118.27,160.6,0,0
17,1.43,-26.761,-69.331,207.95,-86.135,26.702,-9.3168,-135.74,-62.256,262.8,19.152,41.412,0,0
-4.9755,-9.3714,0.14503,-22.774,-182.67,-372.05,-84.821,335.85,21.644,224.56,-18.908,-59.67,-20.712,0,0
-48.57,-44.158,-7.1723,202.07,136.29,-21.091,162.15,-102.79,6.6912,299.47,-15.4,72.117,-65.651,0,0
-8.1561,0.20938,23.567,214.51,13.041,121.01,83.845,110.55,209.65,-356.73,-84.64,52.563,17.23,0,0
-3.1184,-24.907,35.284,-56.558,-139.57,-298.99,-264.69,373.86,77.397,333.48,-172.34,-256.32,77.43,0,0
6.0425,-0.38966,5.2321,-8.2881,67.437,144.84,399.2,-122.62,-105.51,-86.815,-303.58,168.24,-28.123,0,0
28.82,10.333,-1.5244,134.07,-239.7,311.79,186.37,-328.46,-80.943,-346.42,-146.78,209.43,-10.621,0,0
3.9109,-0.36931,15.744,-38.618,-84.916,88.467,431.76,15.358,-268.61,-257.1,-158.64,-196.1,67.367,0,0
2.549,-7.7405,-18.915,48.931,-126.06,67.605,225.77,129.34,-135.11,58.486,187.57,198.82,-19.109,0,0
-20.564,-7.3666,-8.8189,140.04,1.4637,201.38,191.75,213.78,-21.161,-223.36,-176.21,-75.57,-21.901,0,0
-0.61274,-0.54127,0.3113,-1.6696,50.258,-246.16,16.945,-177.76,67.686,69.258,105.06,-85.922,10.853,0,0
0,0,0,0,-20.106,145.88,-407.87,190.28,45.999,143.72,-57.204,129.25,-27.403,0,0
17.574,-9.4659,-11.96,-26.968,-59.492,50.739,84.604,-161.78,55.455,-61.093,83.882,82.312,-48.006,0,0
-23.028,-16.874,18.758,-52.03,-130.9,316.69,296.22,179.3,85.024,-220.19,237.15,-180.12,13.701,0,0
8.1226,-8.0789,13.481,9.474,-158.74,-403.54,45.747,87.497,8.7534,197.23,-272.19,-144.54,-6.3011,0,0
13.75,8.1913,-19.886,40.478,61.848,165.37,12.323,-101.77,23.902,123.82,-101,-94.93,18.821,0,0
-2.25,21.99,-20.325,10.721,-41.294,-120.71,-31.895,22.309,162.75,266.48,-188.31,108.26,-13.717,0,0
-2.1127,-4.8583,7.5792,-47.225,280.42,-145.67,66.426,-319,-264.27,35.184,-271.47,15.964,3.2345,0,0
50.257,30.146,35.59,212.75,-2.3979,450.05,429.06,-58.274,-283.73,-233.41,-186.79,-140.29,-82.877,0,0
12.89,35.629,-15.45,95.353,137.06,-250.35,94.246,236.21,-90.351,-381.52,111.48,-153.62,-54.294,0,0
1.6226,6.3379,-1.2333,62.257,-52.207,42.913,120.78,246.41,27.812,61.237,8.8313,20.144,-35.939,0,0
2.5,-4.1896,-7.701,28.133,-139.88,16.471,-82.499,-77.752,54.634,-329.93,-5.5622,-2.6687,0.23566,0,0
25.22,37.743,-46.347,38.045,-137.59,-383.93,-30.657,369.78,107.56,-77.009,360.34,-52.363,0.4629,0,0
8.3236,-0.18838,-9.7681,-214.14,-184.67,47.824,-110.67,73.545,-105.96,31.726,-163.43,-86.98,11.467,0,0
-1.3323e-015,1.6537,-48.285,180.16,132.11,-376.62,53.646,-332.51,232.35,69.287,60.788,10.717,5.3427,0,0
4.6349,-3.4348,47.337,-157.84,-375.31,-192.21,-581.54,28.099,-161.77,36.642,-90.234,159.18,-5.1295,0,0
12.342,-8.5167,4.7916,42.01,-343.31,-56.827,239.32,88.362,-93.571,30.447,-67.453,-81.034,-23.391,0,0
-5.9061,5.1752,6.7582,251.16,-47.669,-235.51,-49.061,-43.696,-119.91,85.78,-50.75,-14.261,-11.803,0,0
-4.3627,-15.791,-0.65456,40.379,-184.27,86.877,199.71,-111.64,-61.248,-78.933,-67.769,24.654,26.293,0,0
24.5,51.679,-169.71,-6.0016,-211.24,-214.69,-129.4,-105.45,324.3,266.56,248.78,136.14,1.904,0,0
-14.225,0.56819,-12.672,-28.387,191.14,-195,150.86,91.921,-28.217,183.93,-132.96,-44.848,-0.67524,0,0
-16.75,-7.6064,23.508,15.339,-116.23,-159.62,171.16,92.82,-43.599,173.4,-270.01,-111.28,21.542,0,0
9,-9.1274,-3.9444,-30.778,-277.01,191.43,141.23,377.68,74.623,125.21,75.699,-9.7398,7.866,0,0
11.25,2.0736,0.86603,4.9462,-12.156,-36.401,-34.925,216.07,0.45122,1.9636,95.408,-28.532,-8.6369,0,0
-9.6585,10.651,-30.065,-36.717,114.27,-38.679,-122.99,-75.318,-150.05,-28.113,-267.17,-109.49,28.966,0,0
8.2925,-7.3095,-0.0017604,13.816,-33.141,-50.422,-9.7983,175.68,-57.248,-115.98,80.217,80.727,10.21,0,0
-24.75,-6.2,12.212,-32.067,244.06,-152.76,-177.13,88.699,175.6,-22.975,-213.24,-13.983,15.787,0,0
0.64054,-11.951,115.74,184.67,222.15,248.62,303.56,-113.72,-263.76,33.974,357.66,0.2366,-102.36,0,0
0,0,0,0,31.252,497.29,-115.71,-100.43,-400.43,99.109,-14.168,22.96,-52.914,0,0
-4.0335,-2.9007,-24.361,140.05,150.79,8.1476,-94.903,222.38,107.76,-60.519,8.0312,-287.78,4.049,0,0
0.76226,-24.552,9.7072,-23.004,-491.75,-490.95,-65.792,37.324,-102.44,81.248,-55.859,75.048,-38.171,0,0
17.25,13.539,18.925,96.816,99.334,-224.75,-257.9,35.865,-151.04,210.5,207.3,64.826,6.7464,0,0
8.25,11.446,-15.571,147.01,286.47,148.21,-116.83,-224.14,528.24,-524.26,-298.94,11.184,-27.613,0,0
6.5,1.0442,-3.2272,-21.47,207.9,-166.37,-303.96,26.981,-328.56,-29.811,-10.889,46.235,-22.056,0,0
2.5,-4.1896,-7.701,28.133,-158.91,-13.661,-265.34,-204.42,52.117,163.42,209.54,-50.816,5.1184,0,0
3.3382,3.0511,-4.5344,18.095,16.536,-236.97,-132.47,220.8,28.156,-199.92,-52.81,97.818,3.8134,0,0
-10.25,-12.356,22.647,5.9151,-13.563,180.8,33.231,11.119,-157.39,-12.515,100.43,-29.211,-0.082532,0,0
-0.25,20.191,-39.439,213.13,-35.183,-143.8,-206.17,106.16,247.63,-97.469,-32.992,-106.75,-167.73,0,0
0,0,0,0,54.238,350.15,135.12,-462.13,300.27,112.55,82.455,19.993,29.235,0,0
-11.615,-7.1865,27.57,-42.21,-69.019,88.742,-286.38,-212.45,-63.125,237.37,21.234,49.327,11.134,0,0
-15.25,-6.3678,15.111,-7.3367,37.97,-112.23,-371.79,-373.37,-2.5477,272.38,113.76,-89.086,8.6516,0,0
-2,-22.763,-22.932,175.61,272.8,-93.856,176.54,-159.95,-184.9,-239.99,-31.549,111.3,-94.834,0,0
-16.75,1.8397,5.6375,48.085,-132.03,-19.899,-34.564,-196.43,-45.691,312.58,99.359,0.27059,-30.512,0,0
6.6349,0.14711,-10.916,32.681,149.56,-112.7,-303.07,332.11,6.7887,311.58,205.83,-152.96,-15.428,0,0
0,0,0,0,43.361,-264.16,241.59,-0.057587,-334.27,-104.79,93.917,-38.222,21.732,0,0
0,0,0,0,40.14,123.78,-218.37,-412.38,-208.49,-3.309,347.32,83.88,-14.675,0,0
-3,6.0114,6.6896,9.4593,-5.7427,-95.615,264.74,-65.762,-198.97,172.71,-176.83,60.681,3.433,0,0
-22.5,-10.074,-29.7,117.55,181.56,78.476,-144.62,-492.89,-12.564,220.1,63.946,-36.029,2.0948,0,0
8.2925,-7.3095,-0.0017604,13.816,0.57085,95.655,28.947,400.11,209.81,213.77,174.96,197.99,-15.014,0,0
7.75,-12.176,-8.2272,32.13,-131.88,0.69675,-249.87,-122.19,3.3955,-280.27,-164.26,23.466,1.7153,0,0
29.5,-1.6388,21.93,234.11,64.741,-74.101,0.78734,-28.975,-249.78,-36.48,54.614,65.493,-241.07,0,0
-4.451,4.372,9.1639,-1.4899,-201.23,37.634,137.86,114.89,-75.035,-4.1463,-171.36,99.818,9.4833,0,0
27.25,11.758,-2.8415,-45.996,-143.94,155.12,-288.07,-183.44,-164.08,-116.14,-172.66,60.468,-27.623,0,0
-11.865,-7.229,23.8,-2.5356,34.809,-174.83,-246.87,118.57,-14.39,56.186,-15.408,-60.941,13.968,0,0
12.952,14.108,9.748,-186.86,-266.21,-254.29,112.53,247.29,144.56,-294.05,-99.54,238.11,-4.9061,0,0
-7.067,-4.8317,-7.4279,49.043,135.33,445.17,497.66,-81.475,-232.11,-118.94,-185.74,10.579,-9.6034,0,0
11.933,-7.7132,17.622,244.16,251.88,317.43,396.95,-246.93,-255.1,-36.437,-285.2,-5.9694,36.762,0,0
-18.951,-12.221,33.569,71.902,16.111,-45.375,392.74,281.02,-316.22,-64.31,-142.89,86.685,3.7757,0,0
12.183,4.4059,43.646,-17.117,-28.299,55.127,55.661,-309.12,-14.198,-295.88,-315.12,-120.28,-76.423,0,0
0.75,7.0981,4.9348,-28.691,28.389,226.88,-26.254,171.72,423.6,40.082,-0.012858,224.76,-5.317,0,0
16.93,7.1755,-17.244,5.172,-92.206,-213.65,-95.426,-3.2189,29.739,-363.57,-255.07,50.993,20.338,0,0
1.1797,-21.689,25.677,-49.638,11.24,168.2,238.05,327.58,-137.66,-173.65,144.98,-238.77,14.637,0,0
-20.613,8.2249,-9.7442,-263.09,-91.952,-182.67,-249.47,-412.77,-317.29,143.13,384.82,-42.596,86.884,0,0
18.662,0.56722,-29.912,23.972,192.07,71.592,-243.37,-242.72,-174.6,-204.71,-67.082,249.51,-4.9037,0,0
5.6797,1.8974,17.161,-38.917,-126.85,269.52,-252.85,60.808,118.97,98.536,-144.01,-254.37,24.718,0,0
-19.377,-17.198,43.381,-31.117,-325.27,-371.47,-398.34,-77.483,142.59,-316.78,219.74,-15.983,-238.21,0,0
3.799,7.067,-19.777,138.05,22.566,14.15,405.37,342.29,-260.19,124,-284.88,-142.42,-33.601,0,0
-25.958,-20.74,1.0377,-36.8,-52.697,109.24,-220.13,323.08,-17.955,-133.96,-198.3,-89.997,-21.773,0,0
-24,-8.5639,-14.216,193.16,41.47,-122.01,-119.93,-211.33,187.56,3.4967,9.9341,110.06,-0.99223,0,0
-9.75,-6.7566,0.56699,36.509,94.138,215.28,172.51,12.336,118.96,-349.01,105.87,159.02,-2.8571,0,0
-0.75,-11.085,-3.0998,32.076,-156.36,-133.42,-229.11,-244.52,-122.52,389.2,-142.89,-21.215,30.997,0,0
2.75,13.031,-12.377,118.51,100.46,-127.15,104.36,-119.87,-255.4,-43.512,-219.49,-130.78,8.674,0,0
-26,-22.526,42.469,-13.925,-260.33,231.24,-221.74,113.44,-230.75,-42.981,472.3,-38.376,-15.111,0,0
14,21.502,7.5596,-131.21,208.8,-265.29,-103.02,-89.286,-133.01,220.86,-22.889,84.469,4.3134,0,0
13.75,8.1913,-19.886,40.478,34.837,-73.603,244.42,40.786,-80.401,-330.11,165.7,83.661,8.6438,0,0
-38.382,3.6723,-1.3071,-83.45,245.33,294.11,361.69,-204.24,-281.1,68.61,-278.12,73.955,16.726,0,0
1.25,5.5022,-118.14,0.01971,-77.766,-327.76,-12.282,-61.576,-74.376,-367.65,-21.295,-204.18,30.632,0,0
-4.3627,-16.45,4.8831,11.876,333.72,-40.699,107.3,155.39,12.769,-301.75,-26.329,-53.074,-23.798,0,0
14,9.2583,-10.69,42.123,91.163,174.67,-477.87,-450.33,-162.62,-115.99,153.75,-161.3,3.5143,0,0
25,3.8775,-243.48,-8.8546,-7.6268,48.055,631.68,476.93,63.071,-57.034,4.9655,-80.409,9.0131,0,0
-3,-4.1651,2.134,9.9724,-79.25,-139.52,-90.567,162.04,-443.38,173.52,-148.94,-38.235,11.482,0,0
0,0,0,0,10.754,-63.315,211.15,-278.3,22.604,254.11,0.51338,-23.278,-3.2099,0,0
11.25,2.0736,0.86603,4.9462,-19.005,-4.305,6.8317,-160.31,-101.56,-10.747,-34.587,27.453,-8.5915,0,0
-8.8818e-016,0,-8.8818e-016,-5.3291e-015,-18.202,180.87,218.19,216.83,306.1,-296.64,79.644,78.124,-31.409,0,0
-8.6764,1.6417,-5.3873,-9.3184,38.62,97.163,112.6,-274.93,-320.38,-184.57,144.64,61.065,-86.18,0,0
0,0,0,0,-43.789,-170.8,342.98,95.905,-96.774,379.35,-137.3,-90.878,-5.529,0,0
12.561,2.4539,-15.406,7.4387,167.14,211.67,343.74,-362.91,81.219,-270.96,61.617,-136.93,-22.86,0,0
-8.1274,-3.0071,25.429,-28.638,-217.12,-38.237,-91.497,204.62,-199.61,137.81,254.03,96.636,-15.559,0,0
-2.8627,-2.5167,-2.9453,-15.146,90.272,39.511,81.808,-215.55,-42.344,134.31,46.093,-18.057,-12.217,0,0
5.9821,8.8409,-23.117,-18.026,139.15,208.11,-32.934,-443.94,44.621,-143.98,51.698,76.269,-24.852,0,0
6.1071,-37.155,113.74,44.011,8.2709,28.541,-90.567,478.81,29.852,-30.511,-65.074,79.219,-7.34,0,0
27.061,19.938,-26.315,-13.147,-22.492,-20.258,-283.83,-70.308,-358.72,-38.234,-175.95,-55.86,-100.54,0,0
4.75,19.636,18.426,-198.88,-49.319,-368.45,-300.63,-48.249,-220.84,-289.16,14.16,106.72,-22.467,0,0
3.5825,16.873,-9.5561,126.18,37.931,-2.4982,-45.298,-29.19,-300.22,100.49,-69.214,-8.82,0.66955,0,0
0,0,0,0,25.34,-226.85,-333.08,-100.33,421.65,79.704,-61.2,-71.509,10.917,0,0
2.5425,-8.4584,14.966,-26.844,-152.78,321.57,4.7097,274.89,-46.23,88.918,-25.788,17.666,-15.705,0,0
5.25,-0.62436,6.4487,207.13,-78.573,-30.849,9.5429,-89.563,-422.53,179.88,197.7,-274.29,9.9988,0,0
18,16.837,25.805,-183,-270.87,-26.107,-158.92,56.098,-170.32,-172.82,115.34,73.531,-116.81,0,0
-27.25,-11.758,2.8415,45.996,139.25,-98.95,-82.545,-517.68,206.97,209.98,400.29,253.27,30.354,0,0
-9,-7.4838,16.453,-57.051,82.473,36.474,-277.56,-449.33,290.75,407.93,45.614,69.158,37.307,0,0
3.6005,11.719,-43.422,108.34,87.298,-20.131,31.061,236.91,278.43,78.082,189.48,333.46,28.367,0,0
14.5,8.0328,1.4343,14.048,-366.03,189.29,-203.41,-573.63,208.96,65.743,29.836,139.15,-62.843,0,0
11.25,6.0933,-20.569,2.9772,29.963,80.683,-209.6,-274.93,-351.99,-119.21,226.32,-42.599,16.661,0,0
0.5278,-5.8917,6.616,-39.649,194.82,323.43,638.82,431.73,248.28,-22.088,209.89,183.94,-147.84,0,0
-5.75,-15.06,7.1388,-8.9485,409.98,1.5239,-407.21,-99.31,-97.153,316.11,325.65,-108.31,12.49,0,0
2.3849,-8.6357,23.599,63.235,-17.798,-9.9997,-524.87,-80.402,14.876,82.467,160.14,-24.834,-13.643,0,0
-9.6151,-7.8792,0.91418,-13.997,-247.29,-150.25,-391.13,322.97,99.503,-39.314,66.635,102.34,71.852,0,0
-3.25,-4.6651,-27.18,143.41,-8.7771,81.983,282.18,162.73,459.55,-7.8183,-190.63,25.09,36.568,0,0
3.5482,4.7165,-6.6103,15.895,34.463,-286.45,7.5094,-150.08,115.77,145.67,115.83,-86.962,51.702,0,0
3.4118,-15.66,-13.956,71.289,-374.83,-67.614,145.28,-502.64,88.158,55.637,-103.1,38.147,-21.217,0,0
-26.5,-28.191,-0.63397,-13.039,-258.62,-346.4,-341.8,147.47,273.13,9.3935,86.12,-37.459,11.156,0,0
3,0.39711,-12.435,9.3008,-17.798,-297.88,75.214,137.96,298.87,-308.86,12.906,-4.1432,39.238,0,0
8.2925,1.5858,8.4886,5.1878,20.551,106.3,-140.77,-162.48,-206.32,-37.773,83.269,15.762,1.3149,0,0
0,0,0,0,43.684,-314.79,-255.33,35.881,32.138,48.349,-35.351,-62.102,-19.377,0,0
-37.028,-18.593,-28.867,163.3,195.01,-49.547,-197.47,-84.435,-73.556,145.5,127.54,-95.844,83.015,0,0
0,0,0,0,-0.2488,2.512,-428.24,-82.901,87.265,132.29,127.75,-0.2383,23.923,0,0
0,0,0,0,-7.5592,-13.152,108.09,-92.108,7.1037,81.313,-25.865,14.408,-8.3995,0,0
1.076,-0.83045,-3.1905,1.6675,6.2049,5.9699,50.705,190.29,-215.8,98.785,97.57,0.85113,-6.5604,0,0
-1.75,-6.6208,-11.752,-2.4103,19.979,97.783,216.73,163.39,-79.899,-33.724,219.41,73.971,-29.721,0,0
-23.458,-27.998,48.802,-205.74,272.4,278.9,219.65,9.4476,-84.381,-155.79,-151.15,21.647,-50.48,0,0
-8.25,3.4247,-33.568,-157.89,-190.28,223.92,-249.95,-0.037682,-127.31,-199.83,-544.49,-220.43,-35.606,0,0
23.75,13.575,-64.327,122.4,59.899,267.73,262.76,97.532,99.95,-464,-289.54,93.936,-64.887,0,0
62.452,37.002,18.738,74.584,-41.769,41.017,58.01,9.8116,192.56,138.64,411.51,218.79,-36.836,0,0
-48.57,-30.104,8.5567,152.22,-462.19,-422.54,-353.49,-493.99,-167.65,222.47,40.454,-117.67,20.896,-97.695,15
-16,-12.685,-68.809,111.23,-73.902,297.01,495.06,-3.1232,-556.37,-57.761,234.94,97.661,-37.438,0,0
-14.208,1.3014,-1.529,-32.046,144.54,85.988,323.39,203.67,78.113,-43.255,68.302,120.37,-82.569,0,0
36.799,2.169,82.749,53.151,-44.793,115.32,620.53,168.08,167.63,-330.33,-208.42,6.2497,8.692,0,0
-4.9575,-5.4829,13.788,-60.384,97.516,81.264,466.4,-104.42,-461.32,-180.07,-222.4,20.527,-19.139,0,0
4.6373,-21.438,82.248,209.46,227.69,459.24,-138.91,-243.09,344.38,-65.652,-233.56,73.017,-36.87,0,0
3,5.1896,-32.645,149.75,247.6,249.35,-428.25,-539.74,-70.938,69.401,25.019,142.98,3.366,0,0
14.856,-14.405,11.354,26.967,82.538,-12.087,174.65,51.575,161.74,65.677,-262.45,-14.542,-3.8681,0,0
-13,-6.5933,-3.4412,-210.32,-163.14,-258.31,-419.52,-190.46,117.72,-147.67,142.91,75.116,-89.589,0,0
2.5,26.823,-185.09,-260.5,-117.2,212.47,-289.29,117.27,44.988,192.7,138.18,-63.971,-16.361,0,0
9.75,20.877,-70.249,-88.51,-119.68,22.773,232.31,-125.94,-26.924,111.72,100.63,6.3332,-35.399,0,0
7,-1.8078,105.12,-69.662,39.322,138.28,286.77,-91.719,-86.706,66.23,96.977,-142.05,8.1896,0,0
21.333,3.2473,-12.563,2.863,-1.1511,-342.03,86.087,-299.3,-171.52,-350.58,-104.72,-166.99,27.865,0,0
0,0,0,0,29.154,-144.11,-229.29,-544.79,-130.68,7.4616,-222.98,-21.18,12.719,0,0
18.75,9.7763,-33.944,141.44,33.412,-152.51,-335.42,-240.94,328.24,154.04,-33.42,55.707,-7.5413,0,0
-8.0972,11.063,58.579,-142.24,-214.08,-167.35,357.02,153.99,194.41,73.311,2.8081,-344.99,-2.7823,0,0
-18.985,-5.0643,10.913,11.579,282.36,401.53,142.88,219.77,-176.16,184.79,71.241,83.329,-4.0377,0,0
-2.2255,-8.0347,-13.607,-3.7865,67.109,95.294,-116.02,-150.36,-282.23,-52.86,56.757,-100.99,24.636,0,0
-33.11,-13.899,1.1274,9.0866,268.29,-220.88,63.365,-86.16,132.48,-18.325,25.373,-23.687,-6.3636,0,0
-5.8603,-2.1409,-1.7141,-36.909,147.77,122.49,-216.89,325.93,154.19,159.06,-160.92,149.39,1.3101,0,0
-2.8627,-2.5167,-2.9453,-15.146,142.01,-133.37,-67.797,62.853,-86.566,-22.196,2.9838,-23.729,17.837,0,0
-3.6127,-4.7063,2.4453,8.3029,-124.45,172.52,124.23,-238.77,-248.82,77.644,-6.0893,45.553,18.97,0,0
0,0,0,0,1.4232,72.099,-157.85,-131.23,19.465,-95.231,113.74,-230.04,16.091,0,0
0,0,0,0,-33.316,-92.456,-288.35,5.0328,-257.03,253.29,-66.045,21.975,-17.491,0,0
-3.0792,-1.5338,-12.8,-36.009,-142.58,-47.84,-121.56,85.276,8.5083,-81.05,-145.48,236.65,-60.566,0,0
-0.75,-11.085,-3.0998,32.076,-143.22,54.935,-192.01,168.99,104.86,178.24,-135.48,-61.683,5.962,0,0
-10.11,-3.2683,-2.4037,-72.879,358.52,-206.95,-235.72,-152.54,34.393,50.055,40.006,63.864,18.335,0,0
0,0,0,0,2.9139,-15.507,-75.773,63.673,9.2108,37.524,-238.12,-0.21202,18.821,0,0
-1.75,-6.6208,-11.752,-2.4103,-11.088,-83.222,151.6,215.39,-42.362,93.422,41.012,52.132,11.297,0,0
-2.1764,-11.791,-4.1881,31.09,-135.45,109.36,358.98,113.24,34.037,-95.875,170.69,-4.1223,11.042,0,0
11.25,2.0736,0.86603,4.9462,-11.97,-78.349,302.49,123.07,197.65,-180.61,184.59,96.416,-10.465,0,0
4,2.6143,-6.8586,194.44,244.94,-184.16,-80.389,217.5,-62.97,-95.507,-11.347,26.22,26.023,0,0
33,14.423,14.747,257.39,222.53,77.061,291.46,-350.36,-280.62,-94.365,-137.39,-42.514,27.304,0,0
6.25,10.275,6.2518,3.2343,-126.45,11.397,-267.41,-305.37,-75.347,91.675,77.64,50.735,-14.459,0,0
11.5,10.953,-2.866,-30.814,119.59,30.128,-153.83,107.48,0.3417,215.95,379.05,151.39,-4.7117,0,0
-2.8627,-2.5167,-2.9453,-15.146,115.85,-264.82,130.23,286.3,121.52,16.068,399.24,-6.2368,14.014,0,0
0,0,0,0,69.106,-50.182,-310.27,156.57,257.49,346.42,-232.33,-10.257,42.957,0,0
11.75,13.551,-13.379,5.7745,7.5297,-10.1,-102.3,18.272,48.759,169.33,-157.05,144.01,7.7288,0,0
-15,-10.198,16.056,-3.82,-12.389,22.875,16.019,147.16,-81.164,-131.19,113.06,24.329,-4.2602,0,0
-21.25,-17.982,12.772,-145.43,-9.8965,27.983,-40.766,207.1,226.84,155.54,-92.59,341.6,28.114,0,0
-2,14.029,3.804,-261.65,-188.64,32.469,200.93,-87.883,220.88,-169.92,-146.76,-23.507,22.781,0,0
-14.201,-8.3792,-7.4962,139.15,283.56,-37.47,-429.04,-17.203,-122.98,21.489,-154.9,-23.943,-18.079,0,0
-156.06,-349.45,-93.769,-237.93,-68.38,-2.5248,-38.84,366.18,33.213,6.732,-335.56,107.67,-37.346,0,0
4.5,4.8196,135.19,-250.14,-69.197,35.861,349.26,143.65,197.05,427.01,109.57,-140.06,-99.98,0,0
-18.25,-7.1962,-38.123,-101.21,-268.17,-188.9,-210.83,199.59,615.78,-200.68,316.31,170.58,0.54663,0,0
-2.6151,-1.0981,-2.2443,-0.88189,-22.195,180.49,-93.008,-97.469,166.87,23.309,54.961,-1.6309,24.573,0,0
0,0,0,0,-9.7749,146.52,0.33685,-72.673,-249.45,-81.921,-154.28,-4.5139,53.686,0,0
-4.5,5.1756,0.87556,-34.937,146.2,-29.603,-33.98,78.034,117.43,-144.94,-1.1627,1.4506,-2.8236,0,0
18,16.837,25.805,-183,-252.66,-118.52,-184.49,101.08,39.188,-104.13,289.75,3.1346,7.427,0,0
15.542,13.192,-12.745,-11.814,163.49,299.42,358.27,-382.09,27.103,14.365,-22.226,-128.62,-55.154,0,0
-3,-4.1651,2.134,9.9724,-35.474,246.97,277.52,99.374,-365.09,114.12,-244.87,37.454,-13.063,0,0
0,0,0,0,22.836,-75.088,-8.1847,-277.71,-297.31,-57.611,-162.98,5.0691,22.779,0,0
13.249,13.175,-45.22,-1.2225,-82.39,249.29,97.447,425.34,199.6,355.79,248.6,90.776,100.67,0,0
30.606,10.265,-32.832,14.601,219.23,102.73,6.2654,-167.75,143.95,21.66,-185.71,-67.929,92.673,0,0
-0.75,-2.1896,5.3905,23.448,-160.2,-44.649,-324.13,538.37,206.65,-72.408,157.86,115.72,8.8645,0,0
-0.36274,8.7315,24.012,-12.906,66.467,324.98,165.76,-59.904,208.46,-156.6,-325.53,-1.0126,-25.267,0,0
-5.25,7.9869,0.52628,-3.997,58.3,56.583,-103.2,43.154,187.56,89.468,-7.8365,-32.618,-11.473,0,0
0,0,0,0,14.057,245.19,201.53,-444.24,-298.7,-126.73,154.38,12.425,-37.079,0,0
-11.865,-7.229,23.8,-2.5356,-76.548,96.519,-317.34,-290.95,54.708,16.326,-32.901,64.8,19.242,0,0
25.799,21.546,-35.269,-109.12,181.75,79.803,199.72,-61.303,57.94,-235.54,34.517,-188.27,-4.3089,0,0
-3.4175,-16.511,56.55,-235.24,-21.176,322.64,213.19,-240.91,-301.63,-295.31,-115.68,-55.745,1.4767,0,0
12.75,5.0083,-11.355,-9.6178,19.379,54.413,-177.64,142.06,151.93,368.57,167.54,187.11,95.865,0,0
9.049,-0.11427,-36.089,-233.5,-8.4115,2.9867,166.88,-185.37,52.599,90.483,49.965,-146.16,34.558,0,0
5.5,28.129,-39.189,-99.689,275.01,9.7223,245.76,-202.43,-126.87,173.3,86.784,-125.28,-15.567,0,0
25.549,7.2932,153.22,-131.28,-249.61,-250.85,-297.38,150.39,115.73,41.3,201.29,262.43,126.78,0,0
-2.9575,-6.2754,5.3433,-47.262,-82.131,-214.2,69.357,-297.49,-126.67,-328.75,7.7865,37.821,5.4907,0,0
-10.484,-17.644,-6.3802,119.17,-42.388,-145.73,-220.5,-215.33,-21.442,-254.49,-120.6,-68.964,-78.301,0,0
14.75,-6.8415,-4.7925,0.60396,-426.62,-362.94,-427.16,-75.143,7.1313,96.577,187.98,-18.945,99.994,0,0
11.5,21.548,-197.18,-71.234,-9.6539,75.087,136.73,-139.79,-242.91,-11.012,-248.11,-241.93,-15.237,0,0
0,0,0,0,18.639,104.7,-10.463,-37.654,-276.67,113.92,-62.402,-4.8313,9.5188,0,0
-19.365,4.4711,-122.72,-161.73,-189.82,189.46,-4.2098,-445.06,-323.95,3.578,-181.1,-208.11,88.74,0,0
-15.615,-19.392,13.512,35.088,110.32,8.1568,142.72,163.25,146.71,23.25,-44.515,335.39,-25.709,0,0
22.887,43.344,-134.53,8.8585,-32.115,207.68,-174.1,-9.1861,-224.91,182.04,-329.54,92.378,-84.04,0,0
0,0,0,0,-14.921,142.23,-107.26,-186.51,150.82,42.882,-103.47,-29.343,27.19,0,0
0,0,0,0,23.812,-148.48,-256.54,-325.74,99.385,172.22,-100.24,-13.336,-26.131,0,0
0,0,0,0,16.054,-109.67,75.971,68.354,-252.64,-173.34,-113.46,8.1716,13.679,0,0
-5.25,7.9869,0.52628,-3.997,-19.853,-43.621,-175.15,-29.648,-105.9,407.6,18.481,-81.628,-2.6908,0,0
-0.61274,-0.54127,0.3113,-1.6696,27.589,-197.09,-496.32,-24.013,33.731,-79.907,81.745,14.809,24.969,0,0
-13.75,-13.716,11.964,29.811,-161.65,-75.739,-95.363,-139.38,-282.23,167.15,68.654,-60.115,26.265,0,0
-10.662,-10.884,-25.36,145.8,3.1613,-161.67,209.6,-256.64,-262.06,-254.3,78.469,-87.158,5.4297,0,0
-0.36515,0.8774,1.0123,12.594,-70.21,207.5,-21.786,-168.24,-170.86,73.886,40.959,19.254,21.967,0,0
0,0,0,0,47.382,-38.818,37.349,-94.289,-252.75,-169.65,158.78,-247.3,-10.424,0,0
0,0,0,0,-59.019,65.927,83.238,146.89,-112.81,33.381,17.588,13.654,-1.9677,0,0
-5.25,7.9869,0.52628,-3.997,50.768,391.97,-112.06,86.198,-193.01,-358.49,-85.576,155.5,-23.486,0,0
-4.7075,-4.349,23.185,1.0131,-4.4019,6.5367,363.92,173.79,-318.32,-50.506,-345.33,-113.96,11.411,0,0
-2.0033,5.0518,10.844,-57.951,-52.476,259.8,-12.476,555.76,-466.22,-167.45,33.799,-256.37,-10.308,0,0
9.9453,3.3627,-52.508,-13.917,-227.92,-183.69,-191.96,315.79,211.43,77.171,11.476,272.52,53.124,0,0
12.5,6.3595,39.932,-155.4,-227.39,-407.25,-144.1,147.53,24.218,82.22,-84.395,-196.83,-69.363,0,0
-30.271,-36.775,-37.606,191.68,44.177,165.9,-113.5,52.141,-8.896,37.175,-199.9,-36.015,25.316,0,0
1.1373,-12.925,4.9183,20.868,75.263,-116.15,-43.463,-166.79,-205.2,-282.04,21.082,-127.15,12.038,0,0
-21.113,6.394,-144.68,-30.846,182.9,146.17,90.763,139.5,-150.21,-140.42,-281.12,15.816,3.8469,0,0
0,0,0,0,-17.46,227.87,180.83,127.76,-301.12,16.206,112.85,-0.67885,-22.631,0,0
12.137,1.8475,42.077,233.19,272.78,472.1,15.818,-114.02,37.182,-270.48,-193.65,58.262,-37.828,0,0
19.292,17.305,-11.02,82.877,73.543,-218.33,-87.945,195.88,118.19,93.857,-129.73,23.11,-4.8762,0,0
19.211,17.4,-149.14,268.69,66.116,-16.049,-18.96,-374.93,-85.292,-79.073,19.055,-198.46,-3.6639,0,0
9.25,13.361,15.803,-125.98,-204.25,-140.31,136.38,129,108.42,35.621,104.35,-10.935,4.442,0,0
-4.2075,11.197,-31.522,123.09,169.76,270.36,373.11,157.08,-72.812,-287.99,-78.498,-26.376,21.473,0,0
9.049,-2.0998,-37.11,51.201,-118.09,-169.74,287.23,387.65,-140.17,-132.14,-146.28,-138.04,-64.294,0,0
31.75,26.693,4.6607,-152.8,-237.59,-106.39,-574.17,89.658,363.34,191.24,184.96,90.55,-13.297,0,0
16.25,-6.9216,41.664,-166.71,-214.67,113.64,-59.749,-385.24,-4.3895,181.46,-154.31,134.17,0.35585,0,0
-19.5,18.321,-115.83,-98.266,-170.68,161.05,-12.702,2.6099,77.161,227.47,-310.29,-150.13,-90.793,0,0
-33,-27.365,140.48,266.82,91.6,23.36,-37.185,-147.92,149.96,226.12,167.14,59.002,-9.945,0,0
1.6349,0.97724,-26.588,3.9022,50.486,-189.67,54.975,-137.44,-9.6006,214.43,-232.67,111.82,-17.991,0,0
-18.25,-22.358,-200.72,-144.72,-284.35,-147.6,-512.02,210.71,-148.26,241.91,118.15,9.8248,-40.211,0,0
9.25,13.361,15.803,-125.98,-153.12,-165.86,-90.981,-586.06,109.96,83.548,276.49,62.774,-0.83494,0,0
17,-35.403,147.58,175.66,-116.57,-146.15,-69.234,111,100.77,48.871,139.74,-11.148,-4.9396,0,0
0.25,39.143,114.19,144.78,107.77,-206.05,-183,-293.75,260.11,160.35,62.485,26.904,-64.079,0,0
21.088,-3.1205,36.442,-157.71,-49.952,121.43,112.95,-223.85,141.69,-97.916,-62.257,62.518,49.042,0,0
-25.25,-24.868,1.5933,-63.565,-72.183,-58.227,-246.14,-326.65,-111.05,216.7,205.01,-215.56,0.23654,0,0
4.0425,-22.103,-18.36,-211.17,-441.75,-228.62,478.59,405.22,241.17,-31.28,169.57,145.11,0.90072,0,0
-15.863,1.8182,-10.416,22.36,-47.379,30.07,-114.66,150.42,23.838,-73.378,96.895,12.354,4.0368,0,0
0.32027,-4.4722,-12.447,8.6262,173.49,146.24,-50.615,39.92,137.49,-205.01,42.161,17.74,16.908,0,0
0.32356,-15.981,-11.889,59.223,-346.94,-275.62,59.477,3.9899,27.108,-51.878,-40.044,111.15,110.99,0,0
0,0,0,0,-0.75745,-55.395,-330.35,96.769,1.6925,52.748,217.39,16.481,30.53,0,0
-2.2255,-8.0347,-13.607,-3.7865,-7.2207,-200.98,119.87,36.747,134.12,-129.16,-188.61,125.97,-10.74,0,0
19.564,-6.0135,-0.84183,52.135,-140.75,-198.51,-172.1,-240.85,270.14,185.45,186.41,-85.771,21.902,0,0
22.088,4.5595,-15.441,-11.738,222.99,295.2,198.95,20.508,-636.1,-160.79,0.66058,2.2392,-27.695,0,0
0,0,0,0,0.16682,-74.576,-137.66,233.67,-101.93,164.52,63.643,-38.732,3.7153,0,0
0,0,0,0,-3.8944,54.253,-378.8,-152.59,428.28,35.828,-2.9716,7.5917,-18.71,0,0
-0.75,1.5442,-24.75,-14.044,5.4703,-35.997,40.346,317.52,-39.169,-163.61,-59.064,-8.1498,-6.2966,0,0
-3.9264,-18.412,-15.94,28.679,-189.9,-52.36,-340.41,-111.47,-158.19,-101.09,-14.528,17.717,-2.9608,0,0
-21.839,0.90553,5.4623,-3.2192,-77.732,206.23,-502.81,-234.07,346.59,73.012,-74.418,-29.517,36.257,0,0
-7,-6.7811,3.1585,-13.115,-205.35,-319.88,-377.37,-121.68,68.392,122.06,89.102,-119.19,23.96,0,0
-35.314,-38.793,-67.493,85.724,209.49,219.23,-61.623,-202.5,243.52,-47.731,-90.849,-4.6504,22.978,0,0
-22.558,-50.534,86.273,-40.599,312,-262.4,-336.78,-265.21,119.73,48.001,151.53,-81.544,-12.879,0,0
-12,56.181,-50.096,-50.19,-87.813,77.812,-68.877,312.12,29.25,134.04,198.01,-58.033,7.3648,0,0
-4.701,-7.7614,-29.864,151.41,252.52,368.41,-45.758,-137.18,198.06,-74.952,13.385,-164.57,43.198,0,0
4.25,-9.4934,0.46891,-14.485,-246.28,135.12,-141.04,165.5,-58.203,215.64,96.353,11.534,29.887,0,0
-5,-16.506,129.63,-80.986,22.823,-46.323,-274.44,202.3,283.18,-4.7552,150.82,-18.682,4.4486,0,0
-5.2434,-0.0053675,15.727,-41.654,161.72,285.77,154.75,-271.41,105.94,-75.224,128.75,-24.271,-61.01,0,0
-14,-9.2583,10.69,-42.123,-97.211,-277.96,-311.1,-196.97,141.9,137.12,-266.52,-216.86,15.448,0,0
-1,-3.7321,1.5425,21.84,235.73,271.02,264.17,234.61,-368.34,-56.367,249.34,-87.906,107.79,0,0
-6.25,2.1357,47.908,-94.884,-250.36,-89.693,-108.01,-38.013,12.517,181.96,49.381,10.939,-30.807,0,0
-3.25,18.459,-11.531,-9.0215,27.415,26.245,-53.905,-218.54,304.48,1.0888,7.7211,-129.97,-7.6516,0,0
9.25,13.361,15.803,-125.98,-202.97,-39.444,297.26,253.07,175.11,-184.62,-75.759,-86.665,64.456,0,0
-10.15,8.4202,11.939,-28.278,-54.664,486.05,-92.696,-205.74,-78.561,-127.54,35.36,-89.946,-82.143,0,0
11.5,11.489,-1.9199,0.93958,-4.3343,41.652,65.196,-121.06,5.1089,-54.444,-69.803,-138.49,-6.9821,0,0
1.3998e-012,-27.303,211.16,-63.178,-263.65,-279.4,167.63,-179.61,160.46,-157.82,32.473,-157.62,1.549,0,0
3.25,11.187,-48.63,-201.16,-27.849,-40.849,36.58,-106.43,-121.05,-99.043,-197.57,40.331,-124.63,0,0
19.5,31.303,-15.786,52.373,-37.726,-280.09,-435.19,164.36,73.638,240.83,-66.213,-115.41,-8.7733,0,0
0.5,15.324,27.257,131,106.12,-184.27,-197.96,209.99,93.986,69.202,252.48,-146.29,67.907,0,0
-13.25,-69.788,87.553,-118.7,245.2,10.916,51.115,252.12,-0.60705,45.306,-9.4482,32.325,-25.123,0,0
-2.6151,-1.0981,-2.2443,-0.88189,-1.8968,14.006,107.18,151.16,-29.714,-100.24,-110.01,99.964,-8.8325,0,0
-19.61,-10.332,18.172,-77.387,84.644,384.58,-365.79,-147.05,-379.21,-45.375,-458.9,3.5622,0.28141,0,0
14.075,3.6659,-0.33165,24.062,88.062,186.66,142,139.13,257.14,-164.64,153.4,25.682,92.162,0,0
1.3505,6.8909,37.745,54.982,-232.76,-353.55,166.69,18.277,-204.37,163.79,-173.29,254.15,-12.438,0,0
-1.75,-6.6208,-11.752,-2.4103,22.692,72.769,295.02,395.41,43.579,-160.3,57.672,29.148,-2.4767,0,0
8.5368,-4.4344,160.9,86.256,284.9,553.21,249.85,-19.924,-147.11,-52.036,-249.66,277.24,31.113,0,0
15.472,-3.5356,-4.0775,87.164,24.951,421.29,-59.049,-45.615,-101.27,-11.872,167.28,32.454,-106.83,0,0
15.574,0.15665,-29.025,66.702,-82.491,150.25,85.876,246.49,-137.62,22.218,-96.958,86.609,7.1627,0,0
-25.741,-26.133,32.403,-179.79,-114.17,-156.67,-287.2,-342.08,-133.17,-137.41,264.37,-79.448,8.7655,0,0
4.3505,22.687,-55.062,151.35,210.2,-48.008,-170.58,99.722,-100.58,-107.22,147.42,13.144,15.227,0,0
-26.028,-18.802,31.115,-89.29,114.1,228.71,-135.47,-298.97,-251.59,-81.019,-66.826,138.25,59.361,0,0
-19.36,-9.1002,11.908,-48.89,-8.7593,13.26,-110.98,101.72,-130.12,-132.4,55.422,128.11,-4.5164,0,0
-20.113,-36.351,134.69,-15.69,-162.96,267.81,151.95,-377.85,-418.48,-50.594,-57.087,150.85,7.5143,0,0
-2.5915,-25.58,-17.735,50.829,-383.56,-396.11,-515.82,-127.79,-10.498,25.118,90.645,-17.867,-5.7599,0,0
-6.5,0.18125,48.293,-155.4,-39.47,97.588,145.33,-43.223,240.9,-70.186,-119.34,110.94,-0.80353,0,0
8.75,-4.951,8.0179,49.97,88.219,-278.15,341.84,89.016,52.753,165.57,55.749,115.92,-0.16867,0,0
0,0,0,0,-6.0011,52.065,-196.28,93.595,228.46,73.736,-162.61,29.078,-13.996,0,0
-9.5,-12.771,20.66,-43.677,-45.607,-248.35,85.712,-329.7,-110.76,240.01,26.984,76.657,-19.638,0,0
5.0736,9.1663,8.4232,58.883,-106.52,-246.09,-11.681,-189.27,-151.27,-68.557,38.362,-49.715,-3.1325,0,0
3.7925,11.762,3.6244,-22.258,156.15,362.68,235.41,229.98,-252.07,-200.2,-135.83,56.945,-1.2554,0,0
-11.089,19.982,-16.595,1.5021,14.802,80.764,-233.3,21.7,26.411,-201.11,-190.68,132.62,-125.29,0,0
-12.5,-49.926,-87.381,187.66,255.42,310.85,-211.3,-39.779,58.814,120.37,137.84,-133.46,-3.5057,0,0
13.338,7.7425,-25.876,34.096,51.64,249.97,-2.55,-631.99,-42.756,-304.47,23.167,-41.519,7.0768,0,0
-6.1274,-51.678,185.26,14.177,-239.49,-171.79,25.355,-377.63,-95.66,76.66,357.42,68.64,54.786,0,0
6.2925,2.4387,16.85,-37.248,-46.249,145.04,124.11,-99.93,-403.24,-25.094,-85.718,103.65,-20.755,0,0
-2.5661,-20.343,-22.314,131.95,61.088,-132.43,-14.676,186.76,217.18,193,172.94,186.29,57.949,0,0
43.808,44.824,-88.264,-341.44,-218.14,-236,-243.41,-462.09,-241.96,-166.41,-279.98,-124.28,79.816,0,0
-2.8472,6.942,28.288,-184.28,0.94605,346.92,535.65,199.34,-170.97,201.34,-90.637,-56.759,-26.29,0,0
22.866,0.5415,-21.592,-3.2825,113.22,75.621,442.48,-1.0167,-85.221,-61.001,-203.16,21.999,-11.119,0,0
-13.162,-9.4226,2.6868,-200.49,343.39,260.63,458.25,534.22,-319.08,108.41,-246.88,90.165,-20.268,0,0
5.3693,-7.6184,0.098398,25.099,85.281,102.7,-40.016,-9.1363,390,295.7,116.26,208.64,169.32,0,0
-16.5,-36.035,138.44,-4.2237,-22.414,-270.33,125.25,280.44,88.375,-23.287,-264.81,-74.498,-34.526,0,0
4.8137,-2.0362,15.617,36.05,-205.07,34.417,-74.879,69.001,-405.15,-324.36,-247.47,-235.49,23.37,0,0
-27,-5.7111,-13.408,-54.928,-151.05,53.159,-142.77,-244.25,-12.342,116.9,-236.59,131.12,-37.344,0,0
-16.588,-11.167,9.9865,19.415,-311.04,-139.76,168.36,-95.803,-218.62,-237.33,-104.71,-68.72,-6.0164,0,0
-17,-9.3008,13.989,-18.878,-216.73,156.21,148.54,316.55,-37.258,-11.596,18.942,77.44,-86.816,0,0
21.333,-25.558,314.4,297.15,298.11,333.73,115.83,152.12,56.898,-11.481,-272.73,-332.82,20.112,0,0
-18.25,-17.095,72.788,-77.165,-277.76,-175.78,-353.05,-251.19,-128.36,78.465,244.78,-26.241,-2.145,0,0
-8.3382,-8.2276,14.021,-22.167,-28.239,-218.77,-255.63,-238.65,45.373,27.029,42.937,-142.77,-95.146,0,0
1.7721,-10.78,31.903,147.14,116.86,352.5,18.462,138.58,-227.04,-37.412,-350.86,-208.53,-7.8558,0,0
8.25,4.6716,2.4019,-13.92,-33.274,-110.89,263.41,-107.23,-179.76,-265.59,-168.02,47.029,36.465,0,0
-3,-24.704,-20.171,-118.65,196.04,89.184,-660.42,-367.62,-213.26,60.391,395.69,-212.82,-22.485,0,0
18.25,3.116,-72.453,-242.54,-125.21,-214.77,-77.315,36.998,289.94,352.97,-101.2,-69.829,91.118,0,0
-26.958,8.9256,-14.074,136.63,374.66,331.72,58.809,-68.002,238.34,-390.56,74.19,2.9489,-3.0837,0,0
0.25,10.17,-9.6655,131.06,251.14,-395.06,-251.04,-14.763,-63.995,549.32,21.905,225.36,-19.21,0,0
-2.7075,4.5613,-2.7859,-58.258,24.732,176.83,75.049,-117.48,-541.66,161.82,-39.209,46.496,2.576,0,0
17,-35.403,147.58,175.66,-150.61,-275.58,-52.109,-329.63,-365.35,48.231,190.68,-190.43,-90.383,0,0
23.927,26.106,21.237,-168.93,-264.38,-80.761,451.68,220.51,286.5,75.973,-50.449,-110.29,-88.141,0,0
-6.6764,-1.6148,-9.0523,3.6444,-38.368,9.4932,227.67,255.26,-524.22,-199.81,-125.56,-61.5,4.3693,0,0
-14.863,-9.494,11.024,17.308,-24.964,-220.51,159.93,-219.35,-106.16,221.29,-164.72,127.77,-1.2455,0,0
20.314,-11.58,6.1582,24.307,39.358,-345.99,-79.144,-11.962,169.85,-282.91,-164.28,-23.128,-16.898,0,0
23.25,37.747,-146.04,144.2,-27.263,-281.18,-293.49,-57.423,-90.397,142.77,71.038,1.4252,17.478,0,0
9.25,-2.384,-2.5915,12.198,-89.584,-359.34,-268.75,-221.26,282.19,487.59,-70.587,-39.587,-20.579,0,0
-4.25,-4.7518,15.198,-18.116,-21.525,-25.224,-9.0289,243.06,-161.28,-402.17,-104.15,-11.447,30.707,0,0
12.25,6.6309,-21.91,29.053,-149.35,459.04,419.4,-179.56,-68.153,10.915,-35.661,190.27,14.302,0,0
17.25,-24.734,135.87,25.212,-129.62,-16.251,-94.999,-13.396,-61.096,389.67,-96.96,-63.237,-120.22,0,0
-22.613,-25.585,-29.053,-245.32,-139.09,-445.38,49.977,215.93,-21.584,-138.02,-268.66,-27.179,2.0054,0,0
4.5425,5.7036,-36.207,148.93,-10.432,195.47,129.06,-181.11,198.38,-20.1,-161.7,24.921,-8.3167,0,0
-6.6797,-4.9985,6.7602,-17.347,223.14,133.33,226.33,364.82,-153.61,-75.797,-143.6,-31.26,2.3636,0,0
10.049,3.6357,-27.343,-101.07,112.38,179.39,282.3,158.53,-176.01,-243.89,-43.856,-61.717,-0.68061,0,0
6.0425,-0.38966,5.2321,-8.2881,110.51,29.097,2.1611,-44.535,518.59,40.785,60.206,-29.279,7.7141,0,0
6.0882,-2.895,24.502,-104.74,39.317,262.63,98.907,-73.592,55.058,-252.79,-70.439,-277.44,-26.734,0,0
10.25,11.549,29.339,-138.24,78.888,82.175,67.894,-369.61,-355.78,-67.594,194.29,-219.35,66.509,0,0
-3.6127,-4.7063,2.4453,8.3029,-21.178,198.01,81.76,-374.13,49.406,-206.11,222.29,-32.931,17.578,0,0
-25.25,-24.868,1.5933,-63.565,-80.801,25.538,-37.759,2.8189,396.45,219.3,-24.683,-18.041,-36.104,0,0
-4.25,-1.1274,-0.68958,-35.97,133.67,-119.27,-28.02,-405.12,-166.51,-73.341,-112,12.075,-1.9252,0,0
-9.1495,11.288,6.2362,-34.252,174.98,-65.846,-116.81,-54.096,345.85,-36.717,165.81,-49.186,-18.247,0,0
-0.61274,-0.54127,0.3113,-1.6696,-16.054,-319.87,-580.34,6.6489,111.92,185.61,-95.241,-11.18,22.573,0,0
-10.475,-11.934,10.817,-68.563,77.471,96.576,105.23,60.339,0.55265,16.104,-66.058,-2.3163,6.2362,0,0
0,0,0,0,-35.985,-60.855,-44.046,-276.34,-93.576,-105.84,345.03,-21.553,26.463,0,0
-3.5,-19.904,-2.951,31.561,102.87,5.9795,-185.84,-116.46,28.812,257.18,-18.594,-47.32,24.376,0,0
-2.1764,-11.791,-4.1881,31.09,-184.52,33.173,-216.87,245.73,155,-176.72,-85.41,14.51,6.4584,0,0
-23.829,-6.0846,-9.8065,31.875,266.23,73.63,16.011,-37.362,-48.317,45.932,8.284,-93.069,-9.3256,0,0
-2.5,1.1519,12.031,-1.6471,25.682,223.03,-91.994,372.83,334.97,191.74,-47.655,3.0837,-24.55,0,0
25.086,11.311,-16.988,-144.08,-239.41,-6.0717,205.56,-53.411,-168.36,-173.35,17.018,-165.78,55.962,0,0
24.533,32.12,11.371,-37.838,27.426,143.57,-263.24,-57.593,223.5,364.88,-9.8284,-49.738,-70.277,0,0
22.866,-35.451,245.06,132.5,68.512,-256.61,-85.982,-117.56,-90.457,-299.44,86.517,116.78,18.272,0,0
-19.25,-12.975,14.819,-175.49,-17.355,-207.58,-164.75,198.68,85.968,-315.84,-43.872,83.751,-17.317,0,0
2.75,2.8056,-2.6716,-5.6848,32.343,-17.074,160.39,-99.017,240.72,-212.22,-65.63,-10.933,-4.1495,0,0
13.637,-2.3451,-3.13,10.612,-43.144,235.31,34.858,-106.61,122.27,-127.18,-151.71,57.967,-20.508,0,0
-28.589,12.973,-14.205,102.68,10.69,327.94,-183.07,24.555,-166.11,-248.06,13.371,50.818,6.6728,0,0
11.25,2.0736,0.86603,4.9462,-48.182,120.75,151.49,80.048,-226.83,-79.475,-200.6,-31.295,62.398,0,0
12.5,11.727,-3.5,-30.79,136.64,87.89,-116.81,-68.717,219.93,-6.2654,-146.78,92.812,-99.341,0,0
18,10.446,34.238,-152.29,-132.21,-403.55,56.194,447.08,4.3219,55.361,4.523,76.081,-16.494,0,0
-6.1863,-3.8974,-2.8681,38.443,78.987,-291.43,80.255,177.87,-3.6272,227.42,-229.25,116.94,64.663,0,0
-14.708,-23.079,-11.288,-12.313,94.268,201.63,543.93,510.38,190.16,24.229,-187.33,139.76,-4.9498,0,0
2.2204e-016,-1.1102e-015,4.4409e-016,-2.4425e-015,-41.105,5.4061,-288.03,56.375,-93.487,110.29,167.37,83.801,-29.895,0,0
-0.25,10.44,-17.289,2.7854,150.84,53.138,189.96,-58.85,-20.423,-299.59,305.2,65.602,-24.655,0,0
2.75,2.8056,-2.6716,-5.6848,55.359,183.87,-242.75,-26.104,-242.29,169.14,171.34,-88.601,0.52211,0,0
2.75,2.8056,-2.6716,-5.6848,32.984,-362.09,-43.837,-238.87,-218.65,139.11,-105.48,77.094,24.273,0,0
-16.75,1.8397,5.6375,48.085,-62.829,-149.87,-474.3,64.749,77.794,171.26,-269.74,-93.656,-18.689,0,0
1.5,0.96891,1.2518,-3.0407,-47.134,24.163,359.24,-25.023,-21.078,-63.562,199.19,-36.89,-16.297,0,0
0,0,0,0,-60.379,-261.82,-262.83,-76.213,215.9,-113.53,14.423,-23.111,-145.97,0,0
0,0,0,0,23.147,224.71,413.37,-167.93,-244.58,-51.709,-41.405,64.079,-41.044,0,0
-23,-15.281,15.984,-174.35,-61.327,222.4,107.46,186.43,394.66,7.0142,-186.27,-104.43,5.02,0,0
-20,-11.441,-22.412,134,-275.47,-93.265,-91.089,80.294,76.072,177.89,-57.184,-60.285,-22.15,0,0
32.25,33.651,-35.511,107.24,169.46,8.7164,95.297,271.38,161.77,8.1555,-33.348,-41.847,24.63,0,0
5.4297,-0.93093,5.5433,-9.9577,108.05,21.771,29.522,6.9344,-83.439,-160.26,-252.69,-16.658,18.854,0,0
-30.908,-25.257,11.167,-12.558,175.87,168.86,-79.341,-509.34,-96.394,143,71.772,-40.765,5.3995,0,0
5.25,17.129,13.749,-146.1,46.731,19.783,32.906,-312.06,-545.78,-118.65,-102.46,20.872,6.6917,0,0
-24,-32.337,-46.764,-83.45,58.214,-388.26,-62.62,148.52,-113.8,156.16,45.131,-93.463,11.187,0,0
-27,-5.7111,-13.408,-54.928,-116.22,-165.15,10.368,0.41429,243.12,262.62,189.67,189.02,43.484,0,0
3,-6.0114,-6.6896,-9.4593,41.856,268.31,-121.17,-246.25,61.522,176.62,54.575,-78.033,-17.45,0,0
-36.708,-18.184,17.569,16.852,20.29,-352.81,-512.32,-190.88,-120.66,292.31,-61.554,-111.4,41.067,0,0
2.3137,-11.897,-12.698,68.46,-7.5727,87.086,-36.85,184.21,-82.648,-151.33,25.879,91.321,9.4907,0,0
1,14.183,-39.896,-130.28,-16.296,-391.86,-115.66,-227.66,124.15,149.68,170.48,139.17,-47.751,0,0
27.75,29.497,11.6,-151.41,-258.48,79.064,-211.49,-259.39,138.24,-38.388,-104.71,4.3412,-35.341,0,0
-7.3995,21.326,-20.862,25.343,-106.95,-160.78,32.066,-155.29,-6.2913,20.693,246.37,26.585,-3.6172,0,0
-28.5,-22.959,-4.8056,0.29564,-268.7,-127.39,-319.34,20.611,-32.466,232.34,-201.54,-24.245,5.2889,0,0
14.25,8.9527,-10.712,-18.977,5.5933,-53,-262.64,-92.636,25.173,189.44,-93.397,13.369,-39.117,0,0
22.5,-0.55385,9.6029,13.695,282.99,147.76,69.787,-79.804,-23.072,209.45,-22.764,55.02,-10.469,0,0
-7.25,-1.997,22.395,131.4,5.4665,-23.95,-353.42,274.86,113.3,186.58,-99.699,13.582,-18.702,0,0
-27.5,-7.3857,0.25962,-5.468,-84.522,29.34,290.51,-111.71,62.863,22.741,-200.84,-32.062,-15.792,0,0
-7.25,-0.94439,17.089,-151.05,79.221,-95.088,-85.638,-217.02,-128.26,-78.258,128.22,-34.586,29.258,0,0
36.723,17.966,-3.1053,30.023,131.51,-33.666,-107.36,-460.23,-10.507,-120.14,229.68,51.357,-5.9321,0,0
0.65849,-15.395,-2.1597,-69.593,-56.885,-114.05,-141.11,-1.1567,-33.43,94.059,112.98,-163.7,-25.285,14.91,8
-2.8627,-2.5167,-2.9453,-15.146,71.739,-236.32,197.65,-200.46,353.41,180.37,-24.499,103.39,-2.904,0,0
-1.25,-19.634,26.54,-104.35,150.77,-181.84,158.84,72.45,60.763,104.53,138.72,4.1629,-7.0756,0,0
-12.25,-5.0753,14.044,-19.167,-270.18,-244.02,-256.81,178.1,118.7,139.93,23.998,-16.728,-25.873,0,0
5.25,-8.6571,-242.19,183.94,-176.37,-312.63,-412.39,-141.23,99.379,-59.723,226.63,73.406,10.195,0,0
6.0425,-0.38966,5.2321,-8.2881,84.842,436.32,463.07,253,217.36,-235.43,-23.485,-2.0655,19.844,0,0
-17.75,-33.811,-242.03,-267.27,-212.17,-178.88,-151.98,167.91,36.907,-172.17,231.16,171.97,-23.002,0,0
-17.316,-9.7412,-166.91,182.91,12.735,-141.27,-424.54,-171.24,-158.29,-422.18,-352.5,55.516,99.142,0,0
4.5,14.6,260.05,254.77,11.854,-137.25,-306.29,295.47,112.32,307.95,157.44,-195.53,-2.7889,0,0
26.75,-15.29,197.96,49.347,-218.48,-409.73,-536.64,-175.91,325.94,10.325,-182.38,-56.089,3.5188,0,0
10.5,-19.046,164.01,65.492,-203.55,311.4,140.68,-60.571,-58.834,-75.4,116.75,94.388,120.76,0,0
-1.6519,21.24,-22.927,167.91,41.339,219.69,101.45,62.035,-48.402,-29.897,-180.01,-116.25,-78.535,0,0
0,0,0,0,5.3691,27.553,391.91,391.15,-140.78,62.246,-100.1,-1.4255,21.048,0,0
34,-17.893,213.07,-98.204,-326.51,323.96,42.988,-0.34977,-195.77,-124.18,140.55,3.5954,-167.71,0,0
-32.25,-31.363,5.317,56.508,-260.33,-38.553,217.07,81.719,-0.45124,370.04,433.71,151.39,73.028,0,0
-6.9166,-19.27,137.55,237.25,34.6,53.791,-39.571,-537.78,-96.279,-157.18,-136.93,-62.791,-25.546,0,0
53,43.146,-15.672,-35.54,-145.61,-212.28,-349.89,425.62,-82.156,200.54,467.6,-59.816,60.308,0,0
-30.208,-9.2476,-12.652,-43.311,-108.51,-283.45,-240.02,-174.3,-48.964,67.144,-129.61,12.169,-15.857,0,0
-17.417,-45.955,235.6,-88.616,155.75,-12.538,-126.99,-270.36,315.22,-93.595,-92.877,32.619,11.523,0,0
18.1,15.08,-124.61,-238.14,-270.21,113.87,-256.44,112.42,22.834,-103.43,59.37,7.6499,53.922,0,0
-1.7802,14.707,-143.21,-2.0089,209.83,224.94,354.98,339.15,179.94,-46.994,-129.4,-61.16,-69.189,0,0
-13.658,-21.342,42.292,97.804,31.253,-16.796,192.47,63.153,-201.48,180.24,23.23,-33.219,-24.122,0,0
3.7623,-21.401,-10.239,63.739,376.44,-209.9,-68.87,-169.68,251.15,255.69,-49.456,-81.021,21.339,0,0
3,0.39711,-12.435,9.3008,-16.764,-275.46,-142.74,-44.606,127.66,-10.273,-19.456,-24.374,-18.08,0,0
6.7165,4.5571,19.652,-287.08,-387.46,-115.46,-617.07,-230.92,-0.20824,208.83,-89.654,81.472,4.9608,0,0
-12.363,-3.0281,-40.827,131.12,216.3,22.341,92.53,61.026,-76.412,-148.97,57.367,45.491,-43.567,0,0
7.75,27.798,-193.48,-74.935,-180.96,-82.239,60.115,-143.81,-71.047,340.46,89.355,-108.22,24.615,0,0
-55.268,-23.334,-141.76,-171.47,-205.54,135.33,106.47,-106.47,121.62,128.64,171.43,118.96,-14.724,0,0
-26.03,5.0123,-42.543,-285.55,-67.705,18.459,40.579,319.76,130.23,324.59,158.46,-101.44,-86.766,0,0
2.3962,21.006,-191.44,-91.666,38.139,-120.63,168.17,165.03,21.393,-143.92,109.11,-101.43,-16.847,0,0
-21.61,-1.27,-1.1454,-66.406,275.39,38.078,148.31,233.26,-171.5,25.493,99.724,-45.776,-23.818,0,0
-4.7075,-4.349,23.185,1.0131,-52.172,-15.777,-105.88,-52.653,-145.4,-133.31,-198.72,-114.92,36.455,0,0
-7,-4.5197,17.899,-1.8441,-147.22,-61.416,-180.26,-42.853,196.74,339.91,120.03,-95.364,66.674,0,0
2.3873,-8.8289,42.509,105.58,21.987,17.084,-127.46,36.321,-116.42,-109.23,-56.525,-87.872,18.149,0,0
3.5,24.116,-9.2768,86.437,313.77,27.819,-399.14,-140.22,-54.628,129.64,241.51,-31.51,21.799,0,0
7.5,6.6112,-39.204,-70.279,-8.3355,-27.267,-101.88,65.83,17.458,230.3,-79.018,321.2,99.254,0,0
39.75,41.673,-168.69,-259.16,-259.17,-222.76,12.445,-245.19,-55.119,74.202,140.33,-61.987,-61.645,0,0
17.5,36.22,-124.21,244.07,-140.75,-177.51,590.42,217.34,-161.39,11.572,237.99,2.6374,2.0903,0,0
-2.5,31.847,69.479,-49.889,-165.41,-232.53,-218.29,-107.55,-20.123,238.67,35.513,122.83,14.438,0,0
-11.5,-3.9037,-21.314,172.82,-207.77,-296.23,212.69,-396.19,-198.56,34.06,31.499,-7.2075,-8.3971,0,0
39.75,41.673,-168.69,-259.16,-280.22,-145.75,-19.358,151.47,-77.239,125.39,14.453,25.295,-74.098,0,0
-2.75,21.399,-152.57,-243.68,-295.48,436.73,337.26,462.24,-199.95,236.01,59.116,2.4348,-37.356,0,0
16.25,-6.9216,41.664,-166.71,-321.43,-125.2,-346.35,-186.45,-150.71,238.94,6.2287,-40.618,-12.886,0,0
-2.1764,-11.791,-4.1881,31.09,-167.58,-132.97,239.77,-132.25,-19.913,56.585,-93.156,-73.337,-1.5311,0,0
0,0,0,0,5.4178,0.88614,97.94,81.692,-49.853,-328.55,13.635,7.6947,18.883,0,0
-1.75,-6.6208,-11.752,-2.4103,-5.6868,-122.19,-14.547,-16.938,44.849,86.405,-104.66,-101.73,-25.715,0,0
-6.6495,7.0984,-1.4647,-6.1187,-2.9798,154.4,167.75,125.47,-74.22,-46.695,34.976,65.848,-2.5625,0,0
0,0,0,0,-20.707,100.76,-20.664,-195.61,-9.4025,0.63606,-22.896,18.894,37.653,0,0
-8.8818e-016,-1.3323e-015,2.2204e-016,5.3291e-015,-37.522,-123.17,222.67,116.35,361.6,-83.635,14.945,17.873,23.877,0,0
-7.75,-18.655,19.83,64.611,-95.898,156.3,67.065,-9.4053,-206.95,-161.98,6.0514,-11.923,-21.867,0,0
2.75,2.8056,-2.6716,-5.6848,5.47,151.87,45.9,16.496,203.76,-134.6,-5.8549,20.626,-9.4629,0,0
-12,8.6029,0.93477,-24.601,170.21,-15.777,240.43,398.97,141.24,-175.96,218.9,47.721,6.5748,0,0
-32.299,9.6266,-176.2,-59.613,-30.265,-297.52,-209.82,-288.83,349.04,59.447,-60.256,97.872,-2.3149,0,0
23.549,13.484,159.64,-78.809,100.51,205.38,445.18,331.56,-458.2,-68.411,114.76,52.516,26.685,0,0
-21.732,-27.719,156.09,-3.2461,-101.3,-302.07,-20.745,204.67,249.65,-341.55,72.8,-248.74,-11.15,0,0
-4.75,17.973,-149.44,-219.2,-59.295,91.26,53.334,273.96,45.839,99.472,-111.66,25.937,5.7488,0,0
-8.6316,10.885,-38.953,-15.549,167.86,-125.85,26.684,-49.615,-321,-81.668,32.445,49.646,-11.456,0,0
4.5425,22.847,6.7242,-54.334,393.5,327.67,345.37,-233.8,-425.95,-70.492,104.81,-15.823,21.906,0,0
4.5,6.3792,-21.265,134.06,257.26,32.983,49.85,208.41,-67.199,28.707,-47.161,-144.27,-10.21,0,0
6.3382,7.2162,-6.6683,8.1229,80.97,-252.76,19.432,-189.75,-87.707,90.816,8.0599,-13.722,24.65,0,0
19.723,11.046,-19.321,28.925,152.19,-174.46,-271.26,250.56,-14.683,-168.56,-272.62,-128.55,21.983,0,0
-24.833,16.486,-34.617,63.111,201.87,289.97,-101.05,47.274,-98.676,227.69,229.82,156.09,45.72,0,0
-3.25,18.417,-11.696,3.3284,-18.738,-252.33,-277.03,-276.56,-369.72,294.93,-152.97,86.751,126.48,0,0
-2.25,10.219,-2.8822,-34.332,-250.79,-5.4895,-414.24,317.27,260.86,164.25,-31.598,-8.7904,-26.403,0,0
16.25,-6.9216,41.664,-166.71,-288.7,-115.69,-272.61,254.45,-239.44,370.36,42.545,-130.45,-103.96,0,0
18.433,0.58582,-10.123,125.22,-19.22,-51.763,-36.669,46.883,-378.71,-76.229,96.414,94.445,28.58,0,0
4.8203,3.1079,-16.027,-2.2174,27.238,-18.045,-252.56,186.35,233.25,175.19,246.66,-9.2007,-39.482,0,0
15.887,49.171,273.7,73.864,14.804,81.523,-210.55,-33.872,-132.36,-473.21,-251.37,-115.93,-14.248,0,0
2.366,2.1606,-5.9542,-14.616,139.17,17.016,-47.196,-112.66,-150.15,126.5,380.18,-21.431,15.571,0,0
0,0,0,0,0.36691,-50.821,-93.127,197.22,246.24,-5.3141,-81.921,-19.559,-3.8828,0,0
9.0425,3.7754,3.0981,-18.261,157.46,-43.473,-284.95,-22.091,306.44,66.774,59.092,-12.909,1.299,0,0
21,-8.6322,0.88397,48.321,-106.98,59.78,-139.09,121.45,-150.23,174.72,23.259,-76.923,6.5658,0,0
-4.8627,-11.464,-17.871,-9.9489,17.72,-109.83,187.1,-161.38,29.788,-169.89,-121.62,62.354,55.385,0,0
-3.951,0.41811,10.084,183.48,133.36,125.69,-185.32,-140.18,-111.4,-305.29,-31.637,3.6583,18.766,0,0
5.8382,23.984,3.2078,2.5186,202.04,-26.562,38.175,-354.06,33.105,-255.34,-28.363,-116.92,-10.503,0,0
7.8382,4.1982,-17.657,18.295,232.84,244.33,98.511,23.225,-324.39,95.157,91.492,-317.08,6.9372,0,0
6.0425,-0.38966,5.2321,-8.2881,167.97,-4.8287,-622.68,-374.46,-146.15,-148.77,23.152,61.54,-6.7243,0,0
3,-6.0114,-6.6896,-9.4593,26.165,48.539,113.62,454.87,198.19,16.811,-131.65,-18.949,-4.8092,0,0
5.576,-16.47,-3.266,146.73,-241.36,-140,149.61,186.04,3.1103,6.9066,60.046,39.854,-20.509,0,0
33.028,26.046,35.431,192.37,22.606,246.57,266.2,471.65,528.39,10.536,152.09,162.22,-26.98,0,0
2.25,2.9492,7.6628,135.1,4.0413,-48.469,245.08,180.73,-215.14,277.02,-81.362,362.74,-142.46,0,0
-8.8382,11.339,50.527,-166.95,1.5906,-45.507,-75.776,372.47,6.6682,-372.24,96.262,-198.16,177.96,19.472,-5
-1.9264,-7.0006,31.19,-110.64,-212.24,-10.662,170.13,61.916,184.36,-14.734,-13.715,-138.78,-81.468,0,0
6.5,0.86779,-73.708,87.066,85.455,364.07,242.52,21.385,220.44,23.057,307.83,102.06,-101.8,0,0
2.5,23.584,-176.58,-214.74,4.9474,9.8634,-166.72,-58.775,-47.516,-433.5,110.69,-30.033,28.114,0,0
-2.75,27.247,-151.88,-213.89,-17.039,14.509,-286.33,167.08,123.58,362.37,-70.293,140.17,4.6034,0,0
-31,-63.07,180.58,206.85,-293.42,157.37,194.02,38.423,-211.58,65.932,73.531,-210.38,-102.75,0,0
-17.25,10.045,-156.94,210.25,-112.59,277.82,-42.557,133.5,176.89,-338.74,-166.06,-121.28,2.0087,0,0
-4.8651,6.6813,3.7347,-19.773,73.236,244.88,483.49,72.156,-376.98,-161.6,-134.79,-161.05,-32.934,0,0
19.606,45.118,-16.271,-11.993,261.9,116.97,74.128,206.36,-122.58,-286.74,246.2,-44.276,-10.23,0,0
-10.43,-5.6618,-42.886,170.05,233.35,198.74,210.94,-167.31,156.76,-171.85,124.56,116.96,-17.969,0,0
-9.75,29.104,95.254,-4.8874,-232.07,-235.01,97.526,-166.31,-34.28,-9.2175,-41.737,-129.73,-14.237,0,0
-17.5,-19.954,81.649,-77.426,-49.953,-150.99,-206.78,-125.44,388.86,255.16,62.821,-122.85,21.146,0,0
-9,-19.146,-225.64,-6.8319,32.578,-430.26,-390.51,103.19,403.49,166.85,34.174,-39.697,1.8493,0,0
10,3.8726,39.191,-287.84,-393.52,-407.57,-589.09,349.18,406.61,289.78,40.291,-21.873,7.8322,0,0
-24.25,-27.399,-12.654,-245.76,-13.866,-29.389,-176.52,29.686,360.83,150.74,168.71,-14.23,-35.842,0,0
12,-8.6029,-0.93477,24.601,-199.48,105.12,-232.55,37.094,-21.658,105.2,227.82,-54.724,17.794,0,0
-14,-9.2583,10.69,-42.123,-47.114,-121.59,-377.59,411.38,178.44,17.425,-34.009,-17.651,19.667,0,0
55,120.11,84.031,-68.187,152.15,-48.369,87.796,496.2,210.37,-131.21,19.229,30.627,57.128,0,0
22.25,3.9487,169.04,-148.13,-248.84,-270.9,-91.679,23.955,288.71,75.747,104.54,-88.953,-30.718,0,0
-2.75,-2.8056,2.6716,5.6848,-35.348,-16.598,-54.046,-69.321,-46.099,116.85,10.502,-9.5266,1.2545,0,0
-17.75,-3.7942,-14.761,138.12,156.68,-174.35,-344.47,-17.754,532.25,87,-136.08,-51.746,7.4306,0,0
9.5,2.5819,-21.173,22.726,189.35,190.88,-157.22,12.301,-0.9393,298.28,84.44,4.279,-2.1462,0,0
17.75,11.948,-24.837,35.612,60.26,-250.48,-181.43,64.186,27.78,230.04,-0.39527,48.215,-49.719,0,0
-28.75,-4.9413,-17.937,190.67,76.196,-28.224,259.13,-147.21,-168.99,266.29,94.205,-6.2288,103.11,0,0
2.75,13.031,-12.377,118.51,94.658,-104.78,163.48,-151.3,-143.39,242.85,210.01,-25.049,-21.978,0,0
11,-1.6436,0.17949,4.3074,-9.2255,-0.71346,-97.658,-111.08,32.959,350.5,116.51,39.765,-25.039,0,0
-20.75,-27.858,46.887,-151.17,182.28,-72.788,-242.38,-554.73,-283.09,462.71,39.66,-134.21,29.254,0,0
15.25,6.3678,-15.111,7.3367,-55.312,-137.8,-273.34,145.52,9.674,-3.3325,-7.1442,-13.26,8.8313,0,0
0,0,0,0,-27.838,119.97,-352.55,-173.76,174.53,241.22,5.2174,-10.924,2.078,0,0
15.683,5.3968,-17.916,-37.204,-64.723,-67.084,374.53,4.2744,31.242,-54.592,-251.77,-14.542,16.302,0,0
