3.6226,-14.352,-765.15,262.56,-553.62,185.99,256.22,53.842,-14.343,-372.85,-132.73,17.978,177.95,-125.37,6.4952
6.1357,11.622,12.678,-133.82,164.16,-336.52,-69.06,132.75,191.27,459.05,482.32,-211.73,-21.579,0,0
4.7631,9.549,2.3104,197.76,258.74,-69.04,142.16,-275.43,340.34,210.97,-24.035,192.9,-235.39,0,0
-7.7942,10.093,-92.494,149.9,-133.19,-150.42,-15.131,58.705,197.92,-91.297,-329.78,-8.2835,-25.576,0,0
0,0,0,0,250.03,104.75,-387.16,97.362,716.84,-23.008,2.3203,-289.6,-18.242,0,0
11.332,-9.3866,-255.55,58.704,116.33,-43.499,-41.348,-44.175,336.14,-554.26,139.06,-264.17,-20.693,0,0
5.1962,1.5784,183.44,-76.004,-134.24,9.157,-142.7,128.84,-81.725,52.895,-20.859,-6.5622,-226.7,0,0
1.3203,-3.5176,237.73,144.71,147.97,52.962,28.905,-23.195,331.66,150.99,-485.92,51.316,-289.32,0,0
6.4952,14.257,25.056,-478.06,71.833,-20.664,-298.12,-458.58,-230.62,412.1,-519.27,157.9,-93.437,0,0
5.264,-1.1582,-4.0936,-36.578,-207.8,-74.535,-18.336,77.243,99.813,-89.949,-77.663,-15.709,-229.94,0,0
-2.6645e-015,-334.82,2.1902,37.265,131.72,-45.561,-95.781,113.47,-8.6253,599.67,-1.6627,232.08,-118.28,0,0
0.86603,24.758,110.9,16.156,-74.726,-303.56,73.917,-22.089,27.633,446.65,60.37,87.672,-259.58,0,0
12.557,5.2303,-19.495,153.83,5.0975,-20.884,194.86,-316.81,96.614,819.63,-618.57,-9.4047,-24.821,0,0
-18.187,-8.5228,105.42,-217.54,275.61,191.62,-175.4,-8.9961,31.619,322.16,-181.22,-397.55,-22.266,0,0
1.9486,-17.14,-36.211,-71.352,282.8,60.795,-147.59,-30.075,513.52,-180.11,86.487,-357.96,-22.948,0,0
3.4641,11.806,21.007,-74.633,236.37,-270.06,-153.05,140.19,-6.2821,-117.48,62.128,-76.377,-25.114,0,0
-4.7631,-407.39,350.84,-190.86,13.953,23.746,-126.15,29.839,-69.31,39.396,-112.01,213.31,-128.57,0,0
0,0,0,0,-490.15,416.03,79.203,328.6,59.669,253.87,262.04,-126.89,-21.437,0,0
0,0,0,0,-130.87,287.07,-25.816,-204.25,149.38,-18.574,-106.76,-85.121,-18.259,0,0
0,0,0,0,-609.12,124.68,197.28,104.17,195.52,385.35,-478.13,12.176,-25.567,0,0
5.5018,-20.523,-310.59,85.247,-54.211,329.61,-87.472,12.272,104.95,-116.24,-501.51,209.35,-95.227,0,0
7.1079,5.0404,-15.234,20.068,195.17,337.08,-299.92,-50.83,541.62,-269.8,220.99,-229.65,-24.347,0,0
4.0867,0.48237,-73.901,217,312.87,-16.898,-208.98,191.88,76.72,-257.9,110.38,200.84,-396.77,0,0
-2.1651,-0.63397,0.40849,-243.93,-17.536,41.703,51.212,32.961,196.38,584.58,-610.24,36.627,-22.929,0,0
13.35,5.7512,-0.98982,319.75,-285.67,566.57,-76.7,47.096,183.46,-268.31,54.347,-339.42,-22.883,0,0
-22.084,-3.6077,2.5736,-180.38,270.96,169.97,-172.62,-178.66,1005.7,213.55,-125.73,-49.159,-20.352,0,0
10.889,-11.414,-96.099,-183.02,76.773,-233.1,-47.385,419.68,260.9,122.12,45.625,-115.2,-29.452,0,0
0,0,0,0,158.14,219.74,-87.886,-26.381,126.08,289.38,-418.01,-18.023,-26.459,0,0
-13.825,17.467,20.107,-63.206,122.92,213.88,112.24,-23.718,-160.63,411.76,-120.37,387.74,-185.68,0,0
18.26,18.627,-9.3595,-141.51,159.25,-377.58,58.168,361.77,190.01,-537.17,299.77,-59.262,-23.42,0,0
3.0311,6.5,3,-329.38,105.21,-64.388,160.05,-62.479,418.9,642.98,-212.35,-2.9351,-22.989,0,0
-4.2084,-8.404,-1.817,-244.16,-380.46,350.92,-3.1428,252.85,34.059,11.228,-446.35,-5.6968,-19.527,0,0
6.4952,-4.4282,-19.397,114.82,-212.68,70.087,37.668,26.177,471.28,847.87,-452.75,10.036,-22.716,0,0
-14.295,-9.1148,174.35,48.886,343.56,-57.776,-12.141,-41.267,107.47,345.77,-279.16,102.9,-418.43,0,0
0,0,0,0,-345.51,228.88,-121.45,88.791,163.42,-139.77,-83.606,15.322,-18.769,0,0
-11.691,-7.8954,3.866,-167.45,513.83,252.25,-141.51,-140.77,51.1,117.21,-965.63,25.711,-18.892,0,0
-8.09,3.9294,-9.8914,-247.97,-327.68,219.43,138.99,232.49,255.17,-345.84,227.77,-107.43,-23.447,0,0
5.7084,-243.86,188.01,-55.602,414.57,-46.328,31.153,-321.2,-17.203,-39.31,-86.218,583.82,-219.3,0,0
-11.691,-4.2548,-251.67,295.53,165.35,242.99,-168.65,-110.12,-85.064,-94.947,-305.57,-101.33,-20.227,0,0
-2.5981,9.2321,-5.817,-280.13,318.12,-91.947,-197.46,-220.36,-16.996,176.42,358.43,-440.63,-24.978,0,0
-22.084,-3.6077,2.5736,-180.38,121.6,311.62,75.291,-232.96,-113.63,473.31,-195.7,-55.61,-22.649,0,0
1.299,11.172,21.415,-318.57,-74.593,-169.87,-69.69,-94.024,-147.07,154.81,148.43,-148.02,-22.039,0,0
17.759,-4.8074,-22.336,-100.69,275.04,-30.219,-61.45,227.54,335.36,-50.269,-132.44,-90.573,-30.496,0,0
1.7321,-11.629,-169.19,110.48,-156.57,-397.67,6.8359,-113.79,439.46,242.99,-371.67,-30.112,-23.646,0,0
-7.7942,-5.9264,0.43301,-257.86,179.88,-115.48,45.148,227.22,-73.208,-27.424,39.076,-77.981,-27.685,0,0
-20.088,-15.048,-424.17,-72.533,-50.923,59.641,-86.086,-64.969,-124,66.076,-100.07,-21.171,-87.786,0,0
0,0,0,0,-397.79,260.75,-190.36,47.474,110.01,-136.36,-131.96,-18.701,-27.644,0,0
0,0,0,0,88.014,115.28,225.07,-33.497,256.91,-121.81,-605.24,4.0263,-22.014,0,0
10.176,-10.847,-20.606,-124.49,151.18,23.087,-31.574,252.81,-4.4759,-384.6,325.28,-255.96,-29.2,0,0
2.567,-19.371,166.04,168.06,-141.12,300.42,-10.984,89.135,256.94,-91.125,266.56,-250.04,-24.888,0,0
-9.389,17.34,-17.678,621.67,-234.28,295.17,-15.475,-24.245,5.2743,-29.322,-275.28,-384.79,-29.682,0,0
0,0,0,0,34.433,-164.85,246.41,-82.08,492.15,-49.881,-541.14,-15.575,-20.713,0,0
1.6103,16.83,251.71,-328.44,-67.865,59.285,-78.166,55.485,108.6,-237.12,66.759,-68.31,-459.61,0,0
-2.9518,-162.62,90.735,-45.227,111.19,-142.78,-241.71,233.45,164.57,-153.28,203.26,408.29,-156.72,0,0
1.4151,4.6908,-1.3558,213.45,6.7617,166.39,33.916,-107.13,-149.82,58.597,-398.5,36.445,-27.736,0,0
0,0,0,0,-5.4273,33.952,-171.42,11.345,25.347,-34.312,102.99,-291.14,-18.109,0,0
0.13726,11.679,-353.84,82.28,33.624,-78.701,186.21,122.77,-137.55,534.86,417.1,-177.49,-9.2386,0,0
-0.86603,-5.933,-242,39.325,-127.27,112.73,12.939,-158.82,-276.7,47.727,-162.58,-99.032,-25.057,0,0
-12.536,-341.95,250.1,-12.75,-579.28,-37.62,104.56,-56.55,2.3438,-300.45,153.46,362.73,-129.65,0,0
12.542,23.777,1.7393,-291.67,-199.17,43.965,-70.231,0.55024,-144.64,230.54,562.12,-336.02,-20.27,0,0
0,0,0,0,203.45,557.59,-92.003,-291.02,192.35,-7.9907,66.201,-347.86,-22.446,0,0
0,0,0,0,-96.303,-84.6,92.793,36.129,71.292,628.05,-235.59,14.377,-28.473,0,0
14.796,12.493,1.8546,118.92,-448.54,82.977,-30.43,-166.03,166.26,157.35,-423.5,22.969,-24.347,0,0
0,0,0,0,-276.71,395.23,-133.74,-153.75,283.12,371.06,-583.47,11.471,-20.819,0,0
-45.393,-27.854,151.3,-213.65,8.6058,-44.676,9.6519,169.67,138.46,134.24,130.98,-618.77,-25.832,0,0
4.7631,9.549,2.3104,197.76,-148.29,-309.61,42.212,30.272,149.58,-222.3,-288.21,15.533,-22.089,0,0
0,0,0,0,-146.74,83.688,-126.75,27.384,-82.314,632.51,-539.57,21.708,-22.026,0,0
-3.7599,4.9004,1.7847,-48.082,654.79,362.28,76.499,-6.5905,172,-348.74,0.98806,-65.086,-247.43,0,0
21.852,42.397,-4.7637,238.22,70.066,-117.26,-137.23,-164.81,98.822,170.71,-357.59,-400.24,-27.445,0,0
-17.278,-7.265,0.15521,-416.92,-142.89,-214.52,-34.205,-140.96,153.25,637.65,-119.65,24.109,-89.183,0,0
15.293,21.253,3.4366,617.71,240.88,132.02,-50.573,-44.246,100.08,-253.16,38.776,87.236,-279.13,0,0
0,0,0,0,110.86,132.45,-375.51,-177.66,208.35,448.4,-25.065,-402.29,-23.009,0,0
0,0,0,0,-224.62,105.96,-293.54,-262.01,765.42,92.788,-118.01,33.412,-19.577,0,0
0,0,0,0,130.02,40.976,235.01,-204.82,163,-96.302,-444.96,-21.16,-16.51,0,0
-2.1651,-0.63397,0.40849,-243.93,-92.096,247.88,-188,-135.7,336.16,100.2,319.38,-123.2,-22.82,0,0
-11.258,-1.6878,3.3415,-502.31,496.31,-287.16,305.62,46.563,78.271,206.94,266.94,-101.43,-27.672,0,0
-2.5981,-13.422,-179.59,114.43,-330.06,-211.94,0.32497,66.651,-72.459,26.684,5.6465,-99.583,-23.43,0,0
0,0,0,0,-197.92,375.66,-118.98,-107.96,158.32,-144.27,-348.46,-4.5135,-21.741,0,0
3.1471,23.271,5.9121,138.71,338.52,-404.95,536.4,-85.77,-76.688,-207.05,268.36,-379.82,-16.592,0,0
-9.8857,0.61034,-0.80385,-239.33,127.76,103.99,219.54,-203.74,188.06,728.86,-258.21,30.818,-19.378,0,0
-23.425,-12.339,-165.16,-68.079,161.87,4.0825,-163.09,-273.06,310.33,335.16,17.469,154.87,-111.59,0,0
0,0,0,0,-215.9,210.23,434.29,-161.03,205.54,159.47,-652.28,14.061,-23.288,0,0
-8.09,3.9294,-9.8914,-247.97,-297.3,173.08,-24.451,369.44,-71.589,200.66,843.98,-294.65,-27.636,0,0
-2.3971,-307.29,144.99,118.62,7.2922,138.43,-85.31,35.101,-79.81,16.511,238.63,177.91,-131.45,0,0
19.058,26.408,-5.1235,-10.816,179.36,350.88,-322.03,67.446,226.63,-80.761,463.19,-141.11,-25.261,0,0
0,0,0,0,-159.02,354.2,325.78,-211.6,-394.77,198.59,-138.06,-0.6226,-17.335,0,0
2.1651,10.141,-3.2386,-354.7,260.79,79.179,-99.689,93.8,346.72,183.46,-213.03,-45.936,-23.083,0,0
0,0,0,0,-680.82,237.88,-258.04,254.37,-355.02,432.92,-236.18,-40.269,-21.322,0,0
-5.4608,-346.79,89.432,89.718,-268.8,76.725,-327.71,341.13,-30.435,289.75,-202.54,-25.314,-73.456,0,0
-18.187,-7.6388,-20.502,145.9,16.407,-62.135,140.14,-141.42,88.436,15.998,401.86,-549.35,-17.572,0,0
5.7027,-21.812,273.94,-180.17,-209.05,7.0033,-182.32,-256.2,-71.144,-270.2,239.52,91.125,-376.87,0,0
-2.6645e-015,9.5066,-2.8301,-598.63,379.5,95.247,43.136,-202.41,101.5,260.5,99.61,263.95,-140.04,0,0
6.4952,-4.4282,-19.397,114.82,-46.138,-219.46,-62.274,-42.377,261.85,467.04,-513.2,14.348,-20.857,0,0
0.75,-17.686,-179.98,124.15,-508.44,-52.025,149.96,58.287,323.36,-78.007,-386.65,29.077,-21.089,0,0
-14.131,-20.224,-267.06,-273.23,25.784,-65.606,-110.64,237.92,110.53,193.91,44.348,154.95,-120.72,0,0
7.9315,18.284,0.43662,-334.72,337.42,-189.41,-170.56,37.936,156.68,232.22,-115.01,-130.46,-24.062,0,0
-9.8857,0.61034,-0.80385,-239.33,31.477,140.21,151.01,106.96,161.71,416.61,79.064,-105.7,-29.334,0,0
0.80801,-9.3322,171.56,6.4997,-188.14,-43.049,284.15,71.684,136.42,-162.17,139.49,-90.374,-266.97,0,0
3.4641,17.647,2.0114,53.246,-2.0418,-132.42,376.16,-27.48,-124.98,255.02,434.39,-170.23,-27.803,0,0
-19.348,10.55,-170.36,-497.48,-109.17,5.7612,-42.81,109.58,25.821,25.36,-238.65,-64.016,-114.66,0,0
-8.09,3.9294,-9.8914,-247.97,206.48,-346.43,-101.3,478.43,377.68,200.97,103.78,-56.288,-22.51,0,0
-7.7942,-5.9264,0.43301,-257.86,58.421,-76.968,-26.607,-40.634,316.06,-310.11,-277.71,-36.938,-20.809,0,0
-11.691,-7.8954,3.866,-167.45,445.02,-329.44,-144.05,-123.32,182.47,3.9783,-463.32,10.618,-18.832,0,0
22.977,5.995,-29.156,41.345,22.368,335.62,125.63,249.7,81.905,-69.59,208.18,248.63,-129.83,0,0
-18.187,-6.7728,1.5,-169.5,205.71,-234.05,43.372,49.88,216.68,-117.4,-104.85,-13.447,-16.858,0,0
-2.4976,6.5344,-252.21,-176.47,293.34,-252.03,279.22,99.995,-92.006,112.53,359.3,321.1,-164.95,0,0
0,0,0,0,-218.54,303.23,-377.67,-116.28,231.98,256.69,-190.08,-260.01,-24.922,0,0
1.5155,-9.4617,-5.2401,47.449,143.41,131.95,56.145,190.36,137.12,-339.45,189.69,-192.05,-18.113,0,0
-4.2084,-8.404,-1.817,-244.16,101.51,-176.44,-222.15,173.23,-100.88,156.8,-188.35,-43.039,-17.049,0,0
-4.3301,12.611,1.4869,-207.86,-97.569,146.12,-343.93,-4.0159,59.649,579.27,26.933,-283.96,-24.241,0,0
-17.421,-12.202,-241.21,-12.781,-468.37,174.52,-86.134,185.4,27.203,229.35,543.74,-161.36,-23.423,0,0
0,0,0,0,-129.49,-122.01,-210.92,-2.3934,117.23,-64.401,-90.959,-6.395,-16.134,0,0
0,0,0,0,287.5,266.76,1.5103,-106.09,24.117,-136.99,56.098,-379.84,-17.584,0,0
-14.1,-23.25,-321.01,358.34,-96.928,-23.03,-121.58,-143.39,353.83,70.063,-133.91,-102.87,-26.12,0,0
-8.0475,11.256,-15.912,-124.73,107.14,-239.7,-19.454,59.999,2.2798,290,373.81,-169.27,-15.52,0,0
3.4641,10.848,41.55,21.138,-159.91,250.86,50.026,-163.5,467.81,-36.011,-363.83,7.4886,-22.58,0,0
9.9593,-7.1848,-13.507,-26.515,74.397,591.33,-182.59,94.354,311.16,89.192,-167.81,33.955,-19.352,0,0
-1.2467,19.739,116.54,335.33,158.39,-78.531,124.87,-71.686,144.9,-172.25,169.87,188.47,-133.28,0,0
-26.151,-33.536,-332.77,-44.113,-155.95,-46.097,140.85,-69.287,-156.3,118.53,466.29,-177.58,-22.014,0,0
10.218,4.266,117.78,-76.934,-64.253,88.46,122.67,72.344,34.557,270.97,-346.74,-274.87,-34.714,0,0
-23.831,6.624,-260.06,33.001,42.824,317.51,-156.63,225.1,291.43,-218.82,3.2618,169.75,-111.05,0,0
0,0,0,0,-166.76,335.21,-124.37,20.638,274.32,-30.919,-154.1,-4.3917,-16.981,0,0
-36.236,-14.087,-1.3358,-345.79,319.36,60.291,12.667,170.79,473.44,-291.46,-94.593,-45.229,-28.674,0,0
-10.307,3.9413,-151.58,43.991,284.2,-264.53,83.444,-230.69,-43.851,757.35,-554.03,-3.7671,-17.793,0,0
-13.951,-426.1,381.54,-13.837,-90.68,-272.85,-55.638,-108.55,93.455,55.769,158.83,327.77,-153.84,0,0
-5.0589,14.594,-5.6055,-238.2,-32.376,205.78,28.206,134.74,-3.4,-219.08,110.52,-45.775,-415.89,0,0
-30.433,-14.528,-4.5425,-581.7,176.99,-11.378,-141.24,200.97,117.27,325.38,148.84,-137.12,-21.703,0,0
0,0,0,0,194.77,188.05,-74.13,-165.11,35.881,89.939,-407.79,21.339,-18.739,0,0
12.362,6.4591,-368.55,309.36,426.72,-229.73,203.81,-140.17,-21.194,157.6,106.44,-361.21,-26.812,0,0
0,0,0,0,71.255,99.474,176.94,99.337,24.217,351.45,-537.44,-22.007,-22.993,0,0
-8.09,3.9294,-9.8914,-247.97,416.39,-163.73,67.724,-389.89,371.07,274.56,769.85,-252.5,-19.464,0,0
-21.651,-4.9982,1.6896,-33.575,-341.05,107.89,-102.14,113.22,125.12,1087.9,-347.47,-4.2425,-25.061,0,0
0,0,0,0,98.104,270.32,-11.639,-66.47,250.63,283.92,-673.49,-7.3762,-24.43,0,0
12.262,16.021,-9.5879,53.896,-55.495,21.645,54.949,334.63,233.16,-201.06,-424.49,7.976,-22.996,0,0
-1.7321,7.8726,8.9575,-183.79,57.824,-72.853,119.41,163.01,-31.649,252.28,147.02,-72.081,-21.986,0,0
3.9183,25.082,0.17797,117.7,-224.09,235.94,-26.497,54.707,-136.64,231.48,-224.93,-264.25,-21.001,0,0
0,0,0,0,-407.16,135.25,-358.16,-53.707,-302.81,-4.1246,-379.52,-41.174,-18.027,0,0
-16.201,-4.0126,-351.96,166.61,17.891,-112.47,155.13,40.059,116.55,576.32,-83.376,306.59,-135.32,0,0
-35.718,-19.513,-254.37,-163.13,111.77,93.125,53.304,-48.027,-114.79,-103.89,166.12,-108.9,-27.512,0,0
-3.0099,14.223,197.83,156.44,138.21,7.6241,-28.152,113.35,24.347,-88.445,444.89,-348.28,-16.315,0,0
-7.2084,-10.433,54.938,188.74,123.01,-251.3,-265.64,123.66,445.32,-198.89,62.314,238.73,-132.99,0,0
-21.419,-11.649,-110.91,-147.15,-82.446,-9.0478,83.131,-43.465,283.94,-122.39,169.77,146.92,-121.76,0,0
-8.09,3.9294,-9.8914,-247.97,83.875,20.729,421.65,-167.78,177.38,198.67,-196.28,-204.43,-41.908,0,0
25.553,20.005,-14.19,-135.74,-655.69,333.99,-63.367,-60.006,424.11,-391.61,17.994,-80.315,-27.534,0,0
-10.176,3.0655,21.414,129.23,6.5887,-9.3695,157.88,78.945,453.3,217.85,-18.221,-16.804,-292.71,0,0
-1.3323e-015,11.94,-11.886,2.0213,250.09,-599.13,333.66,-125.28,617.19,-239.84,-220.01,20.256,-21.313,0,0
-27.249,-24.674,-7.4725,-45.964,-80.296,369.06,19.065,81.602,-49.326,-98.392,463.12,-181.78,-22.471,0,0
0,0,0,0,97.812,344.4,-44.003,-176.66,169.71,135.21,-589.67,-18.877,-22.922,0,0
-19.153,-7.9701,-263.38,124.11,-117.65,343.95,26.623,22.368,-273.75,394.35,218.75,-577.66,-27.378,0,0
0,0,0,0,251.65,-94.155,140.64,18.26,-163.9,617.12,-737.97,-13.415,-19.453,0,0
-8.09,3.9294,-9.8914,-247.97,152.02,180.16,41.71,-44.306,48.886,50.83,240.87,-133.45,-27.12,0,0
1.7321,-2.1046,-254.7,-14.503,202.09,43.525,11.559,15.245,-129.25,-219.72,294.35,-51.084,-85.807,0,0
13.466,-1.4494,-168.04,23.009,-550,192.45,101.82,55.499,171.83,-9.3074,166.8,168.48,-110.91,0,0
0.43301,11.897,-3.4952,10.363,-211.22,4.9567,221.09,147.93,196.71,82.127,297.67,-139.3,-28.477,0,0
0,0,0,0,-39.467,186.33,157.79,80.369,-335.25,-21.792,-417.41,32.479,-23.274,0,0
-33.786,-20.823,96.314,188.67,-116.13,-32.583,69.822,256.31,-443.44,-119.58,35.883,261.68,-400.06,0,0
-17.03,3.0263,107.92,247.66,-140.54,-47.596,-12.967,-51.377,62.994,-112.39,-23.025,51.195,-347.54,0,0
-5.8825,-487.56,52.763,58.963,111.7,154.91,-117.22,-2.1397,71.638,297.25,-267.6,343.34,-161.65,0,0
-9.5263,-18.781,-85.107,66.672,11.121,298.71,-220.27,-119.89,-186.95,171.9,-498.21,-47.874,-24.225,0,0
0,0,0,0,48.331,-49.302,-82.584,-51.575,411.89,33.528,-363.31,-4.8786,-24.945,0,0
0,0,0,0,-1077.3,1124,-635.84,408.08,-143.33,385.87,588.33,-168.51,-12.495,0,0
25.553,20.005,-14.19,-135.74,-13.038,207.84,34.568,-16.058,8.4417,-230.11,192.48,-120.66,-16.997,0,0
2.7353,-4.4608,-11.032,378.61,250.39,183.25,45.959,-143.54,120.14,567.44,-205.43,-218.38,-24.029,0,0
6.0466,9.3615,3.259,-334.54,570.35,-308.49,240.72,-46.56,168.56,73.831,9.902,156.76,-136.01,0,0
-8.5442,7.6528,172.78,-57.578,-35.858,-145.77,-40.117,241.52,212.07,-268.85,79.444,-138.82,-394.96,0,0
0,0,0,0,-742.2,256.4,176.62,-312.16,5.6887,225.75,-257.59,-50.257,-28.527,0,0
1.299,-6.8546,-9.567,14.644,-114.6,156.16,-169.6,261.18,204.77,-143.21,259.41,-118.93,-23.872,0,0
-13.36,14.075,-142.73,-31.315,-64.329,234.7,87.078,6.7587,58.119,443.12,99.841,-459.99,-27.512,0,0
22.163,27.408,-12.525,-367.46,358.53,-144.26,132.14,29.087,55.792,73.07,385.07,107.74,-216.27,0,0
0,0,0,0,96.863,-253.34,341.44,-240.14,-206.83,249.96,-488.02,11.317,-21.005,0,0
-20.69,-14.182,-166.56,334.41,273.64,-38.299,199.62,-18.068,206.48,493.38,210.49,-124.79,-23.098,0,0
0,0,0,0,-79.086,104.27,153.54,306.66,449.13,49.365,-65.065,-11.765,-10.536,0,0
5.2811,-3.4796,-155.21,18.967,-95.702,-93.863,126.1,-21.086,170.84,-17.046,42.095,288.6,-402.49,0,0
6.0466,9.3615,3.259,-334.54,-247.84,-94.812,54.155,174.68,57.708,226.53,-151.96,-67.8,-22.83,0,0
4.299,-19.724,80.365,183.87,-208.1,211.08,-29.48,127.13,-132.69,72.958,513.03,-199.94,-27.263,0,0
-5.0801,-8.3191,2.3799,30.938,45.348,-80.47,48.423,-433.67,-138.97,624.84,-19.708,124.29,-115.45,0,0
-15.018,-7.7716,-136.69,-31.67,30.254,-318.93,-28.365,3.1726,-77.805,211.13,-12.998,335.51,-179.89,0,0
6.4952,14.415,-1.5197,42.862,-223.14,129.86,-19.31,-118.96,-313.33,372.01,-644.98,11.428,-26.69,0,0
0.25328,-5.4596,-254.77,-160.24,92.518,-162.48,-321.84,133.99,375.14,164.96,314.33,-111.93,-21.766,0,0
4.0344,10.827,1.3517,209.77,-432.53,363.52,-85.541,-237.68,320.12,-119.32,-15.803,-215.88,-28.656,0,0
-6.4952,-27.941,144.67,-118.05,388.88,148.46,-55.845,-62.235,292.43,74.45,-121.55,-272.35,-25.828,0,0
-36.236,-14.087,-1.3358,-345.79,178.57,-481.89,160.33,-468.95,645.81,71.004,-151.28,-37.768,-19.432,0,0
0,0,0,0,-322,-7.8772,172.58,-160.65,-518.73,295.91,165.71,-102.49,-21.708,0,0
0,0,0,0,-396.2,212.04,292.61,-237.71,541.66,-345.6,-101.3,-9.6169,-21.707,0,0
1.7321,9.799,-424.08,198.02,100.45,79.372,-358.41,-114.55,-63.83,358.03,296.68,-194.23,-25.649,0,0
-2.7721,-277.66,198.45,-19.904,286.98,-432.56,16.595,60.466,-32.446,-263.73,189.53,425.75,-184.71,0,0
-5.6292,-4.7925,0.70753,-247.55,-404.76,8.4,3.1337,107.68,28.018,510.52,186.76,-117.41,-21.196,0,0
4.4674,-8.7909,-17.733,88.95,-159.57,68.504,62.369,78.975,264.01,11.528,256.62,-252.63,-21.198,0,0
-4.2084,-8.404,-1.817,-244.16,-11.027,-114.47,213.82,-1.7453,44.551,178.62,-123.42,17.874,-16.861,0,0
0,0,0,0,-422.76,217.55,44.785,-518.72,394.69,-277.45,280.38,-72.841,-26.637,0,0
8.0263,6.2647,-175.26,98.818,-664.4,269.04,-136.07,31.938,166.47,-309.07,92.442,-2.5032,-115.96,0,0
-7.7942,-5.9264,0.43301,-257.86,-72.731,81.944,158.07,-330.68,249.66,596.09,-630.37,2.4222,-25.756,0,0
0,0,0,0,618.96,-315.54,-157.64,-43.046,192.71,399.23,-398.03,-255.13,-24.151,0,0
-13.112,10.197,-409.33,287.88,44.498,91.467,-143.83,78.722,-13.601,-269.14,376.1,-197.47,-16.893,0,0
-1.6896,0.61603,-3.8971,-612.66,157.58,-180.36,405.48,390.09,-277.29,-100.67,130.39,-52.554,-56.583,0,0
0,0,0,0,-145.96,340.69,-87.894,71.718,300.82,481.91,-202.1,47.751,-26.208,0,0
6.1782,10.733,8.0592,274.22,148.04,-37.15,31.791,-77.206,227.1,302.74,-53.009,-274.54,-25.043,0,0
-21.946,-13.04,-7.3849,-295.85,440.07,-83.601,32.135,-93.031,150.48,330.59,-52.226,-165.74,-26.62,0,0
-1.4151,-68.954,156.46,12.048,-38.71,261.86,13.532,-105.56,225.73,-100.69,180.65,-486.27,-24.145,0,0
0,0,0,0,-58.755,134.42,-106.67,-29.352,-49.189,71.428,-93.646,-349.76,-22.467,0,0
-38.053,-5.2318,45.767,-323.58,151.94,-143.88,139.73,-60.755,-62.579,-72.332,311.04,27.932,-208.13,0,0
0.86603,-10.953,239.56,80.261,-18.458,-156.97,261.12,116.12,-92.236,161.16,191.43,-291.62,-18.637,0,0
5.2599,14.696,11.321,-90.559,243.71,343.45,-219.71,374.52,-259.11,-121.34,-29.142,-53.853,-22.499,0,0
-18.187,-6.7728,1.5,-169.5,185.64,-159.29,43.864,200.73,665.26,88.048,-488.61,7.5424,-24.557,0,0
0,0,0,0,299.52,-64.047,192.21,112.8,-152.94,338.11,-709.32,20.838,-22.2,0,0
12.838,-250.08,124.09,-53.87,-279.67,111.74,-76.311,33.807,-8.8517,-66.283,57.462,320.02,-158.63,0,0
-12.99,-7.3529,-15.879,-181.42,-210.46,-186.16,126.02,-389.83,158.76,149.22,-541.34,15.679,-24.279,0,0
2.2174,-104.27,63.862,13.184,69.067,73.683,-328.75,-187.23,-138.47,145.61,-101.51,-66.753,-22.467,0,0
0,0,0,0,-208.14,198.98,-15.356,204.67,523.07,104.89,-105.96,21.527,-16.022,0,0
-2.5188,-339.35,175.17,-48.597,64.745,-682.03,111.84,115.1,-70.161,-163.81,222.37,311.66,-132.58,0,0
-18.187,-6.7728,1.5,-169.5,36.807,205.75,157.31,-44.498,37.941,8.3426,-373.35,-10.155,-20.506,0,0
1.7321,-0.93301,-5.2566,127.99,-331.56,-176.87,186.08,78.401,261.71,102.08,-375.25,18.562,-24.973,0,0
-5.1962,-250.43,125.78,-69.5,113.96,190.04,-169.82,149.66,-153.22,-326.03,168.91,257.12,-128.27,0,0
0,0,0,0,-0.66648,-189.93,-27.976,327.53,86.834,231.64,-285.32,-7.7042,-23.716,0,0
-7.7942,-5.9264,0.43301,-257.86,75.455,347.1,-26.333,-283.43,-100.74,210.5,-567.53,12.488,-28.98,0,0
-8.09,3.9294,-9.8914,-247.97,-40.192,-70.284,177.77,-78.909,270.12,314.28,-413.42,-15.928,-91.411,0,0
-9.0409,6.7108,92.79,-37.655,-142.85,135.56,147.08,-174.07,61.477,9.6073,185.74,202.3,-240.75,0,0
18.26,18.627,-9.3595,-141.51,-88.216,-51.698,44.638,176.62,-205.53,81.074,341.34,-111.08,-24.259,0,0
3.1316,11.327,-252.92,71.084,-98.82,231.38,21.087,-107.9,375.36,443.6,-195.98,-51.113,-70.207,0,0
0.25328,-2.8101,-15.343,104.27,133.9,-56.683,-276.02,307.74,-329.7,-197.33,185.3,-497.43,-16.658,0,0
-8.0744,0.40401,122.33,64.962,-314.28,-100.73,-33.264,-72.782,233.02,-431.25,180.56,-224.74,-26.546,0,0
-10.118,16.316,369.89,-67.245,-57.948,219.86,-11.842,28.301,-147.44,-18.713,-311.19,275.45,-329.15,0,0
1.9429,5.8373,-16.83,432.61,140.62,32.783,0.38342,196.75,281.29,682.15,-678.85,-9.633,-23.989,0,0
25.553,20.005,-14.19,-135.74,185.78,-340.38,-140.43,168.61,164.65,610.72,-516.28,19.845,-23.336,0,0
6.6749,24.658,3.8508,140.89,197.87,174.69,67.958,244.03,-107.71,-81.362,275.6,-260.65,-23.2,0,0
3.0311,6.5,3,-329.38,436.65,134.38,88.571,54.109,127.59,611.83,302.03,-156.05,-28.666,0,0
4.4674,3.779,-187.77,127.84,26.34,-59.131,-187.17,-212.97,155.63,189.95,782.43,-272.25,-21.616,0,0
2.5981,8.5736,15.415,-86.231,-42.842,-14.285,39.171,-134.53,403.53,-73.295,291.62,-317.7,-18.975,0,0
0,0,0,0,-253.75,259.83,76.199,-43.041,367.45,-40.661,-273.09,45.778,-21.975,0,0
0,0,0,0,-200.24,24.969,341.95,-189.09,534.67,433.85,-850.8,-11.7,-22.477,0,0
2.3023,4.7778,-2.5323,125.58,199.65,250.79,-61.419,232.24,-185.09,276.15,282.43,-137.81,-21.255,0,0
-11.258,-1.6878,3.3415,-502.31,310.52,-19.295,151.66,-178.61,81.069,61.723,-5.6937,-111.03,-24.699,0,0
-2.5981,0.36603,-168.09,-249.83,491.87,88.943,184.85,-151.95,-274.34,-26.366,255.85,-98.491,-88.825,0,0
1.5155,-9.4617,-5.2401,47.449,309.01,-207.64,-56.194,19.564,124.07,102.27,110.1,-332,-21.611,0,0
0,0,0,0,-142.59,212.88,211.02,-146.25,310.44,493.06,-641.12,4.451,-20.172,0,0
-13.423,5.8857,111.84,-123.97,-275.05,-62.533,94.967,-37.617,458.79,436.74,-381.25,7.4354,-26.607,0,0
-3.0792,-278.26,133.75,104.32,-51.854,276.5,-86.389,94.714,140.18,-500.32,87.754,376.08,-183.53,0,0
9.0933,5.3529,-7.9216,170.83,-203.27,190.2,77.126,-109.35,404.45,60.574,155.43,-439.3,-24.867,0,0
0.43301,-9.2386,-8.5,253.04,-95.887,-400.25,-104.77,19.084,321.73,619.62,-179.36,60.848,-23.414,0,0
-7.7942,-5.9264,0.43301,-257.86,114.84,265.52,-374.63,-91.784,474.08,473.12,131.59,-82.451,-20.375,0,0
-11.359,-12.349,-193.45,-41.428,183,-289.84,88.458,264.94,-318.5,273.75,483.69,-174.77,-16.538,0,0
10.999,-10.349,344.21,183.87,-203.38,-24.902,151.59,-156.23,73.09,227.57,-107.83,27.936,-473.9,0,0
0,0,0,0,-295.07,388.24,136.15,26.86,477.33,767.91,-291.58,-3.1659,-21.921,0,0
0,0,0,0,-105.52,94.797,145.02,-170.19,487.53,49.543,-253.53,-5.1968,-17.942,0,0
3.4641,-1.6471,-1.7679,-92.006,190.9,163.79,-10.908,-61.826,-190.89,69.278,191.31,-294.18,-20.133,0,0
-8.2272,-1.1029,-394.75,235.37,19.429,-314.71,28.69,24.117,25.306,-66.874,30.197,191.95,-131.81,0,0
0.90849,-0.49223,-1.3448,-247.42,227.53,-69.21,88.39,2.3429,-131.33,443.59,-404.7,-23.865,-28.037,0,0
6.4952,-427.84,177.38,180.43,-59.212,90.331,-135.92,126.37,109.06,111.11,-160,263.58,-142.42,0,0
3.4641,11.806,21.007,-74.633,302.98,17.481,-2.0717,172.29,232,438.95,-22.947,-49.976,-21.938,0,0
0,0,0,0,142.55,162.72,-59.03,-56.79,-322.56,276.13,-116.11,20.641,-13.435,0,0
0,0,0,0,-92.191,-372.21,-23.565,165.21,200.55,-289.93,-26.783,17.43,-22.882,0,0
3.1316,11.327,-252.92,71.084,101.77,321.45,72.49,-162.59,-20.965,39.166,-526.22,-12.306,-15.591,0,0
-5.6292,-4.7925,0.70753,-247.55,122.24,-194.13,-47.593,-137.68,399.49,-378.27,-61.201,12.552,-17.707,0,0
1.5155,-9.4617,-5.2401,47.449,25.15,-474.81,342.34,-199.47,99.09,33.481,-315.48,-156.02,-25.871,0,0
-37.968,-6.5557,3.1151,-696.92,65.743,-167.43,-100.37,-29.333,61.78,184.05,208.5,-171.07,-19.21,0,0
-0.92404,-9.253,245.78,166.62,173.61,38.743,31.76,55.189,65.543,-0.84426,40.248,-461.54,-26.718,0,0
22.089,13.871,-2.9764,124.69,191.81,28.395,34.549,-407.84,281.69,266.38,-439.83,2.0937,-29.955,0,0
2.1651,10.141,-3.2386,-354.7,235.89,33.717,123.1,-226.97,210.48,-432.4,-37.442,-24.472,-23.489,0,0
11.618,6.6842,4.2667,191.77,-169.43,89.976,225.65,116.56,595.41,227.58,-568.6,5.5257,-29.686,0,0
-18.187,-6.7728,1.5,-169.5,183.22,-583.2,-339.9,471.36,-464.54,179.45,-121.85,-2.5179,-12.451,0,0
-10.947,-25.001,-162.97,-54.868,125.07,-92.264,83.378,209.09,54.501,220.44,-277.09,-59.759,-23.101,0,0
0.86603,2.683,-7.3792,101.62,-353.95,142.29,95.61,-210.8,340.99,659.48,-529.35,22.643,-22.532,0,0
-8.6815,-1.3929,85.592,-109.32,-135.39,-426.09,152.77,-5.9612,305.51,-34.985,300.85,205.68,-359.78,0,0
17.759,-4.8074,-22.336,-100.69,-12.248,243.9,-169.13,-183.56,-54.187,250.71,-294.05,-253.15,-28.853,0,0
1.299,3.433,0.29247,159.51,27.316,23.196,211.52,-35.722,-130.87,274.06,-466.38,0.58582,-20.804,0,0
14.902,29.853,-7.0888,-14.986,-158.15,-160.32,110.85,149.22,537.14,113.21,-224.46,5.8182,-20.74,0,0
12.262,16.021,-9.5879,53.896,-214.42,-372.28,172.86,67.666,-22.376,272.6,-62.231,-184.83,-25.182,0,0
12.198,13.066,7.3367,-461.66,-197.77,178.17,5.1305,-142.6,-360.02,448.27,60.332,-110.06,-23.325,0,0
7.4249,13.56,-0.36362,202.92,-376.42,163.14,161.93,1.8727,-279.55,105.58,90.044,-310.96,-15.348,0,0
-29.414,-37.986,58.973,-6.2682,61.866,-258.11,112.77,-97.659,18.716,-34.208,-183.86,49.151,-456.97,0,0
-1.299,8.7631,13.025,-718,368.79,104.76,-132.49,-115.71,204.42,661.46,-109.93,-49.138,-22.775,0,0
11.618,6.6842,4.2667,191.77,291.97,231.52,-466.67,486.51,-291.62,239.63,252.04,-106.11,-12.538,0,0
1.299,8.7745,-423.44,202.65,161.18,181.3,-303.05,247.42,373.31,-187.93,216.38,-435.41,-41.919,0,0
0,0,0,0,56.225,470.44,-384.4,-71.718,109.84,-708.93,25.193,-4.1979,-21.576,0,0
-2.5924,1.9886,-5.6349,-233.57,484.37,-37.953,253.43,83.097,-91.619,144.1,-448.45,-25.748,-22.261,0,0
0,0,0,0,-338.79,-59.068,-530.91,50.265,293.45,-161.88,-46.906,22.77,-18.479,0,0
0,0,0,0,21.384,135.28,131.46,234.99,526.81,-215.62,-314.27,6.2745,-26.181,0,0
-5.1962,-14.397,-163.95,97.55,-159.71,209.72,-3.3876,11.129,-1.4106,-255.4,166.02,-118.7,-19.093,0,0
4.1349,111.36,88.262,-32.339,-6.0021,-153.64,-86.215,4.8856,200.07,220.87,44.359,-367.78,-14.94,0,0
11.359,-334.41,89.409,99.323,-444.38,355.82,48.856,-173.54,226.68,60.912,-91.304,342.56,-158.73,0,0
16.735,-351.77,77.098,15.612,-263.44,-264.54,159.38,29.814,5.6977,238.09,-367.73,626.64,-199.59,0,0
0,0,0,0,-243.1,211.13,-25.334,-30.205,343.5,194.9,-694.68,26.069,-21.766,0,0
0,0,0,0,-33.011,73.642,192.22,-151.51,100.36,102.41,-661.92,11.865,-20.675,0,0
0,0,0,0,-389.06,283.73,-165.46,360.19,331.77,455.34,-209.16,16.501,-27.311,0,0
-6.474,8.3077,-1.9674,-36.428,44.384,217.84,-129.99,245.19,21.538,394.93,-258.57,29.251,-25.617,0,0
-2.7721,-377.28,230.2,2.0375,97.507,318.93,56.598,47.739,154.44,101.57,118.88,-169.75,-136.34,0,0
2.567,-19.371,166.04,168.06,-535.68,174.4,-18.612,-35.605,173.74,150.58,46.567,-254.1,-25.023,0,0
10.615,-1.6438,38.391,150.36,-15.23,156.63,-32.454,216.34,-464.78,-147.63,98.305,178.61,-309.01,0,0
-22.379,-5.0509,7.1887,-564.91,221.72,101.52,-117.25,-45.957,616.68,-119.55,-14.702,-128.25,-66.109,0,0
25.553,20.005,-14.19,-135.74,319.96,-68.198,12.491,194.51,-329.85,-134.46,251.15,-145.57,-30.994,0,0
0,0,0,0,271.45,-301.02,-73.763,98.591,577.62,-366.98,-333.18,33.354,-24.93,0,0
0,0,0,0,340.82,28.777,13.473,254.49,26.117,698.11,-270.32,49.587,-31.569,0,0
1.1405,13.321,24.277,-73.688,451.46,-144.28,99.979,-131.2,-100.98,11.19,-462.16,16.415,-16.386,0,0
0.90849,-0.49223,-1.3448,-247.42,-166.83,59.208,268.58,-150.56,386.55,-200.94,310.92,-158.65,-20.851,0,0
-7.7942,4.0197,76.368,14.243,311.85,-356.03,380.32,-359.4,87.238,96.038,630.04,-376.86,-21.151,0,0
18.26,18.627,-9.3595,-141.51,32.435,76.838,144.58,178.37,230.68,-101.17,-146.15,-45.831,-18.955,0,0
15.082,24.331,6.2781,245.01,308.04,40.49,210.94,-16.208,187.15,-321.94,84.045,-352.96,-22.49,0,0
-5.1962,12.77,-241.31,-22.09,-459.85,358.97,-94.188,120.14,-24.442,-354.32,50.431,121.66,121.75,-94.006,-3.4641
-7.9952,0.095994,-1.5652,-399.63,124.69,118.85,-171.54,-18.09,72.065,188.33,415.06,-393.24,-18.25,0,0
-4.7631,12.379,171.3,101.14,343.16,-73.788,160.78,-191.37,-77.659,-32.045,68.545,-165.06,-266.3,0,0
4.0344,-12.946,334.76,301.49,82.455,-139.98,306.65,-101.08,-45.07,281.1,-376.31,136.19,-384.59,0,0
3.5858,-33.181,-149.28,160.68,-494.95,44.841,-7.8789,-40.751,-26.375,-106.96,446.31,-131.49,-28.771,0,0
-28.405,-13.353,-0.61515,-330.98,32.397,216.35,3.4017,-11.144,-116.1,60.457,362.48,-133.16,-19.17,0,0
0,0,0,0,-242.73,588.75,326.1,-497.7,373.23,-546.04,-58.491,-15.47,-14.651,0,0
-11.554,-2.2046,1.3227,12.461,168.28,151.81,-145.14,244.83,154.91,372.7,463.58,-293.97,-28.016,0,0
1.299,8.7745,-423.44,202.65,-136.12,208.96,-17.591,-4.129,-38.326,460.68,219.36,-134.7,-27.625,0,0
-2.5981,8.1292,12.817,-73.844,50.653,-301.83,-22.592,-59.536,231.5,516.63,-405.33,10.653,-26.089,0,0
-0.43301,-5.0736,-173.23,27.189,-238.7,-275.52,97.261,39.737,116.63,133.57,-67.387,-93.371,-69.232,0,0
-20.827,13.523,81.556,59.468,254.49,30.911,-88.353,154.67,-343.68,395.49,-171.77,-389.95,-21.025,0,0
6.9282,35.526,16.938,68.404,272.76,-306.62,90.926,-200.57,297.46,641.8,147.69,-291.03,-20.149,0,0
-11.258,-1.6878,3.3415,-502.31,121.12,200.07,136.31,42.122,141.02,448.43,-166.77,-49.019,-26.073,0,0
-37.102,-24.649,-9.4632,-789.46,264.87,-77.282,-74.858,294.68,-108.58,-412.23,58.932,-396.93,-24.71,0,0
18.26,18.627,-9.3595,-141.51,41.509,180.62,-183.99,-95.296,107.85,188.55,-279.14,-35.176,-21.548,0,0
-0.43301,-16.77,10.126,102.75,10.092,-133.38,-441.2,-47.863,313.55,190.27,-144.08,-305.69,-23.781,0,0
-14.289,4.1848,3.6519,-510.21,51.009,182.5,46.495,119.75,145.03,63.293,-109.02,-93.817,-21.909,0,0
10.868,22.691,-20.286,-317.08,25.132,72.128,-45.214,16.423,176.95,391.78,-43.52,-331.94,-23.656,0,0
5.3546,0.32716,229.94,398.28,-91.371,-129.24,148.03,97.634,195.47,-1.1939,-376.69,105.99,-333.19,0,0
-1.7476,3.4351,3.692,-592.39,513.37,-22.289,-131.53,202.79,229.09,167.69,401.48,-127.37,-28.074,0,0
27.322,1.713,151.17,-118.69,153.85,97.475,-82.975,-81.226,-42.375,536.26,-35.377,-357.86,-23.702,0,0
0.3113,-0.94856,-148.79,53.068,-184.33,71.971,-218.16,112.34,321.04,157.42,19.026,-83.569,-30.037,0,0
-5.6292,-4.7925,0.70753,-247.55,214.96,-4.4433,-126.71,28.479,34.836,312.42,176.57,-179.15,-26.18,0,0
0,0,0,0,53.475,-233.2,426.27,-378.57,306.07,274.27,-265.32,-3.1083,-25.759,0,0
-14.844,-0.62083,151.59,27.115,556.8,54.187,33.607,-23.542,17.524,-224.64,-14.234,-316.81,-295.24,0,0
0,0,0,0,-399.36,270.11,283.67,-343.79,405.3,871.51,-287.84,-5.1349,-16.952,0,0
-18.049,-7.314,-2.8358,-176.29,-139.66,-5.5677,-30.841,-129.68,-86.776,668.38,32.502,-84.492,-30.755,0,0
-9.8857,0.61034,-0.80385,-239.33,67.574,27.1,10.096,-60.464,-7.0391,723.05,-259.11,15.722,-22.972,0,0
1.299,3.433,0.29247,159.51,202.59,-113.55,275.12,-144,193.48,-113.77,58.661,-436.31,-17.895,0,0
0,0,0,0,-169.92,19.833,20.72,-132.34,649.09,-135.77,-79.694,-3.4025,-21.635,0,0
23.663,-323.98,168.37,-220.97,-7.3102,-159.85,-207.31,-2.0217,328.03,-11.314,399.48,205.38,-158.31,0,0
0,0,0,0,6.7411,57.781,142.91,105.77,-212.36,-4.5782,-633.95,5.5394,-23.736,0,0
2.5981,-77.779,155.81,0.34632,-145.62,-48.063,-74.218,-134.05,241.29,-165.8,-3.3304,-317.89,-22.424,0,0
4.8636,17.376,-249.04,155.28,129.32,-409.67,375.14,-127.59,-57.962,461.28,-90.233,148.64,-120.88,0,0
0,0,0,0,326.81,191.76,256.76,66.873,416.46,-281.99,-12.893,-243.78,-20.983,0,0
-36.236,-14.087,-1.3358,-345.79,-1.4151,87.002,211.24,-162.35,148.99,5.4448,246.57,-362.88,-18.225,0,0
1.299,3.433,0.29247,159.51,180.98,269.39,217.22,67.395,-73.05,87.78,361.58,-281.44,-23.977,0,0
-5.6292,-233.36,92.392,-87.056,11.316,-30.505,-198.31,239.61,327.11,-211.7,253.18,502.3,-177.94,0,0
-6.9282,-239.62,-14.45,-277.53,143.58,-413.53,151.9,-296.07,174.72,327.01,-41.94,249.68,-136.57,0,0
9.1611,-2.4147,-8.6851,126.78,-252.74,369.57,50.932,-31.631,20.88,387.51,-657.84,24.373,-16.762,0,0
-18.187,-6.7728,1.5,-169.5,-142.99,-88.34,159.53,12.454,244.98,169.06,-255.54,38.223,-28.432,0,0
0.90849,-0.49223,-1.3448,-247.42,18.673,198.98,-116.32,-151.75,365.98,411.15,-513.02,-10.405,-28.904,0,0
0.51795,3.0622,-252.41,155.21,115.89,41.398,-132.84,-62.387,-212.58,260.83,49.643,-139.01,-28.704,0,0
0,0,0,0,-19.276,-221.54,322.1,150.57,682.46,-103.18,-421.08,23.943,-30.003,0,0
7.974,25.817,-7.2228,240.2,139.5,-65.664,-98.693,-22.283,-207.98,497.76,-278.51,-241.21,-26.819,0,0
0.21651,-24.749,-17.624,216.29,-169.05,247.27,-69.518,86.636,-79.342,279.63,-262.3,-335.45,-22.701,0,0
0,0,0,0,107.63,-168.62,254.55,457.59,-177.35,-4.7321,-274.45,-0.062178,-15.116,0,0
-49.613,-14.293,279.51,-109.61,377.49,-43.547,162.35,99.07,3.7684,-52.792,-254.43,144.07,-375.73,0,0
0,0,0,0,217.08,-25.861,138.85,265.58,-202.25,284.5,-175.33,-348.03,-17.444,0,0
22.089,13.871,-2.9764,124.69,284.27,-165.74,129.4,-14.144,-110.46,339.4,344.67,-377.82,-25.784,0,0
14.363,23.78,-334.08,83.226,20.161,-265.88,12.001,241.61,-21.785,-92.381,363.5,-154,-25.484,0,0
18.26,18.627,-9.3595,-141.51,-462.46,21.38,-147.58,-133.49,159.6,151.66,-313.62,60.286,-62.555,0,0
-7.3301,34.34,186.61,66.058,-2.452,98.108,-61.338,207.4,-170.63,-115.64,-45.134,294.41,-462,0,0
-0.92404,9.7554,323.69,-196.84,212.87,-160.02,-2.6982,205.64,101.91,-45.343,-140.19,325.8,-424.15,0,0
-23.816,-172.92,77.863,-1.1095,-237.79,282.91,126.94,-67.606,211.09,-178.67,-266.32,-116.43,-86.556,0,0
0,0,0,0,-99.455,-93.905,102.18,62.961,427.24,358.05,-154.22,-28.022,-16.348,0,0
-9.822,-4.0772,-279.57,-117.21,446.37,257.05,56.141,124.77,129.88,173.66,-241.33,-70.046,-17.864,0,0
-5.1962,-6.299,103.07,74.638,-302.37,123.42,-363.46,86.728,82.678,3.7793,-169.53,-360.22,-20.339,0,0
3.0311,6.5,3,-329.38,-427.59,342.19,-110.98,-29.323,66.443,15.415,323.25,-122.06,-19.878,0,0
1.6683,8.3873,11.816,239.63,-156.58,-33.004,-109.18,166.45,64.549,-162.42,93.712,-393.26,-16.278,0,0
4.8268,20.848,-144.23,138.19,-16.367,-287.05,429.43,-122.77,-63.313,169.9,-164.38,393,-138.64,0,0
8.3277,16.211,-351.87,95.029,-50.434,166.13,278.99,-129.55,-91.572,427.9,-4.8327,-126.55,-27.962,0,0
6.4952,26.355,-3.3433,141.98,29.36,176.73,64.254,211.77,104.93,-456.43,35.837,207.11,-256.22,0,0
0.90849,-0.49223,-1.3448,-247.42,-83.655,191.14,-122.35,-182.89,-7.2277,-59.849,-308,-24.738,-23.77,0,0
-5.3179,-1.25,243.41,135.21,-238.06,-199.72,-149.38,-194.11,-9.9397,-97.439,-77.971,-48.7,-357,0,0
-13.856,-7.8954,-4.9575,-378.93,-70.615,220.72,-286.8,27.797,108.6,422.52,-77.117,-400.75,-23.663,0,0
0,0,0,0,203.08,-78.985,56.57,6.4804,128.32,-172.89,-401.51,15.371,-17.343,0,0
6.4952,14.415,-1.5197,42.862,-236.5,-83.073,82.213,282.54,-8.0644,336.84,53.739,-85.133,-25.583,0,0
-11.554,-11.742,-22.233,-61.467,204.71,130.76,-211.89,81.888,69.799,-256.69,331.28,-426.32,-26.661,0,0
-23.678,-12.106,-2.1283,-423.84,500.76,111.05,-219.47,177.25,367.31,334.35,73.022,-138.31,-21.129,0,0
2.1863,13.484,2.0506,148.65,89.287,73.445,-107.81,7.4848,166.26,333.49,-104.5,-231.48,-20.427,0,0
-21.303,-183.48,250.58,-117.84,133.69,-136.09,176.47,-1.8115,44.051,-14.964,-113.41,125.7,-114.1,0,0
-29.255,-31.687,-316.78,31.206,123,65.812,-220.43,38.58,16.112,-165.11,-213.39,251.31,-140.71,0,0
5.2386,5.9587,-7.6929,-566.65,-72,222.8,-69.678,4.8764,34.134,272.71,39.637,212.05,-120,0,0
-6.0622,-7.9575,-337.24,132.76,38.508,151.49,93.748,-54.345,205.36,-132.19,404.15,-448.4,-25.542,0,0
5.1962,178.3,103.73,125.6,-93.799,-188.67,61.462,74.973,19.786,148.54,87.205,-390.21,-24.254,0,0
-4.3301,2.4151,52.436,-52.324,39.969,-374.52,80.964,33.458,277.71,17.207,-209.01,-225.69,-17.456,0,0
-18.049,-7.314,-2.8358,-176.29,227.93,16.045,-419.55,185.03,-662.45,229.56,-509.46,7.0311,-15.324,0,0
15.155,7.3152,-16.482,159.14,430.35,-227.78,-318.26,51.862,250.97,338.76,271.4,-270.39,-20.671,0,0
-1.7321,18.386,36.278,-24.344,-47.308,24.337,17.887,38.315,-102.4,-357.15,19.943,-320.68,-23.523,0,0
-15.985,3.3543,-329.01,-29.155,-185.92,-116.67,-315.49,128.57,172.84,180.81,462.51,-59.646,-377.56,0,0
2.1863,6.5021,-7.09,192.44,45.637,-241.6,98.243,-125.75,-39.797,540.16,-475.33,1.8113,-24.244,0,0
-4.2084,-8.404,-1.817,-244.16,-278.36,418.28,-11.264,186.68,-63.211,154.5,241.03,-427.86,-19.352,0,0
10.097,25.943,-332.76,226.36,282.3,162.82,-90.159,-11.361,-145.91,369.57,483.75,-191.29,-30.792,0,0
-18.049,-7.314,-2.8358,-176.29,378.92,16.366,144.44,56.758,101.09,-75.52,73.669,152.27,-241.21,0,0
5.1962,18.464,8.0849,46.208,450.36,-364.51,52.926,187.65,119.92,397.59,-505.77,39.445,-19.725,0,0
-0.43301,1,-168.5,-5.8971,174,2.6381,190.21,-22.803,-158.18,271.55,93.169,-25.641,-117.2,0,0
6.1046,18.996,16.289,-671.15,41.585,208.71,-20.581,85.483,102.04,-139.03,-79.344,350.56,-156.84,0,0
6.9494,12.545,2.3251,253.2,-85.218,70.089,-65.866,66.565,99.085,-54.768,-363.11,24.294,-20.001,0,0
-3.8122,6.3433,-232.18,77.316,-3.8196,181.92,-21.977,-96.311,199.91,543.14,-304.99,-28.185,-24.127,0,0
-3.0311,-1.6764,-157.97,188.76,-298.78,-259.52,33.372,11.786,-100.34,114.54,-378.87,-24.69,-23.139,0,0
8.1749,-7.1803,76.295,83.887,137.22,163.89,-45.902,196.59,169.63,-95.149,169.02,-95.401,-268.4,0,0
-11.1,13.082,-212.48,-271.63,240.83,37.303,-133.95,27.868,-381.72,174.51,325.78,-297.36,-12.891,0,0
4.2721,-4.5209,164.69,-167.94,-35.254,56.086,-130.68,199.59,-219.09,32.69,243.5,206.73,-330.64,0,0
-13.899,20.962,248.55,-56.347,69.419,278.39,5.8469,60.471,101.45,333.36,-397.38,256.13,-136.12,0,0
-13.978,-1.7434,234.45,105.6,83.14,141.6,-152.94,105.52,71.24,-267.04,40.149,-486.46,-27.092,0,0
9.9593,11.243,-7.0556,-71.68,45.863,-124.59,129.55,-46.589,-98.857,-521.18,-28.582,-5.7942,-12.292,0,0
-11.042,-36.432,-40.204,-254.8,37.143,113.75,-95.027,-540.72,638.09,435.47,-270.63,37.506,-17.954,0,0
0,0,0,0,-325.38,-1.5778,142.79,-309.83,633.38,-965.28,17.626,29.839,-14.218,0,0
0,0,0,0,297.79,-501.81,361.7,-83.405,648.65,116.61,-178.97,-7.8457,-22.612,0,0
9.157,20.89,-224.95,125.76,-64.545,-79.965,178,36.495,113.19,15.198,225.72,-105.48,-30.654,0,0
0,0,0,0,-583.23,-73.416,-61.613,15.433,15.404,-125.07,130.45,-104.34,-18.265,0,0
-9.1513,-17.648,139.44,255.04,-327.37,225.79,-191.62,79.282,-171.79,409.78,352.92,-185.51,-311.81,0,0
7.7942,5.3349,79.198,127.95,-178.16,-255.15,228.27,8.606,-62.663,425.64,746.41,-564.55,-29.408,0,0
0.90849,-0.49223,-1.3448,-247.42,205.95,406.47,-112.37,-162.99,383.96,-401.26,-125.34,-39.2,-21.602,0,0
2.134,-290.57,195.09,-9.9451,156.57,-112.27,-61.595,5.1864,-279.69,-347.79,427.15,-57.963,-99.919,0,0
-44.896,-10.842,-9.5876,-484.86,46.608,-311.58,219.21,5.92,180.81,124.8,-115.41,-203.98,-24.252,0,0
-30,-22.651,-37.412,-382.3,31.943,-12.433,-90.845,-56.926,-426.84,392.76,138.84,-153.09,-23.813,0,0
18.26,18.627,-9.3595,-141.51,427.38,-80.362,125.34,37.74,357.92,-25.851,-166.09,-91.681,-24.181,0,0
-11.475,-23.797,-30.26,-90.182,107.81,141.92,-107.88,-61.922,103.96,358.93,-62.062,-138.78,-23.986,0,0
2.0433,5.1005,-144.9,137.26,-655.9,203.04,-63.942,-103.8,87.236,-61.76,-69.851,182.42,-96.487,0,0
4.4462,-237.47,142.51,-265.13,88.667,381.98,-152.51,-0.60617,69.876,323.78,-420.86,140.3,-127.46,0,0
4.7631,9.549,2.3104,197.76,-105,71.506,-71.666,-306.99,209.54,-167.55,-588.11,12.33,-32.828,0,0
12.985,30.121,104.07,3.2665,0.49019,-496.81,91.354,230.13,252.42,288.74,91.823,-299.23,-21.618,0,0
6.4952,-4.4282,-19.397,114.82,-85.65,121.6,-44.601,79.984,-177.21,434.89,-600.31,62.017,-28.839,0,0
3.9183,-7.7252,-254.66,195.87,-27.921,-298.09,141.41,180.72,34.483,349.17,-289.82,-66.982,-28.43,0,0
0,0,0,0,-59.911,383.79,175.61,25.329,352.48,1018.9,-317.29,-11.984,-20.281,0,0
-2.1651,-8.1405,-3.3905,236.92,79.525,-194.33,43.901,118.78,315.74,-289.65,-331.61,10.305,-22.417,0,0
10.852,-13.389,-25.491,349.94,132.13,-58.038,-59.011,-287.41,-18.314,178.37,-15.507,43.941,-319.33,0,0
0,0,0,0,-150.66,-93.08,-7.145,227.16,-328.08,212.48,-454.62,23.739,-19.587,0,0
-4.1136,-21.236,-13.673,-156.31,-83.246,-161.35,-18.295,-145.69,-198.38,38.334,219.83,-125.7,-18.207,0,0
-12.853,-10.608,-421.27,-60.789,18.358,190.02,-87.835,60.866,36.229,316.55,54.099,258.41,-133.52,0,0
0,0,0,0,263.01,88.072,-67.882,98.012,162.31,-40.856,-418.17,-21.827,-30.574,0,0
-10.493,-11.142,-171.34,6.3916,131.4,-180.3,218.39,-167.11,180.78,87.467,151.48,-359.28,-23.292,0,0
0,0,0,0,373.94,-387.88,34.072,19.525,-135.47,494.43,80.179,-129.21,-24.485,0,0
-2.1651,-0.63397,0.40849,-243.93,-4.2103,340.87,-26.099,-70.127,508,128.34,-206.5,-10.677,-15.379,0,0
-11.655,3.8167,-557.88,208.62,302.38,-34.338,-60.504,18.648,-52.153,-185.55,101.59,6.7105,-240.66,-46.454,1.3323e-015
-37.62,-18.562,231.19,-81.68,202.89,-12.899,87.727,-86.745,-344.49,-16.213,310.34,-1.7207,-368.58,0,0
2.1651,10.141,-3.2386,-354.7,-251.74,96.577,207.81,-114.6,-88.378,209.18,249.34,-116.51,-25.98,0,0
0,0,0,0,213.12,-265.21,-134.48,205.67,-26.048,-5.5306,-323.06,-56.123,-28.473,0,0
0,0,0,0,-128.74,160.18,203.55,34.148,182.17,480.05,-201.26,20.575,-18.129,0,0
0,0,0,0,-249.11,210.6,-170.88,419.66,-283.53,228.48,-133.25,-22.176,-12.523,0,0
-5.3179,-19.291,-162.37,-134.46,8.7989,-470.97,71.502,0.90401,239.06,-158.73,-66.66,-121.31,-25.376,0,0
10.868,10.751,-8.4004,-319.1,201.16,155.43,70.455,-84.64,172.62,436.96,-577.67,8.8526,-27.882,0,0
-6.3212,-3.6115,-195.77,-270.55,92.239,208.16,36.763,-259.89,-80.732,311.21,-535.07,-4.2626,-22.657,0,0
-7.7942,-5.9264,0.43301,-257.86,-121.48,-226.41,133.71,197.83,271.09,42.542,-376.47,8.3783,-22.487,0,0
1.299,-6.8546,-9.567,14.644,-293.26,505.65,234.05,65.975,281.19,496.75,-10.816,-327.15,-25.079,0,0
0,0,0,0,63.055,159.97,251.95,-210.78,239.21,-321.04,-257.3,-7.2372,-19.996,0,0
-8.09,3.9294,-9.8914,-247.97,204.87,-126.55,-103.78,82.229,-288.16,413.56,-481.68,13.573,-23.702,0,0
0.86603,3.933,-413.41,131.43,241.47,74.854,301.86,-91.968,131.29,-169.33,248.56,399.59,-179.09,0,0
-2.0278,13.588,-9.9895,-208.96,4.7163,34.933,-54.409,-68.278,527.44,176.05,-863.93,-10.35,-25.655,0,0
-13.588,16.13,282.44,155.98,300.7,-79.005,-12.163,142.6,46.352,47.517,-84.347,-466.18,-329.87,0,0
0,0,0,0,-42.291,295.32,72.931,184.84,43.654,-52.856,-259.49,1.535,-23.429,0,0
0.90849,-0.49223,-1.3448,-247.42,-200.09,107.71,-293.86,17.934,78.808,96.662,-148.13,32.068,-26.602,0,0
16.207,15.052,-585.57,191.84,-315.65,105.89,-93.005,119.83,-49.718,-202.4,438.31,-113.48,-177.03,-52.361,-4.3301
1.9641,6.4118,-223.02,127.47,-6.3032,120.15,-2.8958,-377.25,379.33,949.8,-378.14,-11.904,-25.392,0,0
0,0,0,0,-152.9,-205,200.23,-64.166,664.25,110.94,-176.7,-18.137,-24.95,0,0
11.765,25.03,-0.29247,-16.582,108.85,-75.865,105.92,-484.45,-36.269,-8.9882,-29.151,-259.17,-20.027,0,0
-2.5981,-162.38,-12.379,196.93,-97.544,-264.91,-23.872,-118.81,381.88,-46.96,-268.36,-184.34,-19.181,0,0
15.409,26.553,-434.92,437.93,21.864,-80.643,91.537,184.28,180.91,36.412,60.514,140.2,-117.45,0,0
1.1405,13.321,24.277,-73.688,125.35,-187.26,-111.2,131.26,103.57,127.51,-143.66,-79.302,-16.908,0,0
-10.255,-8.1486,-4.7512,-117.17,-22.907,86.799,85.529,-20.066,179.38,-429.1,27.174,121.39,-139.95,0,0
1.7321,-0.93301,-5.2566,127.99,20.651,-75.017,49.093,152.38,320.8,-148.71,-161.42,-10.746,-22.277,0,0
-3.0523,-25.112,-290.3,77.825,37.307,-81.444,143.62,-58.591,170.93,345.75,74.417,369.09,-157.96,0,0
0.84479,9.8648,42.275,-294.45,-41.436,-121.23,-51.984,-144.49,251.94,347.54,-348.61,-359.45,-22.28,0,0
3.4641,10.848,41.55,21.138,187.29,371.35,-89.611,-192.65,190.38,159.18,-607.32,24.117,-25.934,0,0
0,0,0,0,-319.28,-119.26,42.162,-65.367,197.17,22.324,-111.14,11.801,-23.535,0,0
4.0131,-2.88,221,-321.57,162.25,-4.8252,93.205,22.47,-52.615,304,-44.456,51.587,-436.46,0,0
-16.65,-12.649,207.29,-400.57,357.13,-112,-54.233,186.31,-365.51,-154.48,-116.32,174.95,-327.28,0,0
-8.6815,-15.723,-145.63,174.73,6.2985,-328.14,319.08,-121.96,452.85,208.73,-1.6855,-131.3,-65.623,0,0
-35.37,-14.136,7.8358,-133.77,-12.996,-88.756,-80.083,164.4,199.14,-56.525,116.93,-306.32,-25.451,0,0
-8.6603,3.9527,-260.35,30.43,47.927,330.43,75.631,-0.054406,-10.288,523.75,-366.81,-88.123,-26.312,0,0
6.9339,12.208,-263.65,46.233,41.94,238.42,-137.52,-218.04,262.46,89.142,-5.607,-121.82,-28.479,0,0
6.9282,4.5114,-175.23,213.94,-170.61,-27.428,245.62,80.999,156.42,667.58,-258.72,-50.925,-22.768,0,0
-17.754,-20.775,-232.1,0.77031,-125.51,36.239,-5.5306,100.81,168.97,188.26,155.75,-263.64,-27.053,0,0
-14.289,-3.3038,78.235,-50.869,-201.6,115.12,218.64,-65.587,-173.85,-46.132,397.73,-58.978,-314.07,0,0
3.4641,17.647,2.0114,53.246,33.719,46.389,238.76,238.11,258.47,-397.89,-266.03,-62.523,-20.272,0,0
0.86603,4.0245,-179.31,156.62,141.04,-276.91,157.8,252.76,-3.6162,125.53,-76.874,-379.01,-24.022,0,0
-0.43301,-260.75,42.592,67.142,187.77,4.2877,72.123,245.97,23.454,-513.01,120.73,-77.192,-22.071,0,0
16.101,21.841,-19.811,-239.69,152.06,222.44,10.586,42.817,-67.404,96.722,641.1,-182.08,-26.448,0,0
11.258,12.634,227.41,87.06,24.723,158.19,-15.274,186.93,124.67,553.02,-102.53,-320.6,-211.31,0,0
2.1651,10.116,-527.53,-28.876,127.22,-359.71,222.06,31.764,41.394,146.18,-71.814,285.8,149.06,-65.302,-3.8391
-6.6613e-016,11.94,-11.886,2.0213,320.6,-189.56,-9.7536,-188.33,-445.17,365.08,618.92,-276.16,-25.044,0,0
-12.557,114.57,-21.43,95.216,227.21,-32.908,-275.78,329.43,663.39,-123.95,172.34,-472.16,-20.749,0,0
2.5981,-251.38,125.83,-68.031,152.16,106.36,-54.742,-366.82,155.93,291.82,527.13,49.54,-119.45,0,0
-5.6292,164.2,-64.092,-10.863,24.424,404.21,207.15,73.466,-127.73,243.86,672.99,-232.97,-28.013,0,0
12.198,-143.35,175.52,-2.9191,-177.11,28.042,33.194,-200.51,342.01,268.94,-131.89,291.83,-142.88,0,0
-6.4103,8.0998,114.19,116.71,64.406,225.61,123.76,-296.68,305.21,210.15,-5.151,-230.25,-25.729,0,0
-29.878,-9.5341,3.0066,-438.24,-103.3,139.04,-18.464,-137.29,257.39,504.48,-193.31,-83.859,-22.418,0,0
10.033,7.6086,97.411,46.316,-249.64,311.85,-230.9,-4.1438,-58.78,194.13,99.596,-354.48,-21.475,0,0
13.725,-255.43,51.437,1.7575,66.925,104.57,36.463,148.82,-174.74,-270.18,167.36,253.41,-125.31,0,0
-18.187,-6.7728,1.5,-169.5,474.12,-30.483,76.5,-47.724,379.13,212.72,-31.026,-95.87,-24.98,0,0
-20.352,-7.4067,1.9085,-413.44,329.87,-116.38,-252.67,-49.186,293.86,702.51,-281.47,-11.665,-18.676,0,0
-2.1651,-251.8,149.94,-2.9659,-149.75,57.338,-94.22,-310.32,330.09,288.63,-35.139,281.39,-138.76,0,0
-41.569,164.75,-70.716,-213.71,109.63,78.621,-56.673,-260.02,24.528,138.77,115.9,-365.62,-23.414,0,0
6.9282,56.771,103.23,53.784,88.218,352.55,-214.77,310.8,502.06,116.07,313.94,-94.624,-26.871,0,0
0.51795,3.0622,-252.41,155.21,185.51,-26.176,19.008,228.76,419.48,-32.016,33.54,-51.217,-18.351,0,0
-5.6292,-168.92,145.6,-102.9,-54.205,-408.8,341.15,-248.92,320.33,-41.327,29.56,-326.43,-21.676,0,0
-4.1136,-14.254,-4.5326,-200.1,61.481,-59.996,-75.226,4.2186,-210.65,513.78,-388.56,-440.4,-22.372,0,0
3.5278,22.214,-403.7,88.025,81.815,160.02,122.14,118.49,-70.369,534.65,-58.89,112.35,-117.75,0,0
3.0948,22.475,-4.9372,123.84,57.103,-22.868,-163.36,-56.825,-61.839,240.32,-240.13,-419.31,-22.718,0,0
0,0,0,0,-291.3,148.45,-88.479,242.33,400.46,-136.53,-300.25,-4.6188,-15.797,0,0
-8.6603,-7.2434,-210.65,321.7,184.56,-54.822,-21.233,-11.95,-131.93,278.85,752.81,-431.99,-23.584,0,0
17.326,19.085,-9.715,-373.8,122.71,29.543,46.587,-96.149,53.163,406.1,-349,-243.04,-28.15,0,0
9.0933,3.7123,217.42,187.65,-823.8,20.643,131.42,22.349,-182.95,330.48,292.28,-137.46,-23.031,0,0
2.1651,10.141,-3.2386,-354.7,-267.27,445.4,-211.99,-164.36,72.547,-5.5791,-802.39,4.6507,-20.257,0,0
8.6603,-7.1603,-17.348,-163.68,305.84,72.333,170.78,-32.709,305.84,141.56,-375,-185.87,-19.303,0,0
-5.1962,8.6962,3.5,-352.25,-17.805,91.126,53.334,25.695,77.126,443.96,-807.93,18.847,-22.969,0,0
3.8971,3.9934,-340.02,152.66,5.9241,52.765,-215.07,-227.43,-13.45,195.61,90.202,-104.35,-19.446,0,0
-7.3612,-3.9019,-447.4,252.3,81.278,-157.33,133.7,-39.598,-172.51,348.08,-314.76,-96.952,-23.843,0,0
-0.86603,8.299,-17.069,5.2845,-133.95,61.855,-44.012,-325.41,267.19,505.67,-563.09,-4.9216,-22.138,0,0
23.879,19.174,-20.39,-48.6,169.02,112.8,-100.77,-41.703,146.91,298.35,66.266,-517.46,-17.68,0,0
0,0,0,0,-36.9,259.62,113.89,73.601,193.42,-249.64,-362.97,-10.452,-23.059,0,0
-5.1962,-419.91,144.69,201.49,-450.88,401.82,-76.117,-179.08,87.299,-223.15,123.88,298.78,-202,0,0
-12.905,1056.3,-194.1,-62.141,4.3995,334.53,135.89,-73.735,-94.862,-277.47,421.52,-793.67,-20.22,0,0
0,0,0,0,-195.7,-310.67,168.92,106.1,255.83,743.03,-303.38,6.3897,-20.708,0,0
-7.7942,-357.17,-86.691,202.23,70.054,-308.8,-114.73,165.65,24.798,149.92,115.58,-36.267,-114.87,0,0
-7.7942,25.355,100.44,-114.12,-106.56,-76.95,79.916,-112.63,-13.92,117.06,87.294,-514.96,-21.246,0,0
-5.6079,286.47,350.89,1.9415,-46.125,94.156,390.21,299.61,81.061,-56.138,189.8,-813.22,-22.666,0,0
-13.856,-5.0359,97.655,175.69,-71.263,-88.533,66.89,71.162,230.92,218.67,54.414,-334.89,-27.32,0,0
3.8971,-6.7207,351.69,-131.15,-322.73,418.66,138.27,146.76,-154.88,43.2,431.42,45.363,-279.22,0,0
-1.7321,-512.89,210.52,502.56,-314.15,205.49,92.181,-58.349,-177.2,-310.76,117.96,479.89,-224.71,0,0
-18.662,4.4001,8.1941,10.192,-73.597,170.73,-152.33,37.776,-320.3,122.78,43.891,-122.51,-21.217,0,0
-9.9805,-13.128,-288.37,-9.5468,196.02,122.07,213.17,335.01,-46.134,215.74,212.37,248.98,-131.25,0,0
8.6022,2.1376,187.73,-251.41,-155.83,24.63,-149.07,-140.58,95.018,55.856,157.66,55.567,-144.06,0,0
-12.573,-5.7381,-512.17,100.24,31.806,190.05,-157.31,253.03,271.4,22.853,-30.104,-37.313,-135.31,0,0
-9.8857,0.61034,-0.80385,-239.33,-168.35,11.294,189.63,-135.29,118.05,49.172,213.2,-119.08,-19.945,0,0
0.57027,13.516,1.5281,-373.11,189.24,6.1671,35.332,22.592,16.368,-35.937,49.957,-399.71,-24.255,0,0
16.745,-16.587,-22.47,45.549,131.72,151.25,-16.617,231.76,39.17,139.54,470,-199.14,-27.083,0,0
4.0131,10.099,8.4677,30.283,333.91,80.796,110.23,-95.242,-238,177.87,166.3,-313,-21.913,0,0
-35.285,-13.288,147.34,-369.74,-0.27201,-38.275,-61.58,-39.737,-184.98,129.59,581.57,-308.2,-24.468,0,0
-36.236,-14.087,-1.3358,-345.79,-439.3,470.17,-187.26,-40.404,-71.394,131.49,345.98,-168.51,-20.008,0,0
0,0,0,0,261.78,287.37,-111.45,-57.24,-84.113,727.37,220.08,-358.04,-26.078,0,0
-16.845,2.2482,7.8251,-287.36,115.5,237.99,-268.03,-108.85,-232.7,610.61,96.277,-418.12,-29.873,0,0
-11.438,-10.705,-11.477,-63.179,492.13,136.37,-98.085,62.893,217.35,7.436,64.18,-354.24,-19.339,0,0
5.9886,5.3983,10.633,158.3,-91.885,371.08,-23.544,-37.353,-248.76,229.36,216.13,-547.16,-21.337,0,0
1.299,5.75,-333.65,69.708,-372.25,182.63,-200.61,-138.69,-64.129,-6.3377,79.92,-112.98,-23.344,0,0
-2.1651,4.8301,79.631,58.028,-53.934,95.736,-7.7821,200.64,-113.72,619.45,7.0673,-435.45,-24.6,0,0
-19.781,0.21706,1.6151,-527.42,561.29,173.03,-260.43,-71.664,111.76,41.108,327.62,-165.21,-19.877,0,0
9.1357,-1.9249,-110.92,125.09,520.57,-48.263,-124.64,174.84,-548.35,-264.1,316.95,457.63,-169.36,0,0
-8.1055,-2.7503,-257.3,-130.67,59.45,142.73,-12.835,133.23,-127.74,498.86,176.28,-504.01,-19.894,0,0
24.175,2.1334,-10.581,271.74,100.36,94.686,71.369,-42.037,-176.41,493.13,276.86,-258.8,-28.864,0,0
-7.7942,-5.9264,0.43301,-257.86,403.06,621.26,-177.38,-194.74,474.21,-463.59,-99.082,7.2954,-19.081,0,0
-20.949,-3.0595,-50.584,-42.932,184.53,-459.4,191.4,-140.4,16.299,580.61,-89.363,303.75,-164.87,0,0
5.2386,0.52572,-108.29,-132.67,124.31,-105,168.61,153.1,-319.54,464.9,620.21,-279.5,-25.336,0,0
-6.9282,8.9527,-245.97,222.03,218.78,159.45,74.386,157.24,452.14,278.1,-158.05,-80.088,-22.353,0,0
27.719,11.431,21.219,208.78,-61.645,104.16,135.19,-355.67,-1.4073,710.15,-128.77,-241.61,-19.308,0,0
-15.43,-4.8385,9.7018,-553.34,159.04,-80.587,577.98,-427.99,219.21,598.53,-187.84,-39.689,-25.32,0,0
13.365,-19.346,174.51,-44.285,-309.02,89.217,97.239,-80.714,100.47,176.34,338.55,-381.76,-20.955,0,0
-20.214,-7.948,-2.4273,-420.22,110.69,-144.76,-284.78,-53.959,105.53,416.44,-230.03,-73.799,-23.144,0,0
3.4641,-236.9,260.06,-177.58,116.6,234.53,-220.65,81.512,-99.18,21.403,530.16,-586.7,-20.39,0,0
-29.487,1.5538,14.06,-567.18,475.44,-31.276,-20.909,-254.77,-88.13,406.4,409.63,-226.24,-25.345,0,0
4.7631,3.7859,-5.384,163.9,-441.2,-222.17,-24.17,-16.391,-158.94,724.68,-363.24,-112.05,-21.877,0,0
1.7321,11.623,-338.63,143.98,-18.452,-65.018,-302.73,0.29356,-19.195,469.5,-224.16,-12.083,-26.575,0,0
-11.691,-7.8954,3.866,-167.45,337.94,-366.98,-1.9968,-86.006,-141.34,400.28,-210.44,-46.772,-22.624,0,0
-2.8415,12.844,-505.42,380.3,-90.266,-161.91,69.1,216.3,6.2662,90.764,227.26,-139.51,-29.006,0,0
6.1357,6.7491,-1.8954,-313.76,44.938,435.8,85.03,71.875,85.344,74.586,926.63,-225.58,-21.013,0,0
-15.155,-334.66,76.572,-102.06,-26.087,274.03,65.535,68.639,231.05,-45.088,218.63,330.65,-157.3,0,0
-17.448,-97.884,-31.591,25.289,-81.211,215.86,6.8571,-142.78,53.74,102.43,-61.454,123.63,-93.251,0,0
0,0,0,0,554.33,-224.56,369.58,-321.08,476.87,573.1,-421.54,-12.328,-27.665,0,0
-12.341,1.2284,-439.16,-43.49,-140.19,-27.818,80.309,69.261,-112.7,122.6,214.09,-71.214,-105.42,0,0
-6.1839,249.8,25.81,-30.086,9.7308,-23.922,18.244,-107.69,-10.175,386.83,-47.605,-544.02,-21.426,0,0
-2.1651,9.4641,109.31,14.625,3.8572,227.16,53.034,54.031,-308.71,212.48,-440.36,-194.38,-27.373,0,0
0.43301,14.629,-409.69,137.91,-254.5,-180.98,120.34,-56.485,-106.82,134.04,627.76,-209.44,-20.801,0,0
0.86603,-10.495,244.58,-244.13,-66.313,18.321,-48.796,-151.95,-227.73,260.76,433.32,-546.6,-21.94,0,0
-7.7942,-5.9264,0.43301,-257.86,157.04,-174.06,107.57,-232.9,-169.79,549.63,98.617,-100.6,-25.493,0,0
-16,6.7114,3.5506,-20.854,-64.504,-240.94,-109.58,-107.92,446.86,-367,352.79,-122.88,-20.767,0,0
-5.6292,10.111,-160.25,58.619,-247.91,242.28,-96.901,-241.95,306.14,183.97,-341.69,-33.054,-26.944,0,0
-11.691,3.1782,153.61,14.676,-634.61,176.32,-221.22,92.67,10.167,104.01,-203.31,239.46,-400.11,0,0
0,0,0,0,255.8,-280.04,51.023,-231.98,139.07,483.13,-799.68,1.4567,-21.72,0,0
16.893,1.9067,-16.702,-49.418,-348.64,231.93,208.92,96.466,-134.13,-64.102,-72.002,-146.45,-23.759,0,0
0.43301,-9.2386,-8.5,253.04,247.76,-928.67,461.97,185.99,213.82,42.078,-69.852,-315.88,-22.45,0,0
-11.258,1.9593,-128.62,-86.256,61.466,472.45,149.43,300.68,-62.617,-44.199,-47.564,365.5,-182.4,0,0
0.43301,9.5131,7.6699,129.56,273.36,59.285,200.27,10.358,-40.181,72.961,190.13,-427.91,-26.365,0,0
23.388,9.9558,-6.1349,261.86,100.16,244.11,171.33,148.29,-114.76,-51.856,149.82,-370.32,-19.013,0,0
0,0,0,0,2.611,541.84,-307.58,362.47,-60.834,224.09,-81.773,-407.92,-25.21,0,0
0,0,0,0,239.51,-287.95,233.65,160.29,252.77,-79.451,338.94,-380.67,-28.385,0,0
-2.4425e-015,5.5066,-349.59,84.354,-417.72,427.44,-203.8,-34.177,145.93,-449.4,46.581,364.39,-156.05,0,0
2.5981,-8.2386,-258.79,23.423,-45.163,-249.95,99.885,84.492,-256.13,-90.681,149.56,-84.501,-24.204,0,0
6.1357,6.7491,-1.8954,-313.76,140.64,45.323,-150.67,-184.96,-39.451,131.3,-99.736,171.82,-113.02,0,0
-4.7631,0.57356,3.433,-587.24,213.32,-301.84,-60.048,-105.36,-208.88,670.55,-640.83,26.801,-20.342,0,0
6.9282,0.10289,287.02,58.062,78.612,78.072,-319.51,33.703,260.27,-430.71,257.57,125.01,-297.36,0,0
-2.9151,2.9474,-153.09,272.93,-102.43,-73.338,335.56,-381.56,34.404,-311.45,-36.964,-435.59,-18.672,0,0
14.289,-4.5263,-16.788,103.17,80.342,119.68,377.08,238.86,-122.65,-690.09,116.62,-623.18,-24.723,0,0
6.0679,19.056,-21.003,-192.24,284.87,97.555,-102.23,-69.922,-10.675,631.95,177.02,-157.13,-22.839,0,0
13.228,2.8006,139.37,32.208,-504.45,492.29,195.53,-48.381,19.717,81.665,315.25,-688.97,-18.754,0,0
1.5311,4.8382,-331.26,-99.931,572.72,4.1283,52.218,24.03,-27.503,-74.279,162.43,4.7042,-110.23,0,0
-15.472,-6.8472,291.63,-7.7512,-51.426,178.65,25.095,0.81306,-74.927,209.54,-8.2138,543.6,-253.11,0,0
-33.69,-10.405,-202.95,-88.447,-313.3,149.38,-144.05,-192.21,197.81,107.02,157.6,-140.12,-20.152,0,0
4.0131,-2.88,221,-321.57,283.83,1.7295,-39.579,-82.669,45.36,98.488,69.757,9.0607,-338.7,0,0
2.1651,-6.4151,-358.28,213.55,148.43,0.50734,76.728,36.532,155.03,371.28,329.46,11.349,-113.04,0,0
-24.471,10.943,-1.6283,-362.37,330.94,22.803,25.462,3.134,274.4,106.4,162.3,-481.65,-24.082,0,0
-5.8514,9.2521,-9.5188,-473.88,-183.26,-218.48,19.916,-128.34,152.63,-135.34,436.31,-390.42,-30.332,0,0
-16.317,-349.66,152.1,-404.43,-160.34,357.05,-50.7,75.861,-6.5084,45.565,11.262,-110.09,-132.21,0,0
11.755,8.9477,-18.734,-1.6099,-66.836,-30.238,54.972,-5.4216,-15.831,-164.81,20.387,-380.92,-24.984,0,0
-21.44,-1.5942,0.51883,-226.87,162.38,99.234,77.429,-10.308,173.28,221.64,468.78,105.28,-119.46,0,0
24.175,0.92588,-8.9833,233.14,78.054,168.76,-93.032,40.439,0.67838,73.815,204.01,227.37,-305.33,0,0
0.51795,-0.96891,41.741,89.033,-77.231,75.21,254.89,-58.885,62.86,25.238,140.62,91.698,-95.415,0,0
16.961,5.5954,-171.87,152.45,-8.2739,-392.79,207.03,194.25,141.51,322.29,-284.82,-389.56,-17.978,0,0
7.7942,0.17644,-125.68,-204.74,65.63,6.5425,52.971,-21.395,-303.05,374.65,581.04,-209.25,-28.666,0,0
-1.299,-14.471,-7.4689,321.54,115.52,-306.48,107.35,-70.726,143.91,261.25,-130.67,-352.07,-17.097,0,0
-2.1651,-0.63397,0.40849,-243.93,198.88,273.96,-157.13,-107.79,240.36,-135.87,224.46,-73.213,-66.33,0,0
-12.557,-1.5538,-258.4,40.155,130.13,-31.194,-38.505,-100.31,238.44,161.58,-416.45,-216.23,-23.125,0,0
3.4641,1.6699,31.889,-64.312,227.53,-154.23,47.375,-232.62,-129.86,389.13,-163.01,-256.61,-24.209,0,0
-14.722,-11.859,-254.29,21.345,226.58,-59.579,47.43,-319.44,224.9,731.68,95.733,-88.483,-23.927,0,0
1.299,5.75,-333.65,69.708,56.909,414,32.947,-47.31,253.21,28.013,-279.13,-322.2,-18.802,0,0
4.5466,5.5694,-6.8203,176.01,188.8,-359.85,-155.66,47.546,218.29,668.97,-301.77,-377.44,-28.207,0,0
-9.9593,-418.24,174.43,-16.306,34.733,-74.804,84.059,-122.63,2.6711,76.034,182.71,-163.71,-114.83,0,0
-8.956,12.228,-26.96,-242.68,503.46,111.92,-6.2069,-217.61,2.8021,176.68,108.43,-596.61,-30.217,0,0
5.1962,-3.9282,-9.4264,230.82,-396.42,461.74,-33.078,-31.271,-312.68,193.47,41.835,-528.27,-29.092,0,0
0.86603,176.8,53.623,-7.3236,-505.53,81.566,110.05,150.88,-107.83,215.01,-213.24,-217.04,-20.526,0,0
-18.187,-6.7728,1.5,-169.5,-15.508,131.38,-64.98,60.951,56.444,257.89,-216.99,-63.359,-26.557,0,0
0,0,0,0,35.281,170.57,167.62,-166.22,590.66,-607.5,13.93,-4.0377,-22.558,0,0
-11.691,-7.8954,3.866,-167.45,450.92,-13.076,-26.373,125.44,322.36,187.97,14.088,-56.741,-25.033,0,0
-7.7942,-9,-2.0359,384.2,-74.921,-204.9,47.422,-9.6429,26.537,677.92,78.387,-421.03,-27.485,0,0
-24.206,-13.35,-337.09,-405.49,-44.042,302.27,-56.784,-132.39,4.0036,290.42,-209.5,56.673,-341.87,0,0
0,0,0,0,-67.83,68.624,196.39,-160.61,186.19,384.44,-132.09,-282.63,-22.385,0,0
4.7264,-4.3224,-6.8571,344.71,231.19,-301.92,91.564,8.4952,-29.302,369.81,72.967,-353.05,-22.025,0,0
13.35,5.7512,-0.98982,319.75,-376.8,473.66,30.421,-55.235,-57.364,182.51,-218.46,-209.51,-26.336,0,0
-8.09,3.9294,-9.8914,-247.97,149.86,-257.71,127.82,72.825,210.08,-237.27,-222.05,-20.552,-29.975,0,0
-17.289,-13.431,-14.528,-117.64,-436.39,-269.01,-39.913,49.666,578.04,-74.538,196.02,-95.936,-28.656,0,0
-19.079,-28.027,-45.571,-183.41,62.328,-271.55,251.44,131.35,254.7,544.03,-100.04,-295.5,-24.157,0,0
-3.0679,-20.579,-15.783,631,-518.07,241.74,-127.73,-149.15,54.367,-76.813,-391.06,139.86,-338.77,0,0
-3.0311,-6.5915,-259.31,-185.1,97.421,-65.186,71.011,-92.992,-347.2,246.23,-191.3,-62.607,-22.789,0,0
-23.568,-17.44,-129.32,239.34,0.19976,-4.9444,266.21,24.876,233.73,579.9,-114.11,-331.52,-22.156,0,0
0,0,0,0,-900.36,421.87,-428.41,84.554,-126.94,284.97,96.13,-122.65,-27.685,0,0
-5.5556,3.4028,-0.44439,72.274,-86.385,182.41,197.93,-88.398,222.16,576.75,-455.15,-294.06,-21.272,0,0
-17.754,8.1244,157.18,4.1559,-392.07,123.18,95.058,-550.22,463.47,307.54,-259.96,-265.35,-23.179,0,0
-8.6603,3.4527,-239.17,183.67,207.13,243.11,73.383,114.04,-70.965,67.465,-274.68,-14.716,-88.823,0,0
14.289,-4.5263,-16.788,103.17,131.15,422.3,-83.316,-352.63,260.57,133.98,-464.97,-237.94,-21.605,0,0
-1.3323e-015,11.94,-11.886,2.0213,353.28,-91.854,167.44,35.29,-19.929,471.92,448.95,-374.66,-24.223,0,0
6.4796,20.326,26.53,-382.7,135.68,240.18,-78.306,1.2162,34.587,-133.57,309.43,217.36,-199.72,0,0
-6.9282,0.48862,-325.44,-178.62,-321.75,39.059,-134.78,-133.45,-254.01,294.23,724.37,-120.43,-86.269,0,0
-2.1651,-3.933,-6.8415,379.42,-67.951,123.58,22.371,-136.29,36.118,291.43,307.17,-414.59,-22.762,0,0
-5.6504,-15.807,-52.369,124.43,-390.41,165.97,134.47,71.472,101.98,-391.42,79.755,129.08,-275.97,0,0
-6.4952,3.5066,-16.361,-242.27,-96.116,240.74,142.9,-126.12,-172.73,296.04,573.79,-210.86,-22.38,0,0
23.821,3.4002,-31.789,178.75,-91.773,7.8176,-186.19,108.98,396.71,422.63,-698.83,20.129,-19.357,0,0
24.687,5.9426,69.174,-27.813,-371.39,331.44,-46.879,33.691,-0.13202,-25.324,144.87,-238.55,-220.95,0,0
0.43301,-3.1651,-232.69,245.91,-245.45,-27.498,-56.138,69.045,-347.49,287.27,560.92,-579.62,-23.829,0,0
0.3113,-0.94856,-148.79,53.068,-322.53,351.63,-73.539,-324.19,386.06,-244.54,113.9,-73.426,-26.1,0,0
0.92973,12.358,1.1143,-342.7,258.01,55.023,-376.32,-318.66,-269.21,550.58,-441.28,-55.226,-18.24,0,0
1.7321,-11.629,-169.19,110.48,27.425,-39.552,119.65,-204.97,172.2,-22.794,-347.81,37.504,-28.901,0,0
1.7321,-0.93301,-5.2566,127.99,21.049,49.227,25.017,-78.86,392.56,365.33,-297.48,-0.41594,-23.833,0,0
18.26,18.627,-9.3595,-141.51,-119.36,24.301,-47.292,-157.54,364.45,-232.94,-78.327,-1.6609,-26.02,0,0
0,0,0,0,-134.32,243.59,-67.135,49.434,590.25,-296.26,-66.303,4.4151,-24.681,0,0
-1.6797,-11.142,-610,-209.29,110.14,-119.79,-52.632,139.35,211.69,463.1,-323.93,523.72,-185.91,0,0
0,0,0,0,9.2201,347.33,113.55,125.69,-433.2,-167.02,-319.59,10.997,-13.794,0,0
0,0,0,0,-36.357,238.55,-69.895,257.75,-92.439,-95.25,-274.01,5.7793,-21.047,0,0
-10.218,-6.5804,-2.1151,-161.47,-429.67,203.86,11.299,-33.704,438.12,37.922,-282.8,0.052087,-15.225,0,0
-22.084,-3.6077,2.5736,-180.38,224.67,-147.1,-58.26,-119.29,175.64,386.33,-47.593,-25.237,-21.569,0,0
14.363,21.707,-263.39,-85.419,147.79,-302.91,-84.415,31.46,-150.81,370.56,89.988,348.58,-160.05,0,0
-13.423,-2.8038,196.34,441.17,-84.184,-66.496,289.04,-81.092,-231.8,19.902,20.573,-46.861,-380.6,0,0
-21.218,-351.11,136.82,-550.36,302.76,-2.3612,77.566,-43.923,192.12,195.13,306.91,253.5,-138.17,0,0
29.683,28.49,57.092,-125.17,432.17,162.44,114.2,-71.483,95.398,-245.9,-264.72,105.43,-381.8,0,0
-22.105,-27.244,-614.54,481.52,76.681,135.35,28.23,-31.771,97.437,-110.05,204.41,177.02,234.64,-123.31,0.86603
2.5981,-38.93,-12.961,-3.433,2.7385,484.26,130.4,-175.51,-11.489,264.73,116.69,-415.25,-22.492,0,0
3.3056,23.462,21.038,-428.38,322.28,-101.62,44.853,58.811,-43.052,256.55,67.106,51.371,-93.742,0,0
6.1782,8.0123,-394.9,176.24,-89.28,200.9,31.277,-57.572,77.75,28.71,-238.12,-159.69,-438.56,0,0
13.497,3.4549,-11.73,160.99,-70.59,169.18,-27.347,-78.708,109.99,135.67,-27.133,-428.28,-20.567,0,0
0.48534,-3.2554,-48.243,7.8575,-236.99,81.489,-186.37,159.55,185.53,175.6,-112.26,-256.73,-23.111,0,0
0.86603,-500.36,234.59,-1.303,-328.82,262.23,-152.34,200.81,-29.348,39.798,365.44,-101.34,-108.13,0,0
-2.3448,6.8762,-20.855,-83.884,338.33,87.457,86.959,-152.26,-161.91,-25.861,1.6027,-702.65,-16.162,0,0
-17.321,-351.51,273.65,-103.56,-13.58,130.65,105.57,151.2,324.51,-83.979,227.01,32.956,-89.288,0,0
5.1962,-251.79,62.007,-92.986,-395.35,-11.562,-9.7135,-72.878,80.04,64.327,-296.65,519.82,-157.72,0,0
-13.423,-275.45,14.633,-54.264,38.463,-288.81,75.565,-76.301,248.53,-12.721,158.41,-418.79,-30.011,0,0
-13.856,-272.69,284.5,-20.859,-148.84,28.013,-12.271,-56.041,136.93,49.795,-399.13,259.89,-116.33,0,0
-4.1618,-354.68,85.255,-160.58,408.53,32.391,34.67,-111.54,35.02,11.441,200.16,-119.76,-119.56,0,0
0,0,0,0,70.125,-297.37,37.48,224.11,289.52,214.8,-313.9,-29.533,-25.682,0,0
-10.825,236.67,80.81,39.088,92.435,-198.04,80.058,117.34,140.21,112.56,-253.48,-286.3,-18.152,0,0
-3.0792,-347.39,244.34,37.815,100.23,84.529,-170.62,120.67,-102.45,28.409,171.43,365.11,-201.63,0,0
2.2288,22.256,3.1364,-149.33,-104.39,127.98,-62.289,41.159,-344.57,324.06,316.37,-340.27,-17.069,0,0
-25.157,-0.70938,4.0356,-178.56,-131.05,205.99,23.953,191.01,-142.86,217.29,191.33,-107.72,-16.641,0,0
10.081,-12.93,-18.605,-140.98,238.86,229.43,-234.2,191.65,375.55,262.46,157.8,-337.7,-18.248,0,0
-4.2084,-8.404,-1.817,-244.16,446.87,6.8082,-175.96,-15.862,-72.285,266.69,-114.91,-185.88,-62.827,0,0
-8.09,3.9294,-9.8914,-247.97,91.457,-104.29,-155.88,99.04,317.29,79.515,336.88,-131.72,-13.574,0,0
-18.049,-7.314,-2.8358,-176.29,440.42,9.0001,-16.618,78.158,215.31,225.58,-451.79,-8.674,-21.27,0,0
0,0,0,0,216.8,210.14,-98.063,87.911,233.72,9.2205,369.46,-239.31,-22.146,0,0
0,0,0,0,-551.17,423.3,-452.74,167.56,149.04,-131.64,207.21,-220.07,-20.879,0,0
2.3179,6.971,-11.617,34.648,367.25,-188.61,77.397,50.021,4.1292,-232.56,65.383,92.469,-291.1,0,0
-2.1651,-0.63397,0.40849,-243.93,234.65,239.52,2.5873,-25.627,264.31,111.96,-286.25,-79.36,-26.533,0,0
-9.8376,-13.196,-1.1095,-491.71,164.83,264.74,-48.603,-42.762,340.06,-22.427,200.33,-82.075,-22.071,0,0
0,0,0,0,-199.09,-111.63,-94.081,85.704,682.77,91.961,-410.28,-9.7611,-18.777,0,0
-22.084,-3.6077,2.5736,-180.38,-118.41,-199.17,63.11,35.092,-33.122,462.97,-621.08,-27.703,-21.333,0,0
0.90849,-0.49223,-1.3448,-247.42,227.14,55.539,-72.652,128.94,258.99,152.2,-619.81,12.533,-17.015,0,0
-11.691,-7.8954,3.866,-167.45,-150.77,15.726,-76.682,-40.326,106.42,121.69,-594.2,-27.144,-26.756,0,0
-14.722,-7.6944,-85.944,263.37,-319.84,125.4,100.89,74.895,130.5,931.77,-521.26,-0.69976,-22.499,0,0
9.5263,123.19,67.379,8.5425,60.589,-197.88,-98.637,-44.404,-46.774,362.75,-74.702,-347.54,-27.168,0,0
-7.3612,-7.7075,-342.24,141.48,112.72,17.01,90.731,-157.98,110.07,411.52,-354.07,-55.923,-21.995,0,0
-8.6603,1.0556,-329.53,168.08,-289.18,-11.123,253.16,72.072,-101.09,162,-26.386,-111.31,-22.31,0,0
-8.09,3.9294,-9.8914,-247.97,-208.69,132.29,239.57,-55.907,335.37,404.62,-719.52,31.038,-25.856,0,0
0,0,0,0,37.142,-106.09,449.61,-61.738,-59.938,249.07,-228.27,8.9375,-17.457,0,0
2.1651,249.91,-9.5131,-1.8774,-328,49.115,259.07,144.6,-89.514,120.41,244.78,-619.88,-20.655,0,0
0.86603,6.0066,-1.9886,259.4,-325.4,45.824,27.988,32.323,471.33,102.73,-825.55,32.458,-26.849,0,0
1.299,-332.38,128.18,115,-37.713,142.84,3.8463,135.02,-54.328,24.827,376.14,-579.21,-24.072,0,0
-6.0622,4.4886,182.73,5.366,204.08,192.6,41.601,-98.576,519.76,459.22,-377.88,-261.65,-23.236,0,0
-3.8122,6.3433,-232.18,77.316,-328.95,368.62,-54.014,-288.27,152.51,-215.59,279.23,-108.26,-23.061,0,0
-221.6,198.97,46.665,-72.488,8.1063,-653.45,25.304,271.79,40.844,9.4705,152.03,-148.68,-21.271,0,0
-11.258,-250.92,200.61,87.046,350.11,72.293,14.597,-111.22,-207.37,94.766,175,-150.46,-90.465,0,0
-0.43301,-7.9641,-372.02,333.93,-5.5436,-312.57,-5.3173,-188.08,-145.96,235.82,302.86,-120.16,-118.52,0,0
25.553,20.005,-14.19,-135.74,323.89,163.64,-71.978,100.44,398.92,80.193,-326.8,-11.117,-21.872,0,0
0,0,0,0,14.972,133.01,-155.86,216.72,217.67,281.43,-321.34,15.145,-26.089,0,0
5.1962,27.215,13.599,40.022,73.258,-128.63,-96.5,23.519,245.39,612.42,-652.1,11.987,-21.886,0,0
-8.6603,3.4527,-239.17,183.67,35.037,447.53,-360.31,40.01,49.08,18.399,108.19,-324.2,-22.545,0,0
-10.752,-11.025,-13.376,-118.23,60.451,122.83,-415.55,215.87,8.6558,193.69,-274.68,-326.53,-23.789,0,0
-18.187,-6.7728,1.5,-169.5,53.695,20.939,319.67,-9.9315,-93.862,431.42,-493.19,18.088,-16.876,0,0
0,0,0,0,-438.29,198.49,99.106,-119.36,460.57,165.9,-607.35,-150.56,-22.056,0,0
8.2216,-331.99,69.633,91.248,99.866,-253.09,188.51,-138.67,149.52,102.36,-206.56,318.58,-140.7,0,0
15.409,22.803,-6.953,324.1,118.7,-508.39,43.576,12.868,71.491,-42.506,-246.4,18.617,-292.37,0,0
9.9593,11.243,-7.0556,-71.68,309.18,-184.85,205.7,135.87,107.83,-256.26,28.399,-54.204,-19.974,0,0
-2.9788,1.4767,240.12,10.982,48.111,-88.187,160.47,-86.947,312.36,-336.75,76.282,-268.82,-20.749,0,0
3.0311,6.5,3,-329.38,204.37,-481,340.99,-107.26,267.33,576.09,-221.7,16.56,-20.339,0,0
0,0,0,0,451.09,-13.694,136.6,-376.68,312.45,291.47,-563.14,-5.2659,-24.942,0,0
19.058,26.408,-5.1235,-10.816,-83.514,126.9,109.03,-165.66,104.4,-8.3112,252.51,-100.13,-26.132,0,0
-6.4103,8.0998,114.19,116.71,-429.22,12.31,112.67,193.34,219.49,67.391,67.867,-222.06,-21.219,0,0
-17.421,-0.26258,-253.1,-10.76,298.21,-138.65,-190.58,175.16,-27.19,138.54,-23.506,-505.36,-21.719,0,0
-5.6292,-510.68,298.23,-56.778,-178.46,18.113,82.937,-25.395,-19.022,24.872,440.67,82.183,-137.13,0,0
1.817,-515,183.72,110.05,-386.17,-168.98,234.11,5.5099,-29.013,51.973,197.44,-12.41,-136.47,0,0
-25.115,-328.11,238.47,-259.39,99.418,178.77,158.41,-29.597,181.6,187.96,134.11,220.51,-117.86,0,0
-1.183,-252.83,218.28,260.48,-1.8959,-10.516,226.22,-84.285,200.98,-108.25,201.21,38.472,-138.14,0,0
6.5687,-132.65,170.16,-132.29,-114.92,-76.373,-104.83,-150.64,-124.19,233.37,316.81,105.41,-125.96,0,0
5.3816,23.762,-561.94,220.16,-391.41,50.88,-31.779,6.9952,-143.33,93.493,90.281,42.467,-135.7,0,0
0.43301,-340.18,98.415,-440.67,240.84,-166.57,-4.0245,23.37,-157.2,-53.614,355.41,224.38,-124.74,0,0
-0.86603,-257.04,-30.767,29.068,24.18,-238.48,16.814,35.402,208.41,101.51,-83.245,289.84,-115.16,0,0
0,0,0,0,-478.64,178.18,232.75,187.58,611.87,417.84,-146.3,23.325,-28.539,0,0
9.532,-250.29,22.355,47.668,117.55,-108.61,64.911,198.79,-42.533,301.97,352.69,60.54,-138.96,0,0
21.223,11.358,219.67,-55.363,244.94,-300.48,-122.77,-88.591,-47.402,-12.442,275.95,-130.01,-434.34,0,0
-34.504,-440.54,155.61,-476.19,194.28,103.96,84.626,-109.35,203.38,60.738,298.3,356.77,-176.18,0,0
0,0,0,0,-300.78,328.8,-46.079,-353.04,348.76,920.04,-450.54,-23.317,-24.439,0,0
0,0,0,0,322.4,-179.82,202.07,-10.97,348.82,476.72,-616.96,5.3783,-21.966,0,0
0,0,0,0,147.1,4.08,-42.798,-69.378,186.72,496.04,-480.47,26.425,-21.708,0,0
3.0311,6.5,3,-329.38,33.334,113.98,-33.114,-45.232,-140.71,45.325,1.8406,-153.38,-22.008,0,0
-36.236,-14.087,-1.3358,-345.79,-90.244,177.73,-127.96,5.6877,199.28,248.1,-176.77,-142.59,-22.16,0,0
3.8971,7.4755,76.064,127.87,-260.32,137.49,-401.14,123.22,254.69,30.596,380.76,-482.45,-25.038,0,0
-7.34,11.406,-250.94,386.36,-169.64,-20.423,127.03,-458.49,94.089,124.34,325.73,-348.88,-25.632,0,0
-2.5924,1.9886,-5.6349,-233.57,127.88,-42.298,87.27,-26.644,54.216,465.97,134.18,-85.735,-32.206,0,0
0,0,0,0,392.86,103.55,-167.14,113.07,139.82,178.07,-221.66,-269.76,-25.406,0,0
0,0,0,0,-9.1023,240.28,279.2,-256.29,94.715,86.598,-723.75,20.051,-25.829,0,0
3.0311,6.5,3,-329.38,343.7,413.28,-1.0784,117.62,-34.19,804.49,66.288,-361.8,-20.468,0,0
17.394,18.517,-3.3595,-19.173,43.683,-16.071,-31.025,-132.57,79.64,115.67,403.6,-199.52,-23.414,0,0
10.603,40.408,310.1,212.43,-56.333,-45.853,356.18,95.654,120.36,33.289,-81.625,-249.71,-19.798,0,0
-7.9159,-518.91,-199.81,-25.239,-145.37,-309.59,-288.57,110.48,18.381,473.95,-182.98,11.773,-89.892,0,0
12.99,-338.73,22.899,-94.545,-242.7,-115.55,108.33,268.64,280.32,-101.4,-25.99,130.4,-126.63,0,0
-14.659,-4.968,-29.042,157.12,-264.28,70.701,121.48,-18.007,41.904,-45.144,398.67,-531.22,-24.898,0,0
-4.7108,0.52572,241.09,24.834,95.709,-14.428,55.586,29.713,-261.16,200.11,323.44,-317.84,-17.984,0,0
2.6504,-268.7,91.564,56.676,-45.239,-170.52,181.78,-44.746,415.21,324.97,-371.04,-260.59,-21.706,0,0
0,0,0,0,-584.47,241.08,-286.95,-6.6455,294.62,-55.389,-96.919,15.192,-19.131,0,0
-4.7108,-12.652,165.71,-3.8777,14.151,0.99487,269.71,159.47,508.59,-205.7,53.253,-312.98,-20.062,0,0
-4.2566,20.3,-263.58,219.53,93.394,-61.279,99.392,182.44,-3.6286,312.88,-519.48,-42.581,-20.188,0,0
5.2909,-432.39,237.68,-183.98,17.808,223.99,67.595,-41.728,59.586,-123.43,-431.3,246.05,-110.91,0,0
-10.825,1.1782,-406.36,86.688,284.77,-499.87,145.23,119.65,50.841,190.04,68.693,-121.77,-17.754,0,0
11.332,-9.3866,-255.55,58.704,-97.464,195.46,58.233,207.05,-132.2,342.22,-146.97,-128.47,-28.197,0,0
-3.3792,-4.3104,6.4735,196.77,129.63,-132.17,-115.23,-345.57,260.55,318.38,-462.6,-180.61,-25.742,0,0
-7.3612,-8.7434,165.06,196.49,-96.586,364.93,156.24,63.406,121.98,183.97,-310.37,-246.31,-28.194,0,0
-4.7631,-7.3905,-141.74,87.748,38.685,-247.49,115.22,83.776,-92.47,-13.742,541.13,-368.54,-22.219,0,0
5.1962,-415.44,84.828,35.015,-318.71,58.801,-30.918,191.52,-18.022,43.643,-338.96,348.51,-136.17,0,0
10.392,-428.22,113.85,93.285,-697.71,-23.696,-85.239,-206.05,75.063,37.364,665.19,-253.52,-24.95,0,0
17.326,20.518,-332.35,102.67,86.973,340.05,-197.17,-37.57,-48.344,298.88,29.55,-109.88,-24.094,0,0
-8.2272,300.05,140.13,-20.004,51.262,258.28,24.806,-50.52,-192.07,218.24,373.05,-467.59,-30.725,0,0
-10.825,1.1782,-406.36,86.688,-105.68,-404.67,151.06,106.91,358.44,81.207,47.07,-146.58,-25.861,0,0
-2.5981,-249.02,52.088,169.35,5.4579,-207.34,113.55,136.63,362.48,300.38,-784.9,7.1459,-19.788,0,0
-2.1651,109.71,191.56,-164.3,-195.63,-283.66,-17.603,-432.31,1.336,140.94,361.9,-620.81,-30.281,0,0
-4.3089,0.044551,-143.57,152.2,-368.13,-6.7317,196.74,41.728,-72.557,126.63,297.76,-216.43,-30.833,0,0
-2.1651,4.2386,14.982,-63.996,-108.82,62.327,4.3669,82.339,328.69,516.39,428.07,-378.12,-20.978,0,0
-11.935,-171.27,89.568,-256.96,-32.21,-190.19,326.63,145.33,-110.07,-107.11,177.83,-368.65,-18.581,0,0
-14.152,3.6435,-0.68389,-517,265.34,-217.25,232.92,-270.39,9.5083,430.63,37.389,-73.018,-21.405,0,0
4.0344,10.827,1.3517,209.77,-181.91,98.941,7.7022,30.803,-111.28,287.62,248,-340.94,-24.056,0,0
-6.8857,-6.4187,-0.91178,-505.28,314.27,-161.28,111.61,-186.11,22.198,5.6256,85.529,278,-138.15,0,0
0,0,0,0,-821.25,599.8,-79.144,-289.39,95.548,537.83,-82.123,-87.726,-25.473,0,0
-25.157,-0.70938,4.0356,-178.56,1.2056,163.86,47.948,-226.6,-176.14,44.591,-127.39,-86.049,-20.766,0,0
7.1079,5.0404,-15.234,20.068,182.88,-38.267,-69.809,575.24,-288.52,-53.071,140.53,-427.02,-25.449,0,0
5.2174,19.984,7.8986,485.64,28.394,112.28,29.206,-109.84,239.87,256.12,-485.35,22.2,-26.065,0,0
0,0,0,0,-142.45,413.52,-291.95,138.88,665.71,-130.97,-86.759,-13.059,-18.584,0,0
0,0,0,0,-209.02,23.781,345.35,-31.678,125.25,-12.162,-399.22,-25.031,-30.225,0,0
-9.9593,-173.86,218.67,-34.856,-324.62,-0.39864,5.6501,52.593,624.44,-132.72,-66.843,-5.529,-21.4,0,0
-21.175,-4.0999,1.2288,-427.8,287.13,34.354,-20.337,-27.158,272.62,389.21,-400.77,1181.4,-208.01,0,0
12.7,-4.0945,-6.5245,-31.097,480.27,-103.61,17.77,51.187,207.04,386.23,282.68,-157.28,-26.908,0,0
-0.86603,-14.062,83.365,107.93,-84.974,-6.5827,-308.04,201.94,91.627,10.563,604.55,-567.89,-18.512,0,0
-23.594,10.317,18.643,-133.29,155.32,-123.25,-54.374,158.05,55.621,19.697,414.58,-427.62,-19.432,0,0
-12.267,-75.655,186.92,77.756,5.6902,-65.77,-3.4974,44.612,-217.13,-217.31,214.96,151.62,-151.16,0,0
9.5263,27.338,115.98,12.649,-21.433,17.08,351.3,-30.351,219.07,1.8412,346.52,-560.44,-17.545,0,0
-2.9462,6.8187,-435.07,109.08,-249.78,138.76,14.355,70.764,86.884,95.425,-305.11,-162.71,-69.456,0,0
7.3612,0.32837,-180.78,218.28,-292.76,-195.69,83.015,31.699,141.45,42.521,-113.13,-130.85,-18.019,0,0
-6.9282,-228.93,103.51,18.151,-9.4303,-332.89,109.23,57.589,-126.93,-8.0383,62.625,-195.45,-105.95,0,0
-45.911,-16.752,79.327,-102.62,51.35,-272.47,201.11,-238.5,183.17,-84.494,-99.933,-38.51,-377.64,0,0
5.1962,-3.9282,-9.4264,230.82,-67.178,156.65,-135.72,66.922,13.32,-102.29,327.57,-380.08,-19.645,0,0
-11.258,-347.04,221.68,47.505,-35.702,45.044,-27.524,106.51,262.45,6.8184,-2.4732,324.1,-182.64,0,0
-2.1651,0.14054,16.588,43.155,-63.299,122.08,-19.859,112.35,-39.823,52.242,265.74,-437.18,-29.758,0,0
-5.6292,-10.616,-38.843,166.07,234.01,-165.47,-145.45,-134.54,-138.76,96.595,278.58,-538.1,-24.714,0,0
-10.825,1.1782,-406.36,86.688,496.92,20.711,147.56,-9.7716,161.12,64.91,125.21,145.06,-179.74,0,0
5.1806,10.161,22.547,-400.08,114.88,-169.27,-155.23,301.15,-52.536,-263.69,188.72,314.65,-215.48,0,0
9.5263,250.31,-8.3122,-2.9444,21.656,106.8,-322.37,123.01,3.9881,29.453,-296.37,-330.98,-25.08,0,0
5.1962,-413.83,120.01,6.2075,-345.3,126.22,221.24,-151.84,165.37,-123.82,124.37,145.21,-158.04,0,0
-3.8971,-324.48,-13.724,-23.631,-150.66,134.09,137.87,23.706,161.18,-106.55,155.77,279.34,-134.16,0,0
-19.053,-1.8577,206.34,45.802,-207.53,-392.06,331,9.3831,0.73894,95.666,544.82,-440.07,-30.688,0,0
-8.6603,-339.88,50.385,171.78,-144.59,-203.02,-22.432,227.77,-29.25,-13.79,218.74,680.24,-269.05,0,0
8.2272,22.039,199.97,-16.151,329.42,127.8,-105.21,-73.609,54.891,428.07,-23.854,-428.53,-21.249,0,0
25.553,20.005,-14.19,-135.74,-176.9,373.47,171.33,18.751,116.75,295.43,70.993,-87.122,-23.542,0,0
-2.9094,-2.654,-335.47,-174.45,-174.8,328.92,85.99,25.477,-4.2184,438.92,-270.55,-93.019,-25.455,0,0
10.181,-25.289,-500.43,225.69,-81.701,196,-161.2,155.26,-33.309,106.87,64.593,214.09,-131.79,0,0
-0.88157,13.015,103.64,-243.62,-161.21,141.25,-77.794,-260.81,-84.443,406.45,446.44,-476.07,-25.938,0,0
-22.084,-3.6077,2.5736,-180.38,161.55,182.65,234.89,-230.17,99.915,-68.303,-443.83,-0.26675,-25.093,0,0
10.545,-297.47,-225.26,-11.314,-154.68,-199.25,-62.016,37.829,-51.223,118.56,73.389,-111.68,-111.08,0,0
17.141,20.665,-156.07,174.65,-205.78,146.69,75.464,-33.117,147.24,135.38,-228.88,-174.98,-85.446,0,0
5.6716,-6.628,-10.039,-35.986,57.934,166.73,13.959,-22.628,-62.461,533.66,-152.47,-502.33,-24.212,0,0
19.227,41.156,-583.12,238.51,211.42,-21.942,-28.591,-61.359,170.1,388.39,-428,51.67,-112.29,0,0
1.7165,2.9955,-234.75,-146.45,-5.3283,220.78,-31.384,-256.41,130.72,51.522,-268.72,-66.537,-21.325,0,0
7.6145,28.259,-6.0035,205.67,179.17,197.74,-142.72,51.722,-108.07,282.89,208.37,-644.08,-24.177,0,0
0.98774,-0.70304,3.3236,70.566,-141.74,342.54,61.551,-87.936,-114.59,704.48,-132.79,-222.32,-26.378,0,0
-27.576,-272.39,251.51,-18.522,56.856,205.97,-139.84,5.846,16.527,215.47,483.57,234.03,-158.25,0,0
-20.595,-11.473,-322.97,11.193,-290.62,107.05,-149.61,10.162,-152.47,696.52,-91.094,-517.61,-28.639,0,0
-5.1962,-351.55,99.329,72.805,110.49,-277.89,31.293,-80.85,-40.279,184.32,597.83,-693.65,-23.982,0,0
6.4952,-4.4282,-19.397,114.82,85.877,-128.47,-82.634,143.46,122.75,471.84,54.416,-85.542,-26.36,0,0
0,0,0,0,-15.434,-242.52,178.19,-63.119,388.64,383.52,-228.2,-18.266,-21.848,0,0
0.86603,2.683,-7.3792,101.62,-318.95,321.45,32.521,-173.45,135.67,795.32,-152.88,-183.69,-19.893,0,0
2.2075,7.3983,-12.773,-151.65,223.94,318.39,-77.993,178.58,49.148,513.08,-552.39,4.2847,-23.235,0,0
11.332,13.883,0.69615,-399.21,280.85,202.96,42.311,268.91,80.294,25.014,846.11,-271.31,-18.318,0,0
5.4862,-11.494,-23.417,-137.08,333.26,105.27,79.798,-13.166,72.292,-43.207,-428.52,-30.836,-277.72,0,0
-35.507,426.74,-323.69,-276.15,193.52,29.264,-193,200.55,-14.578,207.05,-155.1,-314.19,-18.148,0,0
3.9183,25.082,0.17797,117.7,52.434,-210.25,111.5,47.01,-290.6,355.29,125.68,-188.26,-18.298,0,0
9.0197,-419.45,187.51,235.06,-553.37,185.57,201.15,109.97,-229.31,-357.67,365.18,506.7,-228.65,0,0
14.796,12.493,1.8546,118.92,259.95,4.9587,104.75,-78.611,241.9,241.93,-39.34,-357.48,-18.559,0,0
2.2557,-12.031,-261.49,-65.381,128.53,-47.052,72.345,-378.19,360.28,-77.394,-376.7,250.94,-339.96,0,0
-1.009,-231.42,239.82,-109.67,128.77,-8.2237,88.513,-188.3,0.97155,69.032,459.81,142.19,-140.73,0,0
-6.1103,14.589,-88.612,-286.7,568.12,-306.55,-104.71,117.44,140.41,95.393,204.48,-143.66,-69.847,0,0
19.602,8.8957,-19.204,-135.89,-140.55,216.45,31.276,118.74,70.383,242.14,274.57,-302.26,-17.882,0,0
-4.7419,21.845,178.34,-71.839,-80.25,100.47,14.11,-167.55,-145.6,173.57,748.04,-307.68,-24.928,0,0
7.1815,6.2345,-515.49,199.95,211.78,-112.89,21.876,148.34,-18.454,-168.72,44.723,-75.794,-350.31,0,0
1.7321,-243.53,138.37,-0.44615,-229.49,-144.32,205.33,-270.73,359.01,36.438,-95.073,394.61,-161.79,0,0
15.335,-298.89,219.86,21.468,109.12,52.919,-53.738,-277.12,-72.946,52.039,358.58,299.93,-159.07,0,0
-0.86603,-3.9575,104.61,-72.745,153.16,-25.386,31.275,-114.28,242.41,162.09,-258.58,-126.9,-23.17,0,0
10.456,36.801,1.4471,140.73,152.9,79.375,-144.12,-56.842,-170.9,226.65,343.29,-672.74,-20.963,0,0
0.86603,-335.75,102.15,58.962,-246.57,90.897,18.04,336.2,-38.638,-328.58,105.51,450.09,-214.86,0,0
-6.7599,-544.3,44.147,-136.37,16.687,226.89,-76.158,-271.96,63.141,56.119,346.65,400.25,-202.31,0,0
-23.816,-7.1813,-154.6,97.116,-3.9127,-269.71,-181.4,-97.422,-118.26,-46.997,904.46,-258.1,-21.859,0,0
4.8268,22.982,-658.83,192.25,-246.18,-110.29,168.98,-4.1404,168.2,501.27,-282.18,1.5115,-91.332,0,0
27.338,25.939,105.54,154.22,-5.2401,139.66,-273.75,-60.612,353.97,149.33,-704.74,-305.63,-18.521,0,0
-6.4952,-170.38,161.74,-20.165,222.47,125.48,-20.187,166.26,156.36,111.98,-18.822,130.22,-123.33,0,0
-13.856,-16.067,109.29,-266.84,17.352,-207.94,-8.4118,-141.09,-71.045,139.84,-172.17,-270.99,-24.927,0,0
12.557,-12.789,198.14,171.7,-58.651,230.5,-217.55,117.09,39.524,307.06,-193.43,202.91,-135.03,0,0
18.693,20.408,-254.15,-326.26,91.874,-81.014,-141.46,83.624,225.77,303.2,376.95,-145.73,-17.337,0,0
5.6292,10.781,-233.31,88.337,171.19,-78.645,245.32,-129.11,-9.8157,313.61,187.08,-562.23,-30.849,0,0
-3.3905,-3.8179,-20.201,-124.51,-68.069,252.98,-134.05,-10.648,574.2,26.263,37.456,-351.02,-22.656,0,0
-2.5981,-249.02,52.088,169.35,-491.93,275.67,-67.352,-58.684,156.68,304.42,-265.07,-13.121,-90.069,0,0
33.854,21.29,275.98,-109.34,-237.2,35.297,17.922,43.834,-94.299,-241.31,21.152,14.068,-338.81,0,0
13.899,17.251,-5.4004,-648.48,532.27,-76.834,-12.395,-64.489,206.26,420.58,-380.58,-32.213,-21.799,0,0
-38.401,-22.227,-4.7264,-108.88,-180.57,-154.28,-86.911,394.33,-59.788,162.61,-0.56426,-236.43,-24.54,0,0
11.871,18.522,-12.332,-53.478,182.43,183.42,-16.29,53.971,4.4183,702.4,8.965,-79.965,-110.54,0,0
-4.7631,-249.27,180.19,405.65,29.49,-140.39,77.999,-77.49,-202.05,569.69,241.54,-496.03,-20.951,0,0
3.8971,5.75,72.624,118.6,-407.69,138.19,34.191,-172.35,-111.24,478.61,115.54,-282.1,-23.502,0,0
8.2272,11.158,8.0425,272.95,-372.68,280.23,-165.99,155.45,-342.38,458.71,287.62,-329.13,-22.31,0,0
4.7631,6.7925,2.433,162.42,448.58,-90.52,21.273,-84.189,-45.804,270.22,248.39,-157.57,-26.652,0,0
-13.423,-422.37,343.01,31.226,-120.79,286.6,27.165,-138.97,94.441,-45.546,147.83,340.2,-175.88,0,0
-26.71,-21.412,128.5,126.91,205.54,89.249,4.6274,-47.212,-180.21,-28.386,338.28,-119.95,-234.96,0,0
0.50657,3.4321,-420.71,29.447,690.15,-137.02,124.99,-7.4748,101.35,62.506,124.7,-182.3,-24.571,0,0
5.7664,22.425,-0.52091,178.82,212.93,486.54,28.578,-43.919,-228.07,583.32,-123.26,-536.54,-26.252,0,0
0.95096,7.9707,226.92,283.78,51.434,-310.83,16.186,86.477,15.305,84.741,-30.034,-219.34,-17.882,0,0
-9.8857,0.61034,-0.80385,-239.33,-206.53,71.095,-348.24,148.29,95.664,105.85,-23.299,-75.349,-29.276,0,0
-32.022,5.1216,-128.71,-20.704,277.76,235.64,106.84,-8.6936,-173.88,339.8,60.273,-675.08,-27.515,0,0
-21.218,-187.42,-33.421,-85.109,210.55,-385.5,57.943,-108.04,14.837,-240.36,-246.87,329.78,-128.98,0,0
-18.049,-7.314,-2.8358,-176.29,204.85,-101.82,47.404,-242.57,633.89,226.8,-574.74,-36.405,-24.025,0,0
-2.1651,4.2386,14.982,-63.996,30.363,-101.25,63.071,139.91,403.23,439.5,-553.44,23.731,-24.564,0,0
-5.6292,-4.7925,0.70753,-247.55,244.74,269.24,52.47,-146.77,345.34,432.25,-125.69,-83.653,-24.742,0,0
-1.7476,3.4351,3.692,-592.39,322.63,-210.26,224.65,-255.5,178.19,190.57,-131.74,-145.67,-20.288,0,0
-36.236,-14.087,-1.3358,-345.79,-355.68,301.87,142.52,-139.25,102.14,447.44,-201.69,-112.95,-22.927,0,0
-23.858,-7.564,-5.5314,-163.91,186.34,147.33,222.51,-244.18,96.518,650.91,-752.08,1.3702,-19.571,0,0
0,0,0,0,226.61,459.59,-42.814,-123.43,149.58,529.05,-655.45,-10.738,-24.161,0,0
-7.7942,4.0197,76.368,14.243,16.983,96.349,-464.36,-228.88,292.59,75.481,729.5,-250.24,-19.391,0,0
0.90849,-0.49223,-1.3448,-247.42,388.07,214.81,59.242,-300.59,128.02,281.55,-864.68,10.211,-18.648,0,0
2.7509,11.513,-367.38,56.536,123.65,109.25,-159.06,-8.3745,92.998,352.74,25.498,-144.43,-18.308,0,0
2.5981,23.91,5.7728,60.636,122.78,193.68,-225.03,-45.853,253.02,181.95,-742.07,11.767,-22.947,0,0
13.545,18.838,1.9238,17.909,68.693,-71.055,-60.229,-20.177,89.458,-79.543,-184.68,314.02,-219.5,0,0
-10.493,-331.43,132.96,-223.49,214.63,-74.479,-93.888,75.503,63.057,-25.179,420.33,-18.565,-140.68,0,0
-22.517,-501.44,296.33,428.65,-268.62,182.56,81.494,35.434,42.13,-127.84,478.27,675,-300.35,0,0
2.1651,7.3236,-254.84,94.698,425.75,80.097,-23.553,-201.89,102.26,530.61,-158.85,-75.992,-23.17,0,0
2.1651,10.141,-3.2386,-354.7,324.2,-258.96,87.223,83.965,-214.22,382.13,-427.12,-116.96,-25.355,0,0
-28.875,-7.8188,-4.5679,-804.46,419.56,279.27,91.865,23.456,-267.42,180.71,-18.093,-138.95,-22.495,0,0
-4.1872,-1.8541,-423.09,59.421,123.41,198.84,-115.7,-109.85,-175.09,-235.51,531.65,245.59,-156.51,0,0
-11.691,-7.8954,3.866,-167.45,-18.645,258.14,-44.055,123.05,-467.99,312.15,-220.96,-132.1,-31.266,0,0
-6.0622,-326.36,103.91,71.21,168.4,-107.48,-38.066,92.642,-110.8,121.63,-268,288.52,-141.2,0,0
-0.86603,-5.933,-242,39.325,18.562,77.031,-64.883,150.6,-312.67,-236.75,210.06,-598.03,-20.512,0,0
5.8089,30.647,-344.4,461.32,-468.48,327.62,-35.026,-228.92,231.6,114.01,34.411,470.82,-183.62,0,0
16.528,0.86338,-167.34,229.4,-178.41,3.2266,9.349,-17.824,-202.11,96.144,176.53,-440.42,-27.141,0,0
-12.99,-7.3529,-15.879,-181.42,-179.59,369.54,169.45,-8.3788,-206.29,110.81,-217.51,-46.371,-30.882,0,0
-6.4952,-1.2255,-1.3349,275.62,-223.66,36.995,115.38,-167.61,116.68,591.87,-280.4,-354,-27.433,0,0
2.1651,10.141,-3.2386,-354.7,241.86,-156.3,107.6,-128.71,17.525,722.96,63.54,-81.761,-23.901,0,0
2.1651,10.141,-3.2386,-354.7,-125.71,428.8,19.475,-118.39,24.502,414.77,125.65,-117.06,-25.556,0,0
0.43301,9.5131,7.6699,129.56,-131.81,29.639,197.76,-145.37,-166.47,368.45,-370.13,-380.04,-19.457,0,0
-11.258,-1.6878,3.3415,-502.31,-68.845,294.55,-31.901,-264,226.71,167.7,147.96,-146.34,-27.726,0,0
0,0,0,0,-491.31,202.21,133.7,42.291,-194.44,-317.86,377.63,-437.94,-65.296,0,0
0,0,0,0,-311.03,186.21,-68.333,139.97,-47.584,247.13,107.4,-179.35,-24.62,0,0
-7.7942,-5.8529,-432.35,21.214,-288.99,-40.721,87.783,145.35,295.03,278.81,607.15,-237.12,-22.743,0,0
-3.4641,-4.183,-420.27,409.62,63.605,-366.32,-354.41,-123.16,153.37,120.17,-529.54,-56.684,-23.07,0,0
-9.9593,-1.2548,-254.81,162.92,-324.73,249.92,56.573,-95.12,50.133,257.13,-318.22,-81.752,-30.182,0,0
10.17,22.556,-19.251,-389.48,307.77,254.89,-28.548,-282.23,112.18,248.09,13.425,-130.04,-21.301,0,0
0.82356,22.161,-53.22,-204.48,25.661,-162.12,90.848,97.621,-68.373,-286.21,562.5,-200.85,-23.734,0,0
-6.4952,4.9462,-390.87,319.56,39.124,-366.47,-252.43,186.4,266.9,151.6,-944.83,-10.548,-24.223,0,0
-2.5981,16.319,106.95,18.272,-327.76,24.698,174.4,-24.873,367.51,108.91,54.818,-392.64,-16.88,0,0
-0.86603,-3.9575,104.61,-72.745,-87.119,-251.07,77.183,-105.69,140.26,239.66,456.54,-199.78,-23.077,0,0
-8.8818e-016,5.5066,-349.59,84.354,437.99,-160.25,116.64,161.69,-47.321,77.809,63.021,33.689,-119.97,0,0
-2.7566,3.6986,-314.48,-51.168,-35.31,-64.614,-98.498,-471.07,80.756,250.04,98.442,-102.69,-28.298,0,0
-15.842,-10.513,-188.93,198.77,120.27,-30.176,78.814,108.19,207.14,415.93,60.025,-126.33,-71.869,0,0
-13.856,-5.0359,97.655,175.69,-208.35,-91.799,-48.529,-128.78,-72.049,121.69,301.39,-454.66,-32.266,0,0
-2.1651,-1.1585,146.86,9.0596,-14.799,142.45,0.83253,-167.67,-203.53,426.06,301.11,-650.47,-25.167,0,0
-10.841,-3.1923,-334.53,-384.31,308.8,-92.293,-83.973,-105.11,325.76,-2.1179,-398.31,-54.93,-22.358,0,0
6.0622,16.397,-331.78,153.05,-59.401,373.03,30.692,-43.472,215.06,305.08,620.85,-214.91,-23.554,0,0
-2.1651,-8.1405,-3.3905,236.92,-28.539,-80.387,-176.73,-14.244,-68.007,352.11,-159,-264.24,-29.926,0,0
4.3301,-0.7141,79.01,108.13,-80.021,215.94,135.24,-54.838,-73.92,408.94,-511.98,-384.12,-28.139,0,0
-4.7631,-14.538,-411.38,187.18,10.85,70.526,-391.81,-257.4,180.49,320.67,-255.33,-75.709,-24.341,0,0
1.7321,-11.538,-5.75,93.704,286.91,190.75,-192.32,27.531,-115.49,152.96,-402.27,-284.88,-24.993,0,0
-3.8971,-22.185,-267.94,127.77,183.26,-248.02,-6.6353,48.678,133.92,387.35,-296.71,-82.907,-19.281,0,0
26.008,28.739,-185.44,-474.66,131.57,43.322,126.95,182.69,-57.568,94.096,-790.03,23.013,-29.123,0,0
-16.698,-24.542,-167.3,-149.88,-8.9307,-193.28,259.55,125.49,-325.76,-80.379,-101.09,-20.75,103.52,-47.382,2.5981
-8.09,3.9294,-9.8914,-247.97,-156.17,50.89,48.163,84.324,62.743,463.03,76.724,-91.669,-27.783,0,0
-14.289,8.0753,-76.169,75.366,137.99,157.8,15.142,12.052,114.67,259.6,-322.33,-93.6,-18.768,0,0
3.8971,-0.51314,234.15,-48.675,-312.99,343.65,474.51,-169.55,226.11,114.52,-713.03,8.1516,-24.677,0,0
-2.1651,192.95,138.12,126.24,-404.64,284.24,-232.89,10.014,-90.589,311.72,-260.46,-137.51,-21.095,0,0
-9.8857,0.61034,-0.80385,-239.33,-179.77,436.52,216.87,-263.24,221.48,1260.9,-516.94,-11.807,-20.04,0,0
-4.7631,191.97,6.3595,-1.3726,-174.44,-358.32,191.43,-134.25,-153.73,225.46,327.14,-470.76,-27.408,0,0
-6.8376,-242.27,46.606,-362.46,403.18,45.955,-31.753,165.66,12.257,123.59,84.086,148.65,-142.8,0,0
2.5981,187.45,-14.495,70.325,-86.108,112.1,-67.715,16.035,-176.84,346.81,199.8,-451.68,-23.789,0,0
1.299,-427.29,26.524,-172.68,26.702,-323.4,273.48,199.25,-48.589,267.29,680.46,-0.32765,-109.69,0,0
3.4641,-240.43,-12.784,-36.306,-155.14,49.369,18.12,138.66,-75.667,261.2,255.29,251.41,-142.99,0,0
-4.9952,-9.7422,-118.31,272.05,-159.44,155.29,-215.71,105.76,306.25,432.45,-70.577,-8.4886,-291.07,0,0
0,0,0,0,-405.71,316.17,-190.17,-214.92,274.54,119.97,-297.91,-0.73894,-25.308,0,0
13.856,-251.3,59.543,-4.3774,-116.83,-50.032,194.23,-76.559,-342.48,29.296,-313.58,325.67,-113.02,0,0
6.4952,-5.7697,237.1,142.38,-17.541,88.579,-234.71,70.272,159.26,18.909,164.18,31.393,-339.19,0,0
-4.5948,-267.75,56.501,62.074,126.16,-335.08,28.429,1.7646,43.95,-192.9,-74.832,352.24,-138.22,0,0
-16.454,-13.139,-219.6,107.61,-497.05,365.05,-153.44,-189.82,157.91,152.84,-224.62,112.04,-92.533,0,0
1.5736,6.7655,148.74,-17.944,68.682,116.01,-93.209,203.18,167.18,230.8,-436.69,-273,-22.799,0,0
-23.483,-432.07,112.91,-160.58,-38.269,-50.836,-70.062,183.41,15.577,180.59,51.968,445.28,-157.12,0,0
13.725,-255.43,51.437,1.7575,106.45,100.28,26.497,-29.342,88.321,419.48,-231.88,220.9,-112.35,0,0
8.032,-238.17,132.76,201.06,-175.76,78.456,-147.05,94.006,7.1055,183.78,-158.58,26.552,-89.974,0,0
2.9886,25.661,107.49,25.469,-340.12,-44.079,96.428,104.94,-5.195,384.51,296.09,-164.61,-29.753,0,0
3.0254,6.1531,227,191.75,32.884,-268.55,12.437,-181.55,258.68,-115.75,58.315,-197.94,-391.19,0,0
1.7321,-0.93301,-5.2566,127.99,328.14,-63.292,163.81,160.34,-480.62,157.4,-544.39,3.2141,-13.482,0,0
0.53349,4.2533,-154.33,202.48,110.23,-249.39,189.14,182.57,217.62,148.59,-546.87,131.38,-114.47,0,0
4.9004,0.95873,-603.2,295.01,-61.712,102.02,12.388,-127.12,25.332,59.599,377.56,317.45,-160.07,0,0
1.299,-244.09,13.791,92.908,-259.33,178.33,-113.56,-20.663,175.08,481.43,146.05,-147.23,-22.035,0,0
0.54904,-262.53,32.536,-133.54,233.16,-95.547,-11.838,63.933,176.77,-68.668,90.359,-337.31,-72.593,0,0
3.7329,-352.77,147.98,84.528,-521.42,126.81,300.78,-299.59,-32.145,73.32,146.93,-28.01,-96.85,0,0
-9.965,-248.57,-27.082,12.113,167.12,-377.75,32.165,-199.37,180.41,225.51,-406.87,-276.05,-18.753,0,0
-2.9094,-4.971,-1.5245,-84.652,-17.672,302.67,103.79,85.355,179.38,154.9,0.56886,-303.56,-26.255,0,0
17.394,18.517,-3.3595,-19.173,110.6,-72.93,8.7619,168.98,357.97,155.62,-137.35,-119.2,-26.754,0,0
2.5981,-319.37,105.02,76.442,135.09,151.63,-202.71,-24.244,12.188,128.46,110.81,-322.61,-88.213,0,0
5.2485,12.068,108.52,29.528,84.302,105.63,67.307,-114.88,105.74,358.12,402.9,-346.38,-99.629,0,0
-14.722,-2.1878,-257.99,-203.78,202.83,-441.15,58.491,-170.51,352.14,672.05,-562.25,1.8543,-21.911,0,0
-9.5263,6.6603,214.4,11.743,-154.88,-133.76,256.64,-21.763,279.89,-34.198,255.24,-226.09,-371.22,0,0
17.754,-403.24,112.74,6.3236,-6.4001,-141.51,13.216,-23.935,161.53,-22.079,-161.18,402.09,-163.74,0,0
-12.124,-412.98,244.45,20.845,-25.796,-12.651,-154.3,-49.118,109.45,-54.343,-30.399,116.19,-117.99,0,0
0.86603,106.29,174.59,64.438,-186.67,119.74,23.262,-58.605,17.603,367.96,-204.82,-497.16,-18.503,0,0
-4.3301,-0.1274,-252.95,44.204,-87.028,84.342,-278.33,-109.59,17.394,331.35,-214.06,-65.474,-28.325,0,0
17.754,-403.24,112.74,6.3236,220.79,220.54,138.7,26.223,47.007,-46.247,236.04,145.77,-136.48,0,0
-1.299,145.06,19.597,-5.5736,-483.67,164.23,6.2022,-109.12,-77.281,140.92,-30.636,-441.86,-34.013,0,0
-4.7631,-7.3905,-141.74,87.748,447.91,35.707,-175.07,-234.86,204.29,436.67,-3.6409,-111.71,-30.185,0,0
0.90849,-0.49223,-1.3448,-247.42,-117.27,52.126,-507.77,491.96,292.51,264.7,155.48,-107.88,-14.446,0,0
0,0,0,0,265.02,-3.8161,-76.847,-30.566,1049.1,-688.62,5.2198,10.332,-20.535,0,0
-22.084,-3.6077,2.5736,-180.38,-125.98,27.361,-194.99,50.386,37.71,-31.425,11.768,-25.063,-24.679,0,0
6.0466,9.3615,3.259,-334.54,-299.16,123.96,-579.17,-29.975,278.91,84.445,171.26,-132.56,-22.116,0,0
0,0,0,0,-475.75,261.18,-121.17,137.5,419.96,909.47,-325.89,13.385,-20.395,0,0
-10.392,-4.5359,-14.879,-518.51,715.07,-296.52,-440.28,-37.869,358.71,647.22,-268.06,4.5482,-19.364,0,0
-13.423,3.4103,1.951,201.2,165.96,-266.24,66.818,127.89,24.77,309.09,-683.34,-18.391,-22.345,0,0
2.1651,10.141,-3.2386,-354.7,133.87,-38.219,-360.93,-69.938,292.48,410.71,-228.82,23.239,-18.994,0,0
-4.3301,2.2631,10.025,-388.62,355.66,153.03,144.71,-5.5293,64.902,396.63,-344.28,-42.867,-20.367,0,0
3.0311,-261.86,159.11,164.44,-199.31,68.378,109.9,178.26,-74.102,-115.12,74.08,625.47,-209.13,0,0
-17.405,-255.31,131.43,-63.993,1.576,-167.78,62.532,141.29,-35.896,-192.24,80.274,237.4,-104.78,0,0
-7.3301,-233.52,127.76,142.82,-607.66,206.82,-181.8,189.54,-6.2137,-271.68,-86.241,150.26,-111.84,0,0
9.0933,-414.16,87.143,-62.822,-180.66,228.23,-88.506,-252.11,121.89,486.88,267.84,22.472,-107.87,0,0
8.4437,-0.26073,-8.2042,-202.69,-137.13,185.75,7.0829,-69.853,81.011,-264.35,17.584,176.32,-359.3,0,0
9.1668,13.249,1.1046,-643.14,20.349,-163.59,70.713,-73.071,275.32,334.97,139.15,-146.83,-26.022,0,0
-14.722,9.9413,-100.18,262.58,-100.04,274.63,37.858,-28.349,6.1202,379.49,-236.05,-225.1,-27.857,0,0
2.1863,13.484,2.0506,148.65,-500.26,78.062,-213.73,-11.139,219.5,174.72,-196.21,17.345,-23.742,0,0
-1.7051,0.1851,-15.968,83.925,-53.372,114.06,-116.3,3.1767,-74.16,154.49,-225.99,-258.77,-18.642,0,0
-2.2966,-4.442,-270.14,218.8,231.7,-369.17,153.28,44.896,80.879,79.166,98.918,-114.04,-26.171,0,0
-9.0933,-6.6274,-338.23,208.08,-48.616,-269.77,137.52,-23.203,85.18,403.61,-267.21,-40.903,-88.601,0,0
7.3612,12.634,-13.868,19.237,118.42,-404.25,-17.748,13.685,419.71,376.93,-638.33,-4.1923,-24.846,0,0
-4.7631,-7.3905,-141.74,87.748,109.11,-108,336.46,-25.72,57.281,12.652,53.117,-23.827,-88.696,0,0
-3.3481,-5.2443,32.07,58.648,-350.3,-118.34,436.46,-227.45,4.7108,-300.26,377.92,-167.55,-24.5,0,0
-15.884,-1.995,-1.0323,-43.926,-109.98,485.43,96.945,-155.06,63.754,401.97,-505.9,9.1881,-23.26,0,0
-60.485,162.45,-85.212,-314.09,79.789,-335.93,176.35,-144.52,-195.33,321.63,462.05,-471.25,-22.508,0,0
22.2,24.634,-7.7042,-718.31,264.25,-509.09,37.118,273.2,257.59,221.8,853.72,-263.61,-24.37,0,0
0,0,0,0,97.003,150.68,-120.16,37.608,186.82,-20.905,-351.48,7.4318,-22.646,0,0
8.3008,7.3831,-2.3038,-69.828,-270.61,319.7,-65.921,343.47,76.824,-109.15,81.741,-129.04,-15.358,0,0
1.7321,10.324,-2.5801,-309.73,455.72,377.82,-302.18,-180.95,158.83,129.94,264.29,-169.16,-21.854,0,0
-4.3089,14.34,5.7357,-197.52,-202.82,-6.3234,-22.037,271.24,185.73,401.18,-3.4577,-199.57,-27.114,0,0
-4.2452,-1.0114,-426.83,42.566,-381.99,-45.925,291.59,-322.18,-8.0426,332.91,192.83,-121.5,-26.505,0,0
-36.785,-12.208,6.4542,-146.73,399.81,-0.58494,4.9889,310.15,167.83,707.89,-112.49,-205.91,-23.668,0,0
2.1863,6.5021,-7.09,192.44,7.8089,426.62,-122.74,-116.53,284.07,178.68,352.97,-336.11,-27.955,0,0
-9.8857,0.61034,-0.80385,-239.33,-409.08,446.83,-78.176,-92.087,246.39,70.514,356.9,-162.95,-21.251,0,0
-8.8818e-016,5.5066,-349.59,84.354,-146.53,-117.9,27.16,-372.63,109.94,518.94,-15.294,-55.541,-18.751,0,0
-15.963,-356.99,-175.05,325.3,42.203,119.31,138.15,160.49,-150.12,-108.2,250.99,-810.96,-22.33,0,0
-1.5523,22.006,215.46,35.489,172.3,-20.062,59.188,-176.84,138.47,-194.74,201.51,-336.94,-198.14,0,0
5.6292,18.056,156.74,93.56,-529.89,23.652,100.75,117.26,256.81,13.533,-94.579,-35.58,-355.14,0,0
8.2909,-1.2946,-406.2,313.4,-338.33,-65.673,-243.7,-254.2,299.5,301.21,253.35,-90.204,-52.621,-47.003,-1.7321
0.47548,-317.16,-16.529,-271.58,125.64,-239.26,18.36,128.62,296.17,244.21,179.78,81.411,-88.35,0,0
-0.86603,-161.15,116.25,93.359,-36.489,14.133,96.237,275.42,-157.4,143.35,-49.485,143.73,-102.35,0,0
-5.1962,-271.19,57.636,-67.219,14.416,53.485,51.176,226.19,84.558,-77.88,-95.474,358.94,-112.77,0,0
-11.691,-261.92,53.806,66.77,19.683,-206.36,161.72,-45.629,45.745,80.328,-152.87,259.45,-120.01,0,0
6.0622,-283.43,-115.8,175.13,-15.954,183.32,-54.487,-5.4557,-53.707,-160.61,-48.695,22.267,-90.052,0,0
-7.3612,-95.785,-6.8349,21.535,205.62,365.24,78.072,217.83,-111.83,-286.58,104.72,147.99,-123.84,0,0
2.6038,20.453,2.4501,-187.36,425.07,-125.43,-113.87,-205.55,29.384,-398.15,71.842,-218.56,-25.733,0,0
-17.5,11.525,12.408,-145.41,191.6,107.37,65.574,-87.95,17.88,343.96,-231.46,-274.74,-22.627,0,0
9.6635,8.3873,25.547,293.87,-27.194,84.464,-13.036,8.8974,-402.38,81.056,0.63005,-144.52,-193.14,0,0
-4.7631,76.122,31.74,-61.538,-244.02,304.96,72.94,-30.671,-157.61,430.2,485.66,-501.73,-24.505,0,0
-5.1962,-39.557,112.89,-50.092,96.513,112.22,-92.96,-160.05,-364.15,312.84,954.59,-485.91,-28.417,0,0
-19.919,298.17,100.78,-42.867,-366.82,-13.125,224.6,-161.55,-313.17,303.78,425.12,-299.48,-21.172,0,0
-12.99,-517.77,243.48,32.604,-13.13,-158.84,161.61,-3.4701,28.298,36.05,657.62,-3.2825,-111.74,0,0
-1.299,251.21,42.639,-67.56,-172.32,174.92,259.67,158.96,22.784,717.67,344.08,-997.27,-26.218,0,0
-4.3301,2.2631,10.025,-388.62,-69.759,80.035,159.41,-51.491,-436.35,497.94,-38.474,-129.65,-21.098,0,0
5.1962,-3.9282,-9.4264,230.82,112.78,-121.15,-129.19,453.85,-393.2,816.53,-469.21,10.549,-21.221,0,0
-123.84,-42.927,12.376,197.11,-180.91,-17.968,163.98,-16.679,-128.63,354.58,-92.7,-91.225,-30.513,0,0
-7.3612,-263.56,210.22,-13.736,-175.49,-276.63,149.45,-224.45,80.232,337.48,86.947,-125.77,-25.862,0,0
2.1651,10.141,-3.2386,-354.7,475.44,-118.42,-12.345,134.19,510.81,867.46,-130.63,-79.114,-18.223,0,0
3.8971,-155.29,79.564,41.314,129.12,-772.1,621.64,93.011,-613.08,263.12,-255.96,-75.674,-24.98,0,0
6.0622,16.391,-342.15,148.55,96.18,-140.73,162.2,-161.89,31.487,7.1199,-830.26,12.766,-20.909,0,0
4.7631,-6.1357,-8.6944,211.43,-28.967,221.34,299.38,-14.422,14.999,30.742,-792.99,13.752,-27.527,0,0
2.1651,1.9151,-427.49,15.183,-314.3,-312.55,236.95,-50.625,-136.73,-37.194,290.56,177.78,-134.27,0,0
-12.557,-1.5538,-258.4,40.155,121.34,-624.72,298.2,183.76,-351.74,346.62,-892.5,-8.1426,-18.073,0,0
6.9282,35.526,16.938,68.404,54.363,-164.15,323.41,220.94,-88.121,254.38,289.81,-172.84,-28.856,0,0
-18.62,-7.7973,-249.46,181.98,82.334,106.4,79.675,108.08,52.116,235.81,525.01,-223.02,-20.276,0,0
0.43301,-9.2386,-8.5,253.04,-79.585,238.48,0.72651,152.73,-119.66,-429.35,94.086,-416.33,-18.213,0,0
0,0,0,0,-380.18,173.27,184.5,-317.29,-120.99,498.63,-234.6,-2.8125,-21.538,0,0
-1.7321,2.6696,1.0792,154.86,-439.77,493.94,7.1154,-81.586,142.23,-80.977,-384.79,12.59,-20.385,0,0
